/*--------------------------------*- C++ -*----------------------------------*\
| =========                 |                                                 |
| \\      /  F ield         | OpenFOAM: The Open Source CFD Toolbox           |
|  \\    /   O peration     | Version:  2312                                  |
|   \\  /    A nd           | Website:  www.openfoam.com                      |
|    \\/     M anipulation  |                                                 |
\*---------------------------------------------------------------------------*/
FoamFile
{
    version     2.0;
    format      ascii;
    arch        "LSB;label=32;scalar=64";
    class       surfaceScalarField;
    location    "98000";
    object      phi;
}
// * * * * * * * * * * * * * * * * * * * * * * * * * * * * * * * * * * * * * //

dimensions      [0 3 -1 0 0 0 0];

oriented        oriented;

internalField   nonuniform List<scalar> 
5309
(
0.000664974
1.69232e-06
0.000661072
3.90257e-06
0.000655751
5.32111e-06
0.000649514
6.2367e-06
0.000642639
6.87545e-06
0.000635266
7.37204e-06
0.00062749
7.77695e-06
0.000619386
8.10323e-06
0.000611029
8.35689e-06
0.000602483
8.5469e-06
0.000593797
8.68558e-06
0.000585012
8.78523e-06
0.000576156
8.85546e-06
0.000567254
8.90261e-06
0.000558323
8.93048e-06
0.000549382
8.94153e-06
0.000540444
8.9376e-06
0.000531524
8.92026e-06
0.000522633
8.89083e-06
0.000513783
8.85038e-06
0.000504983
8.79973e-06
0.000496243
8.73949e-06
0.000487573
8.67005e-06
0.000478982
8.59173e-06
0.000470477
8.50474e-06
0.000462068
8.40922e-06
0.000453762
8.30529e-06
0.000445569
8.19297e-06
0.000437497
8.07238e-06
0.000429554
7.94337e-06
0.000421747
7.80619e-06
0.000414087
7.66046e-06
0.00040658
7.5067e-06
0.000399236
7.34414e-06
0.000392062
7.17387e-06
0.000385068
6.99438e-06
0.00037826
6.80785e-06
0.000371649
6.61131e-06
0.00036524
6.409e-06
0.000359044
6.19524e-06
0.000353066
5.97803e-06
0.00034732
5.74665e-06
0.000341804
5.51601e-06
0.000336538
5.266e-06
0.000331514
5.02422e-06
0.00032676
4.75327e-06
0.000322256
4.50392e-06
0.000318049
4.20687e-06
0.000314094
3.9557e-06
0.000310473
3.62116e-06
0.000307094
3.37849e-06
0.000304114
2.98008e-06
0.000301345
2.76885e-06
0.000299106
2.23881e-06
0.000296987
2.11934e-06
0.000295742
1.24456e-06
0.000294265
1.47769e-06
0.000294476
-2.10745e-07
0.000293315
1.16068e-06
-3.20042e-06
0.000296515
0.000667556
8.03076e-07
0.00066912
2.33821e-06
0.000670853
3.58794e-06
0.000672524
4.56608e-06
0.000674052
5.34702e-06
0.000675425
5.99954e-06
0.000676637
6.56529e-06
0.000677677
7.06267e-06
0.000678535
7.49872e-06
0.000679204
7.87789e-06
0.000679684
8.2058e-06
0.00067998
8.48937e-06
0.0006801
8.73562e-06
0.000680052
8.95041e-06
0.000679844
9.13805e-06
0.000679485
9.30147e-06
0.000678979
9.44284e-06
0.000678336
9.5637e-06
0.000677561
9.66553e-06
0.000676662
9.74938e-06
0.000675646
9.81636e-06
0.000674518
9.86703e-06
0.000673286
9.90224e-06
0.000671956
9.92202e-06
0.000670533
9.92713e-06
0.000669025
9.91716e-06
0.000667437
9.89301e-06
0.000665777
9.85372e-06
0.000664048
9.80061e-06
0.00066226
9.73197e-06
0.000660416
9.6499e-06
0.000658525
9.55152e-06
0.000656591
9.44034e-06
0.000654624
9.3116e-06
0.000652627
9.17119e-06
0.00065061
9.01128e-06
0.000648576
8.84172e-06
0.000646538
8.6496e-06
0.000644495
8.45136e-06
0.000642465
8.22567e-06
0.000640443
7.99986e-06
0.000638451
7.73864e-06
0.00063648
7.48736e-06
0.000634558
7.18764e-06
0.000632668
6.91455e-06
0.000630849
6.5715e-06
0.000629071
6.28267e-06
0.000627389
5.88838e-06
0.000625751
5.59383e-06
0.000624237
5.1354e-06
0.000622764
4.85147e-06
0.000621436
4.30841e-06
0.000620143
4.06157e-06
0.000618979
3.40308e-06
0.000617864
3.2343e-06
0.000616687
2.4208e-06
0.00061578
2.38524e-06
0.000614171
1.39847e-06
0.000613785
1.54586e-06
4.54125e-07
0.000610131
0.000666951
5.18854e-07
0.000667818
1.47072e-06
0.000669058
2.3482e-06
0.000670483
3.14138e-06
0.000671984
3.84611e-06
0.000673513
4.47002e-06
0.000675053
5.02535e-06
0.000676593
5.52321e-06
0.00067812
5.9714e-06
0.000679623
6.37483e-06
0.000681092
6.73705e-06
0.00068252
7.06131e-06
0.000683904
7.35115e-06
0.000685245
7.61004e-06
0.000686541
7.84125e-06
0.000687796
8.04741e-06
0.000689008
8.23075e-06
0.000690179
8.39282e-06
0.000691309
8.53512e-06
0.0006924
8.65853e-06
0.000693452
8.76423e-06
0.000694466
8.85263e-06
0.000695444
8.92475e-06
0.000696385
8.98051e-06
0.000697292
9.02087e-06
0.000698164
9.04522e-06
0.000699002
9.0547e-06
0.000699807
9.04808e-06
0.000700581
9.02692e-06
0.000701324
8.98918e-06
0.000702037
8.93719e-06
0.00070272
8.86776e-06
0.000703376
8.78446e-06
0.000704005
8.68245e-06
0.000704609
8.56723e-06
0.000705189
8.43154e-06
0.000705747
8.28376e-06
0.000706284
8.11314e-06
0.000706803
7.93228e-06
0.000707303
7.72532e-06
0.000707792
7.51108e-06
0.000708264
7.26633e-06
0.000708733
7.01871e-06
0.000709186
6.73471e-06
0.000709646
6.45419e-06
0.000710088
6.12959e-06
0.000710553
5.81721e-06
0.000710991
5.45108e-06
0.000711476
5.10847e-06
0.000711911
4.7008e-06
0.000712432
4.32986e-06
0.000712858
3.88277e-06
0.000713434
3.48526e-06
0.000713831
3.00613e-06
0.000714482
2.58331e-06
0.00071481
2.09262e-06
0.000715551
1.64441e-06
0.000715757
1.19235e-06
0.000716596
7.07189e-07
3.95514e-07
0.000716655
0.000666854
3.31752e-07
0.000667308
1.01609e-06
0.000667972
1.68509e-06
0.000668795
2.31804e-06
0.000669735
2.90574e-06
0.00067076
3.44528e-06
0.000671847
3.93822e-06
0.000672982
4.38822e-06
0.000674154
4.7992e-06
0.000675355
5.17437e-06
0.000676576
5.51625e-06
0.00067781
5.8269e-06
0.000679053
6.1083e-06
0.0006803
6.36242e-06
0.00068155
6.59129e-06
0.000682801
6.79673e-06
0.000684051
6.98043e-06
0.0006853
7.14371e-06
0.000686548
7.28779e-06
0.000687793
7.4135e-06
0.000689035
7.52174e-06
0.000690275
7.61303e-06
0.000691512
7.68805e-06
0.000692745
7.74703e-06
0.000693975
7.7905e-06
0.000695202
7.81843e-06
0.000696426
7.83124e-06
0.000697645
7.82867e-06
0.000698861
7.81106e-06
0.000700072
7.77799e-06
0.00070128
7.72974e-06
0.000702482
7.66576e-06
0.00070368
7.58625e-06
0.000704872
7.49065e-06
0.00070606
7.37897e-06
0.000707241
7.25087e-06
0.000708418
7.10586e-06
0.000709587
6.94429e-06
0.000710755
6.7646e-06
0.000711912
6.56864e-06
0.00071307
6.35268e-06
0.000714215
6.12161e-06
0.000715366
5.86752e-06
0.0007165
5.60106e-06
0.000717647
5.30656e-06
0.000718772
5.00518e-06
0.000719922
4.66734e-06
0.00072104
4.33297e-06
0.0007222
3.94809e-06
0.000723315
3.58542e-06
0.000724496
3.14897e-06
0.000725612
2.76753e-06
0.000726823
2.27366e-06
0.000727939
1.89036e-06
0.000729192
1.3303e-06
0.000730311
9.73193e-07
0.00073162
3.35424e-07
0.000732759
5.33044e-08
0.000734205
-7.38494e-07
-9.03975e-07
0.000735505
0.000666738
2.60053e-07
0.00066697
7.84952e-07
0.000667356
1.29897e-06
0.000667879
1.79511e-06
0.000668517
2.26746e-06
0.00066925
2.71244e-06
0.000670059
3.12859e-06
0.000670932
3.516e-06
0.000671855
3.87554e-06
0.000672821
4.20835e-06
0.000673822
4.51551e-06
0.000674851
4.798e-06
0.000675902
5.05677e-06
0.000676972
5.29279e-06
0.000678056
5.50708e-06
0.000679152
5.70069e-06
0.000680258
5.87461e-06
0.000681372
6.02974e-06
0.000682493
6.16686e-06
0.00068362
6.28669e-06
0.000684752
6.38976e-06
0.000685888
6.47661e-06
0.000687029
6.54757e-06
0.000688173
6.60308e-06
0.00068932
6.64324e-06
0.00069047
6.66844e-06
0.000691623
6.67852e-06
0.000692777
6.6739e-06
0.000693934
6.65409e-06
0.000695093
6.6197e-06
0.000696253
6.56975e-06
0.000697413
6.50526e-06
0.000698575
6.42451e-06
0.000699736
6.3293e-06
0.000700898
6.21678e-06
0.000702059
6.09004e-06
0.000703221
5.94442e-06
0.00070438
5.78524e-06
0.000705539
5.60487e-06
0.000706696
5.41234e-06
0.000707853
5.19522e-06
0.000709006
4.96861e-06
0.000710161
4.71234e-06
0.000711311
4.45137e-06
0.000712465
4.15306e-06
0.000713612
3.85824e-06
0.000714765
3.51419e-06
0.000715911
3.18705e-06
0.000717067
2.79185e-06
0.000718217
2.43503e-06
0.000719386
1.98017e-06
0.000720555
1.59814e-06
0.000721758
1.07078e-06
0.000722977
6.71522e-07
0.000724261
4.59936e-08
0.000725567
-3.32291e-07
0.000726939
-1.03651e-06
0.000728389
-1.39655e-06
0.000729909
-2.25909e-06
-2.56999e-06
0.000731575
0.000666724
2.02781e-07
0.000666899
6.10047e-07
0.000667183
1.01452e-06
0.000667569
1.40966e-06
0.000668044
1.79176e-06
0.000668599
2.1579e-06
0.000669222
2.50602e-06
0.000669903
2.8349e-06
0.000670634
3.14397e-06
0.00067141
3.43309e-06
0.000672223
3.70237e-06
0.000673069
3.95206e-06
0.000673943
4.18253e-06
0.000674841
4.39421e-06
0.000675761
4.58757e-06
0.000676698
4.76315e-06
0.000677652
4.92145e-06
0.000678618
5.06303e-06
0.000679597
5.1883e-06
0.000680586
5.29778e-06
0.000681584
5.39176e-06
0.00068259
5.47066e-06
0.000683603
5.53462e-06
0.000684622
5.58404e-06
0.000685646
5.61884e-06
0.000686675
5.63944e-06
0.000687708
5.64553e-06
0.000688744
5.63761e-06
0.000689784
5.61501e-06
0.000690825
5.57847e-06
0.000691868
5.52683e-06
0.000692912
5.46126e-06
0.000693956
5.37988e-06
0.000695001
5.28458e-06
0.000696045
5.17239e-06
0.000697089
5.04642e-06
0.000698131
4.90202e-06
0.000699172
4.74426e-06
0.000700211
4.56587e-06
0.000701249
4.37507e-06
0.000702283
4.1605e-06
0.000703317
3.93536e-06
0.000704347
3.68186e-06
0.000705377
3.42104e-06
0.000706405
3.12504e-06
0.000707436
2.82732e-06
0.000708466
2.48442e-06
0.000709504
2.14945e-06
0.000710541
1.75483e-06
0.000711591
1.38442e-06
0.000712639
9.33033e-07
0.000713704
5.32199e-07
0.000714752
2.375e-08
0.000715847
-4.24083e-07
0.000716932
-1.03867e-06
0.000718097
-1.49753e-06
0.000719275
-2.21411e-06
0.000720559
-2.68134e-06
0.000721839
-3.53843e-06
-3.99308e-06
0.000723262
0.000666708
1.61097e-07
0.000666833
4.84952e-07
0.00066704
8.07852e-07
0.000667325
1.12523e-06
0.000667682
1.43456e-06
0.000668106
1.73368e-06
0.000668591
2.02091e-06
0.000669131
2.29499e-06
0.00066972
2.55516e-06
0.000670352
2.8011e-06
0.000671023
3.03141e-06
0.000671729
3.24623e-06
0.000672465
3.44569e-06
0.00067323
3.62989e-06
0.000674018
3.79896e-06
0.000674828
3.9531e-06
0.000675657
4.09249e-06
0.000676503
4.21742e-06
0.000677363
4.32808e-06
0.000678236
4.42474e-06
0.00067912
4.50752e-06
0.000680014
4.5767e-06
0.000680917
4.6323e-06
0.000681826
4.67455e-06
0.000682742
4.70336e-06
0.000683662
4.71898e-06
0.000684587
4.72113e-06
0.000685514
4.71012e-06
0.000686444
4.68542e-06
0.000687375
4.6475e-06
0.000688306
4.59545e-06
0.000689237
4.53004e-06
0.000690167
4.44984e-06
0.000691096
4.35609e-06
0.000692022
4.24658e-06
0.000692945
4.12336e-06
0.000693864
3.98306e-06
0.000694779
3.82899e-06
0.000695689
3.656e-06
0.000696594
3.46947e-06
0.000697493
3.26148e-06
0.000698388
3.04068e-06
0.000699275
2.79491e-06
0.000700158
2.53801e-06
0.000701032
2.25123e-06
0.000701903
1.95642e-06
0.000702763
1.62422e-06
0.000703624
1.28873e-06
0.000704475
9.03851e-07
0.000705336
5.23137e-07
0.000706196
7.32569e-08
0.000707075
-3.46715e-07
0.000707956
-8.57772e-07
0.00070886
-1.3278e-06
0.000709748
-1.9265e-06
0.000710694
-2.4437e-06
0.000711626
-3.14676e-06
0.000712652
-3.70705e-06
0.000713655
-4.54173e-06
-5.13487e-06
0.000714797
0.000666699
1.29105e-07
0.000666795
3.88243e-07
0.000666956
6.46968e-07
0.000667179
9.0208e-07
0.000667462
1.15184e-06
0.000667801
1.39472e-06
0.000668193
1.62939e-06
0.000668633
1.85476e-06
0.000669118
2.06996e-06
0.000669645
2.27426e-06
0.000670209
2.46705e-06
0.000670808
2.64793e-06
0.000671437
2.81667e-06
0.000672093
2.97317e-06
0.000672775
3.11738e-06
0.000673479
3.24926e-06
0.000674202
3.36883e-06
0.000674944
3.47613e-06
0.0006757
3.57121e-06
0.000676471
3.65416e-06
0.000677254
3.72499e-06
0.000678046
3.78381e-06
0.000678848
3.83059e-06
0.000679657
3.86541e-06
0.000680473
3.88818e-06
0.000681293
3.89898e-06
0.000682116
3.89759e-06
0.000682942
3.88413e-06
0.000683769
3.85821e-06
0.000684597
3.82001e-06
0.000685423
3.76894e-06
0.000686248
3.70528e-06
0.00068707
3.62814e-06
0.000687888
3.53802e-06
0.000688701
3.43359e-06
0.000689508
3.31571e-06
0.000690309
3.18243e-06
0.000691103
3.03519e-06
0.000691888
2.87111e-06
0.000692665
2.6926e-06
0.000693431
2.49532e-06
0.000694188
2.28322e-06
0.000694933
2.04977e-06
0.00069567
1.80133e-06
0.000696393
1.52806e-06
0.000697109
1.24021e-06
0.000697811
9.2301e-07
0.000698506
5.93051e-07
0.000699182
2.28578e-07
0.000699853
-1.48498e-07
0.000700504
-5.77725e-07
0.000701168
-1.01018e-06
0.000701813
-1.5026e-06
0.000702477
-1.99181e-06
0.000703114
-2.56358e-06
0.000703787
-3.11713e-06
0.000704425
-3.78451e-06
0.000705124
-4.4064e-06
0.000705771
-5.18866e-06
-5.87911e-06
0.000706515
0.000666693
1.02968e-07
0.000666772
3.09481e-07
0.000666903
5.15795e-07
0.000667085
7.19575e-07
0.000667317
9.19592e-07
0.000667597
1.11473e-06
0.000667923
1.30399e-06
0.000668291
1.48647e-06
0.0006687
1.66141e-06
0.000669146
1.82819e-06
0.000669627
1.98627e-06
0.000670139
2.13524e-06
0.000670681
2.27475e-06
0.00067125
2.40458e-06
0.000671843
2.52452e-06
0.000672457
2.63445e-06
0.000673092
2.73427e-06
0.000673744
2.8239e-06
0.000674412
2.90328e-06
0.000675094
2.97238e-06
0.000675788
3.03115e-06
0.000676492
3.07959e-06
0.000677205
3.11762e-06
0.000677925
3.14522e-06
0.000678651
3.1623e-06
0.000679381
3.16881e-06
0.000680114
3.16459e-06
0.000680849
3.1496e-06
0.000681583
3.12358e-06
0.000682317
3.08648e-06
0.000683048
3.03794e-06
0.000683775
2.9779e-06
0.000684498
2.90587e-06
0.000685214
2.8218e-06
0.000685922
2.72503e-06
0.000686622
2.61554e-06
0.000687312
2.49246e-06
0.000687992
2.35582e-06
0.000688658
2.20447e-06
0.000689312
2.03859e-06
0.000689951
1.85659e-06
0.000690575
1.65893e-06
0.000691182
1.44343e-06
0.000691772
1.21096e-06
0.000692342
9.58506e-07
0.000692894
6.87588e-07
0.000693423
3.93953e-07
0.000693936
8.07562e-08
0.000694426
-2.62149e-07
0.000694906
-6.27786e-07
0.000695353
-1.02485e-06
0.000695789
-1.44669e-06
0.000696193
-1.90595e-06
0.000696593
-2.39202e-06
0.000696953
-2.92382e-06
0.000697321
-3.48461e-06
0.000697638
-4.10218e-06
0.000697981
-4.74952e-06
0.000698261
-5.46797e-06
-6.21302e-06
0.000698595
0.000666689
8.09299e-08
0.000666755
2.43154e-07
0.000666866
4.05268e-07
0.00066702
5.65543e-07
0.000667216
7.23089e-07
0.000667454
8.77092e-07
0.000667731
1.0268e-06
0.000668046
1.17153e-06
0.000668397
1.31067e-06
0.000668781
1.4437e-06
0.000669197
1.57017e-06
0.000669643
1.68968e-06
0.000670116
1.8019e-06
0.000670614
1.90656e-06
0.000671135
2.00342e-06
0.000671677
2.09231e-06
0.000672238
2.17307e-06
0.000672816
2.24556e-06
0.00067341
2.3097e-06
0.000674017
2.36536e-06
0.000674636
2.41248e-06
0.000675264
2.45097e-06
0.000675901
2.48075e-06
0.000676545
2.50171e-06
0.000677193
2.51378e-06
0.000677845
2.51683e-06
0.000678499
2.51076e-06
0.000679153
2.49538e-06
0.000679806
2.47059e-06
0.000680457
2.43612e-06
0.000681103
2.39185e-06
0.000681743
2.33744e-06
0.000682376
2.27273e-06
0.000683001
2.19726e-06
0.000683615
2.1109e-06
0.000684217
2.01299e-06
0.000684806
1.90346e-06
0.000685381
1.78138e-06
0.000685939
1.64682e-06
0.000686479
1.49844e-06
0.000686999
1.33659e-06
0.000687498
1.1593e-06
0.000687974
9.67455e-07
0.000688427
7.58134e-07
0.000688852
5.33212e-07
0.000689252
2.88458e-07
0.000689617
2.86471e-08
0.000689959
-2.61622e-07
0.000690266
-5.68988e-07
0.000690544
-9.05448e-07
0.00069078
-1.26094e-06
0.000690987
-1.65336e-06
0.000691145
-2.06488e-06
0.000691277
-2.52363e-06
0.000691353
-2.99958e-06
0.000691406
-3.53761e-06
0.000691391
-4.08769e-06
0.000691363
-4.72125e-06
0.00069125
-5.3552e-06
-6.10245e-06
0.00069114
0.000666686
6.18265e-08
0.000666743
1.85698e-07
0.000666839
3.09496e-07
0.000666973
4.31949e-07
0.000667143
5.52417e-07
0.00066735
6.7031e-07
0.000667592
7.85077e-07
0.000667867
8.9621e-07
0.000668175
1.00325e-06
0.000668512
1.10577e-06
0.000668879
1.2034e-06
0.000669273
1.29583e-06
0.000669692
1.38275e-06
0.000670135
1.46392e-06
0.000670599
1.53912e-06
0.000671083
1.60816e-06
0.000671585
1.67088e-06
0.000672104
1.72714e-06
0.000672637
1.77682e-06
0.000673182
1.81979e-06
0.000673739
1.85597e-06
0.000674305
1.88523e-06
0.000674878
1.9075e-06
0.000675457
1.92265e-06
0.00067604
1.9306e-06
0.000676626
1.9312e-06
0.000677212
1.92437e-06
0.000677798
1.90989e-06
0.00067838
1.88771e-06
0.000678959
1.85751e-06
0.000679532
1.81927e-06
0.000680097
1.77253e-06
0.000680652
1.71733e-06
0.000681196
1.65303e-06
0.000681727
1.57979e-06
0.000682244
1.49664e-06
0.000682743
1.40399e-06
0.000683224
1.30041e-06
0.000683684
1.18669e-06
0.000684122
1.06072e-06
0.000684535
9.23948e-07
0.000684921
7.73178e-07
0.000685277
6.11015e-07
0.000685603
4.32558e-07
0.000685894
2.42427e-07
0.000686148
3.37573e-08
0.000686368
-1.91232e-07
0.000686547
-4.40473e-07
0.000686679
-7.01385e-07
0.000686768
-9.93611e-07
0.000686803
-1.29616e-06
0.000686789
-1.63995e-06
0.000686715
-1.99024e-06
0.000686587
-2.39632e-06
0.000686389
-2.80106e-06
0.000686135
-3.28335e-06
0.000685796
-3.74955e-06
0.000685401
-4.32624e-06
0.000684906
-4.85979e-06
-5.55298e-06
0.000684357
0.000666684
4.48221e-08
0.000666735
1.3458e-07
0.00066682
2.24273e-07
0.000666939
3.13003e-07
0.000667091
4.00328e-07
0.000667276
4.85833e-07
0.000667491
5.69132e-07
0.000667738
6.49863e-07
0.000668013
7.27693e-07
0.000668317
8.02313e-07
0.000668647
8.73447e-07
0.000669002
9.40841e-07
0.00066938
1.00427e-06
0.000669781
1.06354e-06
0.000670201
1.11846e-06
0.000670641
1.16887e-06
0.000671097
1.21465e-06
0.000671568
1.25565e-06
0.000672053
1.29177e-06
0.00067255
1.32289e-06
0.000673057
1.34894e-06
0.000673573
1.3698e-06
0.000674095
1.3854e-06
0.000674622
1.3956e-06
0.000675152
1.40037e-06
0.000675684
1.39952e-06
0.000676215
1.39304e-06
0.000676744
1.38068e-06
0.00067727
1.36245e-06
0.000677789
1.33803e-06
0.000678301
1.30745e-06
0.000678803
1.27027e-06
0.000679294
1.22661e-06
0.000679771
1.17582e-06
0.000680233
1.11817e-06
0.000680677
1.0527e-06
0.000681101
9.7995e-07
0.000681503
8.98471e-07
0.00068188
8.09281e-07
0.000682231
7.10162e-07
0.000682552
6.02922e-07
0.000682841
4.84155e-07
0.000683095
3.56998e-07
0.000683311
2.16221e-07
0.000683486
6.74106e-08
0.00068362
-1.00044e-07
0.000683705
-2.76815e-07
0.00068374
-4.75013e-07
0.000683719
-6.80383e-07
0.00068364
-9.14226e-07
0.000683496
-1.15269e-06
0.000683286
-1.4296e-06
0.000683001
-1.70577e-06
0.00068264
-2.0354e-06
0.000682193
-2.35422e-06
0.00068166
-2.74943e-06
0.000681026
-3.11571e-06
0.000680293
-3.59368e-06
0.000679444
-4.01043e-06
-4.59292e-06
0.000678484
0.000666682
2.92704e-08
0.000666729
8.78436e-08
0.000666807
1.46347e-07
0.000666916
2.04207e-07
0.000667055
2.61142e-07
0.000667224
3.1689e-07
0.000667422
3.71204e-07
0.000667648
4.23851e-07
0.000667901
4.74616e-07
0.00066818
5.23298e-07
0.000668484
5.69713e-07
0.000668811
6.13692e-07
0.00066916
6.55083e-07
0.00066953
6.93744e-07
0.000669919
7.29556e-07
0.000670325
7.624e-07
0.000670748
7.92182e-07
0.000671184
8.18802e-07
0.000671634
8.42185e-07
0.000672095
8.62241e-07
0.000672565
8.78913e-07
0.000673042
8.92108e-07
0.000673526
9.01783e-07
0.000674014
9.07832e-07
0.000674504
9.10225e-07
0.000674995
9.0883e-07
0.000675484
9.03631e-07
0.00067597
8.94453e-07
0.000676451
8.81304e-07
0.000676925
8.63938e-07
0.00067739
8.42407e-07
0.000677844
8.16359e-07
0.000678285
7.85921e-07
0.00067871
7.50575e-07
0.000679118
7.10587e-07
0.000679505
6.65183e-07
0.000679871
6.1486e-07
0.000680211
5.5845e-07
0.000680523
4.96845e-07
0.000680805
4.28256e-07
0.000681054
3.54239e-07
0.000681266
2.72036e-07
0.000681438
1.84321e-07
0.000681568
8.69047e-08
0.000681651
-1.57661e-08
0.000681684
-1.33099e-07
0.000681662
-2.55029e-07
0.00068158
-3.93026e-07
0.000681435
-5.35009e-07
0.000681219
-6.98478e-07
0.00068093
-8.6345e-07
0.000680558
-1.05787e-06
0.000680101
-1.24895e-06
0.000679547
-1.4816e-06
0.000678895
-1.70207e-06
0.000678129
-1.98282e-06
0.000677249
-2.23564e-06
0.000676233
-2.5779e-06
0.000675087
-2.86438e-06
-3.2855e-06
0.000673779
0.000666681
1.46356e-08
0.000666725
4.38705e-08
0.000666799
7.30257e-08
0.000666901
1.0182e-07
0.000667032
1.30117e-07
0.000667191
1.5779e-07
0.000667378
1.84719e-07
0.000667591
2.10792e-07
0.000667829
2.35902e-07
0.000668093
2.59952e-07
0.00066838
2.82852e-07
0.000668689
3.04516e-07
0.000669019
3.24872e-07
0.000669369
3.43847e-07
0.000669737
3.61381e-07
0.000670122
3.77416e-07
0.000670522
3.91903e-07
0.000670936
4.04791e-07
0.000671362
4.16043e-07
0.000671799
4.25612e-07
0.000672245
4.33469e-07
0.000672697
4.39568e-07
0.000673155
4.43884e-07
0.000673616
4.46365e-07
0.00067408
4.46995e-07
0.000674543
4.45706e-07
0.000675004
4.42492e-07
0.000675461
4.3726e-07
0.000675912
4.3002e-07
0.000676356
4.20638e-07
0.000676789
4.09152e-07
0.00067721
3.95368e-07
0.000677616
3.79367e-07
0.000678006
3.60865e-07
0.000678377
3.40021e-07
0.000678726
3.16409e-07
0.00067905
2.90321e-07
0.000679347
2.61108e-07
0.000679615
2.2929e-07
0.000679849
1.93874e-07
0.000680048
1.55755e-07
0.000680206
1.13405e-07
0.000680322
6.83524e-08
0.000680391
1.83165e-08
0.00068041
-3.51229e-08
0.000680373
-9.53482e-08
0.000680276
-1.57915e-07
0.000680112
-2.29043e-07
0.000679878
-3.01908e-07
0.000679566
-3.86285e-07
0.000679174
-4.70911e-07
0.000678687
-5.71447e-07
0.000678108
-6.69419e-07
0.000677416
-7.90039e-07
0.000676617
-9.02991e-07
0.000675683
-1.04905e-06
0.000674626
-1.17839e-06
0.000673405
-1.35722e-06
0.000672044
-1.50338e-06
-1.72461e-06
0.000670484
0.000666681
4.41634e-10
0.000666724
1.23058e-09
0.000666795
1.92519e-09
0.000666894
2.52698e-09
0.000667021
3.03605e-09
0.000667175
3.45386e-09
0.000667356
3.78153e-09
0.000667563
4.02082e-09
0.000667795
4.17409e-09
0.00066805
4.24311e-09
0.000668329
4.23031e-09
0.000668629
4.13813e-09
0.00066895
3.96976e-09
0.00066929
3.72849e-09
0.000669648
3.41715e-09
0.000670023
3.03971e-09
0.000670412
2.59896e-09
0.000670815
2.09977e-09
0.000671229
1.5456e-09
0.000671654
9.36139e-10
0.000672087
2.84052e-10
0.000672527
-4.0809e-10
0.000672972
-1.14432e-09
0.00067342
-1.91641e-09
0.00067387
-2.72026e-09
0.000674319
-3.55188e-09
0.000674766
-4.40749e-09
0.000675209
-5.28328e-09
0.000675645
-6.17571e-09
0.000676073
-7.08109e-09
0.00067649
-7.99618e-09
0.000676894
-8.91737e-09
0.000677283
-9.84183e-09
0.000677655
-1.0766e-08
0.000678007
-1.16876e-08
0.000678336
-1.26029e-08
0.00067864
-1.35097e-08
0.000678915
-1.4404e-08
0.00067916
-1.52843e-08
0.00067937
-1.61476e-08
0.000679542
-1.69971e-08
0.000679674
-1.78341e-08
0.000679761
-1.86718e-08
0.000679799
-1.95302e-08
0.000679784
-2.04136e-08
0.00067971
-2.11972e-08
0.000679574
-2.19559e-08
0.000679367
-2.26753e-08
0.000679089
-2.33706e-08
0.000678727
-2.40357e-08
0.00067828
-2.46955e-08
0.000677734
-2.53285e-08
0.000677091
-2.59553e-08
0.000676327
-2.655e-08
0.000675451
-2.71384e-08
0.00067443
-2.76961e-08
0.00067328
-2.82456e-08
0.000671952
-2.877e-08
0.000670477
-2.92733e-08
-2.97691e-08
0.000668783
0.000666681
-1.37566e-08
0.000666724
-4.14278e-08
0.000666795
-6.92006e-08
0.000666894
-9.67982e-08
0.000667021
-1.24083e-07
0.000667175
-1.50926e-07
0.000667356
-1.77204e-07
0.000667563
-2.02801e-07
0.000667795
-2.27608e-07
0.000668051
-2.51521e-07
0.00066833
-2.74447e-07
0.00066863
-2.96296e-07
0.000668951
-3.16988e-07
0.000669291
-3.36445e-07
0.000669649
-3.546e-07
0.000670024
-3.71387e-07
0.000670413
-3.86751e-07
0.000670816
-4.00633e-07
0.00067123
-4.1299e-07
0.000671655
-4.23765e-07
0.000672088
-4.32923e-07
0.000672528
-4.40407e-07
0.000672973
-4.4619e-07
0.000673421
-4.50207e-07
0.000673871
-4.52437e-07
0.00067432
-4.52804e-07
0.000674767
-4.51293e-07
0.00067521
-4.47804e-07
0.000675646
-4.4234e-07
0.000676074
-4.34761e-07
0.000676491
-4.25096e-07
0.000676895
-4.13146e-07
0.000677284
-3.98985e-07
0.000677656
-3.82323e-07
0.000678007
-3.63314e-07
0.000678336
-3.41524e-07
0.00067864
-3.17243e-07
0.000678915
-2.89817e-07
0.00067916
-2.59761e-07
0.00067937
-2.26073e-07
0.000679542
-1.89643e-07
0.000679673
-1.48924e-07
0.00067976
-1.0543e-07
0.000679797
-5.67901e-08
0.000679783
-5.79101e-09
0.000679709
5.30365e-08
0.000679572
1.14198e-07
0.000679366
1.8393e-07
0.000679087
2.55393e-07
0.000678725
3.38426e-07
0.000678278
4.21719e-07
0.000677732
5.20997e-07
0.000677088
6.17714e-07
0.000676325
7.37157e-07
0.000675448
8.48927e-07
0.000674427
9.93879e-07
0.000673277
1.12211e-06
0.000671948
1.29989e-06
0.000670474
1.445e-06
1.66519e-06
0.000668779
0.000666681
-2.8408e-08
0.000666725
-8.54459e-08
0.000666799
-1.42592e-07
0.000666901
-1.99277e-07
0.000667032
-2.55219e-07
0.000667192
-3.10153e-07
0.000667378
-3.63829e-07
0.000667591
-4.16012e-07
0.00066783
-4.66482e-07
0.000668094
-5.15033e-07
0.000668381
-5.61478e-07
0.00066869
-6.05642e-07
0.000669021
-6.47367e-07
0.000669371
-6.86507e-07
0.000669739
-7.22933e-07
0.000670124
-7.56522e-07
0.000670524
-7.87171e-07
0.000670939
-8.14773e-07
0.000671365
-8.39247e-07
0.000671802
-8.60494e-07
0.000672247
-8.78449e-07
0.0006727
-8.93013e-07
0.000673158
-9.04134e-07
0.000673619
-9.11699e-07
0.000674082
-9.1567e-07
0.000674546
-9.15908e-07
0.000675007
-9.12388e-07
0.000675464
-9.04929e-07
0.000675915
-8.93531e-07
0.000676358
-8.77941e-07
0.000676791
-8.58206e-07
0.000677212
-8.33964e-07
0.000677618
-8.05341e-07
0.000678008
-7.71808e-07
0.000678378
-7.33628e-07
0.000678727
-6.90018e-07
0.000679051
-6.41478e-07
0.000679348
-5.86823e-07
0.000679615
-5.26953e-07
0.000679849
-4.60062e-07
0.000680047
-3.87715e-07
0.000680205
-3.07134e-07
0.000680321
-2.21e-07
0.000680389
-1.25044e-07
0.000680408
-2.40731e-08
0.000680369
9.12132e-08
0.000680272
2.11802e-07
0.000680107
3.48452e-07
0.000679874
4.89065e-07
0.000679561
6.51226e-07
0.000679168
8.14874e-07
0.000678681
1.00806e-06
0.0006781
1.19788e-06
0.000677408
1.42939e-06
0.000676608
1.64866e-06
0.000675674
1.92833e-06
0.000674616
2.18001e-06
0.000673395
2.52125e-06
0.000672033
2.80664e-06
3.22676e-06
0.000670471
0.000666682
-4.39855e-08
0.000666729
-1.32255e-07
0.000666807
-2.20632e-07
0.000666916
-3.08224e-07
0.000667055
-3.94587e-07
0.000667225
-4.79306e-07
0.000667423
-5.61991e-07
0.000667649
-6.42275e-07
0.000667902
-7.19823e-07
0.000668182
-7.94323e-07
0.000668486
-8.65492e-07
0.000668813
-9.33073e-07
0.000669163
-9.96836e-07
0.000669533
-1.05657e-06
0.000669922
-1.1121e-06
0.000670328
-1.16324e-06
0.000670751
-1.20987e-06
0.000671188
-1.25183e-06
0.000671638
-1.28902e-06
0.000672099
-1.32131e-06
0.000672569
-1.34862e-06
0.000673047
-1.37081e-06
0.00067353
-1.38782e-06
0.000674018
-1.39951e-06
0.000674508
-1.40582e-06
0.000674999
-1.40657e-06
0.000675488
-1.40172e-06
0.000675975
-1.39105e-06
0.000676456
-1.37452e-06
0.000676929
-1.35183e-06
0.000677394
-1.32301e-06
0.000677848
-1.28759e-06
0.000678288
-1.2457e-06
0.000678713
-1.19668e-06
0.00067912
-1.14079e-06
0.000679507
-1.07707e-06
0.000679872
-1.00606e-06
0.000680211
-9.26294e-07
0.000680523
-8.38798e-07
0.000680804
-7.41333e-07
0.000681053
-6.35722e-07
0.000681264
-5.1853e-07
0.000681436
-3.9291e-07
0.000681564
-2.53581e-07
0.000681646
-1.06064e-07
0.000681679
5.89203e-08
0.000681656
2.3451e-07
0.000681573
4.31409e-07
0.000681427
6.35419e-07
0.00068121
8.6799e-07
0.00068092
1.10513e-06
0.000680547
1.38087e-06
0.000680089
1.65578e-06
0.000679534
1.98431e-06
0.000678881
2.30191e-06
0.000678113
2.69609e-06
0.000677232
3.06118e-06
0.000676215
3.5382e-06
0.000675068
3.95378e-06
4.53533e-06
0.000673759
0.000666684
-6.10254e-08
0.000666735
-1.83472e-07
0.00066682
-3.06012e-07
0.000666939
-4.27377e-07
0.000667092
-5.46929e-07
0.000667277
-6.64073e-07
0.000667493
-7.78257e-07
0.00066774
-8.88968e-07
0.000668015
-9.95742e-07
0.000668319
-1.09816e-06
0.00066865
-1.19584e-06
0.000669005
-1.28845e-06
0.000669384
-1.3757e-06
0.000669785
-1.45733e-06
0.000670206
-1.53312e-06
0.000670645
-1.60287e-06
0.000671102
-1.66642e-06
0.000671574
-1.72362e-06
0.000672059
-1.77433e-06
0.000672556
-1.81844e-06
0.000673063
-1.85583e-06
0.000673579
-1.88639e-06
0.000674101
-1.91003e-06
0.000674628
-1.92661e-06
0.000675158
-1.93606e-06
0.00067569
-1.9382e-06
0.000676221
-1.93296e-06
0.00067675
-1.9201e-06
0.000677275
-1.89957e-06
0.000677795
-1.87104e-06
0.000678306
-1.83449e-06
0.000678808
-1.78946e-06
0.000679298
-1.73597e-06
0.000679775
-1.67338e-06
0.000680236
-1.60183e-06
0.000680679
-1.52038e-06
0.000681103
-1.4294e-06
0.000681504
-1.32748e-06
0.00068188
-1.21539e-06
0.00068223
-1.09102e-06
0.00068255
-9.55838e-07
0.000682838
-8.06601e-07
0.000683091
-6.4595e-07
0.000683307
-4.68929e-07
0.000683481
-2.80181e-07
0.000683612
-7.24656e-08
0.000683697
1.50016e-07
0.00068373
3.98123e-07
0.000683708
6.57748e-07
0.000683627
9.48789e-07
0.000683482
1.25005e-06
0.00068327
1.59271e-06
0.000682984
1.94174e-06
0.000682622
2.34679e-06
0.000682173
2.75028e-06
0.000681638
3.23164e-06
0.000681002
3.69659e-06
0.000680268
4.27241e-06
0.000679417
4.8047e-06
5.49704e-06
0.000678455
0.000666686
-8.01735e-08
0.000666743
-2.41053e-07
0.000666839
-4.01982e-07
0.000666973
-5.61233e-07
0.000667144
-7.17918e-07
0.000667351
-8.71219e-07
0.000667593
-1.02038e-06
0.000667869
-1.16472e-06
0.000668177
-1.30363e-06
0.000668516
-1.43657e-06
0.000668883
-1.56309e-06
0.000669277
-1.68279e-06
0.000669697
-1.79533e-06
0.00067014
-1.90044e-06
0.000670605
-1.99788e-06
0.000671089
-2.08746e-06
0.000671592
-2.16902e-06
0.000672111
-2.24241e-06
0.000672644
-2.30754e-06
0.00067319
-2.3643e-06
0.000673746
-2.41259e-06
0.000674312
-2.45232e-06
0.000674886
-2.48341e-06
0.000675465
-2.50575e-06
0.000676048
-2.51925e-06
0.000676634
-2.52377e-06
0.00067722
-2.51922e-06
0.000677805
-2.50539e-06
0.000678388
-2.48218e-06
0.000678966
-2.44931e-06
0.000679538
-2.40666e-06
0.000680103
-2.35387e-06
0.000680657
-2.2908e-06
0.000681201
-2.21696e-06
0.000681731
-2.13222e-06
0.000682247
-2.03592e-06
0.000682746
-1.92799e-06
0.000683226
-1.80749e-06
0.000683685
-1.67449e-06
0.000684121
-1.52764e-06
0.000684533
-1.3673e-06
0.000684918
-1.19148e-06
0.000685273
-1.00109e-06
0.000685597
-7.9314e-07
0.000685886
-5.6959e-07
0.00068614
-3.26047e-07
0.000686357
-6.69716e-08
0.000686534
2.20752e-07
0.000686665
5.26984e-07
0.000686751
8.62413e-07
0.000686785
1.21667e-06
0.000686769
1.60808e-06
0.000686693
2.01833e-06
0.000686564
2.47614e-06
0.000686363
2.95081e-06
0.000686107
3.48801e-06
0.000685766
4.03677e-06
0.000685369
4.66958e-06
0.000684872
5.30217e-06
6.0487e-06
0.00068432
0.000666689
-1.02265e-07
0.000666755
-3.0753e-07
0.000666866
-5.12744e-07
0.00066702
-7.15576e-07
0.000667217
-9.14798e-07
0.000667455
-1.10929e-06
0.000667733
-1.29805e-06
0.000668048
-1.48018e-06
0.0006684
-1.65492e-06
0.000668785
-1.82162e-06
0.000669201
-1.97977e-06
0.000669648
-2.12893e-06
0.000670121
-2.26876e-06
0.00067062
-2.39902e-06
0.000671141
-2.51952e-06
0.000671684
-2.63012e-06
0.000672246
-2.7307e-06
0.000672824
-2.82118e-06
0.000673418
-2.90152e-06
0.000674026
-2.97165e-06
0.000674645
-3.03154e-06
0.000675273
-3.08116e-06
0.00067591
-3.12044e-06
0.000676554
-3.14934e-06
0.000677203
-3.16777e-06
0.000677855
-3.17568e-06
0.000678508
-3.17291e-06
0.000679162
-3.15938e-06
0.000679815
-3.13486e-06
0.000680465
-3.09926e-06
0.00068111
-3.05226e-06
0.00068175
-2.99375e-06
0.000682383
-2.92327e-06
0.000683007
-2.84072e-06
0.00068362
-2.7455e-06
0.000684221
-2.63752e-06
0.000684809
-2.51594e-06
0.000685383
-2.38079e-06
0.000685939
-2.23091e-06
0.000686478
-2.06645e-06
0.000686996
-1.88588e-06
0.000687495
-1.68957e-06
0.000687969
-1.47543e-06
0.00068842
-1.24424e-06
0.000688844
-9.93092e-07
0.000689241
-7.23367e-07
0.000689605
-4.31005e-07
0.000689944
-1.18731e-07
0.000690249
2.22236e-07
0.000690525
5.86935e-07
0.000690758
9.82769e-07
0.000690963
1.40374e-06
0.000691119
1.86177e-06
0.000691248
2.34707e-06
0.000691322
2.87757e-06
0.000691372
3.43766e-06
0.000691355
4.05382e-06
0.000691324
4.70056e-06
0.000691209
5.41751e-06
6.16201e-06
0.000691095
0.000666693
-1.28463e-07
0.000666772
-3.86464e-07
0.000666903
-6.44186e-07
0.000667086
-8.98438e-07
0.000667319
-1.14748e-06
0.000667599
-1.38977e-06
0.000667925
-1.624e-06
0.000668294
-1.84906e-06
0.000668703
-2.06408e-06
0.00066915
-2.26834e-06
0.000669631
-2.4612e-06
0.000670145
-2.64228e-06
0.000670687
-2.81133e-06
0.000671257
-2.96826e-06
0.00067185
-3.11299e-06
0.000672465
-3.24551e-06
0.000673101
-3.3658e-06
0.000673753
-3.47392e-06
0.000674422
-3.5699e-06
0.000675104
-3.65382e-06
0.000675798
-3.7257e-06
0.000676502
-3.78563e-06
0.000677216
-3.83358e-06
0.000677936
-3.86963e-06
0.000678662
-3.89367e-06
0.000679392
-3.90578e-06
0.000680125
-3.90574e-06
0.000680859
-3.89365e-06
0.000681593
-3.86913e-06
0.000682326
-3.83235e-06
0.000683057
-3.78271e-06
0.000683783
-3.72048e-06
0.000684505
-3.64477e-06
0.00068522
-3.55608e-06
0.000685928
-3.45308e-06
0.000686627
-3.3366e-06
0.000687316
-3.20473e-06
0.000687994
-3.05886e-06
0.000688659
-2.89615e-06
0.000689312
-2.71894e-06
0.000689949
-2.52299e-06
0.000690571
-2.31213e-06
0.000691176
-2.07997e-06
0.000691764
-1.8327e-06
0.000692332
-1.56067e-06
0.000692882
-1.27388e-06
0.000693409
-9.57836e-07
0.000693919
-6.28751e-07
0.000694407
-2.65181e-07
0.000694884
1.09685e-07
0.000695328
5.38193e-07
0.000695762
9.70044e-07
0.000696163
1.46129e-06
0.00069656
1.94987e-06
0.000696917
2.52027e-06
0.000697282
3.07327e-06
0.000697596
3.73916e-06
0.000697936
4.36068e-06
0.000698212
5.14136e-06
5.83153e-06
0.000698543
0.000666699
-1.60524e-07
0.000666796
-4.83363e-07
0.000666957
-8.0537e-07
0.00066718
-1.12199e-06
0.000667464
-1.43067e-06
0.000667803
-1.72929e-06
0.000668195
-2.01613e-06
0.000668636
-2.28994e-06
0.000669122
-2.54997e-06
0.00066965
-2.79588e-06
0.000670215
-3.02629e-06
0.000670814
-3.2413e-06
0.000671443
-3.44106e-06
0.000672101
-3.62568e-06
0.000672783
-3.79525e-06
0.000673487
-3.94998e-06
0.000674212
-4.09006e-06
0.000674954
-4.21575e-06
0.000675711
-4.32724e-06
0.000676482
-4.42481e-06
0.000677265
-4.50858e-06
0.000678058
-4.5788e-06
0.00067886
-4.63548e-06
0.000679669
-4.67887e-06
0.000680484
-4.70886e-06
0.000681304
-4.7257e-06
0.000682128
-4.72909e-06
0.000682953
-4.71936e-06
0.00068378
-4.69595e-06
0.000684607
-4.65934e-06
0.000685433
-4.60861e-06
0.000686257
-4.54452e-06
0.000687078
-4.46565e-06
0.000687895
-4.3732e-06
0.000688707
-4.26501e-06
0.000689513
-4.14308e-06
0.000690313
-4.00406e-06
0.000691105
-3.85124e-06
0.000691889
-3.6795e-06
0.000692664
-3.49416e-06
0.000693428
-3.28738e-06
0.000694184
-3.06768e-06
0.000694927
-2.82308e-06
0.000695661
-2.56719e-06
0.000696382
-2.2815e-06
0.000697096
-1.98759e-06
0.000697795
-1.65649e-06
0.000698488
-1.32188e-06
0.000699161
-9.38236e-07
0.000699829
-5.58435e-07
0.000700477
-1.10446e-07
0.000701137
3.10307e-07
0.000701779
8.19905e-07
0.000702439
1.28932e-06
0.000703073
1.88647e-06
0.000703743
2.40328e-06
0.000704377
3.10478e-06
0.000705073
3.66513e-06
0.000705716
4.49816e-06
5.09128e-06
0.000706456
0.000666708
-2.0228e-07
0.000666834
-6.08661e-07
0.000667041
-1.01235e-06
0.000667326
-1.40683e-06
0.000667683
-1.78839e-06
0.000668108
-2.1541e-06
0.000668594
-2.5019e-06
0.000669134
-2.83056e-06
0.000669724
-3.13952e-06
0.000670357
-3.42865e-06
0.000671029
-3.69803e-06
0.000671735
-3.94792e-06
0.000672473
-4.17868e-06
0.000673238
-4.39074e-06
0.000674027
-4.58458e-06
0.000674838
-4.76072e-06
0.000675667
-4.91965e-06
0.000676514
-5.06193e-06
0.000677374
-5.18799e-06
0.000678248
-5.29831e-06
0.000679133
-5.39318e-06
0.000680027
-5.47304e-06
0.000680929
-5.538e-06
0.000681839
-5.58846e-06
0.000682754
-5.62435e-06
0.000683675
-5.64607e-06
0.000684599
-5.6533e-06
0.000685526
-5.64655e-06
0.000686455
-5.62514e-06
0.000687386
-5.58979e-06
0.000688317
-5.53936e-06
0.000689247
-5.47499e-06
0.000690176
-5.39482e-06
0.000691104
-5.3007e-06
0.000692028
-5.18971e-06
0.00069295
-5.06489e-06
0.000693868
-4.92166e-06
0.000694782
-4.765e-06
0.00069569
-4.58775e-06
0.000696594
-4.39799e-06
0.000697491
-4.18452e-06
0.000698383
-3.96035e-06
0.000699268
-3.7079e-06
0.000700149
-3.44798e-06
0.000701021
-3.15304e-06
0.000701889
-2.85614e-06
0.000702747
-2.51429e-06
0.000703605
-2.18002e-06
0.000704453
-1.78641e-06
0.000705311
-1.41647e-06
0.000706167
-9.66024e-07
0.000707042
-5.65318e-07
0.000707919
-5.61753e-08
0.000708819
3.884e-07
0.000709704
1.00208e-06
0.000710646
1.46123e-06
0.000711574
2.17643e-06
0.000712595
2.64392e-06
0.000713594
3.49917e-06
3.9541e-06
0.000714732
0.000666724
-2.59643e-07
0.000666899
-7.8379e-07
0.000667184
-1.29716e-06
0.00066757
-1.79273e-06
0.000668046
-2.26463e-06
0.000668601
-2.70925e-06
0.000669225
-3.12515e-06
0.000669906
-3.51239e-06
0.000670639
-3.87187e-06
0.000671415
-4.2047e-06
0.000672229
-4.51197e-06
0.000673075
-4.79466e-06
0.00067395
-5.05371e-06
0.00067485
-5.29009e-06
0.00067577
-5.50483e-06
0.000676708
-5.69895e-06
0.000677662
-5.87345e-06
0.000678629
-6.02923e-06
0.000679608
-6.16707e-06
0.000680598
-6.28767e-06
0.000681596
-6.39156e-06
0.000682602
-6.47928e-06
0.000683616
-6.55116e-06
0.000684635
-6.60762e-06
0.000685659
-6.64877e-06
0.000686688
-6.67499e-06
0.000687721
-6.6861e-06
0.000688757
-6.68255e-06
0.000689796
-6.66381e-06
0.000690836
-6.6305e-06
0.000691879
-6.58164e-06
0.000692922
-6.51823e-06
0.000693966
-6.43857e-06
0.000695009
-6.34442e-06
0.000696053
-6.23296e-06
0.000697095
-6.10725e-06
0.000698136
-5.96266e-06
0.000699175
-5.80445e-06
0.000700213
-5.62508e-06
0.000701248
-5.43344e-06
0.000702281
-5.21728e-06
0.000703312
-4.99148e-06
0.00070434
-4.73612e-06
0.000705368
-4.47584e-06
0.000706393
-4.1784e-06
0.000707421
-3.88412e-06
0.000708448
-3.54092e-06
0.000709482
-3.21418e-06
0.000710516
-2.81988e-06
0.000711563
-2.46334e-06
0.000712606
-2.00952e-06
0.000713668
-1.62767e-06
0.000714714
-1.1016e-06
0.000715805
-7.02425e-07
0.000716887
-7.99873e-08
0.000718046
3.01761e-07
0.000719219
1.00385e-06
0.000720498
1.36423e-06
0.000721773
2.22462e-06
2.53594e-06
0.000723191
0.000666738
-3.31413e-07
0.00066697
-1.01515e-06
0.000667356
-1.68363e-06
0.00066788
-2.31614e-06
0.000668519
-2.90349e-06
0.000669252
-3.44275e-06
0.000670062
-3.93549e-06
0.000670935
-4.38538e-06
0.00067186
-4.79632e-06
0.000672827
-5.17154e-06
0.000673828
-5.51354e-06
0.000674858
-5.82438e-06
0.00067591
-6.10605e-06
0.000676981
-6.3605e-06
0.000678066
-6.58978e-06
0.000679162
-6.79568e-06
0.000680269
-6.97992e-06
0.000681383
-7.14379e-06
0.000682505
-7.2885e-06
0.000683632
-7.41492e-06
0.000684764
-7.5239e-06
0.000685901
-7.61598e-06
0.000687042
-7.69182e-06
0.000688186
-7.75167e-06
0.000689333
-7.79602e-06
0.000690483
-7.82488e-06
0.000691635
-7.83862e-06
0.00069279
-7.83701e-06
0.000693947
-7.82037e-06
0.000695104
-7.78827e-06
0.000696264
-7.74099e-06
0.000697423
-7.67797e-06
0.000698584
-7.59943e-06
0.000699745
-7.50477e-06
0.000700906
-7.39402e-06
0.000702065
-7.26681e-06
0.000703225
-7.12271e-06
0.000704383
-6.96196e-06
0.000705541
-6.78312e-06
0.000706695
-6.58789e-06
0.000707851
-6.37274e-06
0.000709002
-6.14231e-06
0.000710154
-5.88899e-06
0.000711302
-5.62304e-06
0.000712453
-5.32929e-06
0.000713597
-5.0283e-06
0.000714747
-4.69122e-06
0.00071589
-4.35708e-06
0.000717043
-3.97301e-06
0.00071819
-3.61035e-06
0.000719355
-3.17478e-06
0.000720521
-2.79307e-06
0.000721719
-2.3002e-06
0.000722933
-1.91631e-06
0.000724211
-1.35746e-06
0.000725512
-9.99416e-07
0.000726879
-3.62907e-07
0.000728321
-7.85771e-08
0.000729837
7.08511e-07
8.75711e-07
0.000731498
0.000666854
-5.18593e-07
0.000667309
-1.47001e-06
0.000667972
-2.34709e-06
0.000668796
-3.13994e-06
0.000669737
-3.84441e-06
0.000670762
-4.46813e-06
0.00067185
-5.02333e-06
0.000672986
-5.52112e-06
0.000674159
-5.96931e-06
0.00067536
-6.3728e-06
0.000676582
-6.73514e-06
0.000677817
-7.05959e-06
0.000679061
-7.34968e-06
0.000680309
-7.60887e-06
0.00068156
-7.84044e-06
0.000682811
-8.04702e-06
0.000684062
-8.23084e-06
0.000685311
-8.39343e-06
0.000686559
-8.5363e-06
0.000687805
-8.66033e-06
0.000689047
-8.76669e-06
0.000690287
-8.8558e-06
0.000691524
-8.92865e-06
0.000692758
-8.98517e-06
0.000693988
-9.02632e-06
0.000695215
-9.05149e-06
0.000696438
-9.0618e-06
0.000697657
-9.05602e-06
0.000698872
-9.03572e-06
0.000700083
-8.99882e-06
0.000701289
-8.94768e-06
0.00070249
-8.87908e-06
0.000703688
-8.7966e-06
0.000704878
-8.69539e-06
0.000706065
-8.58095e-06
0.000707244
-8.446e-06
0.000708421
-8.29896e-06
0.000709588
-8.12899e-06
0.000710753
-7.9488e-06
0.000711908
-7.7424e-06
0.000713064
-7.52876e-06
0.000714206
-7.28445e-06
0.000715354
-7.03738e-06
0.000716485
-6.75368e-06
0.000717629
-6.47367e-06
0.00071875
-6.1492e-06
0.000719896
-5.83732e-06
0.00072101
-5.47111e-06
0.000722166
-5.12904e-06
0.000723277
-4.72105e-06
0.000724453
-4.3508e-06
0.000725563
-3.90309e-06
0.00072677
-3.50652e-06
0.00072788
-3.02643e-06
0.000729127
-2.60493e-06
0.000730241
-2.1128e-06
0.000731544
-1.66642e-06
0.000732678
-1.21238e-06
0.000734116
-7.29727e-07
-4.15647e-07
0.000735407
0.000666951
-8.0291e-07
0.000667819
-2.33774e-06
0.000669059
-3.58721e-06
0.000670484
-4.56512e-06
0.000671985
-5.34589e-06
0.000673516
-5.9983e-06
0.000675056
-6.56397e-06
0.000676596
-7.06131e-06
0.000678125
-7.49738e-06
0.000679628
-7.87662e-06
0.000681098
-8.20464e-06
0.000682527
-8.48838e-06
0.000683912
-8.73484e-06
0.000685253
-8.94988e-06
0.00068655
-9.13783e-06
0.000687805
-9.30161e-06
0.000689017
-9.44337e-06
0.000690189
-9.56467e-06
0.000691319
-9.66698e-06
0.00069241
-9.75133e-06
0.000693462
-9.81887e-06
0.000694477
-9.87012e-06
0.000695454
-9.90593e-06
0.000696395
-9.92634e-06
0.000697301
-9.9321e-06
0.000698172
-9.92279e-06
0.00069901
-9.89931e-06
0.000699814
-9.8607e-06
0.000700587
-9.80826e-06
0.000701328
-9.74028e-06
0.00070204
-9.65886e-06
0.000702722
-9.56112e-06
0.000703376
-9.45056e-06
0.000704003
-9.3224e-06
0.000704604
-9.18255e-06
0.000705181
-9.02316e-06
0.000705737
-8.85409e-06
0.00070627
-8.6624e-06
0.000706786
-8.46457e-06
0.000707283
-8.23921e-06
0.000707767
-8.01372e-06
0.000708236
-7.75274e-06
0.0007087
-7.5017e-06
0.000709149
-7.2021e-06
0.000709604
-6.92917e-06
0.000710041
-6.58612e-06
0.000710501
-6.29742e-06
0.000710933
-5.90297e-06
0.000711412
-5.60856e-06
0.000711841
-5.14976e-06
0.000712356
-4.86605e-06
0.000712776
-4.32234e-06
0.000713345
-4.07588e-06
0.000713735
-3.41632e-06
0.000714378
-3.24824e-06
0.000714698
-2.43305e-06
0.000715431
-2.39878e-06
0.000715628
-1.4095e-06
0.000716457
-1.55923e-06
-4.64346e-07
0.000716506
0.000667556
-1.69222e-06
0.000669121
-3.90232e-06
0.000670854
-5.32073e-06
0.000672525
-6.23622e-06
0.000674054
-6.87489e-06
0.000675427
-7.37142e-06
0.00067664
-7.7763e-06
0.000677681
-8.10258e-06
0.00067854
-8.35625e-06
0.000679209
-8.54632e-06
0.00067969
-8.68508e-06
0.000679986
-8.78483e-06
0.000680107
-8.8552e-06
0.000680059
-8.9025e-06
0.000679852
-8.93056e-06
0.000679492
-8.94183e-06
0.000678987
-8.93815e-06
0.000678343
-8.92107e-06
0.000677568
-8.89192e-06
0.000676669
-8.85179e-06
0.000675651
-8.80146e-06
0.000674523
-8.74156e-06
0.000673289
-8.67248e-06
0.000671958
-8.59453e-06
0.000670533
-8.50791e-06
0.000669023
-8.41276e-06
0.000667433
-8.30921e-06
0.00066577
-8.19726e-06
0.000664039
-8.07703e-06
0.000662247
-7.94838e-06
0.000660399
-7.81152e-06
0.000658504
-7.66611e-06
0.000656566
-7.51264e-06
0.000654594
-7.35035e-06
0.000652592
-7.18031e-06
0.00065057
-7.00103e-06
0.000648531
-6.81466e-06
0.000646486
-6.61826e-06
0.000644438
-6.41604e-06
0.000642401
-6.20234e-06
0.000640373
-5.98517e-06
0.000638374
-5.75377e-06
0.000636395
-5.52309e-06
0.000634466
-5.27301e-06
0.000632568
-5.03112e-06
0.000630742
-4.76003e-06
0.000628955
-4.51053e-06
0.000627265
-4.21328e-06
0.000625619
-3.96193e-06
0.000624096
-3.62712e-06
0.000622614
-3.38425e-06
0.000621277
-2.98551e-06
0.000619975
-2.77402e-06
0.000618803
-2.24361e-06
0.000617678
-2.12353e-06
0.000616493
-1.24846e-06
0.000615576
-1.481e-06
0.000613958
2.07917e-07
0.000613562
-1.16289e-06
3.20129e-06
0.000609896
0.000664974
0.000661072
0.000655751
0.000649515
0.00064264
0.000635269
0.000627493
0.00061939
0.000611034
0.000602487
0.000593802
0.000585018
0.000576162
0.00056726
0.000558329
0.000549387
0.000540449
0.000531528
0.000522636
0.000513784
0.000504983
0.000496241
0.000487569
0.000478974
0.000470467
0.000462054
0.000453745
0.000445547
0.00043747
0.000429522
0.00042171
0.000414044
0.000406532
0.000399181
0.000392001
0.000385
0.000378185
0.000371567
0.000365151
0.000358949
0.000352963
0.00034721
0.000341687
0.000336414
0.000331382
0.000326622
0.000322112
0.000317899
0.000313937
0.00031031
0.000306925
0.00030394
0.000301166
0.000298922
0.000296799
0.00029555
0.000294069
0.000294277
0.000293114
0.000296316
0.00039034
-0.000196191
0.000460125
-0.000224365
0.000512866
-0.000248516
0.000551056
-0.000268376
0.000576429
-0.000284183
0.000590219
-0.000296158
0.000593514
-0.000304467
0.00058747
-0.000309384
0.000573441
-0.000311403
0.000552978
-0.000311111
0.000527874
-0.000309407
0.000500205
-0.000307322
0.000472023
-0.000305997
0.000445002
-0.000306624
-0.000309869
0.000655482
-0.000241542
0.000685465
-0.000254348
0.000701645
-0.000264696
0.000705567
-0.000272298
0.000698298
-0.000276914
0.000680937
-0.000278797
0.000655
-0.00027853
0.000622428
-0.000276812
0.000585936
-0.000274912
0.000548419
-0.000273593
0.000512672
-0.00027366
0.000480925
-0.000275575
0.000454488
-0.00027956
0.000432996
-0.000285133
0.000414522
-0.000291394
0.000396188
-0.000296976
0.000375028
-0.000300171
0.000350125
-0.000301406
0.000322216
-0.000301543
0.000295084
-0.000303335
0.000271276
-0.000310166
0.000247294
-0.000317686
0.000220828
-0.0003224
0.000193582
-0.000328154
0.000165866
-0.000337157
0.000136979
-0.000347149
0.000107474
-0.000362065
7.33431e-05
-0.000377403
3.85679e-05
-0.000409804
-0.000381781
0.000714381
-0.000239268
0.000702857
-0.000242824
0.000683193
-0.000245032
0.000657174
-0.000246279
0.000627097
-0.000246838
0.000595385
-0.000247085
0.00056451
-0.000247655
0.000536802
-0.000249103
0.000513656
-0.000251766
0.000495429
-0.000255366
0.000481349
-0.000259581
0.00046973
-0.000263956
0.000458137
-0.000267968
0.000443942
-0.000270938
0.000425103
-0.000272555
0.000400777
-0.000272651
0.000372555
-0.000271949
0.00034326
-0.000272111
0.000316509
-0.000274792
0.000294216
-0.000281042
0.000272542
-0.000288492
0.000247122
-0.000292266
0.000219909
-0.000295187
0.000193227
-0.000301472
0.000165911
-0.000309841
0.000137503
-0.000318741
0.000107072
-0.000331634
7.4225e-05
-0.000344556
3.87085e-05
-0.000374287
-0.000343072
0.000717725
-0.000221488
0.000697758
-0.000222857
0.000676759
-0.000224033
0.000655761
-0.000225282
0.000635719
-0.000226795
0.000617235
-0.000228601
0.00060029
-0.000230711
0.000584245
-0.000233058
0.00056789
-0.000235411
0.000550009
-0.000237485
0.000529416
-0.000238987
0.000505264
-0.000239804
0.000477385
-0.000240088
0.000446562
-0.000240116
0.000414423
-0.000240415
0.00038341
-0.000241639
0.000356051
-0.000244589
0.000333284
-0.000249344
0.000313911
-0.000255419
0.000293894
-0.000261026
0.000269105
-0.000263703
0.000241461
-0.000264622
0.00021498
-0.000268706
0.0001892
-0.000275692
0.000162149
-0.000282791
0.000133785
-0.000290377
0.000103556
-0.000301406
7.18673e-05
-0.000312867
3.65884e-05
-0.000339009
-0.000306484
0.000710883
-0.000200796
0.000689984
-0.000201959
0.000668998
-0.000203047
0.000647902
-0.000204186
0.000626536
-0.000205429
0.000604671
-0.000206737
0.000581998
-0.000208037
0.000558199
-0.000209259
0.000533161
-0.000210373
0.000507089
-0.000211414
0.000480624
-0.000212522
0.0004547
-0.00021388
0.000430395
-0.000215783
0.0004086
-0.000218322
0.000389609
-0.000221424
0.000372969
-0.000224998
0.000357075
-0.000228695
0.000339619
-0.000231888
0.000318263
-0.000234063
0.000292101
-0.000234864
0.000263605
-0.000235208
0.000237089
-0.000238105
0.000212742
-0.000244359
0.00018744
-0.00025039
0.000160252
-0.000255603
0.000132035
-0.000262159
0.00010226
-0.00027163
7.10236e-05
-0.000281631
3.58073e-05
-0.000303792
-0.000270677
0.000702553
-0.000180086
0.000681761
-0.000181167
0.000660924
-0.000182209
0.000640007
-0.00018327
0.000618965
-0.000184387
0.000597804
-0.000185575
0.000576596
-0.00018683
0.000555487
-0.00018815
0.000534672
-0.000189558
0.000514347
-0.000191089
0.000494609
-0.000192784
0.000475358
-0.000194629
0.000456158
-0.000196582
0.000436352
-0.000198516
0.000415201
-0.000200273
0.000391849
-0.000201646
0.000365866
-0.000202712
0.000337573
-0.000203595
0.000308184
-0.000204674
0.000279937
-0.000206617
0.000255009
-0.00021028
0.000232662
-0.000215758
0.000209267
-0.000220963
0.000183119
-0.000224242
0.000155748
-0.000228233
0.000127902
-0.000234313
9.87148e-05
-0.000242443
6.8104e-05
-0.00025102
3.36645e-05
-0.000269353
-0.000237012
0.000694322
-0.000159611
0.000673769
-0.000160614
0.000653135
-0.000161575
0.000632404
-0.000162538
0.000611554
-0.000163537
0.000590568
-0.000164589
0.000569431
-0.000165692
0.000548123
-0.000166843
0.000526597
-0.000168031
0.00050476
-0.000169252
0.000482469
-0.000170493
0.000459575
-0.000171735
0.000435959
-0.000172966
0.000411632
-0.000174189
0.000386831
-0.000175472
0.00036208
-0.000176896
0.000338061
-0.000178694
0.000315431
-0.000180964
0.000294492
-0.000183735
0.000274811
-0.000186937
0.000254834
-0.000190302
0.000232217
-0.000193141
0.000206195
-0.000194942
0.000178926
-0.000196973
0.00015209
-0.000201397
0.000124927
-0.00020715
9.6264e-05
-0.00021378
6.60999e-05
-0.000220856
3.23537e-05
-0.000235607
-0.000204658
0.000686257
-0.000139353
0.000665878
-0.000140236
0.000645394
-0.00014109
0.0006248
-0.000141945
0.000604088
-0.000142825
0.000583244
-0.000143745
0.00056226
-0.000144708
0.000541131
-0.000145713
0.000519857
-0.000146757
0.000498444
-0.00014784
0.000476917
-0.000148966
0.000455325
-0.000150144
0.00043375
-0.000151391
0.000412293
-0.000152731
0.000391012
-0.000154191
0.000369896
-0.000155779
0.000348693
-0.000157491
0.000326993
-0.000159264
0.000304271
-0.000161012
0.000279894
-0.00016256
0.000253595
-0.000164003
0.000225931
-0.000165478
0.00019859
-0.000167601
0.000172835
-0.000171217
0.000147519
-0.000176081
0.000120864
-0.000180495
9.25531e-05
-0.000185469
6.2965e-05
-0.000191268
3.03272e-05
-0.000202969
-0.000174331
0.000678477
-0.000119235
0.000658237
-0.000119996
0.000637882
-0.000120735
0.000617412
-0.000121475
0.000596821
-0.000122234
0.000576099
-0.000123023
0.000555237
-0.000123847
0.000534228
-0.000124704
0.000513064
-0.000125593
0.000491738
-0.000126514
0.000470241
-0.000127469
0.000448557
-0.000128459
0.000426658
-0.000129492
0.000404493
-0.000130567
0.000381988
-0.000131686
0.000359053
-0.000132844
0.000335604
-0.000134042
0.000311623
-0.000135283
0.000287228
-0.000136617
0.00026279
-0.000138121
0.00023875
-0.000139964
0.000215479
-0.000142206
0.000192855
-0.000144977
0.000169675
-0.000148037
0.000144472
-0.000150878
0.000117446
-0.00015347
8.94051e-05
-0.000157427
6.04418e-05
-0.000162304
2.88196e-05
-0.000171347
-0.000145512
0.000671135
-9.92298e-05
0.000650999
-9.98604e-05
0.000630744
-0.00010048
0.00061037
-0.000101101
0.000589873
-0.000101736
0.000569244
-0.000102394
0.000548474
-0.000103077
0.000527557
-0.000103787
0.000506487
-0.000104523
0.000485258
-0.000105286
0.000463866
-0.000106077
0.000442306
-0.000106899
0.00042057
-0.000107756
0.000398655
-0.000108652
0.000376566
-0.000109597
0.000354317
-0.000110595
0.00033194
-0.000111665
0.000309475
-0.000112818
0.000286944
-0.000114086
0.000264296
-0.000115474
0.000241332
-0.000117001
0.000217751
-0.000118625
0.000193106
-0.000120331
0.000167044
-0.000121975
0.000140004
-0.000123839
0.000112916
-0.000126382
8.56835e-05
-0.000130195
5.75471e-05
-0.000134168
2.70788e-05
-0.000140879
-0.000118433
0.000664431
-7.93044e-05
0.000644376
-7.98053e-05
0.000624199
-8.0303e-05
0.000603901
-8.0803e-05
0.000583477
-8.13125e-05
0.000562921
-8.18375e-05
0.000542226
-8.23817e-05
0.000521385
-8.29462e-05
0.000500394
-8.35317e-05
0.000479246
-8.41382e-05
0.000457937
-8.47675e-05
0.000436459
-8.54207e-05
0.000414804
-8.61015e-05
0.000392964
-8.68124e-05
0.000370926
-8.7559e-05
0.000348676
-8.83444e-05
0.000326188
-8.91771e-05
0.000303429
-9.00586e-05
0.000280344
-9.10005e-05
0.000256871
-9.2001e-05
0.000232953
-9.30834e-05
0.000208583
-9.42543e-05
0.000183835
-9.55836e-05
0.000158957
-9.70965e-05
0.000134123
-9.90047e-05
0.000109037
-0.000101297
8.28636e-05
-0.000104021
5.5291e-05
-0.000106595
2.5706e-05
-0.000111294
-9.27267e-05
0.000658618
-5.94386e-05
0.000638623
-5.98107e-05
0.000618505
-6.0185e-05
0.000598264
-6.05619e-05
0.000577897
-6.0945e-05
0.000557397
-6.13382e-05
0.00053676
-6.17447e-05
0.00051598
-6.21658e-05
0.000495051
-6.26025e-05
0.000473967
-6.3055e-05
0.000452724
-6.35244e-05
0.000431315
-6.40116e-05
0.000409733
-6.45191e-05
0.000387969
-6.50485e-05
0.000366014
-6.5604e-05
0.000343857
-6.61878e-05
0.000321487
-6.68062e-05
0.00029889
-6.74618e-05
0.000276055
-6.81657e-05
0.000252976
-6.89224e-05
0.000229646
-6.97534e-05
0.000206055
-7.06629e-05
0.00018216
-7.16888e-05
0.000157889
-7.28259e-05
0.000133038
-7.41529e-05
0.000107328
-7.55876e-05
8.05984e-05
-7.72911e-05
5.31043e-05
-7.9101e-05
2.43092e-05
-8.24984e-05
-6.84175e-05
0.000653955
-3.96138e-05
0.000634004
-3.986e-05
0.000613929
-4.01101e-05
0.00059373
-4.03625e-05
0.000573403
-4.06184e-05
0.000552945
-4.08803e-05
0.000532351
-4.11504e-05
0.000511615
-4.143e-05
0.000490732
-4.17199e-05
0.000469698
-4.20204e-05
0.000448506
-4.23321e-05
0.000427149
-4.26555e-05
0.000405622
-4.29922e-05
0.000383917
-4.33432e-05
0.000362024
-4.37112e-05
0.000339934
-4.40975e-05
0.000317634
-4.45063e-05
0.000295112
-4.49393e-05
0.000272349
-4.54035e-05
0.000249327
-4.59005e-05
0.000226016
-4.64423e-05
0.000202383
-4.70291e-05
0.000178378
-4.7684e-05
0.000153956
-4.84045e-05
0.000129046
-4.92425e-05
0.000103623
-5.01651e-05
7.76455e-05
-5.13132e-05
5.10894e-05
-5.25449e-05
2.32659e-05
-5.46748e-05
-4.51516e-05
0.000650685
-1.98156e-05
0.000630763
-1.99382e-05
0.000610717
-2.00635e-05
0.000590545
-2.01902e-05
0.000570245
-2.03186e-05
0.000549814
-2.04496e-05
0.000529248
-2.05845e-05
0.000508542
-2.07241e-05
0.000487691
-2.08688e-05
0.00046669
-2.10188e-05
0.000445532
-2.11744e-05
0.000424212
-2.13358e-05
0.000402724
-2.15037e-05
0.000381059
-2.16787e-05
0.00035921
-2.18621e-05
0.000337167
-2.20545e-05
0.000314919
-2.2258e-05
0.000292453
-2.24733e-05
0.000269753
-2.27039e-05
0.000246803
-2.29503e-05
0.000223579
-2.32185e-05
0.000200059
-2.3509e-05
0.000176209
-2.38336e-05
0.000151995
-2.41903e-05
0.000127354
-2.4602e-05
0.000102243
-2.50535e-05
7.65432e-05
-2.56138e-05
5.02032e-05
-2.62049e-05
2.27418e-05
-2.72134e-05
-2.24098e-05
0.000648997
-3.02368e-08
0.00062909
-3.06557e-08
0.000609057
-3.10839e-08
0.000588899
-3.15343e-08
0.000568612
-3.19923e-08
0.000548195
-3.24387e-08
0.000527643
-3.28633e-08
0.000506952
-3.32659e-08
0.000486117
-3.36527e-08
0.000465132
-3.40273e-08
0.000443992
-3.43915e-08
0.000422691
-3.47411e-08
0.000401223
-3.50735e-08
0.000379579
-3.53822e-08
0.000357753
-3.56672e-08
0.000335734
-3.59211e-08
0.000313512
-3.61475e-08
0.000291075
-3.63329e-08
0.000268408
-3.64874e-08
0.000245494
-3.65891e-08
0.000222313
-3.66672e-08
0.00019884
-3.66845e-08
0.000175043
-3.6712e-08
0.00015089
-3.66669e-08
0.000126324
-3.67396e-08
0.000101308
-3.67547e-08
7.57312e-05
-3.73337e-08
4.9564e-05
-3.77211e-08
2.23912e-05
-4.0515e-08
-1.86872e-08
0.000648993
1.97551e-05
0.000629086
1.98768e-05
0.000609053
2.00013e-05
0.000588895
2.0127e-05
0.000568608
2.02544e-05
0.000548191
2.03846e-05
0.00052764
2.05186e-05
0.000506949
2.06574e-05
0.000486114
2.08013e-05
0.00046513
2.09505e-05
0.00044399
2.11054e-05
0.000422689
2.1266e-05
0.000401221
2.14333e-05
0.000379578
2.16077e-05
0.000357751
2.17905e-05
0.000335733
2.19824e-05
0.000313512
2.21855e-05
0.000291075
2.24004e-05
0.000268408
2.26307e-05
0.000245494
2.28769e-05
0.000222313
2.31449e-05
0.00019884
2.34355e-05
0.000175044
2.37601e-05
0.00015089
2.41169e-05
0.000126325
2.45285e-05
0.000101308
2.498e-05
7.57314e-05
2.55393e-05
4.95641e-05
2.61296e-05
2.23913e-05
2.71322e-05
2.23726e-05
0.000650673
3.95533e-05
0.000630752
3.97985e-05
0.000610705
4.00476e-05
0.000590533
4.02989e-05
0.000570234
4.05539e-05
0.000549804
4.08148e-05
0.000529238
4.1084e-05
0.000508533
4.13627e-05
0.000487682
4.16518e-05
0.000466682
4.19514e-05
0.000445525
4.22623e-05
0.000424206
4.2585e-05
0.000402718
4.2921e-05
0.000381054
4.32713e-05
0.000359206
4.36388e-05
0.000337164
4.40246e-05
0.000314916
4.4433e-05
0.000292451
4.48656e-05
0.000269752
4.53296e-05
0.000246803
4.58264e-05
0.00022358
4.63682e-05
0.00020006
4.6955e-05
0.00017621
4.76101e-05
0.000151996
4.8331e-05
0.000127355
4.91691e-05
0.000102243
5.00922e-05
7.65427e-05
5.12396e-05
5.02023e-05
5.247e-05
2.27417e-05
5.45929e-05
4.51143e-05
0.000653935
5.93779e-05
0.000633984
5.9749e-05
0.00061391
6.01221e-05
0.000593711
6.04979e-05
0.000573385
6.08798e-05
0.000552928
6.1272e-05
0.000532334
6.16774e-05
0.000511599
6.20975e-05
0.000490718
6.25333e-05
0.000469684
6.29849e-05
0.000448493
6.34535e-05
0.000427138
6.39399e-05
0.000405613
6.44466e-05
0.000383909
6.49753e-05
0.000362017
6.55303e-05
0.000339928
6.61136e-05
0.00031763
6.67316e-05
0.000295108
6.73868e-05
0.000272347
6.80906e-05
0.000249327
6.88472e-05
0.000226017
6.96781e-05
0.000202384
7.05876e-05
0.000178381
7.16135e-05
0.000153961
7.27508e-05
0.000129052
7.40779e-05
0.00010363
7.55141e-05
7.76505e-05
7.72193e-05
5.10913e-05
7.90292e-05
2.32667e-05
8.24175e-05
6.8381e-05
0.00065859
7.92436e-05
0.000638595
7.97433e-05
0.000618478
8.02396e-05
0.000598238
8.07382e-05
0.000577871
8.12464e-05
0.000557373
8.17702e-05
0.000536737
8.23133e-05
0.000515958
8.28767e-05
0.00049503
8.34611e-05
0.000473948
8.40666e-05
0.000452707
8.46949e-05
0.000431299
8.53472e-05
0.000409719
8.60272e-05
0.000387957
8.67373e-05
0.000366004
8.74833e-05
0.000343849
8.82682e-05
0.00032148
8.91005e-05
0.000298885
8.99818e-05
0.000276052
9.09238e-05
0.000252975
9.19246e-05
0.000229645
9.30076e-05
0.000206053
9.41794e-05
0.000182158
9.55093e-05
0.000157886
9.70224e-05
0.000133035
9.89287e-05
0.00010733
0.000101219
8.06037e-05
0.000103945
5.31087e-05
0.000106524
2.43102e-05
0.000111216
9.26913e-05
0.000664395
9.91688e-05
0.00064434
9.97981e-05
0.000624164
0.000100416
0.000603866
0.000101036
0.000583443
0.000101669
0.000562889
0.000102325
0.000542195
0.000103007
0.000521356
0.000103716
0.000500366
0.000104451
0.000479221
0.000105212
0.000457913
0.000106002
0.000436438
0.000106823
0.000414786
0.000107679
0.000392948
0.000108575
0.000370913
0.000109519
0.000348665
0.000110516
0.00032618
0.000111585
0.000303423
0.000112738
0.000280342
0.000114005
0.000256874
0.000115393
0.000232961
0.00011692
0.000208594
0.000118546
0.000183849
0.000120255
0.000158969
0.000121903
0.000134128
0.00012377
0.000109038
0.000126309
8.28654e-05
0.000130118
5.52945e-05
0.000134095
2.57083e-05
0.000140802
0.0001184
0.00067109
0.000119174
0.000650955
0.000119933
0.0006307
0.000120671
0.000610328
0.000121408
0.000589832
0.000122165
0.000569204
0.000122953
0.000548436
0.000123775
0.000527521
0.000124631
0.000506453
0.000125519
0.000485227
0.000126438
0.000463837
0.000127392
0.000442279
0.000128381
0.000420546
0.000129412
0.000398635
0.000130486
0.000376549
0.000131605
0.000354302
0.000132763
0.000331927
0.000133961
0.000309463
0.000135203
0.000286931
0.000136537
0.000264282
0.000138042
0.00024132
0.000139883
0.000217742
0.000142123
0.000193106
0.000144891
0.000167056
0.000147953
0.00014002
0.000150805
0.000112927
0.000153403
8.56894e-05
0.000157355
5.7552e-05
0.000162233
2.70826e-05
0.000171271
0.000145482
0.000678425
0.000139292
0.000658185
0.000140173
0.000637831
0.000141025
0.000617362
0.000141877
0.000596771
0.000142756
0.000576051
0.000143673
0.000555191
0.000144635
0.000534184
0.000145638
0.000513022
0.00014668
0.000491699
0.000147761
0.000470205
0.000148885
0.000448525
0.000150062
0.000426629
0.000151308
0.000404469
0.000152646
0.000381969
0.000154105
0.000359041
0.000155691
0.000335599
0.000157403
0.000311627
0.000159175
0.000287239
0.000160925
0.000262804
0.000162477
0.000238762
0.000163924
0.000215482
0.000165403
0.000192849
0.000167524
0.000169672
0.000171131
0.00014448
0.000175997
0.000117459
0.000180424
8.94146e-05
0.000185399
6.04484e-05
0.000191199
2.88243e-05
0.000202896
0.000174307
0.000686197
0.000159551
0.000665819
0.000160552
0.000645334
0.00016151
0.000624742
0.00016247
0.000604031
0.000163467
0.000583188
0.000164516
0.000562206
0.000165617
0.000541079
0.000166765
0.000519808
0.000167952
0.000498399
0.00016917
0.000476875
0.000170409
0.000455286
0.00017165
0.000433713
0.00017288
0.000412256
0.000174103
0.000390976
0.000175385
0.000369859
0.000176808
0.000348658
0.000178604
0.000326962
0.000180871
0.000304249
0.000183638
0.000279886
0.000186839
0.000253605
0.000190205
0.000225954
0.000193054
0.00019861
0.000194869
0.000172842
0.000196898
0.000147526
0.000201313
0.000120877
0.000207073
9.2566e-05
0.00021371
6.29749e-05
0.00022079
3.0334e-05
0.000235536
0.000204641
0.000694255
0.000180027
0.000673702
0.000181105
0.000653068
0.000182144
0.000632337
0.000183201
0.000611489
0.000184315
0.000590504
0.000185501
0.000569368
0.000186752
0.000548063
0.00018807
0.00052654
0.000189475
0.000504708
0.000191003
0.000482423
0.000192695
0.000459537
0.000194536
0.00043593
0.000196487
0.000411613
0.00019842
0.000386822
0.000200176
0.000362078
0.000201552
0.00033806
0.000202621
0.000315425
0.000203507
0.000294476
0.000204587
0.000274789
0.000206527
0.000254814
0.00021018
0.000232217
0.000215651
0.000206215
0.000220871
0.000178945
0.000224167
0.000152103
0.000228155
0.000124941
0.000234235
9.62784e-05
0.000242373
6.61117e-05
0.000250957
3.23621e-05
0.000269286
0.000237003
0.000702481
0.000200738
0.000681688
0.000201898
0.00066085
0.000202982
0.000639934
0.000204117
0.000618892
0.000205356
0.000597732
0.000206661
0.000576526
0.000207958
0.000555418
0.000209178
0.000534603
0.00021029
0.000514278
0.000211328
0.000494538
0.000212434
0.000475285
0.000213789
0.000456085
0.000215687
0.000436285
0.000218221
0.000415143
0.000221318
0.000391808
0.000224887
0.000365846
0.000228583
0.000337574
0.000231779
0.000308198
0.000233962
0.00027995
0.000234775
0.000255006
0.000235124
0.000232653
0.000238004
0.000209274
0.00024425
0.000183139
0.000250302
0.000155769
0.000255526
0.000127921
0.000262083
9.87335e-05
0.000271561
6.81192e-05
0.000281571
3.36755e-05
0.00030373
0.000270678
0.000710804
0.000221431
0.000689905
0.000222797
0.000668917
0.000223969
0.000647821
0.000225213
0.000626455
0.000226722
0.000604593
0.000228523
0.000581925
0.000230627
0.000558133
0.000232969
0.000533105
0.000235318
0.000507044
0.000237389
0.000480588
0.00023889
0.000454669
0.000239708
0.000430363
0.000239992
0.000408564
0.00024002
0.000389563
0.000240318
0.000372914
0.000241536
0.00035702
0.000244478
0.000339575
0.000249224
0.000318244
0.000255293
0.000292111
0.000260908
0.000263625
0.00026361
0.000237095
0.000264534
0.000212746
0.000268599
0.000187456
0.000275592
0.000160275
0.000282707
0.000132057
0.0002903
0.000102281
0.000301337
7.10417e-05
0.000312811
3.58209e-05
0.000338951
0.000306499
0.000717634
0.000239204
0.000697671
0.000242761
0.000676673
0.000244967
0.000655673
0.000246213
0.000635626
0.00024677
0.000617135
0.000247014
0.000600183
0.000247579
0.000584133
0.000249019
0.000567777
0.000251673
0.000549901
0.000255265
0.000529319
0.000259472
0.000505185
0.000263842
0.000477327
0.000267851
0.000446525
0.000270822
0.000414401
0.000272442
0.000383393
0.000272545
0.000356026
0.000271845
0.000333247
0.000272002
0.000313868
0.000274673
0.000293871
0.000280905
0.000269115
0.000288365
0.000241479
0.00029217
0.000214992
0.000295087
0.000189217
0.000301366
0.000162175
0.000309749
0.000133813
0.000318662
0.000103584
0.000331566
7.18889e-05
0.000344505
3.66055e-05
0.000374234
0.000343104
0.000714249
0.000241461
0.000702743
0.000254267
0.000683097
0.000264613
0.000657096
0.000272214
0.000627034
0.000276832
0.000595332
0.000278716
0.00056446
0.000278451
0.000536747
0.000276732
0.000513591
0.00027483
0.00049535
0.000273506
0.000481258
0.000273564
0.000469631
0.000275469
0.00045804
0.000279442
0.000443857
0.000285005
0.000425039
0.00029126
0.00040074
0.000296843
0.000372538
0.000300047
0.000343252
0.000301288
0.000316492
0.000301433
0.000294187
0.00030321
0.000272531
0.000310021
0.000247136
0.000317565
0.000219927
0.000322297
0.000193247
0.000328046
0.000165937
0.000337059
0.000137534
0.000347065
0.000107105
0.000361995
7.42504e-05
0.00037736
3.87299e-05
0.000409755
0.000381834
0.000655255
0.000196102
0.00068525
0.000224271
0.000701445
0.000248418
0.000705384
0.000268276
0.000698135
0.00028408
0.000680797
0.000296055
0.000654883
0.000304364
0.000622333
0.000309282
0.00058586
0.000311303
0.000548353
0.000311012
0.000512609
0.000309308
0.000480857
0.000307221
0.000454411
0.000305889
0.000432911
0.000306505
0.000414435
0.000309736
0.000396113
0.000315165
0.000374974
0.000321185
0.000350096
0.000326166
0.000322207
0.000329322
0.000295071
0.000330346
0.00027126
0.000333832
0.000247299
0.000341525
0.000220849
0.000348747
0.000193607
0.000355287
0.000165898
0.000364768
0.000137015
0.000375948
0.000107514
0.000391496
7.33716e-05
0.000411503
3.85938e-05
0.000444532
0.000420428
0.000390123
0.000102294
0.00045991
0.000154485
0.00051266
0.000195668
0.000550861
0.000230075
0.000576245
0.000258696
0.000590049
0.000282251
0.000593361
0.000301053
0.000587334
0.000315308
0.000573325
0.000325312
0.000552881
0.000331456
0.000527793
0.000334396
0.000500136
0.000334878
0.000471959
0.000334066
0.000444938
0.000333526
0.000420225
0.00033445
0.000397675
0.000337716
0.000375841
0.000343019
0.00035318
0.000348827
0.000328349
0.000354154
0.000301687
0.000357008
0.000275759
0.00035976
0.00025081
0.000366475
0.000224792
0.000374765
0.000197672
0.000382407
0.00016995
0.00039249
0.000140096
0.000405802
0.000111469
0.000420123
7.51928e-05
0.000447778
4.04554e-05
0.00047927
0.000460884
2.77045e-06
2.22209e-07
-6.50563e-09
-2.59143e-06
-3.82026e-06
-4.74077e-06
-5.5931e-06
-6.12325e-06
-6.68058e-06
-7.2991e-06
-7.6253e-06
-7.69715e-06
-7.84886e-06
-8.18408e-06
-8.80967e-06
-9.6113e-06
-1.03779e-05
-1.09645e-05
-1.1312e-05
-1.15683e-05
-1.2095e-05
-1.32133e-05
-1.51875e-05
-1.81683e-05
-2.2171e-05
-2.69255e-05
-3.15396e-05
-3.36287e-05
-2.77308e-05
)
;

boundaryField
{
    inlet
    {
        type            calculated;
        value           nonuniform List<scalar> 
30
(
-0.000666667
-0.000666667
-0.000666667
-0.000666667
-0.000666667
-0.000666667
-0.000666667
-0.000666667
-0.000666667
-0.000666667
-0.000666667
-0.000666667
-0.000666667
-0.000666667
-0.000666667
-0.000666667
-0.000666667
-0.000666667
-0.000666667
-0.000666667
-0.000666667
-0.000666667
-0.000666667
-0.000666667
-0.000666667
-0.000666667
-0.000666667
-0.000666667
-0.000666667
-0.000666667
)
;
    }
    outlet
    {
        type            calculated;
        value           nonuniform List<scalar> 0();
    }
    wall
    {
        type            calculated;
        value           uniform 0;
    }
    obstacle
    {
        type            calculated;
        value           uniform 0;
    }
    frontAndBack
    {
        type            empty;
        value           nonuniform List<scalar> 0();
    }
    procBoundary0to1
    {
        type            processor;
        value           nonuniform List<scalar> 
61
(
0.000102365
0.000154581
0.000195775
0.000230186
0.00025881
0.000282368
0.000301172
0.000315428
0.000325432
0.000331574
0.000334511
0.000334991
0.00033418
0.000333646
0.00033458
0.000420291
0.00031531
0.000321331
0.000326309
0.000329452
0.000330467
0.000333975
0.000341669
0.000348866
0.0003554
0.000364873
0.000376036
0.00039157
0.000411534
0.000444579
0.000420349
0.000458113
0.000481818
0.000448007
0.000422708
0.000407031
0.00039341
0.000383259
0.000375295
0.000367032
0.000360379
0.000357334
0.000354226
0.000348978
0.000343354
0.000338341
0.000335251
0.000334292
0.000334653
0.000335226
0.000334653
0.000331983
0.000326431
0.000317283
0.000304033
0.000286254
0.00026345
0.000234689
0.000197757
0.000148587
7.45636e-05
)
;
    }
}


// ************************************************************************* //
