/*--------------------------------*- C++ -*----------------------------------*\
| =========                 |                                                 |
| \\      /  F ield         | OpenFOAM: The Open Source CFD Toolbox           |
|  \\    /   O peration     | Version:  2312                                  |
|   \\  /    A nd           | Website:  www.openfoam.com                      |
|    \\/     M anipulation  |                                                 |
\*---------------------------------------------------------------------------*/
FoamFile
{
    version     2.0;
    format      ascii;
    arch        "LSB;label=32;scalar=64";
    class       volVectorField;
    location    "160000";
    object      U;
}
// * * * * * * * * * * * * * * * * * * * * * * * * * * * * * * * * * * * * * //

dimensions      [0 1 -1 0 0 0 0];

internalField   nonuniform List<vector> 
2685
(
(0.00056923 -3.82019e-05 0)
(0.000578884 -2.77819e-05 0)
(0.000569718 -1.97403e-05 0)
(0.00056224 -1.26226e-05 0)
(0.000556318 -6.8907e-06 0)
(0.000550358 -2.69798e-06 0)
(0.00054358 1.95509e-07 0)
(0.000536083 2.12907e-06 0)
(0.000528208 3.46169e-06 0)
(0.000520281 4.48664e-06 0)
(0.000512485 5.3834e-06 0)
(0.000504838 6.25464e-06 0)
(0.000497313 7.17358e-06 0)
(0.000489805 8.18832e-06 0)
(0.000482286 9.36095e-06 0)
(0.000474604 1.07505e-05 0)
(0.00046657 1.23979e-05 0)
(0.000457965 1.43321e-05 0)
(0.000448551 1.65829e-05 0)
(0.00043808 1.91931e-05 0)
(0.000426284 2.21931e-05 0)
(0.000412863 2.5554e-05 0)
(0.000397485 2.91851e-05 0)
(0.00037979 3.29911e-05 0)
(0.000359503 3.6753e-05 0)
(0.000336576 3.95872e-05 0)
(0.000311417 3.97356e-05 0)
(0.00028501 3.55005e-05 0)
(0.000258752 2.64513e-05 0)
(0.000234015 1.36152e-05 0)
(0.000211817 -1.12091e-06 0)
(0.000192713 -1.5847e-05 0)
(0.000176939 -2.91894e-05 0)
(0.000164495 -4.02618e-05 0)
(0.00015501 -4.84484e-05 0)
(0.000147838 -5.32623e-05 0)
(0.000142303 -5.45231e-05 0)
(0.000137812 -5.23145e-05 0)
(0.000133914 -4.7043e-05 0)
(0.000130357 -3.94051e-05 0)
(0.000127026 -3.02882e-05 0)
(0.000123778 -2.06314e-05 0)
(0.000120256 -1.131e-05 0)
(0.000115896 -3.11471e-06 0)
(0.000110155 3.38601e-06 0)
(0.000102644 8.03672e-06 0)
(9.33565e-05 1.09607e-05 0)
(8.25097e-05 1.2411e-05 0)
(7.03451e-05 1.2761e-05 0)
(5.71025e-05 1.24551e-05 0)
(4.30435e-05 1.1899e-05 0)
(2.84226e-05 1.14053e-05 0)
(1.35437e-05 1.10932e-05 0)
(-1.34194e-06 1.09221e-05 0)
(-1.59355e-05 1.08399e-05 0)
(-2.99774e-05 1.07358e-05 0)
(-4.33123e-05 1.05407e-05 0)
(-5.57252e-05 1.01976e-05 0)
(-6.70046e-05 9.67185e-06 0)
(-7.69373e-05 8.95262e-06 0)
(-8.53298e-05 8.04281e-06 0)
(-9.20339e-05 6.96189e-06 0)
(-9.69484e-05 5.74438e-06 0)
(-0.000100014 4.43555e-06 0)
(-0.000101207 3.08766e-06 0)
(-0.00010063 1.73376e-06 0)
(-9.84083e-05 4.17012e-07 0)
(-9.46224e-05 -8.26349e-07 0)
(-8.9387e-05 -1.96777e-06 0)
(-8.28454e-05 -2.98421e-06 0)
(-7.51599e-05 -3.85961e-06 0)
(-6.65071e-05 -4.58404e-06 0)
(-5.70725e-05 -5.15019e-06 0)
(-4.70467e-05 -5.54694e-06 0)
(-3.66257e-05 -5.76298e-06 0)
(-2.60126e-05 -5.80475e-06 0)
(-1.54026e-05 -5.69135e-06 0)
(-4.97625e-06 -5.45169e-06 0)
(5.10224e-06 -5.12062e-06 0)
(1.46932e-05 -4.7389e-06 0)
(2.36841e-05 -4.35257e-06 0)
(3.19916e-05 -4.00816e-06 0)
(3.95603e-05 -3.74341e-06 0)
(4.63555e-05 -3.5765e-06 0)
(5.23535e-05 -3.50049e-06 0)
(5.75336e-05 -3.48759e-06 0)
(6.18748e-05 -3.50145e-06 0)
(6.53628e-05 -3.50821e-06 0)
(6.80009e-05 -3.48845e-06 0)
(6.98151e-05 -3.43831e-06 0)
(0.00114046 2.26339e-05 0)
(0.00112484 2.56999e-05 0)
(0.00111435 2.81277e-05 0)
(0.00110496 3.02427e-05 0)
(0.00109564 3.1685e-05 0)
(0.00108654 3.22541e-05 0)
(0.00107795 3.20502e-05 0)
(0.00107012 3.12776e-05 0)
(0.00106318 3.01626e-05 0)
(0.00105719 2.88738e-05 0)
(0.0010521 2.75375e-05 0)
(0.00104781 2.62638e-05 0)
(0.00104429 2.51596e-05 0)
(0.0010415 2.43365e-05 0)
(0.00103945 2.38923e-05 0)
(0.00103809 2.39119e-05 0)
(0.00103728 2.45011e-05 0)
(0.00103695 2.57181e-05 0)
(0.001037 2.76276e-05 0)
(0.00103731 3.03107e-05 0)
(0.00103779 3.37601e-05 0)
(0.00103825 3.80461e-05 0)
(0.00103854 4.31786e-05 0)
(0.0010386 4.90166e-05 0)
(0.00103842 5.55156e-05 0)
(0.00103816 6.24095e-05 0)
(0.00103778 6.92879e-05 0)
(0.00103654 7.56653e-05 0)
(0.00103344 8.09085e-05 0)
(0.00102705 8.49578e-05 0)
(0.00101588 8.78351e-05 0)
(0.000999456 8.92038e-05 0)
(0.000978029 8.94132e-05 0)
(0.00095107 8.87468e-05 0)
(0.000918041 8.66784e-05 0)
(0.000879625 8.32711e-05 0)
(0.000836692 7.88395e-05 0)
(0.000790299 7.33622e-05 0)
(0.000741362 6.64384e-05 0)
(0.00069083 5.77217e-05 0)
(0.000639728 4.76487e-05 0)
(0.000588922 3.77626e-05 0)
(0.000539158 3.04683e-05 0)
(0.000491502 2.72152e-05 0)
(0.000447032 2.71389e-05 0)
(0.000406377 2.86842e-05 0)
(0.000369629 3.15201e-05 0)
(0.000336447 3.55273e-05 0)
(0.000306612 4.01457e-05 0)
(0.000279839 4.46782e-05 0)
(0.000255689 4.85576e-05 0)
(0.000233542 5.14016e-05 0)
(0.000212872 5.29988e-05 0)
(0.000193446 5.32474e-05 0)
(0.000175287 5.21779e-05 0)
(0.000158493 4.98497e-05 0)
(0.000143204 4.63891e-05 0)
(0.000129557 4.19497e-05 0)
(0.000117688 3.66988e-05 0)
(0.0001077 3.08124e-05 0)
(9.9664e-05 2.44791e-05 0)
(9.3623e-05 1.78809e-05 0)
(8.95835e-05 1.11753e-05 0)
(8.75133e-05 4.50152e-06 0)
(8.72845e-05 -2.01746e-06 0)
(8.87304e-05 -8.27896e-06 0)
(9.16884e-05 -1.41879e-05 0)
(9.60019e-05 -1.96561e-05 0)
(0.000101487 -2.46047e-05 0)
(0.00010795 -2.89707e-05 0)
(0.000115196 -3.27084e-05 0)
(0.000123034 -3.57861e-05 0)
(0.000131291 -3.81828e-05 0)
(0.000139802 -3.98852e-05 0)
(0.000148369 -4.08985e-05 0)
(0.000156773 -4.12425e-05 0)
(0.000164818 -4.09456e-05 0)
(0.000172345 -4.00473e-05 0)
(0.000179219 -3.85971e-05 0)
(0.000185331 -3.66542e-05 0)
(0.000190609 -3.42868e-05 0)
(0.000195035 -3.15666e-05 0)
(0.000198655 -2.85568e-05 0)
(0.00020156 -2.53029e-05 0)
(0.000203853 -2.18347e-05 0)
(0.000205598 -1.8181e-05 0)
(0.000206808 -1.43787e-05 0)
(0.000207452 -1.05245e-05 0)
(0.00020748 -6.74011e-06 0)
(0.000206857 -3.14058e-06 0)
(0.00133089 3.57129e-05 0)
(0.00131633 3.79732e-05 0)
(0.00130528 3.96425e-05 0)
(0.00129534 4.03875e-05 0)
(0.00128571 4.02139e-05 0)
(0.00127656 3.92078e-05 0)
(0.00126824 3.75249e-05 0)
(0.001261 3.53432e-05 0)
(0.00125495 3.28111e-05 0)
(0.00125008 3.00278e-05 0)
(0.00124641 2.70843e-05 0)
(0.00124398 2.41038e-05 0)
(0.00124283 2.12336e-05 0)
(0.00124294 1.86222e-05 0)
(0.00124433 1.64067e-05 0)
(0.00124699 1.47111e-05 0)
(0.00125087 1.36215e-05 0)
(0.00125591 1.32367e-05 0)
(0.00126204 1.36797e-05 0)
(0.00126924 1.50377e-05 0)
(0.00127742 1.73689e-05 0)
(0.00128652 2.06605e-05 0)
(0.00129647 2.49193e-05 0)
(0.00130706 3.0059e-05 0)
(0.00131836 3.58911e-05 0)
(0.00132997 4.22286e-05 0)
(0.00134123 4.87034e-05 0)
(0.00135194 5.49943e-05 0)
(0.00136178 6.09747e-05 0)
(0.00137038 6.6669e-05 0)
(0.00137722 7.24985e-05 0)
(0.00138159 7.8966e-05 0)
(0.00138349 8.62884e-05 0)
(0.00138243 9.48838e-05 0)
(0.00137762 0.000105008 0)
(0.00137009 0.000116487 0)
(0.00136008 0.000129247 0)
(0.00134666 0.000142844 0)
(0.00132917 0.000156329 0)
(0.00130677 0.000168584 0)
(0.00127911 0.000178746 0)
(0.0012456 0.000186278 0)
(0.00120573 0.000190667 0)
(0.00116103 0.000191616 0)
(0.00111159 0.00018884 0)
(0.00105709 0.000182172 0)
(0.000999505 0.000172113 0)
(0.000940903 0.000159666 0)
(0.000882603 0.000146016 0)
(0.000825756 0.000132315 0)
(0.000771521 0.000119501 0)
(0.000721078 0.000108141 0)
(0.000675531 9.8462e-05 0)
(0.000635257 9.0251e-05 0)
(0.000600118 8.29485e-05 0)
(0.000569873 7.60298e-05 0)
(0.000544181 6.90817e-05 0)
(0.000522652 6.18117e-05 0)
(0.000504869 5.40417e-05 0)
(0.000490448 4.57029e-05 0)
(0.000479073 3.68527e-05 0)
(0.000470463 2.76492e-05 0)
(0.000464344 1.82933e-05 0)
(0.000460436 9.01642e-06 0)
(0.000458464 5.38806e-08 0)
(0.000458223 -8.39735e-06 0)
(0.000459498 -1.61013e-05 0)
(0.000462085 -2.29034e-05 0)
(0.000465768 -2.87489e-05 0)
(0.0004703 -3.35759e-05 0)
(0.000475446 -3.73517e-05 0)
(0.000480974 -4.00718e-05 0)
(0.000486609 -4.17319e-05 0)
(0.000492027 -4.2321e-05 0)
(0.000496969 -4.18535e-05 0)
(0.000501275 -4.03869e-05 0)
(0.000504803 -3.80356e-05 0)
(0.000507419 -3.49417e-05 0)
(0.00050902 -3.12487e-05 0)
(0.000509547 -2.7124e-05 0)
(0.000508985 -2.28155e-05 0)
(0.000507357 -1.8656e-05 0)
(0.000504719 -1.49728e-05 0)
(0.000501152 -1.19445e-05 0)
(0.000496751 -9.50759e-06 0)
(0.000491635 -7.40241e-06 0)
(0.000485833 -5.36481e-06 0)
(0.000479398 -3.19291e-06 0)
(0.000472489 -8.91139e-07 0)
(0.000465339 1.41425e-06 0)
(0.00142049 7.44188e-05 0)
(0.001406 7.52122e-05 0)
(0.00139275 7.49014e-05 0)
(0.00138027 7.33263e-05 0)
(0.00136848 7.06036e-05 0)
(0.00135768 6.68945e-05 0)
(0.00134817 6.23731e-05 0)
(0.00134007 5.72006e-05 0)
(0.0013333 5.15105e-05 0)
(0.00132777 4.54422e-05 0)
(0.00132351 3.91566e-05 0)
(0.00132059 3.28132e-05 0)
(0.00131905 2.65595e-05 0)
(0.00131891 2.05406e-05 0)
(0.0013202 1.49014e-05 0)
(0.00132289 9.80252e-06 0)
(0.00132695 5.41891e-06 0)
(0.0013325 1.84717e-06 0)
(0.00133963 -8.27093e-07 0)
(0.0013483 -2.52023e-06 0)
(0.00135844 -3.16393e-06 0)
(0.00137005 -2.69277e-06 0)
(0.00138303 -1.09302e-06 0)
(0.00139728 1.67515e-06 0)
(0.00141268 5.58488e-06 0)
(0.00142905 1.05505e-05 0)
(0.00144616 1.66108e-05 0)
(0.00146374 2.37846e-05 0)
(0.00148148 3.20737e-05 0)
(0.00149904 4.14719e-05 0)
(0.00151601 5.19123e-05 0)
(0.00153193 6.34468e-05 0)
(0.00154646 7.60439e-05 0)
(0.00155952 8.96358e-05 0)
(0.00157081 0.000104375 0)
(0.00158034 0.000120076 0)
(0.00158834 0.000136315 0)
(0.00159393 0.000152741 0)
(0.00159621 0.000169054 0)
(0.00159514 0.000185019 0)
(0.00159112 0.000200492 0)
(0.00158399 0.000215316 0)
(0.00157341 0.000229378 0)
(0.00155905 0.000242462 0)
(0.00154054 0.000253919 0)
(0.0015182 0.00026342 0)
(0.00149222 0.000270689 0)
(0.00146228 0.00027507 0)
(0.00142786 0.00027586 0)
(0.00138889 0.000272645 0)
(0.0013459 0.000265283 0)
(0.0012997 0.000253906 0)
(0.0012513 0.0002389 0)
(0.00120164 0.000220811 0)
(0.00115168 0.000200338 0)
(0.00110277 0.000178318 0)
(0.00105609 0.000155602 0)
(0.00101251 0.000132945 0)
(0.000972715 0.00011087 0)
(0.000937092 8.96892e-05 0)
(0.000905687 6.96478e-05 0)
(0.000878427 5.08893e-05 0)
(0.000855153 3.34554e-05 0)
(0.000835585 1.74444e-05 0)
(0.000819363 2.92435e-06 0)
(0.000806393 -1.01992e-05 0)
(0.000796513 -2.19572e-05 0)
(0.000789146 -3.22797e-05 0)
(0.000783876 -4.1097e-05 0)
(0.000780529 -4.8436e-05 0)
(0.000778863 -5.43019e-05 0)
(0.000778596 -5.85694e-05 0)
(0.000779455 -6.12141e-05 0)
(0.000781225 -6.22742e-05 0)
(0.000783768 -6.17852e-05 0)
(0.000786936 -5.97924e-05 0)
(0.00079054 -5.6397e-05 0)
(0.000794436 -5.17764e-05 0)
(0.000798512 -4.61606e-05 0)
(0.000802617 -3.97859e-05 0)
(0.000806571 -3.28713e-05 0)
(0.000810192 -2.56437e-05 0)
(0.000813284 -1.83271e-05 0)
(0.000815633 -1.10586e-05 0)
(0.000817024 -3.86043e-06 0)
(0.000817252 3.2244e-06 0)
(0.000816502 1.00156e-05 0)
(0.000815203 1.62341e-05 0)
(0.000813432 2.17432e-05 0)
(0.000811202 2.65285e-05 0)
(0.00145714 0.000111381 0)
(0.00143978 0.000108765 0)
(0.0014234 0.000105035 0)
(0.00140775 0.000100252 0)
(0.00139274 9.45395e-05 0)
(0.00137857 8.80048e-05 0)
(0.00136551 8.07042e-05 0)
(0.00135367 7.27015e-05 0)
(0.00134308 6.41203e-05 0)
(0.00133382 5.51359e-05 0)
(0.00132598 4.59271e-05 0)
(0.00131966 3.66398e-05 0)
(0.00131496 2.73894e-05 0)
(0.00131199 1.82873e-05 0)
(0.00131094 9.48705e-06 0)
(0.00131206 1.17013e-06 0)
(0.00131534 -6.5899e-06 0)
(0.00132065 -1.36312e-05 0)
(0.00132806 -1.98432e-05 0)
(0.00133762 -2.51024e-05 0)
(0.00134929 -2.92685e-05 0)
(0.00136302 -3.22114e-05 0)
(0.00137868 -3.38315e-05 0)
(0.00139612 -3.40393e-05 0)
(0.00141511 -3.27667e-05 0)
(0.00143542 -2.99765e-05 0)
(0.00145676 -2.56302e-05 0)
(0.00147885 -1.97097e-05 0)
(0.00150139 -1.22039e-05 0)
(0.001524 -3.10374e-06 0)
(0.0015463 7.59191e-06 0)
(0.00156793 1.99092e-05 0)
(0.00158876 3.3907e-05 0)
(0.00160877 4.95168e-05 0)
(0.00162765 6.66517e-05 0)
(0.00164524 8.52299e-05 0)
(0.00166143 0.000104839 0)
(0.00167601 0.000125117 0)
(0.00168892 0.00014595 0)
(0.00170016 0.000167263 0)
(0.00170963 0.000188783 0)
(0.00171707 0.000210113 0)
(0.00172228 0.000230855 0)
(0.00172507 0.00025062 0)
(0.00172531 0.000269062 0)
(0.0017231 0.000285743 0)
(0.00171811 0.000300163 0)
(0.00170959 0.000311834 0)
(0.00169729 0.000320414 0)
(0.00168144 0.000325749 0)
(0.00166227 0.000327721 0)
(0.00163988 0.000326178 0)
(0.00161437 0.000320988 0)
(0.00158588 0.000312074 0)
(0.00155459 0.000299505 0)
(0.00152086 0.000283468 0)
(0.00148511 0.000264245 0)
(0.0014478 0.000242268 0)
(0.00140948 0.00021809 0)
(0.0013708 0.000192327 0)
(0.00133245 0.000165672 0)
(0.00129517 0.000138825 0)
(0.00125948 0.000112461 0)
(0.00122583 8.71768e-05 0)
(0.00119463 6.34034e-05 0)
(0.00116605 4.15165e-05 0)
(0.00114005 2.17262e-05 0)
(0.00111683 4.06491e-06 0)
(0.00109638 -1.14045e-05 0)
(0.00107828 -2.45339e-05 0)
(0.00106253 -3.52147e-05 0)
(0.00104914 -4.36028e-05 0)
(0.00103775 -4.98155e-05 0)
(0.00102808 -5.39147e-05 0)
(0.00101998 -5.60302e-05 0)
(0.00101331 -5.63452e-05 0)
(0.00100789 -5.50365e-05 0)
(0.00100348 -5.22677e-05 0)
(0.000999866 -4.82153e-05 0)
(0.000996931 -4.31053e-05 0)
(0.000994607 -3.72132e-05 0)
(0.00099282 -3.08396e-05 0)
(0.000991492 -2.42579e-05 0)
(0.000990561 -1.76956e-05 0)
(0.000990062 -1.13401e-05 0)
(0.00099019 -5.32638e-06 0)
(0.000990854 3.11484e-07 0)
(0.000991826 5.52591e-06 0)
(0.000993199 1.02799e-05 0)
(0.000995066 1.45591e-05 0)
(0.0014119 0.000150463 0)
(0.00139244 0.000147359 0)
(0.0013739 0.000143 0)
(0.00135597 0.000137396 0)
(0.0013387 0.000130562 0)
(0.00132224 0.000122535 0)
(0.00130689 0.000113355 0)
(0.00129302 0.00010312 0)
(0.00128096 9.19807e-05 0)
(0.0012709 8.00834e-05 0)
(0.00126298 6.75427e-05 0)
(0.00125736 5.44748e-05 0)
(0.0012542 4.10165e-05 0)
(0.00125376 2.72908e-05 0)
(0.00125628 1.33824e-05 0)
(0.00126162 -5.30263e-07 0)
(0.00126973 -1.4161e-05 0)
(0.0012807 -2.71846e-05 0)
(0.00129438 -3.93034e-05 0)
(0.00131056 -5.0262e-05 0)
(0.00132901 -5.98146e-05 0)
(0.00134942 -6.77321e-05 0)
(0.0013715 -7.38146e-05 0)
(0.00139498 -7.7906e-05 0)
(0.00141963 -7.98844e-05 0)
(0.00144522 -7.96567e-05 0)
(0.00147152 -7.71621e-05 0)
(0.00149831 -7.23576e-05 0)
(0.00152537 -6.52506e-05 0)
(0.00155246 -5.58595e-05 0)
(0.00157941 -4.42016e-05 0)
(0.00160604 -3.03039e-05 0)
(0.00163198 -1.4195e-05 0)
(0.00165688 3.96193e-06 0)
(0.00168064 2.39699e-05 0)
(0.00170284 4.56494e-05 0)
(0.00172309 6.88939e-05 0)
(0.0017414 9.35708e-05 0)
(0.00175778 0.000119298 0)
(0.00177207 0.000145537 0)
(0.00178408 0.000171796 0)
(0.00179368 0.000197615 0)
(0.00180082 0.000222567 0)
(0.00180554 0.000246254 0)
(0.00180789 0.000268316 0)
(0.00180797 0.000288362 0)
(0.00180581 0.00030599 0)
(0.00180152 0.000320989 0)
(0.00179528 0.000333315 0)
(0.00178724 0.00034291 0)
(0.00177736 0.000349642 0)
(0.0017655 0.000353338 0)
(0.00175154 0.000353832 0)
(0.00173544 0.000350997 0)
(0.00171716 0.000344764 0)
(0.00169677 0.000335122 0)
(0.00167432 0.000322136 0)
(0.00164994 0.00030597 0)
(0.0016238 0.000286907 0)
(0.00159608 0.000265332 0)
(0.00156705 0.000241714 0)
(0.00153702 0.000216589 0)
(0.00150626 0.00019053 0)
(0.00147518 0.000164127 0)
(0.00144414 0.00013796 0)
(0.00141351 0.000112546 0)
(0.00138369 8.83743e-05 0)
(0.00135489 6.59137e-05 0)
(0.00132731 4.5447e-05 0)
(0.00130138 2.72478e-05 0)
(0.00127697 1.15599e-05 0)
(0.00125381 -1.62333e-06 0)
(0.0012322 -1.23508e-05 0)
(0.00121226 -2.07207e-05 0)
(0.00119391 -2.68514e-05 0)
(0.00117715 -3.08964e-05 0)
(0.00116191 -3.30238e-05 0)
(0.00114811 -3.33912e-05 0)
(0.00113563 -3.21461e-05 0)
(0.00112432 -2.947e-05 0)
(0.00111406 -2.56144e-05 0)
(0.00110474 -2.08744e-05 0)
(0.0010963 -1.55651e-05 0)
(0.00108877 -9.99958e-06 0)
(0.00108229 -4.4804e-06 0)
(0.00107688 7.16567e-07 0)
(0.00107272 5.32296e-06 0)
(0.00107005 9.24694e-06 0)
(0.00106892 1.24836e-05 0)
(0.00106922 1.50469e-05 0)
(0.00137495 0.000193185 0)
(0.00135232 0.000189048 0)
(0.00133144 0.000183207 0)
(0.0013118 0.000175638 0)
(0.00129341 0.000166229 0)
(0.00127665 0.000154943 0)
(0.00126208 0.00014188 0)
(0.00125017 0.000127195 0)
(0.00124117 0.000111025 0)
(0.00123517 9.34869e-05 0)
(0.00123219 7.4724e-05 0)
(0.00123225 5.4932e-05 0)
(0.00123531 3.43543e-05 0)
(0.00124112 1.32775e-05 0)
(0.00124959 -7.96446e-06 0)
(0.00126087 -2.8933e-05 0)
(0.00127474 -4.91043e-05 0)
(0.00129064 -6.80609e-05 0)
(0.00130813 -8.54242e-05 0)
(0.00132691 -0.000100903 0)
(0.00134678 -0.000114308 0)
(0.00136759 -0.000125495 0)
(0.00138923 -0.00013434 0)
(0.00141168 -0.000140745 0)
(0.00143493 -0.000144637 0)
(0.00145898 -0.000145955 0)
(0.0014839 -0.000144644 0)
(0.00150971 -0.000140648 0)
(0.00153642 -0.000133918 0)
(0.001564 -0.000124423 0)
(0.00159236 -0.000112149 0)
(0.00162133 -9.71084e-05 0)
(0.00165073 -7.93337e-05 0)
(0.00168026 -5.88405e-05 0)
(0.00170951 -3.57676e-05 0)
(0.00173839 -1.03668e-05 0)
(0.00176692 1.71587e-05 0)
(0.00179436 4.64113e-05 0)
(0.00181966 7.70096e-05 0)
(0.00184234 0.000108647 0)
(0.00186221 0.000140938 0)
(0.00187893 0.000173276 0)
(0.00189221 0.000205107 0)
(0.00190181 0.000235889 0)
(0.00190752 0.000265079 0)
(0.00190927 0.000292149 0)
(0.00190709 0.000316617 0)
(0.00190119 0.000338071 0)
(0.00189183 0.000356137 0)
(0.00187932 0.000370462 0)
(0.00186393 0.000380791 0)
(0.001846 0.000387035 0)
(0.00182598 0.000389251 0)
(0.0018043 0.000387609 0)
(0.00178137 0.000382366 0)
(0.00175753 0.000373823 0)
(0.00173305 0.000362296 0)
(0.00170809 0.000348085 0)
(0.00168276 0.000331464 0)
(0.0016571 0.000312706 0)
(0.00163112 0.000292094 0)
(0.00160481 0.000269931 0)
(0.00157818 0.00024657 0)
(0.00155126 0.000222421 0)
(0.00152409 0.000197956 0)
(0.00149679 0.000173681 0)
(0.00146951 0.00015005 0)
(0.00144238 0.000127459 0)
(0.0014156 0.000106284 0)
(0.00138933 8.68026e-05 0)
(0.00136365 6.9143e-05 0)
(0.00133875 5.34969e-05 0)
(0.00131481 3.99596e-05 0)
(0.00129184 2.85478e-05 0)
(0.0012698 1.93269e-05 0)
(0.0012485 1.23468e-05 0)
(0.00122786 7.58482e-06 0)
(0.0012079 4.92764e-06 0)
(0.00118865 4.14906e-06 0)
(0.00117019 4.9111e-06 0)
(0.00115272 6.78345e-06 0)
(0.0011365 9.28453e-06 0)
(0.00112189 1.1927e-05 0)
(0.00110918 1.42603e-05 0)
(0.00109861 1.58974e-05 0)
(0.00109042 1.66094e-05 0)
(0.00108476 1.63964e-05 0)
(0.00108163 1.5402e-05 0)
(0.00108089 1.3873e-05 0)
(0.0010823 1.20921e-05 0)
(0.00144272 0.000254282 0)
(0.00141334 0.00024652 0)
(0.00138639 0.000236136 0)
(0.0013613 0.000223251 0)
(0.00133814 0.000207932 0)
(0.00131748 0.000190316 0)
(0.00129989 0.000170629 0)
(0.00128568 0.000149094 0)
(0.00127477 0.000125911 0)
(0.00126688 0.000101341 0)
(0.00126168 7.57521e-05 0)
(0.00125893 4.95568e-05 0)
(0.00125833 2.31783e-05 0)
(0.0012595 -2.91903e-06 0)
(0.00126217 -2.82671e-05 0)
(0.00126593 -5.2706e-05 0)
(0.00127021 -7.60959e-05 0)
(0.00127463 -9.79661e-05 0)
(0.00127886 -0.000117783 0)
(0.00128266 -0.000135198 0)
(0.00128607 -0.00015003 0)
(0.00128945 -0.000162254 0)
(0.00129337 -0.000171958 0)
(0.00129852 -0.000179309 0)
(0.0013056 -0.000184481 0)
(0.00131526 -0.000187605 0)
(0.00132805 -0.000188718 0)
(0.00134434 -0.000187758 0)
(0.00136436 -0.000184568 0)
(0.00138817 -0.000178948 0)
(0.00141569 -0.000170666 0)
(0.00144669 -0.000159465 0)
(0.00148077 -0.000145088 0)
(0.00151747 -0.000127317 0)
(0.0015562 -0.00010606 0)
(0.00159623 -8.13602e-05 0)
(0.00163671 -5.3458e-05 0)
(0.00167717 -2.26744e-05 0)
(0.00171749 1.07618e-05 0)
(0.00175724 4.65469e-05 0)
(0.00179519 8.40755e-05 0)
(0.00183041 0.000122841 0)
(0.00186252 0.00016225 0)
(0.00189096 0.000201634 0)
(0.00191518 0.000240295 0)
(0.00193472 0.00027753 0)
(0.00194917 0.000312631 0)
(0.00195817 0.000344907 0)
(0.00196141 0.00037369 0)
(0.00195876 0.000398369 0)
(0.00195033 0.000418433 0)
(0.0019364 0.000433502 0)
(0.00191736 0.000443333 0)
(0.00189374 0.00044782 0)
(0.00186616 0.000447007 0)
(0.00183535 0.0004411 0)
(0.00180203 0.000430476 0)
(0.00176698 0.000415672 0)
(0.00173095 0.00039736 0)
(0.00169465 0.000376293 0)
(0.00165871 0.000353233 0)
(0.00162366 0.000328885 0)
(0.00158987 0.000303876 0)
(0.00155753 0.000278704 0)
(0.0015267 0.000253706 0)
(0.00149732 0.000229114 0)
(0.0014692 0.000205184 0)
(0.00144212 0.000182254 0)
(0.00141593 0.000160638 0)
(0.00139052 0.000140523 0)
(0.00136574 0.000122053 0)
(0.0013413 0.000105436 0)
(0.0013169 9.09363e-05 0)
(0.00129239 7.88108e-05 0)
(0.00126789 6.91529e-05 0)
(0.00124367 6.18605e-05 0)
(0.00122009 5.66648e-05 0)
(0.00119746 5.31704e-05 0)
(0.00117608 5.09022e-05 0)
(0.00115624 4.93376e-05 0)
(0.0011383 4.79294e-05 0)
(0.00112265 4.61715e-05 0)
(0.00110962 4.3665e-05 0)
(0.00109949 4.01381e-05 0)
(0.00109242 3.54856e-05 0)
(0.00108853 2.97849e-05 0)
(0.00108784 2.33064e-05 0)
(0.00109018 1.64912e-05 0)
(0.00109508 9.81471e-06 0)
(0.00110182 3.59454e-06 0)
(0.00150049 0.000330798 0)
(0.00146702 0.000320197 0)
(0.00143504 0.000305798 0)
(0.00140407 0.000287909 0)
(0.00137429 0.000266843 0)
(0.00134629 0.000242984 0)
(0.00132057 0.00021672 0)
(0.00129732 0.000188477 0)
(0.00127636 0.000158726 0)
(0.00125729 0.000127835 0)
(0.00123953 9.61324e-05 0)
(0.00122241 6.43159e-05 0)
(0.00120516 3.35041e-05 0)
(0.00118685 4.64625e-06 0)
(0.00116599 -2.18151e-05 0)
(0.00114141 -4.5514e-05 0)
(0.00111367 -6.5758e-05 0)
(0.00108437 -8.24383e-05 0)
(0.00105462 -9.61413e-05 0)
(0.00102565 -0.000107935 0)
(0.000998861 -0.00011913 0)
(0.000975627 -0.000130667 0)
(0.000957142 -0.000143054 0)
(0.000944395 -0.000156396 0)
(0.000938092 -0.000170414 0)
(0.000938654 -0.000184544 0)
(0.000946237 -0.00019807 0)
(0.000960778 -0.000210227 0)
(0.000982043 -0.000220258 0)
(0.00100964 -0.00022747 0)
(0.00104311 -0.000231233 0)
(0.00108187 -0.000231007 0)
(0.00112533 -0.000226329 0)
(0.00117284 -0.000216841 0)
(0.00122375 -0.000202295 0)
(0.00127738 -0.000182599 0)
(0.001333 -0.000157838 0)
(0.00138978 -0.000128232 0)
(0.00144688 -9.42229e-05 0)
(0.0015034 -5.63577e-05 0)
(0.00155895 -1.52372e-05 0)
(0.00161313 2.86106e-05 0)
(0.00166512 7.45032e-05 0)
(0.00171419 0.000121683 0)
(0.00175972 0.000169419 0)
(0.00180109 0.000216953 0)
(0.00183773 0.000263394 0)
(0.00186906 0.000307905 0)
(0.00189459 0.000349695 0)
(0.0019139 0.000388017 0)
(0.00192666 0.000422155 0)
(0.00193262 0.00045143 0)
(0.00193162 0.000475234 0)
(0.00192364 0.000493065 0)
(0.00190885 0.00050457 0)
(0.0018876 0.000509576 0)
(0.00186047 0.000508097 0)
(0.00182825 0.000500364 0)
(0.00179189 0.000486831 0)
(0.00175238 0.000468135 0)
(0.00171076 0.000445059 0)
(0.00166799 0.000418545 0)
(0.00162494 0.000389636 0)
(0.00158244 0.000359338 0)
(0.0015412 0.000328619 0)
(0.00150169 0.000298459 0)
(0.00146417 0.000269655 0)
(0.00142881 0.000242583 0)
(0.00139564 0.000217372 0)
(0.00136434 0.000194366 0)
(0.0013344 0.000174192 0)
(0.00130554 0.000157308 0)
(0.001278 0.000143536 0)
(0.00125234 0.000132116 0)
(0.00122894 0.000122202 0)
(0.00120771 0.000113289 0)
(0.00118818 0.000105273 0)
(0.00116996 9.81486e-05 0)
(0.00115297 9.16887e-05 0)
(0.00113759 8.53861e-05 0)
(0.0011245 7.86187e-05 0)
(0.00111437 7.08795e-05 0)
(0.00110765 6.19123e-05 0)
(0.00110443 5.16229e-05 0)
(0.0011045 3.99536e-05 0)
(0.00110747 2.6992e-05 0)
(0.00111282 1.32976e-05 0)
(0.00111991 1.16454e-07 0)
(0.00112781 -1.08796e-05 0)
(0.00113541 -1.84434e-05 0)
(0.00139864 0.000405114 0)
(0.00136792 0.000395093 0)
(0.00133697 0.000379716 0)
(0.00130469 0.000359636 0)
(0.00127117 0.000335698 0)
(0.00123713 0.000308819 0)
(0.00120283 0.000279784 0)
(0.00116769 0.000249249 0)
(0.00113071 0.000217877 0)
(0.00109084 0.000186497 0)
(0.00104728 0.000156309 0)
(0.000999671 0.00012893 0)
(0.000948236 0.000105897 0)
(0.000893724 8.77341e-05 0)
(0.000837386 7.33614e-05 0)
(0.000780933 6.0547e-05 0)
(0.000725898 4.67098e-05 0)
(0.000673919 2.97434e-05 0)
(0.000626825 8.76399e-06 0)
(0.000586112 -1.60903e-05 0)
(0.000553129 -4.40951e-05 0)
(0.000528933 -7.44972e-05 0)
(0.000513469 -0.00010666 0)
(0.000506471 -0.00013976 0)
(0.000507601 -0.000172908 0)
(0.00051648 -0.000205189 0)
(0.000532691 -0.000235718 0)
(0.000555827 -0.00026364 0)
(0.000585478 -0.000288158 0)
(0.000621208 -0.000308546 0)
(0.000662591 -0.000324144 0)
(0.000709129 -0.000334397 0)
(0.000760336 -0.000338832 0)
(0.000815654 -0.000337099 0)
(0.000874503 -0.000328973 0)
(0.00093628 -0.000314375 0)
(0.00100033 -0.000293372 0)
(0.00106599 -0.000266171 0)
(0.00113257 -0.000233125 0)
(0.00119943 -0.000194693 0)
(0.00126587 -0.000151421 0)
(0.0013313 -0.000104089 0)
(0.0013952 -5.34218e-05 0)
(0.00145709 -1.66241e-07 0)
(0.00151656 5.48883e-05 0)
(0.00157284 0.000110846 0)
(0.00162531 0.000166951 0)
(0.00167361 0.000222442 0)
(0.00171726 0.000276417 0)
(0.00175571 0.000328014 0)
(0.00178844 0.000376382 0)
(0.00181497 0.000420678 0)
(0.00183488 0.000460098 0)
(0.00184784 0.000493906 0)
(0.00185364 0.000521465 0)
(0.00185219 0.000542242 0)
(0.00184355 0.000555837 0)
(0.00182786 0.000562045 0)
(0.00180545 0.000560849 0)
(0.00177684 0.000552426 0)
(0.00174277 0.000537255 0)
(0.00170418 0.000516129 0)
(0.00166222 0.00048999 0)
(0.00161815 0.000459937 0)
(0.00157312 0.000427375 0)
(0.00152817 0.000393748 0)
(0.00148435 0.000360112 0)
(0.0014425 0.000327413 0)
(0.00140296 0.00029703 0)
(0.00136587 0.000270284 0)
(0.00133166 0.000247203 0)
(0.00130114 0.000226289 0)
(0.0012748 0.000205889 0)
(0.00125196 0.000185764 0)
(0.001231 0.000167219 0)
(0.00121048 0.000151843 0)
(0.00119012 0.000140111 0)
(0.00117095 0.000130923 0)
(0.00115455 0.00012223 0)
(0.00114221 0.000112056 0)
(0.0011344 9.9234e-05 0)
(0.00113085 8.36341e-05 0)
(0.00113082 6.59901e-05 0)
(0.00113328 4.7439e-05 0)
(0.00113719 2.90425e-05 0)
(0.00114177 1.16398e-05 0)
(0.00114684 -3.87322e-06 0)
(0.00115291 -1.62674e-05 0)
(0.00116026 -2.44643e-05 0)
(0.00116751 -2.85045e-05 0)
(0.00111394 0.000458761 0)
(0.00108663 0.000454742 0)
(0.00105637 0.000445378 0)
(0.0010218 0.000430676 0)
(0.000982904 0.000411468 0)
(0.000940367 0.000389283 0)
(0.000894347 0.000366076 0)
(0.000844317 0.000343685 0)
(0.000789762 0.000323251 0)
(0.000730605 0.000305093 0)
(0.000667254 0.0002889 0)
(0.000600724 0.000273846 0)
(0.000532747 0.000258659 0)
(0.00046554 0.000241773 0)
(0.000401364 0.000221685 0)
(0.000342216 0.000197068 0)
(0.000289463 0.000167345 0)
(0.000243963 0.000132605 0)
(0.00020636 9.33418e-05 0)
(0.000177142 5.02435e-05 0)
(0.000156232 4.18441e-06 0)
(0.000142907 -4.38806e-05 0)
(0.000136719 -9.31839e-05 0)
(0.000137753 -0.000142854 0)
(0.000145806 -0.000191962 0)
(0.00016059 -0.000239572 0)
(0.000181793 -0.000284772 0)
(0.000209114 -0.000326684 0)
(0.000242262 -0.00036449 0)
(0.000280956 -0.000397394 0)
(0.000324928 -0.000424687 0)
(0.000373892 -0.000445739 0)
(0.000427556 -0.000459974 0)
(0.000485567 -0.000466922 0)
(0.000547509 -0.000466226 0)
(0.000612879 -0.000457681 0)
(0.000681077 -0.000441271 0)
(0.000751455 -0.000417143 0)
(0.000823298 -0.000385662 0)
(0.000895872 -0.000347369 0)
(0.0009685 -0.000302945 0)
(0.00104046 -0.000253192 0)
(0.0011112 -0.000198953 0)
(0.00118014 -0.000141115 0)
(0.00124683 -8.05287e-05 0)
(0.00131107 -1.80893e-05 0)
(0.00137271 4.54218e-05 0)
(0.00143109 0.000109133 0)
(0.00148567 0.000172294 0)
(0.00153622 0.000234144 0)
(0.00158236 0.000293809 0)
(0.00162365 0.000350441 0)
(0.00165962 0.000403195 0)
(0.00168979 0.000451233 0)
(0.00171374 0.000493737 0)
(0.00173107 0.000529936 0)
(0.00174149 0.000559179 0)
(0.00174489 0.00058096 0)
(0.00174133 0.000594922 0)
(0.00173105 0.000600953 0)
(0.00171446 0.000599238 0)
(0.00169215 0.000590114 0)
(0.00166482 0.000574076 0)
(0.00163321 0.000552023 0)
(0.0015981 0.000525113 0)
(0.00156052 0.000494268 0)
(0.00152162 0.000460434 0)
(0.00148236 0.000425252 0)
(0.00144357 0.000390426 0)
(0.00140643 0.00035616 0)
(0.00137214 0.000321429 0)
(0.0013409 0.00028651 0)
(0.00131134 0.000254578 0)
(0.00128177 0.000229753 0)
(0.00125213 0.000213311 0)
(0.00122463 0.000202115 0)
(0.00120249 0.000190752 0)
(0.00118762 0.000175054 0)
(0.0011793 0.000153989 0)
(0.00117472 0.000129121 0)
(0.00117095 0.000103027 0)
(0.00116689 7.80877e-05 0)
(0.00116383 5.59213e-05 0)
(0.00116441 3.72132e-05 0)
(0.00117043 2.13434e-05 0)
(0.00118076 5.97837e-06 0)
(0.00119032 -1.16858e-05 0)
(0.00119152 -3.08841e-05 0)
(0.00117854 -4.4011e-05 0)
(0.00115015 -4.09156e-05 0)
(0.00070162 0.000511648 0)
(0.000681481 0.000514538 0)
(0.000656883 0.000512995 0)
(0.000624945 0.000506349 0)
(0.000586756 0.00049609 0)
(0.000542535 0.000484967 0)
(0.000491623 0.000474905 0)
(0.000434027 0.000466293 0)
(0.000370817 0.000458452 0)
(0.000303813 0.000450025 0)
(0.000235344 0.000439324 0)
(0.000167898 0.000424657 0)
(0.000103777 0.000404638 0)
(4.50035e-05 0.000378314 0)
(-7.16778e-06 0.000345208 0)
(-5.15667e-05 0.000305286 0)
(-8.7319e-05 0.000258922 0)
(-0.000114447 0.000206813 0)
(-0.000133155 0.000149872 0)
(-0.000143824 8.91382e-05 0)
(-0.000146695 2.57123e-05 0)
(-0.000142894 -3.9624e-05 0)
(-0.000133651 -0.000105509 0)
(-0.00011931 -0.000170779 0)
(-0.000100352 -0.000234379 0)
(-7.72698e-05 -0.000295386 0)
(-5.04582e-05 -0.000352965 0)
(-2.02369e-05 -0.000406371 0)
(1.32879e-05 -0.000454926 0)
(5.00858e-05 -0.000498072 0)
(9.0185e-05 -0.000535038 0)
(0.00013378 -0.000565334 0)
(0.000181146 -0.000588365 0)
(0.000232505 -0.00060356 0)
(0.00028799 -0.000610413 0)
(0.000347601 -0.0006085 0)
(0.000411114 -0.000597562 0)
(0.000478102 -0.000577542 0)
(0.000547922 -0.000548648 0)
(0.000619786 -0.000511359 0)
(0.000692832 -0.000466406 0)
(0.000766192 -0.000414716 0)
(0.000839044 -0.000357327 0)
(0.000910733 -0.000295316 0)
(0.000980721 -0.000229729 0)
(0.00104856 -0.000161539 0)
(0.00111396 -9.16948e-05 0)
(0.00117681 -2.1078e-05 0)
(0.00123706 4.95802e-05 0)
(0.00129418 0.000119506 0)
(0.00134781 0.000188031 0)
(0.00139778 0.000254395 0)
(0.00144376 0.000317785 0)
(0.00148537 0.000377365 0)
(0.00152219 0.000432276 0)
(0.00155384 0.000481674 0)
(0.00157995 0.000524755 0)
(0.00160021 0.000560768 0)
(0.00161438 0.000589085 0)
(0.00162229 0.000609268 0)
(0.00162385 0.00062102 0)
(0.00161917 0.000624193 0)
(0.00160849 0.000619011 0)
(0.00159223 0.000606099 0)
(0.00157109 0.000586136 0)
(0.00154594 0.000559893 0)
(0.00151756 0.000528812 0)
(0.00148665 0.000494724 0)
(0.00145424 0.000458709 0)
(0.00142142 0.000421355 0)
(0.00138854 0.000384851 0)
(0.00135521 0.000353373 0)
(0.00132179 0.000329548 0)
(0.00129088 0.000310546 0)
(0.00126636 0.000289038 0)
(0.0012505 0.000258969 0)
(0.00124167 0.00022083 0)
(0.00123512 0.000181806 0)
(0.00122642 0.00015057 0)
(0.00121492 0.000130497 0)
(0.00120409 0.000116784 0)
(0.00119867 9.99404e-05 0)
(0.00120066 7.23669e-05 0)
(0.00120687 3.36912e-05 0)
(0.00120951 -6.65227e-06 0)
(0.00119979 -3.15364e-05 0)
(0.00117121 -2.57384e-05 0)
(0.00112179 1.25612e-05 0)
(0.00105455 6.99663e-05 0)
(0.000976839 0.0001281 0)
(0.000289789 0.000543547 0)
(0.000269657 0.000559093 0)
(0.00024062 0.000570832 0)
(0.00020395 0.000580822 0)
(0.000160255 0.000589687 0)
(0.000110364 0.000597236 0)
(5.59667e-05 0.000602622 0)
(-6.70619e-07 0.000604399 0)
(-5.68964e-05 0.000600956 0)
(-0.000110292 0.000590816 0)
(-0.000158787 0.000572809 0)
(-0.000200752 0.000546261 0)
(-0.000235107 0.000510959 0)
(-0.000261209 0.000467184 0)
(-0.000278891 0.000415525 0)
(-0.000288283 0.000357011 0)
(-0.000289809 0.000292621 0)
(-0.000284109 0.00022352 0)
(-0.000271981 0.000150919 0)
(-0.000254258 7.60464e-05 0)
(-0.000232776 -1.48303e-07 0)
(-0.000208365 -7.65685e-05 0)
(-0.000181196 -0.00015185 0)
(-0.000152262 -0.000224976 0)
(-0.000122389 -0.00029499 0)
(-9.22939e-05 -0.000361283 0)
(-6.25257e-05 -0.000423352 0)
(-3.34859e-05 -0.000480817 0)
(-5.51728e-06 -0.000533397 0)
(2.17913e-05 -0.000580854 0)
(4.87322e-05 -0.000622924 0)
(7.55977e-05 -0.000659259 0)
(0.000103512 -0.000689361 0)
(0.000133566 -0.000712598 0)
(0.000166931 -0.00072819 0)
(0.000204659 -0.000735297 0)
(0.000247549 -0.000733111 0)
(0.000295994 -0.000720995 0)
(0.000349898 -0.000698623 0)
(0.000408729 -0.000666076 0)
(0.000471565 -0.000623885 0)
(0.000537292 -0.000572984 0)
(0.000604708 -0.00051461 0)
(0.000672718 -0.000450135 0)
(0.000740357 -0.000380976 0)
(0.00080683 -0.000308469 0)
(0.000871656 -0.000233744 0)
(0.000934504 -0.000157758 0)
(0.000995163 -8.13984e-05 0)
(0.00105369 -5.40309e-06 0)
(0.00111002 6.96154e-05 0)
(0.00116379 0.000143008 0)
(0.00121483 0.000214109 0)
(0.00126289 0.000282303 0)
(0.00130762 0.000346825 0)
(0.00134857 0.000406813 0)
(0.00138529 0.000461355 0)
(0.00141735 0.000509553 0)
(0.00144434 0.000550594 0)
(0.00146598 0.000583786 0)
(0.00148211 0.000608598 0)
(0.00149271 0.000624774 0)
(0.00149786 0.000632396 0)
(0.00149774 0.000631734 0)
(0.0014927 0.000623227 0)
(0.00148309 0.00060776 0)
(0.00146933 0.00058661 0)
(0.00145216 0.000560817 0)
(0.00143258 0.000531177 0)
(0.00141143 0.00049922 0)
(0.0013894 0.000467061 0)
(0.00136794 0.000434906 0)
(0.00134948 0.000399363 0)
(0.00133581 0.000356385 0)
(0.00132567 0.000307276 0)
(0.00131454 0.000261058 0)
(0.00129782 0.000228518 0)
(0.00127527 0.000212 0)
(0.00125234 0.000201325 0)
(0.00123674 0.000180843 0)
(0.00123251 0.00014135 0)
(0.00123586 8.78583e-05 0)
(0.00123577 3.92481e-05 0)
(0.00121901 1.88061e-05 0)
(0.00117691 3.88831e-05 0)
(0.00110986 9.19533e-05 0)
(0.00102732 0.000157879 0)
(0.000942292 0.000218433 0)
(0.000864968 0.000263943 0)
(0.000800584 0.000291998 0)
(-0.00011853 0.000598669 0)
(-0.000143526 0.000629526 0)
(-0.000172617 0.000656858 0)
(-0.000204425 0.000679812 0)
(-0.000237659 0.000697132 0)
(-0.000269954 0.000707963 0)
(-0.000299944 0.000710901 0)
(-0.000325324 0.000705145 0)
(-0.000345021 0.00068978 0)
(-0.000357687 0.000664467 0)
(-0.000362848 0.000629161 0)
(-0.000360172 0.000584238 0)
(-0.000349779 0.000530445 0)
(-0.000332097 0.00046876 0)
(-0.000307804 0.000400371 0)
(-0.000277755 0.000326582 0)
(-0.000242944 0.000248738 0)
(-0.000204433 0.000168201 0)
(-0.000163273 8.63293e-05 0)
(-0.000120977 4.43251e-06 0)
(-7.81874e-05 -7.61733e-05 0)
(-3.46622e-05 -0.000154125 0)
(8.68052e-06 -0.000228636 0)
(5.10233e-05 -0.000298995 0)
(9.14783e-05 -0.000364648 0)
(0.000128948 -0.000425221 0)
(0.000162682 -0.000480563 0)
(0.000191862 -0.000530782 0)
(0.000215762 -0.000576226 0)
(0.000233849 -0.000617337 0)
(0.000245855 -0.000654902 0)
(0.000252022 -0.000689338 0)
(0.000253266 -0.000720832 0)
(0.000251216 -0.0007491 0)
(0.000248136 -0.000773286 0)
(0.000246708 -0.000792018 0)
(0.000249654 -0.000803601 0)
(0.000259314 -0.000806262 0)
(0.000277281 -0.000798442 0)
(0.000304213 -0.000779078 0)
(0.000339849 -0.000747815 0)
(0.000383186 -0.000705038 0)
(0.000432788 -0.000651813 0)
(0.000486963 -0.000589729 0)
(0.000544111 -0.00052062 0)
(0.000602743 -0.000446394 0)
(0.000661689 -0.000368775 0)
(0.000720066 -0.000289267 0)
(0.000777286 -0.000209074 0)
(0.000832996 -0.000129086 0)
(0.000887072 -5.0064e-05 0)
(0.000939503 2.74657e-05 0)
(0.00099052 0.000103061 0)
(0.00104014 0.000176079 0)
(0.001088 0.000245989 0)
(0.00113382 0.000312216 0)
(0.00117727 0.000374044 0)
(0.001218 0.000430693 0)
(0.00125562 0.000481354 0)
(0.00128974 0.000525235 0)
(0.00131999 0.00056162 0)
(0.00134602 0.000589936 0)
(0.00136759 0.00060977 0)
(0.00138459 0.000620892 0)
(0.00139706 0.000623379 0)
(0.00140514 0.000617646 0)
(0.00140915 0.000604206 0)
(0.00140959 0.000583564 0)
(0.00140689 0.000556552 0)
(0.00140137 0.000524402 0)
(0.00139345 0.000488014 0)
(0.00138366 0.000447811 0)
(0.00137176 0.000405686 0)
(0.00135603 0.000367039 0)
(0.00133456 0.000338482 0)
(0.00130828 0.000321172 0)
(0.00128266 0.000306606 0)
(0.00126524 0.000280893 0)
(0.00126002 0.000235184 0)
(0.00126281 0.000174615 0)
(0.00126147 0.000119142 0)
(0.00124181 9.31843e-05 0)
(0.00119566 0.000109252 0)
(0.00112571 0.000159879 0)
(0.00104308 0.00022543 0)
(0.000960576 0.000287519 0)
(0.000887404 0.000335666 0)
(0.000827983 0.000366283 0)
(0.000783335 0.000379564 0)
(0.000752755 0.000377239 0)
(-0.000430811 0.0006499 0)
(-0.000437575 0.000682641 0)
(-0.000442031 0.000708975 0)
(-0.000444554 0.000726974 0)
(-0.000442774 0.00073653 0)
(-0.000436574 0.00073624 0)
(-0.00042442 0.000726032 0)
(-0.000406258 0.000705223 0)
(-0.000381503 0.000674091 0)
(-0.000350497 0.000632766 0)
(-0.000313378 0.000582014 0)
(-0.000270761 0.000522685 0)
(-0.000223544 0.000455901 0)
(-0.000172708 0.000382986 0)
(-0.00011931 0.000305338 0)
(-6.44283e-05 0.000224372 0)
(-9.1137e-06 0.000141495 0)
(4.5939e-05 5.81512e-05 0)
(0.000100386 -2.42989e-05 0)
(0.000154236 -0.000104881 0)
(0.000207055 -0.000182332 0)
(0.00025818 -0.000255809 0)
(0.000307438 -0.000324645 0)
(0.000354688 -0.000388027 0)
(0.00039971 -0.000445293 0)
(0.000442136 -0.000495743 0)
(0.000481391 -0.00053884 0)
(0.000516663 -0.00057436 0)
(0.000546865 -0.000602516 0)
(0.0005706 -0.000624122 4.12696e-38)
(0.000586234 -0.000640747 0)
(0.000592022 -0.000654648 0)
(0.000586462 -0.000668506 0)
(0.000568804 -0.000684855 0)
(0.000539632 -0.000705179 0)
(0.00050132 -0.000729163 0)
(0.000458065 -0.000754524 0)
(0.000415279 -0.000777569 0)
(0.000378395 -0.000794192 0)
(0.000351789 -0.000800728 0)
(0.000338129 -0.00079448 0)
(0.00033825 -0.000773993 0)
(0.000351456 -0.000739134 0)
(0.000376036 -0.00069094 0)
(0.000409794 -0.000631275 0)
(0.000450412 -0.0005625 0)
(0.000495778 -0.00048706 0)
(0.000544033 -0.000407297 0)
(0.000593685 -0.000325259 0)
(0.000643663 -0.0002426 0)
(0.000693238 -0.000160573 0)
(0.000741968 -8.0088e-05 0)
(0.000789342 -1.7344e-06 0)
(0.000835444 7.40004e-05 0)
(0.00088081 0.000146673 0)
(0.000925405 0.000215755 0)
(0.000969063 0.000280703 -2.20436e-38)
(0.00101161 0.000340926 0)
(0.00105279 0.000395754 0)
(0.00109221 0.00044448 0)
(0.00112947 0.000486404 0)
(0.00116411 0.000520903 0)
(0.0011957 0.000547495 1.25337e-38)
(0.00122384 0.000565906 0)
(0.00124817 0.000576131 0)
(0.00126842 0.000578412 -7.4338e-39)
(0.00128443 0.000573221 0)
(0.00129607 0.000561354 -4.7514e-39)
(0.00130325 0.000544019 0)
(0.00130599 0.000522719 0)
(0.00130455 0.000499107 2.17738e-39)
(0.00129926 0.000475026 0)
(0.00129064 0.000452088 0)
(0.00128021 0.000430015 0)
(0.00127122 0.000404846 0)
(0.00126776 0.000369828 0)
(0.00127161 0.000320316 1.16713e-39)
(0.00127886 0.000260345 0)
(0.0012795 0.00020535 0)
(0.00126166 0.000175789 0)
(0.00121854 0.00018396 0)
(0.0011528 0.000225791 0)
(0.00107485 0.000285444 0)
(0.000996935 0.000345978 0)
(0.000928174 0.000395796 0)
(0.000873207 0.000429243 0)
(0.00083322 0.000444826 0)
(0.000807485 0.000443438 9.12278e-39)
(0.000794411 0.000427184 0)
(0.00079218 0.000398618 0)
(-0.000499277 0.000638231 0)
(-0.000478828 0.000663327 0)
(-0.000452526 0.00068064 0)
(-0.000422952 0.000688107 0)
(-0.000387082 0.000686141 0)
(-0.000347027 0.000673631 0)
(-0.000301433 0.000651196 0)
(-0.000251698 0.000618463 0)
(-0.000197775 0.000576245 0)
(-0.000140705 0.000525156 0)
(-8.1212e-05 0.00046625 0)
(-2.05879e-05 0.000400616 0)
(4.01175e-05 0.000329551 0)
(0.000100503 0.000254341 0)
(0.000159686 0.000176283 0)
(0.000217042 9.65919e-05 0)
(0.000272343 1.63284e-05 0)
(0.000325428 -6.35098e-05 0)
(0.000375482 -0.000141974 0)
(0.000422355 -0.000218414 0)
(0.000466595 -0.000292317 0)
(0.000508576 -0.000362946 0)
(0.00054862 -0.000429442 0)
(0.000587032 -0.000490876 0)
(0.000624059 -0.000546225 0)
(0.000659868 -0.000594412 0)
(0.000694526 -0.000634337 0)
(0.000727961 -0.000664946 0)
(0.000759958 -0.000685307 0)
(0.000790074 -0.000694716 -4.12696e-38)
(0.000817478 -0.000692888 0)
(0.000840828 -0.000680379 0)
(0.000857982 -0.000659156 0)
(0.000865791 -0.000633246 0)
(0.000860268 -0.000609026 0)
(0.000837272 -0.000594311 0)
(0.000794052 -0.000595574 0)
(0.000731427 -0.000614423 0)
(0.000655123 -0.00064611 0)
(0.000574623 -0.000681612 0)
(0.000499978 -0.000711511 0)
(0.000438805 -0.000728842 0)
(0.000395128 -0.00072983 0)
(0.000369826 -0.000713309 0)
(0.000361682 -0.000679966 0)
(0.000368335 -0.000631744 0)
(0.000387026 -0.000571285 0)
(0.000414977 -0.000501501 0)
(0.000449676 -0.000425214 0)
(0.00048894 -0.000345 0)
(0.000531032 -0.000263062 0)
(0.000574663 -0.000181174 0)
(0.000618923 -0.000100688 0)
(0.000662974 -2.24757e-05 0)
(0.000706174 5.27055e-05 0)
(0.000748354 0.000124254 0)
(0.000789653 0.000191755 2.20436e-38)
(0.000830128 0.000254658 0)
(0.000869762 0.000312456 0)
(0.000908464 0.000364654 0)
(0.000946058 0.000410765 0)
(0.000982297 0.000450345 0)
(0.00101689 0.000483038 -1.25337e-38)
(0.0010495 0.000508619 0)
(0.00107983 0.000527024 0)
(0.00110761 0.00053836 7.4338e-39)
(0.00113267 0.000542907 0)
(0.00115494 0.000541104 4.7514e-39)
(0.00117452 0.000533472 0)
(0.00119174 0.000520469 0)
(0.00120716 0.000502316 -2.17738e-39)
(0.00122149 0.000478792 0)
(0.00123553 0.000449077 0)
(0.00124974 0.000412109 0)
(0.00126324 0.000368185 0)
(0.00127252 0.000321626 0)
(0.00127121 0.000282231 -1.16713e-39)
(0.00125223 0.000262303 0)
(0.00121181 0.000269589 0)
(0.00115275 0.000302115 0)
(0.00108366 0.000349932 0)
(0.0010149 0.000401011 0)
(0.000954648 0.000445647 0)
(0.000907465 0.000477719 0)
(0.00087476 0.000494312 0)
(0.000855953 0.000494917 0)
(0.000849462 0.000480633 0)
(0.000853354 0.000453454 -9.12278e-39)
(0.000865705 0.000415724 0)
(-0.000331439 0.000563319 0)
(-0.000289324 0.000579478 0)
(-0.000244456 0.000587051 0)
(-0.000195092 0.000585286 0)
(-0.000141388 0.000574237 0)
(-8.45727e-05 0.000553562 0)
(-2.49432e-05 0.000523781 0)
(3.63478e-05 0.000485258 0)
(9.88933e-05 0.000438831 0)
(0.000161775 0.00038541 0)
(0.000224097 0.000326001 0)
(0.000285064 0.000261623 0)
(0.000343996 0.000193621 0)
(0.000400593 0.00012299 0)
(0.000454492 5.06832e-05 0)
(0.000505407 -2.25396e-05 0)
(0.000553034 -9.59998e-05 0)
(0.000597635 -0.000169319 0)
(0.000639647 -0.000242055 0)
(0.000679304 -0.000313449 0)
(0.000716796 -0.000382745 0)
(0.000752216 -0.000449103 0)
(0.000785539 -0.000511574 0)
(0.000816625 -0.000569131 0)
(0.000845248 -0.000620726 0)
(0.000871154 -0.000665388 0)
(0.000894078 -0.000702295 0)
(0.000913833 -0.000730852 0)
(0.000930392 -0.000750689 0)
(0.00094398 -0.000761573 0)
(0.000955124 -0.000763181 0)
(0.000964639 -0.000754883 0)
(0.000973491 -0.000735529 0)
(0.000982523 -0.000703527 0)
(0.000991776 -0.000657723 0)
(0.000999352 -0.000599528 0)
(0.00100035 -0.000535891 0)
(0.000986814 -0.000480634 0)
(0.00094999 -0.000450344 0)
(0.00088498 -0.000454652 0)
(0.000795184 -0.00048884 0)
(0.000692308 -0.000536888 0)
(0.000591189 -0.000581544 0)
(0.000503674 -0.000611411 0)
(0.000435934 -0.00062167 0)
(0.000389363 -0.000611937 0)
(0.000362647 -0.000584001 0)
(0.00035327 -0.000540569 0)
(0.00035836 -0.000484707 0)
(0.000375027 -0.000419522 0)
(0.000400641 -0.000347911 0)
(0.000432861 -0.000272487 0)
(0.000469717 -0.000195514 0)
(0.000509638 -0.000118875 0)
(0.000551575 -4.39619e-05 0)
(0.000594783 2.81452e-05 0)
(0.000638363 9.65117e-05 0)
(0.00068166 0.000160458 0)
(0.000724575 0.000219545 0)
(0.000766984 0.000273339 0)
(0.000808762 0.000321393 0)
(0.00084979 0.000363298 0)
(0.000889933 0.000398692 0)
(0.000929031 0.000427285 0)
(0.000966903 0.000448871 0)
(0.00100334 0.000463348 0)
(0.00103812 0.000470732 0)
(0.00107096 0.000471173 0)
(0.00110153 0.000464965 0)
(0.00112936 0.00045259 0)
(0.00115373 0.00043482 0)
(0.00117353 0.000412965 0)
(0.0011871 0.000389275 0)
(0.00119208 0.000367381 0)
(0.00118563 0.000352196 0)
(0.00116536 0.000348636 0)
(0.0011309 0.000359387 0)
(0.00108517 0.000383309 0)
(0.001034 0.000415899 0)
(0.00098422 0.000451184 0)
(0.000941605 0.000483441 0)
(0.000909805 0.000508041 0)
(0.000890336 0.000521795 0)
(0.000883091 0.000523025 0)
(0.000886947 0.000511451 0)
(0.000900242 0.000487873 0)
(0.000921188 0.000453766 0)
(0.000948075 0.000410946 0)
(0.000979385 0.00036128 0)
(-1.05457e-05 0.000460523 0)
(3.95205e-05 0.000467844 0)
(9.05377e-05 0.000467464 0)
(0.000145266 0.000458955 0)
(0.000202576 0.000442372 0)
(0.000261633 0.000417794 0)
(0.000321705 0.000385614 0)
(0.000382053 0.000346524 0)
(0.000441995 0.000301278 0)
(0.000500905 0.000250661 0)
(0.000558226 0.000195531 0)
(0.000613487 0.000136691 0)
(0.000666197 7.50421e-05 0)
(0.000716435 1.13802e-05 0)
(0.000764427 -5.38366e-05 0)
(0.000810428 -0.000120283 0)
(0.000854534 -0.000187497 0)
(0.000896765 -0.000254911 0)
(0.000937193 -0.00032194 0)
(0.000975794 -0.000387864 0)
(0.00101245 -0.000451794 0)
(0.00104694 -0.000512663 0)
(0.00107894 -0.000569261 0)
(0.001108 -0.000620289 0)
(0.00113359 -0.000664429 0)
(0.00115512 -0.00070041 0)
(0.00117191 -0.000727117 0)
(0.00118339 -0.000743753 0)
(0.00118903 -0.000750045 0)
(0.00118852 -0.000746438 0)
(0.00118187 -0.000734223 0)
(0.00116939 -0.000715573 0)
(0.0011517 -0.000693298 0)
(0.00112994 -0.000669895 0)
(0.0011062 -0.000645726 0)
(0.00108374 -0.000617309 0)
(0.00106647 -0.000577622 0)
(0.00105679 -0.000519923 0)
(0.00105237 -0.000444547 0)
(0.00104421 -0.000364952 0)
(0.00101888 -0.000306 0)
(0.000964781 -0.000289698 0)
(0.000879302 -0.000318088 0)
(0.000771878 -0.000372152 0)
(0.000659044 -0.000427493 0)
(0.00055587 -0.000467755 0)
(0.000471213 -0.000486851 0)
(0.000407904 -0.000485086 0)
(0.000365143 -0.000465125 0)
(0.000340653 -0.000430135 0)
(0.000331761 -0.000383199 0)
(0.000335845 -0.000327317 0)
(0.000350547 -0.000265284 0)
(0.000373728 -0.000199566 0)
(0.00040349 -0.000132257 0)
(0.000438104 -6.51843e-05 0)
(0.000476322 8.89356e-08 0)
(0.000517409 6.24312e-05 0)
(0.00056056 0.000120741 0)
(0.000604775 0.000174227 0)
(0.000649318 0.000222441 0)
(0.000693632 0.000265004 0)
(0.000737207 0.000301631 0)
(0.000779533 0.00033216 0)
(0.000820068 0.000356567 0)
(0.000858212 0.000375001 0)
(0.000893287 0.000387829 0)
(0.000924524 0.000395675 0)
(0.000951073 0.000399462 0)
(0.000972003 0.000400452 0)
(0.000986373 0.00040023 0)
(0.000993311 0.000400636 0)
(0.000992233 0.000403531 0)
(0.000983122 0.000410443 0)
(0.000966925 0.000422111 0)
(0.000945744 0.000438219 0)
(0.000922698 0.000457419 0)
(0.000901334 0.000477627 0)
(0.000884954 0.000496336 0)
(0.000876039 0.000510939 0)
(0.00087602 0.000519034 0)
(0.00088529 0.000518779 0)
(0.000903396 0.000509083 0)
(0.000929308 0.000489664 0)
(0.0009617 0.00046093 0)
(0.000999136 0.000423808 0)
(0.00104026 0.000379532 0)
(0.00108386 0.000329455 0)
(0.00112895 0.000274917 0)
(0.000371826 0.000356455 0)
(0.000419606 0.000357196 0)
(0.000469658 0.000351438 0)
(0.000521733 0.000338896 0)
(0.000575187 0.000319612 0)
(0.000629378 0.000293761 0)
(0.000683684 0.000261708 0)
(0.000737547 0.000223994 0)
(0.000790454 0.000181248 0)
(0.000841994 0.000134107 0)
(0.000891791 8.31301e-05 0)
(0.000939929 2.88417e-05 0)
(0.000986755 -2.82761e-05 0)
(0.00103197 -8.76692e-05 0)
(0.00107508 -0.00014885 0)
(0.00111626 -0.000211394 0)
(0.00115552 -0.000274858 0)
(0.00119265 -0.000338643 0)
(0.00122739 -0.000401991 0)
(0.00125937 -0.000463972 0)
(0.00128817 -0.000523488 0)
(0.00131328 -0.000579287 0)
(0.00133418 -0.000630024 0)
(0.00135044 -0.000674369 0)
(0.00136176 -0.00071111 0)
(0.00136806 -0.000739226 0)
(0.00136951 -0.000757942 0)
(0.00136642 -0.000766753 0)
(0.00135917 -0.000765397 0)
(0.00134812 -0.000753803 0)
(0.00133352 -0.00073195 0)
(0.00131561 -0.000699849 0)
(0.00129457 -0.000657953 0)
(0.00127035 -0.00060817 0)
(0.00124255 -0.000555155 0)
(0.00121053 -0.000506343 0)
(0.00117442 -0.000468641 0)
(0.00113675 -0.000442498 0)
(0.00110288 -0.000418789 0)
(0.00107857 -0.000383313 0)
(0.00106532 -0.000326647 0)
(0.00105698 -0.000253193 0)
(0.00104086 -0.000183868 0)
(0.00100318 -0.000146778 0)
(0.000936098 -0.00015713 0)
(0.000842019 -0.000204401 0)
(0.000732899 -0.00026264 0)
(0.000624742 -0.000310361 0)
(0.000529854 -0.000338117 0)
(0.000453784 -0.000344689 0)
(0.00039715 -0.000332923 0)
(0.000358153 -0.000307064 0)
(0.000334462 -0.000270881 0)
(0.000323922 -0.000227222 0)
(0.000324526 -0.000178286 0)
(0.000334382 -0.000125937 0)
(0.000351762 -7.18369e-05 0)
(0.000374734 -1.75658e-05 0)
(0.000401914 3.54932e-05 0)
(0.000432822 8.61652e-05 0)
(0.000466593 0.000133608 0)
(0.000502017 0.000177206 0)
(0.000538075 0.000216568 0)
(0.000573845 0.000251505 0)
(0.000608477 0.000282024 0)
(0.00064119 0.000308323 0)
(0.00067129 0.000330784 0)
(0.00069818 0.000349954 0)
(0.000721409 0.000366498 0)
(0.000740715 0.000381152 0)
(0.000756106 0.000394629 0)
(0.000767916 0.000407538 0)
(0.000776886 0.000420284 0)
(0.000784139 0.000433002 0)
(0.000791159 0.000445493 0)
(0.000799596 0.000457226 0)
(0.000811117 0.000467315 0)
(0.000827139 0.000474617 0)
(0.000848724 0.000477826 0)
(0.000876411 0.000475687 0)
(0.000910275 0.00046714 0)
(0.000949892 0.000451512 0)
(0.000994536 0.000428517 0)
(0.0010432 0.000398343 0)
(0.00109487 0.00036149 0)
(0.00114847 0.000318737 0)
(0.00120308 0.000271021 0)
(0.0012578 0.000219368 0)
(0.00131195 0.000164754 0)
(0.000741645 0.000260594 0)
(0.000783673 0.00025592 0)
(0.000827859 0.000245678 0)
(0.000873653 0.000229884 0)
(0.000920472 0.000208683 0)
(0.000967768 0.00018223 0)
(0.00101508 0.000150715 0)
(0.001062 0.000114479 0)
(0.0011082 7.39612e-05 0)
(0.00115348 2.95458e-05 0)
(0.00119793 -1.84209e-05 0)
(0.00124132 -6.94467e-05 0)
(0.00128303 -0.000123043 0)
(0.00132291 -0.000178858 0)
(0.00136084 -0.0002363 0)
(0.00139655 -0.00029472 0)
(0.00142967 -0.000353417 0)
(0.00145973 -0.000411554 0)
(0.00148623 -0.000468144 0)
(0.00150859 -0.000522088 0)
(0.00152625 -0.000572198 0)
(0.00153864 -0.000617241 0)
(0.00154526 -0.000656004 0)
(0.00154566 -0.000687394 0)
(0.00153945 -0.000710475 0)
(0.00152632 -0.000724475 0)
(0.00150626 -0.00072892 0)
(0.00147979 -0.000723892 0)
(0.00144796 -0.000710172 0)
(0.00141219 -0.000689169 0)
(0.00137404 -0.000662669 0)
(0.00133512 -0.000632571 0)
(0.00129709 -0.000600485 0)
(0.00126169 -0.000566709 0)
(0.00123052 -0.00052917 0)
(0.00120436 -0.000484368 0)
(0.00118216 -0.000431034 0)
(0.00116089 -0.000373713 0)
(0.00113743 -0.000321727 0)
(0.00111135 -0.000282567 0)
(0.0010861 -0.000255294 0)
(0.00106706 -0.000230534 0)
(0.00105729 -0.000197005 0)
(0.00105378 -0.000149172 0)
(0.00104729 -9.26002e-05 0)
(0.00102699 -4.5029e-05 0)
(0.000985891 -2.73712e-05 0)
(0.000922327 -4.75551e-05 0)
(0.00083991 -9.31501e-05 0)
(0.000746586 -0.000141622 0)
(0.000652485 -0.000176623 0)
(0.00056734 -0.000193134 0)
(0.000497167 -0.000192926 0)
(0.000443611 -0.000179121 0)
(0.00040565 -0.000154737 0)
(0.000381246 -0.000122676 0)
(0.000368219 -8.55775e-05 0)
(0.000364743 -4.56392e-05 0)
(0.000368997 -4.34173e-06 0)
(0.000379364 3.71585e-05 0)
(0.000394732 7.77564e-05 0)
(0.00041411 0.000116713 0)
(0.000436592 0.000153485 0)
(0.000461331 0.000187688 0)
(0.000487579 0.000219085 0)
(0.000514692 0.000247576 0)
(0.000542163 0.000273181 0)
(0.000569638 0.000296015 0)
(0.000596928 0.000316263 0)
(0.000624033 0.000334135 0)
(0.000651138 0.000349833 0)
(0.000678621 0.000363501 0)
(0.00070702 0.000375182 0)
(0.000736993 0.000384785 0)
(0.000769266 0.00039205 0)
(0.000804531 0.000396565 0)
(0.000843377 0.000397775 0)
(0.000886213 0.000395047 0)
(0.000933205 0.000387754 0)
(0.00098424 0.00037535 0)
(0.00103897 0.000357451 0)
(0.00109679 0.000333907 0)
(0.00115699 0.000304773 0)
(0.00121871 0.000270377 0)
(0.0012811 0.00023121 0)
(0.00134328 0.000187938 0)
(0.00140446 0.000141361 0)
(0.00146381 9.23642e-05 0)
(0.00152086 4.18707e-05 0)
(0.00109786 0.000177326 0)
(0.00113197 0.000168094 0)
(0.00116858 0.000153938 0)
(0.0012072 0.00013522 0)
(0.00124729 0.000112162 0)
(0.00128831 8.47475e-05 0)
(0.00132973 5.32258e-05 0)
(0.00137101 1.78968e-05 0)
(0.00141172 -2.10164e-05 0)
(0.0014516 -6.32525e-05 0)
(0.00149038 -0.000108437 0)
(0.00152766 -0.000156205 0)
(0.00156309 -0.00020601 0)
(0.00159624 -0.000257191 0)
(0.00162659 -0.000309061 0)
(0.00165352 -0.000360853 0)
(0.00167642 -0.000411727 0)
(0.00169468 -0.000460775 0)
(0.0017077 -0.000507004 0)
(0.00171489 -0.000549354 0)
(0.00171573 -0.000586728 0)
(0.00170979 -0.000618067 0)
(0.00169685 -0.000642452 0)
(0.001677 -0.000659162 0)
(0.00165073 -0.000667716 0)
(0.00161879 -0.000667923 0)
(0.00158204 -0.000659926 0)
(0.00154127 -0.000644222 0)
(0.00149718 -0.000621606 0)
(0.00145048 -0.000593078 0)
(0.00140206 -0.000559799 0)
(0.00135306 -0.000523068 0)
(0.00130464 -0.000484617 0)
(0.00125775 -0.000447178 0)
(0.00121333 -0.000413966 0)
(0.0011729 -0.000386486 0)
(0.00113865 -0.000362642 0)
(0.00111255 -0.000337651 0)
(0.0010948 -0.000307314 0)
(0.00108315 -0.000270739 0)
(0.00107404 -0.000230551 0)
(0.00106481 -0.000190872 0)
(0.00105543 -0.000154613 0)
(0.00104823 -0.000122076 0)
(0.00104605 -9.17948e-05 0)
(0.00104953 -6.20563e-05 0)
(0.00105484 -3.12987e-05 0)
(0.00105388 9.8496e-07 0)
(0.00103874 3.08328e-05 0)
(0.00100593 4.87361e-05 0)
(0.000957353 4.69943e-05 0)
(0.000897467 2.69037e-05 0)
(0.000830996 -1.89501e-06 0)
(0.000763227 -2.76663e-05 0)
(0.000698939 -4.27886e-05 0)
(0.000641839 -4.5347e-05 0)
(0.000594449 -3.70384e-05 0)
(0.000558024 -2.06604e-05 0)
(0.000532724 1.15675e-06 0)
(0.000517591 2.64699e-05 0)
(0.000511373 5.37933e-05 0)
(0.00051292 8.19588e-05 0)
(0.000520998 0.00011002 0)
(0.000534533 0.000137225 0)
(0.000552639 0.000162999 0)
(0.00057462 0.000186919 0)
(0.000599931 0.000208704 0)
(0.000628186 0.00022817 0)
(0.000659133 0.000245207 0)
(0.000692641 0.000259745 0)
(0.0007287 0.000271728 0)
(0.000767367 0.000281103 0)
(0.000808784 0.000287771 0)
(0.00085309 0.000291602 0)
(0.00090045 0.000292392 0)
(0.000950942 0.000289896 0)
(0.00100458 0.00028382 0)
(0.00106125 0.000273884 0)
(0.0011207 0.000259827 0)
(0.00118252 0.000241496 0)
(0.00124619 0.000218837 0)
(0.00131104 0.000191935 0)
(0.00137632 0.000161055 0)
(0.0014412 0.000126615 0)
(0.00150481 8.91312e-05 0)
(0.00156646 4.92688e-05 0)
(0.00162555 7.72626e-06 0)
(0.00168145 -3.47394e-05 0)
(0.00173323 -7.72391e-05 0)
(0.00146745 0.000110998 0)
(0.0014924 9.76091e-05 0)
(0.00151987 8.02727e-05 0)
(0.00154989 5.87358e-05 0)
(0.00158133 3.32572e-05 0)
(0.00161338 4.52669e-06 0)
(0.00164571 -2.72519e-05 0)
(0.00167761 -6.20218e-05 0)
(0.00170836 -9.95467e-05 0)
(0.00173752 -0.00013946 0)
(0.00176475 -0.000181335 0)
(0.00178963 -0.000224642 0)
(0.00181158 -0.00026876 0)
(0.00182995 -0.000313008 0)
(0.00184408 -0.000356653 0)
(0.0018533 -0.00039889 0)
(0.00185694 -0.000438846 0)
(0.00185443 -0.000475646 0)
(0.0018454 -0.000508464 0)
(0.00182966 -0.000536494 0)
(0.00180712 -0.00055895 0)
(0.00177783 -0.000575155 0)
(0.00174205 -0.000584621 0)
(0.00170018 -0.000587068 0)
(0.0016529 -0.000582503 0)
(0.00160128 -0.000571363 0)
(0.00154672 -0.000554498 0)
(0.00149091 -0.000533044 0)
(0.00143573 -0.000508302 0)
(0.00138297 -0.000481639 0)
(0.00133402 -0.000454373 0)
(0.00128976 -0.000427509 0)
(0.00125058 -0.000401342 0)
(0.00121636 -0.000375373 0)
(0.00118635 -0.000348979 0)
(0.00115919 -0.0003223 0)
(0.00113359 -0.000296409 0)
(0.00110913 -0.000272497 0)
(0.00108663 -0.000250753 0)
(0.00106757 -0.000229972 0)
(0.0010532 -0.000208221 0)
(0.0010438 -0.000183918 0)
(0.00103874 -0.000156481 0)
(0.00103692 -0.000126364 0)
(0.00103737 -9.4881e-05 0)
(0.00103937 -6.38255e-05 0)
(0.00104263 -3.45626e-05 0)
(0.00104736 -7.32401e-06 0)
(0.00105349 1.81184e-05 0)
(0.00106019 4.1271e-05 0)
(0.00106516 6.1365e-05 0)
(0.00106434 7.78079e-05 0)
(0.00105448 9.03075e-05 0)
(0.00103491 9.81313e-05 0)
(0.00100736 0.000100458 0)
(0.000974855 9.76677e-05 0)
(0.000940783 9.17352e-05 0)
(0.000908027 8.54077e-05 0)
(0.000878583 8.11225e-05 0)
(0.000853791 8.0324e-05 0)
(0.0008346 8.3496e-05 0)
(0.000821623 9.0242e-05 0)
(0.000815122 9.97202e-05 0)
(0.000815081 0.000110955 0)
(0.000821275 0.000123016 0)
(0.000833371 0.000135092 0)
(0.000850984 0.000146527 0)
(0.000873708 0.000156811 0)
(0.000901174 0.000165545 0)
(0.000933023 0.000172423 0)
(0.000968989 0.000177193 0)
(0.00100879 0.000179661 0)
(0.00105221 0.000179631 0)
(0.001099 0.000176949 0)
(0.00114892 0.000171454 0)
(0.00120164 0.000163037 0)
(0.00125682 0.00015156 0)
(0.00131401 0.000136959 0)
(0.00137272 0.000119247 0)
(0.00143234 9.8487e-05 0)
(0.00149215 7.48321e-05 0)
(0.00155149 4.85557e-05 0)
(0.00160968 1.99988e-05 0)
(0.00166598 -1.04357e-05 0)
(0.00171971 -4.22429e-05 0)
(0.00177002 -7.47899e-05 0)
(0.00181601 -0.000107417 0)
(0.00185702 -0.000139492 0)
(0.00189251 -0.000170401 0)
(0.0017696 6.88709e-05 0)
(0.00178673 5.03557e-05 0)
(0.00180476 2.8936e-05 0)
(0.00182307 5.02446e-06 0)
(0.00184263 -2.11174e-05 0)
(0.0018629 -4.9439e-05 0)
(0.00188191 -7.992e-05 0)
(0.00189884 -0.000112379 0)
(0.00191344 -0.000146451 0)
(0.00192538 -0.000181678 0)
(0.00193425 -0.000217568 0)
(0.00193962 -0.000253592 0)
(0.001941 -0.000289167 0)
(0.00193789 -0.000323668 0)
(0.00192983 -0.000356432 0)
(0.00191644 -0.000386778 0)
(0.00189747 -0.000414036 0)
(0.00187265 -0.000437521 0)
(0.00184196 -0.000456563 0)
(0.00180579 -0.000470639 0)
(0.00176476 -0.000479424 0)
(0.00171966 -0.00048279 0)
(0.00167152 -0.000480829 0)
(0.00162163 -0.000473898 0)
(0.00157133 -0.000462592 0)
(0.00152185 -0.000447678 0)
(0.00147426 -0.000430069 0)
(0.00142937 -0.000410793 0)
(0.00138758 -0.00039088 0)
(0.00134898 -0.000371146 0)
(0.0013135 -0.000352063 0)
(0.00128092 -0.000333818 0)
(0.0012509 -0.000316489 0)
(0.00122319 -0.000300074 0)
(0.00119771 -0.000284335 0)
(0.00117447 -0.000268722 0)
(0.00115334 -0.000252556 0)
(0.00113389 -0.00023538 0)
(0.00111558 -0.000217149 0)
(0.00109803 -0.000198137 0)
(0.00108137 -0.000178655 0)
(0.00106618 -0.000158843 0)
(0.0010533 -0.000138619 0)
(0.00104355 -0.000117752 0)
(0.00103748 -9.59733e-05 0)
(0.00103519 -7.31067e-05 0)
(0.00103635 -4.91433e-05 0)
(0.00104034 -2.44321e-05 0)
(0.00104669 4.61711e-08 0)
(0.00105501 2.30078e-05 0)
(0.00106435 4.30165e-05 0)
(0.00107363 5.95998e-05 0)
(0.0010823 7.32967e-05 0)
(0.00108999 8.48424e-05 0)
(0.0010965 9.45715e-05 0)
(0.00110174 0.000102521 0)
(0.00110526 0.000108696 0)
(0.00110674 0.000113181 0)
(0.00110651 0.0001162 0)
(0.00110544 0.000118073 0)
(0.00110458 0.000119145 0)
(0.00110499 0.000119709 0)
(0.00110755 0.000119966 0)
(0.00111297 0.000120025 0)
(0.00112172 0.000119896 0)
(0.00113409 0.000119483 0)
(0.00115027 0.000118614 0)
(0.0011703 0.000117085 0)
(0.00119412 0.000114638 0)
(0.00122161 0.000111022 0)
(0.00125256 0.000106036 0)
(0.00128674 9.95534e-05 0)
(0.00132383 9.14311e-05 0)
(0.0013635 8.15239e-05 0)
(0.00140541 6.97374e-05 0)
(0.00144905 5.60201e-05 0)
(0.00149397 4.03784e-05 0)
(0.00153984 2.28679e-05 0)
(0.00158619 3.55966e-06 0)
(0.00163234 -1.73919e-05 0)
(0.00167766 -3.97472e-05 0)
(0.00172145 -6.31613e-05 0)
(0.0017629 -8.72396e-05 0)
(0.00180129 -0.000111546 0)
(0.00183599 -0.000135599 0)
(0.00186641 -0.000158922 0)
(0.00189204 -0.000180953 0)
(0.00191248 -0.000201124 0)
(0.00192734 -0.000218916 0)
(0.00185737 3.96798e-05 0)
(0.00186795 1.97457e-05 0)
(0.00187892 -1.70343e-06 0)
(0.00189073 -2.43718e-05 0)
(0.00190161 -4.82838e-05 0)
(0.00190996 -7.38125e-05 0)
(0.00191554 -0.000100782 0)
(0.00191831 -0.000128738 0)
(0.00191806 -0.000157231 0)
(0.00191451 -0.000185809 0)
(0.00190749 -0.000214009 0)
(0.00189681 -0.000241369 0)
(0.00188235 -0.000267426 0)
(0.00186401 -0.000291731 0)
(0.0018418 -0.000313844 0)
(0.00181583 -0.000333355 0)
(0.00178647 -0.000349933 0)
(0.00175439 -0.000363299 0)
(0.00172025 -0.000373213 0)
(0.00168467 -0.000379612 0)
(0.0016484 -0.000382639 0)
(0.00161229 -0.00038259 0)
(0.00157709 -0.00037988 0)
(0.0015434 -0.000375004 0)
(0.00151168 -0.000368465 0)
(0.00148224 -0.000360699 0)
(0.00145522 -0.00035201 0)
(0.00143056 -0.000342512 0)
(0.00140806 -0.000332133 0)
(0.00138738 -0.000320694 0)
(0.00136803 -0.000308034 0)
(0.00134946 -0.000294057 0)
(0.00133111 -0.000278747 0)
(0.00131245 -0.000262183 0)
(0.00129306 -0.000244578 0)
(0.00127271 -0.000226294 0)
(0.0012514 -0.000207778 0)
(0.00122935 -0.000189435 0)
(0.00120694 -0.000171538 0)
(0.00118457 -0.000154224 0)
(0.0011626 -0.000137506 0)
(0.00114137 -0.000121325 0)
(0.00112127 -0.000105563 0)
(0.00110275 -9.00449e-05 0)
(0.00108641 -7.46265e-05 0)
(0.00107282 -5.92212e-05 0)
(0.00106246 -4.37214e-05 0)
(0.00105577 -2.80299e-05 0)
(0.0010531 -1.21477e-05 0)
(0.00105415 3.72354e-06 0)
(0.00105841 1.92395e-05 0)
(0.00106554 3.4111e-05 0)
(0.00107499 4.79789e-05 0)
(0.00108618 6.04358e-05 0)
(0.00109855 7.10966e-05 0)
(0.00111161 7.96295e-05 0)
(0.00112499 8.58967e-05 0)
(0.00113853 9.00776e-05 0)
(0.00115223 9.25092e-05 0)
(0.00116615 9.35259e-05 0)
(0.00118041 9.33948e-05 0)
(0.0011952 9.22795e-05 0)
(0.00121077 9.02552e-05 0)
(0.00122738 8.73599e-05 0)
(0.00124524 8.35818e-05 0)
(0.00126455 7.88978e-05 0)
(0.00128545 7.33035e-05 0)
(0.00130801 6.67229e-05 0)
(0.00133221 5.91137e-05 0)
(0.00135804 5.03963e-05 0)
(0.00138562 4.04911e-05 0)
(0.00141489 2.93332e-05 0)
(0.0014455 1.68818e-05 0)
(0.00147718 3.18597e-06 0)
(0.00150974 -1.16262e-05 0)
(0.0015429 -2.74061e-05 0)
(0.00157631 -4.40956e-05 0)
(0.00160941 -6.16144e-05 0)
(0.00164176 -7.98136e-05 0)
(0.00167289 -9.84496e-05 0)
(0.00170228 -0.000117256 0)
(0.00172943 -0.000135945 0)
(0.00175392 -0.000154133 0)
(0.00177538 -0.000171371 0)
(0.0017934 -0.000187211 0)
(0.00180758 -0.000201224 0)
(0.00181756 -0.000212994 0)
(0.0018231 -0.000222133 0)
(0.00182405 -0.000228317 0)
(0.00174914 1.04295e-05 0)
(0.00175819 -4.65454e-06 0)
(0.00176716 -2.12352e-05 0)
(0.00177452 -3.95585e-05 0)
(0.0017797 -5.96211e-05 0)
(0.00178273 -8.08894e-05 0)
(0.00178366 -0.000102855 0)
(0.00178243 -0.000125164 0)
(0.00177902 -0.000147515 0)
(0.00177344 -0.000169588 0)
(0.00176577 -0.000191057 0)
(0.00175606 -0.000211623 0)
(0.00174448 -0.000231004 0)
(0.0017312 -0.000248941 0)
(0.00171647 -0.000265223 0)
(0.0017006 -0.000279668 0)
(0.00168394 -0.000292146 0)
(0.00166685 -0.000302662 0)
(0.00164954 -0.000311322 0)
(0.00163216 -0.000318196 0)
(0.00161488 -0.000323322 0)
(0.00159783 -0.000326737 0)
(0.00158105 -0.000328438 0)
(0.00156452 -0.000328362 0)
(0.00154811 -0.000326414 0)
(0.00153159 -0.000322471 0)
(0.0015147 -0.000316423 0)
(0.00149725 -0.000308222 0)
(0.00147908 -0.000297907 0)
(0.00146006 -0.000285604 0)
(0.00144018 -0.000271512 0)
(0.00141949 -0.000255877 0)
(0.00139814 -0.000238973 0)
(0.00137633 -0.000221073 0)
(0.00135427 -0.000202433 0)
(0.00133218 -0.000183305 0)
(0.00131022 -0.000163948 0)
(0.00128851 -0.000144665 0)
(0.00126707 -0.000125763 0)
(0.00124592 -0.00010755 0)
(0.00122515 -9.03322e-05 0)
(0.00120482 -7.43252e-05 0)
(0.00118513 -5.96964e-05 0)
(0.00116629 -4.65261e-05 0)
(0.00114845 -3.46825e-05 0)
(0.00113198 -2.40453e-05 0)
(0.00111736 -1.44607e-05 0)
(0.00110489 -5.68004e-06 0)
(0.00109483 2.52073e-06 0)
(0.00108761 1.01879e-05 0)
(0.00108345 1.74637e-05 0)
(0.00108229 2.44063e-05 0)
(0.00108394 3.09596e-05 0)
(0.00108833 3.70045e-05 0)
(0.0010953 4.23908e-05 0)
(0.00110457 4.69807e-05 0)
(0.00111581 5.06832e-05 0)
(0.00112864 5.34089e-05 0)
(0.00114277 5.50582e-05 0)
(0.00115799 5.55578e-05 0)
(0.00117416 5.48543e-05 0)
(0.00119116 5.28781e-05 0)
(0.00120903 4.95709e-05 0)
(0.00122777 4.49707e-05 0)
(0.00124734 3.914e-05 0)
(0.00126783 3.20415e-05 0)
(0.0012892 2.36873e-05 0)
(0.00131139 1.42195e-05 0)
(0.00133439 3.74302e-06 0)
(0.00135794 -7.68142e-06 0)
(0.00138185 -2.00171e-05 0)
(0.00140602 -3.32066e-05 0)
(0.00143044 -4.7203e-05 0)
(0.00145513 -6.19444e-05 0)
(0.00147999 -7.72628e-05 0)
(0.00150438 -9.28839e-05 0)
(0.00152759 -0.000108534 0)
(0.00154948 -0.000123955 0)
(0.00156999 -0.00013892 0)
(0.0015887 -0.000153228 0)
(0.00160512 -0.000166671 0)
(0.00161891 -0.000179065 0)
(0.0016298 -0.000190188 0)
(0.0016375 -0.000199757 0)
(0.00164167 -0.000207475 0)
(0.00164213 -0.0002131 0)
(0.00163885 -0.000216432 0)
(0.00163182 -0.000217241 0)
(0.00162108 -0.000215319 0)
(0.00167742 -9.95618e-06 0)
(0.00168288 -2.21742e-05 0)
(0.00168843 -3.6505e-05 0)
(0.00169429 -5.24688e-05 0)
(0.00170018 -6.94589e-05 0)
(0.0017056 -8.70743e-05 0)
(0.00171003 -0.000105089 0)
(0.00171322 -0.000123344 0)
(0.00171511 -0.000141693 0)
(0.00171575 -0.000159981 0)
(0.0017152 -0.000178013 0)
(0.00171348 -0.000195566 0)
(0.00171059 -0.000212409 0)
(0.00170652 -0.000228327 0)
(0.00170123 -0.000243121 0)
(0.00169463 -0.000256609 0)
(0.00168659 -0.000268637 0)
(0.00167699 -0.000279062 0)
(0.00166582 -0.000287729 0)
(0.00165311 -0.000294461 0)
(0.00163883 -0.000299084 0)
(0.00162291 -0.000301444 0)
(0.00160534 -0.000301439 0)
(0.00158611 -0.000299019 0)
(0.00156528 -0.000294191 0)
(0.001543 -0.000287016 0)
(0.00151944 -0.000277609 0)
(0.00149478 -0.00026615 0)
(0.00146929 -0.000252861 0)
(0.00144326 -0.00023799 0)
(0.001417 -0.000221804 0)
(0.00139079 -0.000204581 0)
(0.00136491 -0.000186611 0)
(0.0013396 -0.000168203 0)
(0.00131505 -0.000149615 0)
(0.00129142 -0.000131069 0)
(0.00126882 -0.000112795 0)
(0.00124738 -9.50167e-05 0)
(0.00122727 -7.79317e-05 0)
(0.00120854 -6.17277e-05 0)
(0.00119127 -4.65548e-05 0)
(0.00117547 -3.2552e-05 0)
(0.001161 -1.9892e-05 0)
(0.00114806 -8.67348e-06 0)
(0.00113658 1.01676e-06 0)
(0.00112615 9.2442e-06 0)
(0.00111678 1.60538e-05 0)
(0.0011088 2.15008e-05 0)
(0.00110236 2.57295e-05 0)
(0.00109754 2.89183e-05 0)
(0.00109464 3.11517e-05 0)
(0.00109382 3.24901e-05 0)
(0.00109505 3.30712e-05 0)
(0.00109826 3.30267e-05 0)
(0.00110339 3.24069e-05 0)
(0.00111034 3.12261e-05 0)
(0.00111888 2.95163e-05 0)
(0.00112873 2.73089e-05 0)
(0.00113969 2.45953e-05 0)
(0.00115159 2.12969e-05 0)
(0.00116421 1.73513e-05 0)
(0.00117736 1.26935e-05 0)
(0.00119109 7.27196e-06 0)
(0.00120555 1.05304e-06 0)
(0.00122042 -5.88704e-06 0)
(0.00123552 -1.34489e-05 0)
(0.00125115 -2.16707e-05 0)
(0.00126728 -3.04731e-05 0)
(0.0012835 -3.97929e-05 0)
(0.00129953 -4.97418e-05 0)
(0.0013151 -6.05811e-05 0)
(0.00133006 -7.24688e-05 0)
(0.001344 -8.53586e-05 0)
(0.00135659 -9.89909e-05 0)
(0.00136791 -0.000113187 0)
(0.00137792 -0.000127861 0)
(0.0013861 -0.000142478 0)
(0.00139171 -0.000156417 0)
(0.00139413 -0.000169185 0)
(0.00139294 -0.000180306 0)
(0.00138781 -0.00018939 0)
(0.00137857 -0.000196183 0)
(0.00136541 -0.000200451 0)
(0.00134877 -0.000202018 0)
(0.00132892 -0.000200844 0)
(0.00130585 -0.000196843 0)
(0.00127994 -0.000189963 0)
(0.00125196 -0.000180309 0)
(0.00122249 -0.000168073 0)
(0.00169378 -1.7352e-05 0)
(0.00169491 -3.29157e-05 0)
(0.00169719 -4.89212e-05 0)
(0.00170056 -6.49415e-05 0)
(0.00170425 -8.10112e-05 0)
(0.00170743 -9.72545e-05 0)
(0.00170955 -0.000113707 0)
(0.00171029 -0.000130274 0)
(0.00170951 -0.000146772 0)
(0.00170721 -0.000162976 0)
(0.00170342 -0.00017864 0)
(0.00169809 -0.000193522 0)
(0.00169108 -0.000207393 0)
(0.00168221 -0.000220042 0)
(0.00167129 -0.000231274 0)
(0.00165817 -0.000240909 0)
(0.00164276 -0.00024877 0)
(0.00162506 -0.000254673 0)
(0.0016051 -0.000258464 0)
(0.00158294 -0.000260065 0)
(0.0015587 -0.000259453 0)
(0.00153251 -0.000256651 0)
(0.00150458 -0.000251728 0)
(0.00147521 -0.000244803 0)
(0.00144473 -0.00023602 0)
(0.0014135 -0.000225562 0)
(0.00138184 -0.000213663 0)
(0.00135012 -0.00020058 0)
(0.00131877 -0.000186576 0)
(0.00128818 -0.0001719 0)
(0.00125868 -0.000156789 0)
(0.00123058 -0.000141451 0)
(0.00120405 -0.000126051 0)
(0.00117934 -0.000110781 0)
(0.0011567 -9.58258e-05 0)
(0.00113618 -8.13246e-05 0)
(0.00111763 -6.73827e-05 0)
(0.00110092 -5.40637e-05 0)
(0.00108595 -4.14734e-05 0)
(0.00107261 -2.97248e-05 0)
(0.0010609 -1.88719e-05 0)
(0.00105063 -9.03841e-06 0)
(0.00104172 -2.6647e-07 0)
(0.0010342 7.34432e-06 0)
(0.00102813 1.36097e-05 0)
(0.0010236 1.85466e-05 0)
(0.00102037 2.22465e-05 0)
(0.00101834 2.47566e-05 0)
(0.00101756 2.61596e-05 0)
(0.00101787 2.66247e-05 0)
(0.0010191 2.63099e-05 0)
(0.00102133 2.53103e-05 0)
(0.00102474 2.37667e-05 0)
(0.00102932 2.18653e-05 0)
(0.00103502 1.97471e-05 0)
(0.00104179 1.74853e-05 0)
(0.0010496 1.51631e-05 0)
(0.00105833 1.26772e-05 0)
(0.00106754 9.78109e-06 0)
(0.00107688 6.33045e-06 0)
(0.00108625 2.13548e-06 0)
(0.00109537 -3.11166e-06 0)
(0.00110399 -9.61067e-06 0)
(0.00111222 -1.75664e-05 0)
(0.00112005 -2.70744e-05 0)
(0.00112705 -3.78415e-05 0)
(0.00113286 -4.95787e-05 0)
(0.00113729 -6.1928e-05 0)
(0.00113969 -7.41414e-05 0)
(0.00113893 -8.57284e-05 0)
(0.00113416 -9.66087e-05 0)
(0.00112559 -0.000106552 0)
(0.00111406 -0.000114969 0)
(0.00109946 -0.000121504 0)
(0.00108073 -0.000126148 0)
(0.00105819 -0.000128911 0)
(0.00103292 -0.000129875 0)
(0.00100548 -0.000129148 0)
(0.000976357 -0.000126831 0)
(0.000946115 -0.000123148 0)
(0.000915272 -0.000118613 0)
(0.000884305 -0.000114057 0)
(0.000853695 -0.000110201 0)
(0.000824089 -0.000107118 0)
(0.000796399 -0.000104316 0)
(0.000771083 -0.000101289 0)
(0.000747924 -9.77015e-05 0)
(0.000726671 -9.33735e-05 0)
(0.000707254 -8.81449e-05 0)
(0.00161196 -1.62406e-05 0)
(0.00160898 -3.11206e-05 0)
(0.00160878 -4.58512e-05 0)
(0.00160897 -6.02797e-05 0)
(0.00160795 -7.46224e-05 0)
(0.00160501 -8.89826e-05 0)
(0.00159998 -0.000103297 0)
(0.00159294 -0.000117382 0)
(0.00158401 -0.000130988 0)
(0.00157322 -0.000143855 0)
(0.00156055 -0.000155738 0)
(0.00154588 -0.000166416 0)
(0.00152906 -0.000175691 0)
(0.00150995 -0.000183388 0)
(0.0014885 -0.000189365 0)
(0.00146471 -0.000193519 0)
(0.00143864 -0.000195791 0)
(0.00141042 -0.000196193 0)
(0.00138021 -0.000194792 0)
(0.00134828 -0.000191703 0)
(0.00131491 -0.00018707 0)
(0.00128046 -0.000181066 0)
(0.00124532 -0.000173877 0)
(0.00120987 -0.000165672 0)
(0.00117464 -0.000156661 0)
(0.00114006 -0.000147056 0)
(0.0011065 -0.000137045 0)
(0.00107426 -0.000126755 0)
(0.00104367 -0.000116286 0)
(0.00101502 -0.000105706 0)
(0.000988464 -9.50251e-05 0)
(0.000964239 -8.42864e-05 0)
(0.000942216 -7.3489e-05 0)
(0.00092217 -6.26166e-05 0)
(0.000904078 -5.17675e-05 0)
(0.000888091 -4.10912e-05 0)
(0.000874141 -3.07529e-05 0)
(0.000862154 -2.08593e-05 0)
(0.000852015 -1.15888e-05 0)
(0.000843562 -3.04077e-06 0)
(0.000836934 4.67144e-06 0)
(0.000831885 1.14731e-05 0)
(0.000828126 1.73305e-05 0)
(0.000825417 2.21705e-05 0)
(0.000823782 2.59601e-05 0)
(0.000823185 2.85258e-05 0)
(0.00082342 2.97906e-05 0)
(0.00082452 2.97652e-05 0)
(0.000826597 2.84035e-05 0)
(0.000829565 2.58077e-05 0)
(0.000833337 2.22292e-05 0)
(0.0008378 1.78512e-05 0)
(0.000842831 1.28027e-05 0)
(0.000848241 7.25945e-06 0)
(0.000853591 1.44675e-06 0)
(0.000858451 -4.30535e-06 0)
(0.000862424 -9.69226e-06 0)
(0.000864996 -1.45713e-05 0)
(0.000865881 -1.9011e-05 0)
(0.000864735 -2.29889e-05 0)
(0.000861096 -2.63997e-05 0)
(0.000854501 -2.91342e-05 0)
(0.000844775 -3.13126e-05 0)
(0.000831585 -3.30015e-05 0)
(0.000815139 -3.42669e-05 0)
(0.000796001 -3.51806e-05 0)
(0.000774745 -3.54463e-05 0)
(0.000751975 -3.40658e-05 0)
(0.000727938 -3.00989e-05 0)
(0.000702861 -2.41696e-05 0)
(0.000677188 -1.87751e-05 0)
(0.000651312 -1.63707e-05 0)
(0.000625693 -1.75571e-05 0)
(0.00060106 -2.13706e-05 0)
(0.00057827 -2.66867e-05 0)
(0.000557662 -3.30633e-05 0)
(0.000538765 -4.04228e-05 0)
(0.000521307 -4.84602e-05 0)
(0.00050521 -5.67101e-05 0)
(0.000490392 -6.46806e-05 0)
(0.000476727 -7.19239e-05 0)
(0.000464009 -7.81056e-05 0)
(0.000451872 -8.30196e-05 0)
(0.000439754 -8.65018e-05 0)
(0.000427059 -8.83494e-05 0)
(0.000413671 -8.83984e-05 0)
(0.000400006 -8.66058e-05 0)
(0.000386449 -8.30361e-05 0)
(0.000373257 -7.7838e-05 0)
(0.00137638 -2.74532e-05 0)
(0.00136715 -4.0095e-05 0)
(0.00136121 -5.10433e-05 0)
(0.00135453 -6.21722e-05 0)
(0.00134538 -7.34213e-05 0)
(0.00133348 -8.42544e-05 0)
(0.00131895 -9.43851e-05 0)
(0.00130197 -0.000103731 0)
(0.00128262 -0.000112305 0)
(0.00126098 -0.000120065 0)
(0.00123713 -0.00012689 0)
(0.0012111 -0.000132619 0)
(0.00118288 -0.000137069 0)
(0.00115246 -0.00014006 0)
(0.00111985 -0.000141443 0)
(0.00108516 -0.000141122 0)
(0.00104855 -0.000139085 0)
(0.00101031 -0.000135404 0)
(0.000970812 -0.000130236 0)
(0.000930492 -0.000123794 0)
(0.000889897 -0.000116373 0)
(0.000849449 -0.000108265 0)
(0.000809692 -9.97566e-05 0)
(0.000771115 -9.10928e-05 0)
(0.000734157 -8.25347e-05 0)
(0.000699187 -7.43531e-05 0)
(0.000666543 -6.67471e-05 0)
(0.000636449 -5.97957e-05 0)
(0.000609135 -5.35052e-05 0)
(0.000584787 -4.78065e-05 0)
(0.000563413 -4.26382e-05 0)
(0.000544971 -3.79347e-05 0)
(0.000529385 -3.35246e-05 0)
(0.0005163 -2.90804e-05 0)
(0.000505386 -2.43848e-05 0)
(0.000496185 -1.94111e-05 0)
(0.000488441 -1.42308e-05 0)
(0.000482004 -9.05781e-06 0)
(0.000476351 -4.00199e-06 0)
(0.000471639 7.98594e-07 0)
(0.000468038 5.11474e-06 0)
(0.000465395 8.79998e-06 0)
(0.000463514 1.1793e-05 0)
(0.000462175 1.41305e-05 0)
(0.000461181 1.58029e-05 0)
(0.000460312 1.67825e-05 0)
(0.00045926 1.7024e-05 0)
(0.000457572 1.64094e-05 0)
(0.000455051 1.49267e-05 0)
(0.000451702 1.2715e-05 0)
(0.000447494 9.91654e-06 0)
(0.000442448 6.70429e-06 0)
(0.000436669 3.48952e-06 0)
(0.000430319 1.00239e-06 0)
(0.000423581 7.75138e-09 0)
(0.000416494 9.12655e-07 0)
(0.000409145 3.62101e-06 0)
(0.000401761 7.89251e-06 0)
(0.000394531 1.35416e-05 0)
(0.000387526 2.02756e-05 0)
(0.000380828 2.75892e-05 0)
(0.000374296 3.47075e-05 0)
(0.000368252 4.05658e-05 0)
(0.000362697 4.42844e-05 0)
(0.000357426 4.53699e-05 0)
(0.000352246 4.36598e-05 0)
(0.000346981 3.93421e-05 0)
(0.000341596 3.28709e-05 0)
(0.000336479 2.48031e-05 0)
(0.000332108 1.56876e-05 0)
(0.000328482 5.92252e-06 0)
(0.000325267 -4.06626e-06 0)
(0.000321947 -1.37666e-05 0)
(0.00031776 -2.26242e-05 0)
(0.000311943 -3.01866e-05 0)
(0.00030426 -3.63272e-05 0)
(0.000294806 -4.10135e-05 0)
(0.000283706 -4.4315e-05 0)
(0.000271052 -4.6409e-05 0)
(0.000257001 -4.75278e-05 0)
(0.000241783 -4.79265e-05 0)
(0.000225687 -4.78448e-05 0)
(0.000209035 -4.74541e-05 0)
(0.000192215 -4.68456e-05 0)
(0.000175668 -4.60172e-05 0)
(0.000159657 -4.48548e-05 0)
(0.000144286 -4.32702e-05 0)
(0.000129701 -4.12233e-05 0)
(0.000116105 -3.86748e-05 0)
(0.000787706 2.14711e-05 0)
(0.000803478 8.57748e-06 0)
(0.000787811 -3.03756e-07 0)
(0.000766038 -8.99299e-06 0)
(0.000743864 -1.74076e-05 0)
(0.000720739 -2.47004e-05 0)
(0.000694592 -3.05564e-05 0)
(0.000664482 -3.50792e-05 0)
(0.000630633 -3.84968e-05 0)
(0.00059393 -4.0893e-05 0)
(0.000555187 -4.21948e-05 0)
(0.000514972 -4.22656e-05 0)
(0.000473749 -4.09955e-05 0)
(0.000432068 -3.83662e-05 0)
(0.000390606 -3.4504e-05 0)
(0.000350055 -2.97066e-05 0)
(0.000311024 -2.44061e-05 0)
(0.000273991 -1.90836e-05 0)
(0.000239294 -1.41756e-05 0)
(0.000207128 -1.00129e-05 0)
(0.000177678 -6.78017e-06 0)
(0.000150843 -4.44865e-06 0)
(0.000126473 -2.95374e-06 0)
(0.000104385 -2.2179e-06 0)
(8.43831e-05 -2.12412e-06 0)
(6.62469e-05 -2.58276e-06 0)
(4.97212e-05 -3.5437e-06 0)
(3.45027e-05 -4.94002e-06 0)
(2.02684e-05 -6.60619e-06 0)
(6.87154e-06 -8.23378e-06 0)
(-5.71408e-06 -9.36129e-06 0)
(-1.74544e-05 -9.56284e-06 0)
(-2.81752e-05 -8.6352e-06 0)
(-3.75586e-05 -6.60491e-06 0)
(-4.53014e-05 -3.65476e-06 0)
(-5.11186e-05 -5.12225e-08 0)
(-5.47181e-05 3.9819e-06 0)
(-5.60458e-05 8.30618e-06 0)
(-5.52924e-05 1.27332e-05 0)
(-5.24714e-05 1.69333e-05 0)
(-4.77653e-05 2.08075e-05 0)
(-4.13461e-05 2.43389e-05 0)
(-3.34157e-05 2.7544e-05 0)
(-2.41886e-05 3.04344e-05 0)
(-1.38722e-05 3.29984e-05 0)
(-2.60236e-06 3.51982e-05 0)
(9.43635e-06 3.69976e-05 0)
(2.19445e-05 3.83311e-05 0)
(3.46071e-05 3.91655e-05 0)
(4.70662e-05 3.94024e-05 0)
(5.90022e-05 3.89366e-05 0)
(7.01072e-05 3.76758e-05 0)
(8.01185e-05 3.55535e-05 0)
(8.89048e-05 3.25549e-05 0)
(9.65182e-05 2.87344e-05 0)
(0.000103165 2.42168e-05 0)
(0.000109135 1.92645e-05 0)
(0.000114744 1.4167e-05 0)
(0.000120331 9.20069e-06 0)
(0.000126233 4.6048e-06 0)
(0.000132735 5.64356e-07 0)
(0.000139951 -2.80735e-06 0)
(0.000147732 -5.42346e-06 0)
(0.000155833 -7.33629e-06 0)
(0.000163981 -8.5418e-06 0)
(0.000171773 -9.00947e-06 0)
(0.0001788 -8.70324e-06 0)
(0.000184731 -7.59553e-06 0)
(0.00018936 -5.73616e-06 0)
(0.000192568 -3.42266e-06 0)
(0.000194267 -1.0625e-06 0)
(0.000194262 9.48729e-07 0)
(0.000192335 2.25426e-06 0)
(0.000188553 2.61586e-06 0)
(0.000183102 2.05484e-06 0)
(0.000176056 7.32882e-07 0)
(0.000167526 -1.19639e-06 0)
(0.000157685 -3.58333e-06 0)
(0.000146719 -6.24861e-06 0)
(0.000134809 -8.99219e-06 0)
(0.00012211 -1.1617e-05 0)
(0.000108767 -1.39475e-05 0)
(9.49097e-05 -1.58411e-05 0)
(8.06294e-05 -1.72072e-05 0)
(6.60235e-05 -1.80419e-05 0)
(5.13054e-05 -1.84231e-05 0)
(3.67427e-05 -1.8397e-05 0)
(2.25871e-05 -1.79929e-05 0)
(9.05421e-06 -1.72363e-05 0)
)
;

boundaryField
{
    inlet
    {
        type            fixedValue;
        value           nonuniform List<vector> 0();
    }
    outlet
    {
        type            zeroGradient;
    }
    wall
    {
        type            noSlip;
    }
    obstacle
    {
        type            noSlip;
    }
    frontAndBack
    {
        type            empty;
    }
    procBoundary2to1
    {
        type            processor;
        value           nonuniform List<vector> 
30
(
(0.00050728 -6.52685e-05 0)
(0.00116782 1.28889e-05 0)
(0.00135167 3.41999e-05 0)
(0.00143693 7.334e-05 0)
(0.00147572 0.000112859 0)
(0.00143282 0.000152189 0)
(0.00140007 0.000195526 0)
(0.00147544 0.000259203 0)
(0.00153645 0.000337159 0)
(0.00143045 0.000409379 0)
(0.00114015 0.000457614 0)
(0.000722779 0.000503826 0)
(0.000304546 0.000522479 0)
(-9.92677e-05 0.000563075 0)
(-0.000423754 0.000610491 0)
(-0.000517053 0.000603982 0)
(-0.000365102 0.000538884 0)
(-4.98308e-05 0.000444927 0)
(0.000328361 0.000348527 0)
(0.000702461 0.000259813 0)
(0.00106646 0.000181711 0)
(0.00144435 0.000120487 0)
(0.00175342 8.44321e-05 0)
(0.00184666 5.77862e-05 0)
(0.00174149 2.38895e-05 0)
(0.00167117 2.65831e-07 0)
(0.00169302 -3.33499e-06 0)
(0.00161921 -2.5183e-06 0)
(0.00139245 -5.09525e-06 0)
(0.000731457 5.34538e-05 0)
)
;
    }
    procBoundary2to3
    {
        type            processor;
        value           nonuniform List<vector> 
31
(
(7.08558e-05 -3.37041e-06 0)
(0.000205663 1.73239e-07 0)
(0.00045805 3.60269e-06 0)
(0.000808582 3.05254e-05 0)
(0.000997427 1.83441e-05 0)
(0.00107088 1.69805e-05 0)
(0.00108561 1.02555e-05 0)
(0.00110952 -2.06655e-06 0)
(0.00114193 -2.24989e-05 0)
(0.00117104 -3.00311e-05 0)
(0.00110821 -1.75701e-05 0)
(0.000898553 0.000174702 0)
(0.000750504 0.000304029 0)
(0.000734841 0.000361568 0)
(0.000798975 0.000360335 0)
(0.000884729 0.000369807 0)
(0.000884729 0.000369807 0)
(0.00101385 0.000306548 0)
(0.00117469 0.000217213 0)
(0.00136481 0.000108263 0)
(0.00157525 -9.24026e-06 0)
(0.00177995 -0.000118957 0)
(0.00192194 -0.000199398 0)
(0.00193633 -0.000233851 0)
(0.00182035 -0.000231299 0)
(0.0016067 -0.000210525 0)
(0.00119212 -0.00015352 0)
(0.000689683 -8.18411e-05 0)
(0.00036068 -7.12185e-05 0)
(0.000103692 -3.56184e-05 0)
(-3.66623e-06 -1.61772e-05 0)
)
;
    }
}


// ************************************************************************* //
