/*--------------------------------*- C++ -*----------------------------------*\
| =========                 |                                                 |
| \\      /  F ield         | OpenFOAM: The Open Source CFD Toolbox           |
|  \\    /   O peration     | Version:  2312                                  |
|   \\  /    A nd           | Website:  www.openfoam.com                      |
|    \\/     M anipulation  |                                                 |
\*---------------------------------------------------------------------------*/
FoamFile
{
    version     2.0;
    format      ascii;
    arch        "LSB;label=32;scalar=64";
    class       volVectorField;
    location    "150000";
    object      U;
}
// * * * * * * * * * * * * * * * * * * * * * * * * * * * * * * * * * * * * * //

dimensions      [0 1 -1 0 0 0 0];

internalField   nonuniform List<vector> 
2685
(
(0.000819852 -2.59961e-05 0)
(0.000840351 -1.24596e-05 0)
(0.00083146 -4.11646e-06 0)
(0.000814731 3.60308e-06 0)
(0.00079714 1.11291e-05 0)
(0.000778897 1.78713e-05 0)
(0.000758494 2.34617e-05 0)
(0.000734844 2.79729e-05 0)
(0.000707744 3.16892e-05 0)
(0.000677617 3.48481e-05 0)
(0.000645025 3.7529e-05 0)
(0.000610344 3.96919e-05 0)
(0.000573779 4.1243e-05 0)
(0.000535512 4.20766e-05 0)
(0.000495815 4.2089e-05 0)
(0.000455083 4.11877e-05 0)
(0.000413798 3.93174e-05 0)
(0.00037248 3.64956e-05 0)
(0.000331661 3.28404e-05 0)
(0.000291846 2.85762e-05 0)
(0.000253485 2.40132e-05 0)
(0.00021694 1.94985e-05 0)
(0.000182466 1.5357e-05 0)
(0.000150214 1.18436e-05 0)
(0.000120248 9.10972e-06 0)
(9.25161e-05 7.1926e-06 0)
(6.68318e-05 6.02099e-06 0)
(4.30131e-05 5.37998e-06 0)
(2.09511e-05 4.85358e-06 0)
(6.0747e-07 3.95334e-06 0)
(-1.80181e-05 2.34202e-06 0)
(-3.47539e-05 -3.83711e-08 0)
(-4.93483e-05 -3.07511e-06 0)
(-6.16724e-05 -6.5439e-06 0)
(-7.16604e-05 -1.01988e-05 0)
(-7.92986e-05 -1.38212e-05 0)
(-8.45813e-05 -1.72498e-05 0)
(-8.75745e-05 -2.04052e-05 0)
(-8.84498e-05 -2.32399e-05 0)
(-8.74123e-05 -2.57156e-05 0)
(-8.46909e-05 -2.77749e-05 0)
(-8.04426e-05 -2.94447e-05 0)
(-7.48305e-05 -3.0741e-05 0)
(-6.8024e-05 -3.1619e-05 0)
(-6.02808e-05 -3.20491e-05 0)
(-5.19226e-05 -3.19798e-05 0)
(-4.32701e-05 -3.13659e-05 0)
(-3.46042e-05 -3.01757e-05 0)
(-2.61705e-05 -2.8397e-05 0)
(-1.81717e-05 -2.60472e-05 0)
(-1.076e-05 -2.31827e-05 0)
(-3.98978e-06 -1.98963e-05 0)
(2.13905e-06 -1.63251e-05 0)
(7.74161e-06 -1.26096e-05 0)
(1.29702e-05 -8.93458e-06 0)
(1.79083e-05 -5.47318e-06 0)
(2.26795e-05 -2.3778e-06 0)
(2.74299e-05 2.44324e-07 0)
(3.22953e-05 2.32266e-06 0)
(3.73533e-05 3.84131e-06 0)
(4.26497e-05 4.85611e-06 0)
(4.81792e-05 5.42409e-06 0)
(5.38351e-05 5.58988e-06 0)
(5.94719e-05 5.39433e-06 0)
(6.49353e-05 4.87719e-06 0)
(7.00789e-05 4.0841e-06 0)
(7.4773e-05 3.07486e-06 0)
(7.89052e-05 1.93036e-06 0)
(8.2374e-05 7.55473e-07 0)
(8.50804e-05 -3.27041e-07 0)
(8.69237e-05 -1.20201e-06 0)
(8.78132e-05 -1.78281e-06 0)
(8.7637e-05 -2.00135e-06 0)
(8.63836e-05 -1.82534e-06 0)
(8.41246e-05 -1.31628e-06 0)
(8.09167e-05 -5.62717e-07 0)
(7.6845e-05 3.55744e-07 0)
(7.20172e-05 1.39216e-06 0)
(6.65437e-05 2.5015e-06 0)
(6.05253e-05 3.63805e-06 0)
(5.40559e-05 4.75568e-06 0)
(4.72219e-05 5.80829e-06 0)
(4.01051e-05 6.7513e-06 0)
(3.27775e-05 7.54417e-06 0)
(2.53062e-05 8.15859e-06 0)
(1.77733e-05 8.57782e-06 0)
(1.02435e-05 8.79612e-06 0)
(2.80753e-06 8.83414e-06 0)
(-4.38058e-06 8.70483e-06 0)
(-1.11892e-05 8.41479e-06 0)
(0.00139337 1.57621e-05 0)
(0.00138651 2.74394e-05 0)
(0.00138272 3.69451e-05 0)
(0.00137882 4.65713e-05 0)
(0.00137322 5.63588e-05 0)
(0.00136538 6.59066e-05 0)
(0.00135533 7.4961e-05 0)
(0.00134328 8.34861e-05 0)
(0.00132927 9.15722e-05 0)
(0.00131329 9.93097e-05 0)
(0.00129529 0.000106707 0)
(0.00127525 0.000113698 0)
(0.00125319 0.000120175 0)
(0.00122912 0.000126012 0)
(0.00120306 0.000131069 0)
(0.00117504 0.000135192 0)
(0.00114512 0.000138225 0)
(0.00111336 0.000140032 0)
(0.00107982 0.00014051 0)
(0.00104459 0.00013961 0)
(0.00100784 0.000137344 0)
(0.000969765 0.000133785 0)
(0.000930671 0.000129065 0)
(0.000890916 0.000123361 0)
(0.000850903 0.00011689 0)
(0.000811038 0.000109896 0)
(0.000771738 0.000102585 0)
(0.000733414 9.516e-05 0)
(0.000696541 8.78008e-05 0)
(0.000661553 8.06388e-05 0)
(0.000628719 7.37203e-05 0)
(0.000598 6.69965e-05 0)
(0.000569256 6.04103e-05 0)
(0.00054231 5.38925e-05 0)
(0.000517063 4.73864e-05 0)
(0.000493426 4.09111e-05 0)
(0.000471286 3.4492e-05 0)
(0.000450784 2.8272e-05 0)
(0.000431625 2.23824e-05 0)
(0.000413796 1.68472e-05 0)
(0.000397522 1.17384e-05 0)
(0.000382514 7.11309e-06 0)
(0.000368633 3.10442e-06 0)
(0.000355651 -1.7834e-07 0)
(0.000343415 -2.68334e-06 0)
(0.000331903 -4.39157e-06 0)
(0.00032105 -5.40087e-06 0)
(0.000310788 -5.8979e-06 0)
(0.000301062 -6.06006e-06 0)
(0.000291834 -6.05817e-06 0)
(0.000283115 -6.15164e-06 0)
(0.000274937 -6.65828e-06 0)
(0.000267318 -7.80276e-06 0)
(0.000260271 -9.5743e-06 0)
(0.000253816 -1.18201e-05 0)
(0.00024798 -1.43603e-05 0)
(0.000242777 -1.71459e-05 0)
(0.000238162 -2.02255e-05 0)
(0.000233998 -2.35193e-05 0)
(0.000230378 -2.6677e-05 0)
(0.000227323 -2.92398e-05 0)
(0.000224731 -3.09155e-05 0)
(0.000222487 -3.15474e-05 0)
(0.000220496 -3.10831e-05 0)
(0.000218678 -2.95627e-05 0)
(0.00021698 -2.70924e-05 0)
(0.000215379 -2.3815e-05 0)
(0.000213874 -1.98812e-05 0)
(0.000212456 -1.54322e-05 0)
(0.000211054 -1.0593e-05 0)
(0.000209523 -5.47939e-06 0)
(0.000207692 -2.42722e-07 0)
(0.000205388 4.86331e-06 0)
(0.000202348 9.58999e-06 0)
(0.000198365 1.37254e-05 0)
(0.000193454 1.72136e-05 0)
(0.000187757 2.00424e-05 0)
(0.000181438 2.22289e-05 0)
(0.000174597 2.38301e-05 0)
(0.000167318 2.49233e-05 0)
(0.000159681 2.55921e-05 0)
(0.000151767 2.59159e-05 0)
(0.000143664 2.59605e-05 0)
(0.000135465 2.57707e-05 0)
(0.000127275 2.53718e-05 0)
(0.000119216 2.47632e-05 0)
(0.000111418 2.39092e-05 0)
(0.000103989 2.2797e-05 0)
(9.70264e-05 2.14302e-05 0)
(9.06393e-05 1.98126e-05 0)
(0.00161045 3.33615e-06 0)
(0.00160821 1.561e-05 0)
(0.00160907 2.77443e-05 0)
(0.00161042 3.95844e-05 0)
(0.00161089 5.13309e-05 0)
(0.00161 6.31658e-05 0)
(0.00160763 7.51504e-05 0)
(0.00160383 8.72235e-05 0)
(0.00159872 9.92643e-05 0)
(0.00159234 0.000111153 0)
(0.00158463 0.000122779 0)
(0.00157551 0.000134022 0)
(0.00156488 0.000144737 0)
(0.00155265 0.000154776 0)
(0.00153876 0.000163982 0)
(0.0015231 0.000172197 0)
(0.00150565 0.000179264 0)
(0.00148635 0.000185048 0)
(0.00146522 0.000189446 0)
(0.00144226 0.000192396 0)
(0.00141752 0.000193879 0)
(0.00139109 0.000193909 0)
(0.00136311 0.00019254 0)
(0.00133374 0.000189849 0)
(0.00130321 0.000185931 0)
(0.00127179 0.000180902 0)
(0.00123976 0.000174877 0)
(0.00120747 0.000167951 0)
(0.00117527 0.000160208 0)
(0.00114342 0.00015172 0)
(0.00111209 0.000142527 0)
(0.00108144 0.000132697 0)
(0.0010517 0.00012232 0)
(0.00102305 0.00011154 0)
(0.000995601 0.000100567 0)
(0.000969531 8.9622e-05 0)
(0.000944932 7.89182e-05 0)
(0.00092189 6.86197e-05 0)
(0.000900457 5.88725e-05 0)
(0.000880621 4.98361e-05 0)
(0.00086247 4.15919e-05 0)
(0.000845921 3.42145e-05 0)
(0.000830973 2.77856e-05 0)
(0.000817604 2.23579e-05 0)
(0.000805756 1.79963e-05 0)
(0.000795338 1.46901e-05 0)
(0.00078621 1.2355e-05 0)
(0.000778258 1.09379e-05 0)
(0.000771416 1.03386e-05 0)
(0.000765608 1.03959e-05 0)
(0.000760676 1.09762e-05 0)
(0.000756375 1.19428e-05 0)
(0.00075243 1.31268e-05 0)
(0.000748537 1.44085e-05 0)
(0.000744359 1.56762e-05 0)
(0.000739658 1.6798e-05 0)
(0.00073432 1.77217e-05 0)
(0.000728277 1.84313e-05 0)
(0.000721225 1.88116e-05 0)
(0.000712922 1.87801e-05 0)
(0.000703114 1.84155e-05 0)
(0.000691738 1.78763e-05 0)
(0.000678939 1.72465e-05 0)
(0.000664893 1.65202e-05 0)
(0.000649776 1.56295e-05 0)
(0.000633785 1.44808e-05 0)
(0.000617104 1.29949e-05 0)
(0.000599916 1.11935e-05 0)
(0.000582407 9.27674e-06 0)
(0.000564779 7.70694e-06 0)
(0.000547234 7.20418e-06 0)
(0.000529831 8.34815e-06 0)
(0.00051273 1.1017e-05 0)
(0.000496299 1.44677e-05 0)
(0.00048094 1.79629e-05 0)
(0.000466881 2.12019e-05 0)
(0.000453953 2.42513e-05 0)
(0.000441993 2.71674e-05 0)
(0.00043094 2.99459e-05 0)
(0.000420729 3.25629e-05 0)
(0.000411287 3.49775e-05 0)
(0.000402527 3.71262e-05 0)
(0.000394348 3.89283e-05 0)
(0.000386638 4.02954e-05 0)
(0.000379264 4.11362e-05 0)
(0.000372083 4.13604e-05 0)
(0.000365057 4.08954e-05 0)
(0.000358268 3.96994e-05 0)
(0.000351835 3.77881e-05 0)
(0.000345848 3.52167e-05 0)
(0.00168804 6.02682e-06 0)
(0.00168803 1.8621e-05 0)
(0.00168907 3.14764e-05 0)
(0.00169133 4.42163e-05 0)
(0.00169426 5.69581e-05 0)
(0.00169717 6.98721e-05 0)
(0.00169957 8.30622e-05 0)
(0.00170119 9.65419e-05 0)
(0.00170195 0.000110235 0)
(0.00170187 0.000124009 0)
(0.00170092 0.000137719 0)
(0.00169903 0.000151234 0)
(0.00169612 0.000164434 0)
(0.00169211 0.000177187 0)
(0.00168692 0.00018935 0)
(0.00168042 0.00020077 0)
(0.00167254 0.000211292 0)
(0.00166319 0.000220765 0)
(0.00165231 0.00022905 0)
(0.00163984 0.000236016 0)
(0.00162574 0.00024156 0)
(0.00160998 0.000245594 0)
(0.0015926 0.000248041 0)
(0.00157364 0.000248853 0)
(0.00155321 0.000248019 0)
(0.00153143 0.000245548 0)
(0.00150844 0.000241468 0)
(0.0014844 0.000235826 0)
(0.0014595 0.000228676 0)
(0.00143392 0.000220099 0)
(0.00140785 0.000210234 0)
(0.00138153 0.000199276 0)
(0.00135519 0.000187439 0)
(0.00132912 0.000174933 0)
(0.00130359 0.000161984 0)
(0.00127877 0.000148815 0)
(0.00125478 0.000135621 0)
(0.0012317 0.00012258 0)
(0.00120968 0.000109849 0)
(0.00118882 9.75885e-05 0)
(0.00116922 8.59214e-05 0)
(0.00115099 7.49703e-05 0)
(0.00113413 6.48206e-05 0)
(0.00111874 5.55477e-05 0)
(0.0011048 4.72066e-05 0)
(0.00109222 3.98083e-05 0)
(0.00108102 3.33583e-05 0)
(0.00107124 2.78281e-05 0)
(0.00106283 2.31802e-05 0)
(0.00105574 1.93822e-05 0)
(0.00104997 1.63751e-05 0)
(0.00104546 1.40461e-05 0)
(0.00104207 1.23023e-05 0)
(0.00103963 1.10747e-05 0)
(0.00103803 1.03118e-05 0)
(0.00103712 1.00395e-05 0)
(0.00103672 1.02771e-05 0)
(0.00103675 1.09992e-05 0)
(0.00103698 1.22511e-05 0)
(0.00103712 1.41102e-05 0)
(0.00103717 1.66029e-05 0)
(0.00103725 1.98364e-05 0)
(0.0010372 2.38593e-05 0)
(0.00103681 2.85242e-05 0)
(0.00103587 3.36509e-05 0)
(0.00103425 3.91134e-05 0)
(0.00103174 4.47689e-05 0)
(0.00102808 5.04602e-05 0)
(0.00102308 5.60273e-05 0)
(0.0010166 6.12846e-05 0)
(0.00100855 6.60883e-05 0)
(0.000999068 7.03289e-05 0)
(0.000988582 7.38233e-05 0)
(0.000977252 7.63681e-05 0)
(0.000964561 7.79321e-05 0)
(0.000950365 7.85514e-05 0)
(0.000935075 7.82984e-05 0)
(0.000918919 7.73073e-05 0)
(0.000902037 7.57038e-05 0)
(0.00088463 7.3608e-05 0)
(0.000866926 7.11676e-05 0)
(0.000849144 6.85414e-05 0)
(0.000831503 6.58606e-05 0)
(0.000814211 6.31965e-05 0)
(0.000797491 6.05366e-05 0)
(0.000781628 5.77844e-05 0)
(0.000766852 5.48041e-05 0)
(0.000753211 5.14527e-05 0)
(0.000740674 4.76391e-05 0)
(0.000729188 4.33575e-05 0)
(0.00166375 2.42874e-06 0)
(0.00166799 1.12906e-05 0)
(0.00167227 2.17856e-05 0)
(0.00167702 3.36953e-05 0)
(0.00168215 4.66206e-05 0)
(0.00168723 6.02208e-05 0)
(0.00169187 7.42896e-05 0)
(0.0016958 8.87297e-05 0)
(0.0016989 0.00010348 0)
(0.00170113 0.000118455 0)
(0.00170255 0.000133534 0)
(0.00170321 0.000148586 0)
(0.00170315 0.000163483 0)
(0.0017023 0.000178085 0)
(0.00170062 0.000192244 0)
(0.00169807 0.000205811 0)
(0.00169463 0.000218642 0)
(0.00169029 0.000230594 0)
(0.00168502 0.000241529 0)
(0.00167882 0.000251316 0)
(0.00167164 0.000259836 0)
(0.00166343 0.000266992 0)
(0.00165413 0.000272703 0)
(0.00164372 0.000276892 0)
(0.00163221 0.000279473 0)
(0.00161957 0.000280364 0)
(0.00160577 0.000279503 0)
(0.00159084 0.00027687 0)
(0.00157482 0.000272485 0)
(0.00155782 0.000266391 0)
(0.00153997 0.000258661 0)
(0.00152139 0.00024941 0)
(0.00150221 0.000238792 0)
(0.00148255 0.000226983 0)
(0.00146256 0.000214169 0)
(0.00144235 0.000200542 0)
(0.00142207 0.00018632 0)
(0.00140186 0.000171734 0)
(0.00138191 0.000157021 0)
(0.0013624 0.000142409 0)
(0.00134351 0.000128105 0)
(0.00132538 0.000114299 0)
(0.00130813 0.00010115 0)
(0.00129189 8.87945e-05 0)
(0.00127673 7.73326e-05 0)
(0.00126272 6.68509e-05 0)
(0.00124993 5.74228e-05 0)
(0.0012384 4.90646e-05 0)
(0.00122825 4.17754e-05 0)
(0.00121953 3.5536e-05 0)
(0.00121215 3.02997e-05 0)
(0.001206 2.59797e-05 0)
(0.001201 2.24731e-05 0)
(0.00119711 1.97037e-05 0)
(0.0011943 1.75965e-05 0)
(0.00119253 1.60881e-05 0)
(0.00119171 1.51579e-05 0)
(0.00119179 1.47537e-05 0)
(0.00119276 1.48437e-05 0)
(0.0011945 1.54627e-05 0)
(0.00119703 1.66252e-05 0)
(0.00120042 1.83043e-05 0)
(0.00120439 2.04483e-05 0)
(0.00120864 2.29883e-05 0)
(0.0012133 2.59384e-05 0)
(0.00121851 2.93146e-05 0)
(0.0012242 3.30963e-05 0)
(0.00123015 3.72702e-05 0)
(0.00123624 4.18377e-05 0)
(0.00124237 4.68125e-05 0)
(0.00124839 5.22157e-05 0)
(0.00125422 5.80146e-05 0)
(0.00125969 6.41008e-05 0)
(0.00126455 7.02677e-05 0)
(0.00126877 7.6319e-05 0)
(0.00127236 8.22293e-05 0)
(0.00127512 8.79138e-05 0)
(0.00127683 9.31681e-05 0)
(0.00127732 9.78106e-05 0)
(0.00127642 0.000101729 0)
(0.00127404 0.000104832 0)
(0.00127016 0.000107032 0)
(0.00126481 0.000108251 0)
(0.00125804 0.00010843 0)
(0.00124999 0.00010752 0)
(0.00124077 0.00010549 0)
(0.00123047 0.000102327 0)
(0.00121908 9.80522e-05 0)
(0.00120667 9.27168e-05 0)
(0.00119347 8.64105e-05 0)
(0.00171705 -1.37189e-05 0)
(0.0017242 -3.39567e-06 0)
(0.00173204 8.28559e-06 0)
(0.00173945 2.11908e-05 0)
(0.00174565 3.53974e-05 0)
(0.00175039 5.08024e-05 0)
(0.00175372 6.70818e-05 0)
(0.00175575 8.39678e-05 0)
(0.00175647 0.000101295 0)
(0.00175584 0.000118922 0)
(0.00175379 0.00013668 0)
(0.00175034 0.00015437 0)
(0.00174549 0.000171775 0)
(0.00173926 0.000188691 0)
(0.00173166 0.000204924 0)
(0.00172279 0.000220291 0)
(0.00171276 0.000234625 0)
(0.00170169 0.000247777 0)
(0.00168977 0.00025962 0)
(0.00167717 0.000270058 0)
(0.00166411 0.000279018 0)
(0.00165078 0.000286455 0)
(0.00163734 0.000292377 0)
(0.00162386 0.000296815 0)
(0.00161036 0.00029978 0)
(0.00159687 0.000301272 0)
(0.00158343 0.000301297 0)
(0.00157007 0.000299857 0)
(0.00155674 0.000296951 0)
(0.00154329 0.000292586 0)
(0.00152965 0.00028677 0)
(0.00151576 0.00027951 0)
(0.00150157 0.000270838 0)
(0.00148705 0.000260829 0)
(0.00147216 0.000249595 0)
(0.00145692 0.000237287 0)
(0.00144136 0.000224089 0)
(0.00142554 0.000210212 0)
(0.00140956 0.000195872 0)
(0.00139351 0.000181282 0)
(0.00137752 0.000166643 0)
(0.0013617 0.000152144 0)
(0.00134616 0.000137959 0)
(0.00133102 0.000124245 0)
(0.00131638 0.000111133 0)
(0.00130237 9.87408e-05 0)
(0.00128912 8.71426e-05 0)
(0.00127674 7.63988e-05 0)
(0.00126536 6.65251e-05 0)
(0.0012551 5.74831e-05 0)
(0.00124603 4.92246e-05 0)
(0.00123822 4.17221e-05 0)
(0.00123174 3.49506e-05 0)
(0.00122666 2.88953e-05 0)
(0.00122308 2.35421e-05 0)
(0.00122103 1.88621e-05 0)
(0.0012205 1.4867e-05 0)
(0.00122145 1.15853e-05 0)
(0.00122385 8.99659e-06 0)
(0.0012276 7.11691e-06 0)
(0.00123263 5.96887e-06 0)
(0.00123885 5.53158e-06 0)
(0.00124607 5.80099e-06 0)
(0.00125428 6.84026e-06 0)
(0.00126354 8.70539e-06 0)
(0.00127368 1.1362e-05 0)
(0.00128451 1.47276e-05 0)
(0.0012959 1.87382e-05 0)
(0.00130778 2.33255e-05 0)
(0.0013201 2.84085e-05 0)
(0.00133277 3.39142e-05 0)
(0.00134574 3.97587e-05 0)
(0.00135891 4.58363e-05 0)
(0.0013722 5.20798e-05 0)
(0.00138555 5.84224e-05 0)
(0.00139888 6.47178e-05 0)
(0.00141187 7.08401e-05 0)
(0.0014242 7.66804e-05 0)
(0.00143586 8.21535e-05 0)
(0.00144681 8.72074e-05 0)
(0.00145692 9.18018e-05 0)
(0.00146602 9.58932e-05 0)
(0.00147397 9.94359e-05 0)
(0.00148068 0.000102378 0)
(0.00148605 0.000104653 0)
(0.00148998 0.000106182 0)
(0.00149237 0.000106885 0)
(0.00149316 0.000106714 0)
(0.00149229 0.000105653 0)
(0.00148975 0.000103691 0)
(0.00182174 -3.79605e-05 0)
(0.00182958 -2.43881e-05 0)
(0.00183769 -9.82016e-06 0)
(0.00184614 5.78624e-06 0)
(0.00185492 2.228e-05 0)
(0.00186284 3.97735e-05 0)
(0.00186916 5.8559e-05 0)
(0.00187392 7.85103e-05 0)
(0.00187717 9.93233e-05 0)
(0.00187877 0.000120737 0)
(0.00187853 0.000142521 0)
(0.00187628 0.000164427 0)
(0.00187187 0.000186191 0)
(0.00186517 0.000207547 0)
(0.00185603 0.000228213 0)
(0.00184438 0.000247906 0)
(0.00183019 0.000266342 0)
(0.00181349 0.000283258 0)
(0.00179441 0.000298419 0)
(0.00177313 0.000311624 0)
(0.00174993 0.000322719 0)
(0.00172514 0.000331595 0)
(0.00169919 0.000338178 0)
(0.00167249 0.000342438 0)
(0.00164537 0.000344424 0)
(0.00161823 0.000344259 0)
(0.00159145 0.000342117 0)
(0.00156536 0.000338198 0)
(0.00154024 0.000332707 0)
(0.0015163 0.000325849 0)
(0.00149364 0.000317812 0)
(0.00147225 0.000308743 0)
(0.00145209 0.00029875 0)
(0.00143309 0.00028791 0)
(0.00141512 0.000276287 0)
(0.00139801 0.000263948 0)
(0.00138159 0.000250976 0)
(0.00136571 0.000237471 0)
(0.00135022 0.000223553 0)
(0.00133506 0.000209353 0)
(0.00132017 0.000195012 0)
(0.00130558 0.000180666 0)
(0.00129136 0.000166442 0)
(0.0012776 0.000152454 0)
(0.00126445 0.000138793 0)
(0.00125206 0.000125528 0)
(0.00124058 0.000112708 0)
(0.00123021 0.00010036 0)
(0.00122108 8.84895e-05 0)
(0.00121335 7.70932e-05 0)
(0.00120716 6.61659e-05 0)
(0.00120261 5.57147e-05 0)
(0.00119979 4.57798e-05 0)
(0.00119872 3.64084e-05 0)
(0.00119939 2.76493e-05 0)
(0.00120177 1.95738e-05 0)
(0.00120581 1.22293e-05 0)
(0.00121137 5.66027e-06 0)
(0.00121827 -7.79303e-08 0)
(0.00122641 -4.93596e-06 0)
(0.00123571 -8.87543e-06 0)
(0.00124606 -1.1888e-05 0)
(0.00125736 -1.39497e-05 0)
(0.00126948 -1.50459e-05 0)
(0.00128233 -1.52314e-05 0)
(0.00129582 -1.45764e-05 0)
(0.00130985 -1.31236e-05 0)
(0.00132433 -1.08955e-05 0)
(0.00133921 -7.92619e-06 0)
(0.00135446 -4.2632e-06 0)
(0.00137006 3.38636e-08 0)
(0.00138595 4.89696e-06 0)
(0.0014021 1.02463e-05 0)
(0.00141845 1.60002e-05 0)
(0.00143491 2.20684e-05 0)
(0.00145139 2.83432e-05 0)
(0.00146776 3.47356e-05 0)
(0.0014839 4.12303e-05 0)
(0.00149974 4.78024e-05 0)
(0.0015152 5.43801e-05 0)
(0.00153012 6.08861e-05 0)
(0.00154435 6.72029e-05 0)
(0.00155778 7.32413e-05 0)
(0.00157024 7.89124e-05 0)
(0.0015816 8.41222e-05 0)
(0.00159168 8.87776e-05 0)
(0.00160035 9.27938e-05 0)
(0.00160746 9.60998e-05 0)
(0.00161289 9.86349e-05 0)
(0.00161654 0.000100349 0)
(0.00174997 -5.55995e-05 0)
(0.00175935 -4.36801e-05 0)
(0.00177022 -3.00689e-05 0)
(0.00178203 -1.47245e-05 0)
(0.00179422 2.18807e-06 0)
(0.00180765 2.06261e-05 0)
(0.00182183 4.06046e-05 0)
(0.00183544 6.21461e-05 0)
(0.00184811 8.51303e-05 0)
(0.00185985 0.000109361 0)
(0.00187048 0.000134597 0)
(0.00187972 0.000160585 0)
(0.00188727 0.000187053 0)
(0.00189281 0.000213692 0)
(0.00189596 0.000240159 0)
(0.00189639 0.00026609 0)
(0.00189382 0.000291108 0)
(0.00188802 0.000314826 0)
(0.00187881 0.000336861 0)
(0.0018661 0.000356843 0)
(0.00184984 0.000374423 0)
(0.00183006 0.000389295 0)
(0.00180684 0.000401188 0)
(0.00178037 0.000409882 0)
(0.00175102 0.000415254 0)
(0.00171926 0.000417298 0)
(0.00168564 0.000416097 0)
(0.00165075 0.000411825 0)
(0.00161518 0.000404743 0)
(0.0015795 0.000395187 0)
(0.00154424 0.000383547 0)
(0.00150988 0.000370253 0)
(0.00147681 0.000355736 0)
(0.00144534 0.000340388 0)
(0.00141569 0.000324531 0)
(0.001388 0.000308404 0)
(0.00136235 0.000292168 0)
(0.00133876 0.000275919 0)
(0.00131718 0.000259694 0)
(0.00129757 0.000243499 0)
(0.00127983 0.000227319 0)
(0.00126388 0.000211144 0)
(0.00124964 0.000194977 0)
(0.00123705 0.000178829 0)
(0.00122606 0.000162735 0)
(0.00121666 0.000146734 0)
(0.00120889 0.000130865 0)
(0.00120277 0.00011519 0)
(0.00119839 9.97764e-05 0)
(0.00119581 8.46891e-05 0)
(0.00119505 7.00139e-05 0)
(0.00119615 5.58408e-05 0)
(0.00119912 4.22329e-05 0)
(0.00120384 2.92338e-05 0)
(0.00121024 1.68846e-05 0)
(0.00121815 5.3158e-06 0)
(0.00122728 -5.31677e-06 0)
(0.00123746 -1.49158e-05 0)
(0.00124855 -2.33823e-05 0)
(0.00126034 -3.06529e-05 0)
(0.00127264 -3.66896e-05 0)
(0.00128535 -4.14794e-05 0)
(0.00129838 -4.50351e-05 0)
(0.00131165 -4.73844e-05 0)
(0.00132513 -4.85856e-05 0)
(0.00133886 -4.87183e-05 0)
(0.00135288 -4.78748e-05 0)
(0.00136721 -4.61437e-05 0)
(0.00138191 -4.36016e-05 0)
(0.00139701 -4.03278e-05 0)
(0.00141252 -3.63939e-05 0)
(0.00142845 -3.18599e-05 0)
(0.00144481 -2.67812e-05 0)
(0.00146156 -2.12082e-05 0)
(0.00147868 -1.51908e-05 0)
(0.00149612 -8.77318e-06 0)
(0.00151381 -1.99599e-06 0)
(0.00153165 5.10412e-06 0)
(0.00154949 1.24788e-05 0)
(0.00156722 2.00578e-05 0)
(0.00158457 2.77572e-05 0)
(0.00160132 3.55497e-05 0)
(0.00161734 4.33771e-05 0)
(0.00163245 5.11651e-05 0)
(0.00164647 5.88397e-05 0)
(0.00165921 6.63322e-05 0)
(0.0016705 7.35118e-05 0)
(0.00168017 8.02685e-05 0)
(0.00168808 8.65063e-05 0)
(0.00169411 9.21338e-05 0)
(0.00144906 -7.57727e-05 0)
(0.00146237 -6.88108e-05 0)
(0.00147782 -5.93757e-05 0)
(0.00149571 -4.75501e-05 0)
(0.00151579 -3.3057e-05 0)
(0.00153726 -1.61006e-05 0)
(0.0015597 2.88833e-06 0)
(0.00158294 2.38873e-05 0)
(0.0016066 4.69679e-05 0)
(0.00163035 7.20317e-05 0)
(0.00165391 9.88694e-05 0)
(0.00167707 0.000127236 0)
(0.00169951 0.000156906 0)
(0.00172084 0.000187553 0)
(0.00174063 0.00021881 0)
(0.00175848 0.000250293 0)
(0.001774 0.00028159 0)
(0.00178679 0.00031226 0)
(0.0017965 0.000341834 0)
(0.0018028 0.000369831 0)
(0.0018054 0.000395766 0)
(0.00180405 0.000419167 0)
(0.00179857 0.000439604 0)
(0.00178888 0.000456711 0)
(0.00177504 0.000470181 0)
(0.00175719 0.000479774 0)
(0.00173553 0.000485333 0)
(0.0017104 0.000486806 0)
(0.00168224 0.000484254 0)
(0.00165162 0.000477873 0)
(0.00161917 0.000467979 0)
(0.00158556 0.00045496 0)
(0.00155149 0.000439245 0)
(0.00151761 0.000421298 0)
(0.00148449 0.000401596 0)
(0.00145261 0.0003806 0)
(0.00142237 0.000358727 0)
(0.00139404 0.000336337 0)
(0.00136778 0.000313739 0)
(0.00134368 0.000291194 0)
(0.00132177 0.000268909 0)
(0.0013021 0.000247028 0)
(0.0012847 0.00022563 0)
(0.00126964 0.000204731 0)
(0.00125702 0.000184284 0)
(0.0012469 0.000164211 0)
(0.00123936 0.000144409 0)
(0.00123441 0.00012477 0)
(0.00123195 0.000105247 0)
(0.0012318 8.58612e-05 0)
(0.00123371 6.66946e-05 0)
(0.00123733 4.79404e-05 0)
(0.00124225 2.98665e-05 0)
(0.00124806 1.27487e-05 0)
(0.00125459 -3.09021e-06 0)
(0.00126178 -1.73651e-05 0)
(0.00126939 -2.98828e-05 0)
(0.00127709 -4.05843e-05 0)
(0.00128467 -4.95664e-05 0)
(0.00129201 -5.69768e-05 0)
(0.00129906 -6.29684e-05 0)
(0.00130587 -6.76904e-05 0)
(0.00131253 -7.12713e-05 0)
(0.00131914 -7.38114e-05 0)
(0.00132581 -7.53971e-05 0)
(0.00133271 -7.61166e-05 0)
(0.00134004 -7.60603e-05 0)
(0.00134801 -7.53115e-05 0)
(0.00135683 -7.39413e-05 0)
(0.00136671 -7.20044e-05 0)
(0.0013778 -6.9535e-05 0)
(0.00139023 -6.65485e-05 0)
(0.00140407 -6.30452e-05 0)
(0.00141933 -5.90132e-05 0)
(0.00143599 -5.44305e-05 0)
(0.00145395 -4.92779e-05 0)
(0.00147308 -4.3538e-05 0)
(0.00149323 -3.7194e-05 0)
(0.00151418 -3.02306e-05 0)
(0.00153572 -2.26475e-05 0)
(0.00155772 -1.44733e-05 0)
(0.00158 -5.70105e-06 0)
(0.00160222 3.63394e-06 0)
(0.00162411 1.34607e-05 0)
(0.00164544 2.36697e-05 0)
(0.00166579 3.41155e-05 0)
(0.00168478 4.47078e-05 0)
(0.0017022 5.53356e-05 0)
(0.00171779 6.58746e-05 0)
(0.00173133 7.62099e-05 0)
(0.00105112 -0.000111664 0)
(0.00107044 -0.000109191 0)
(0.00109234 -0.000103765 0)
(0.00111654 -9.5455e-05 0)
(0.00114264 -8.44975e-05 0)
(0.00117036 -7.09311e-05 0)
(0.00119949 -5.46542e-05 0)
(0.00122979 -3.57062e-05 0)
(0.00126096 -1.41435e-05 0)
(0.00129268 9.93093e-06 0)
(0.00132474 3.64195e-05 0)
(0.00135716 6.51839e-05 0)
(0.00138965 9.59292e-05 0)
(0.00142176 0.0001284 0)
(0.00145319 0.000162278 0)
(0.00148363 0.000197188 0)
(0.00151275 0.000232737 0)
(0.00154019 0.000268494 0)
(0.00156558 0.000303983 0)
(0.00158855 0.000338688 0)
(0.00160875 0.000372069 0)
(0.00162583 0.000403569 0)
(0.00163946 0.000432637 0)
(0.00164938 0.000458744 0)
(0.00165535 0.000481389 0)
(0.00165724 0.000500125 0)
(0.00165498 0.000514588 0)
(0.00164864 0.000524521 0)
(0.00163842 0.000529776 0)
(0.00162462 0.000530322 0)
(0.00160753 0.000526248 0)
(0.00158744 0.000517777 0)
(0.00156475 0.00050527 0)
(0.00153997 0.00048919 0)
(0.00151367 0.000470085 0)
(0.00148649 0.000448547 0)
(0.00145906 0.000425173 0)
(0.00143208 0.000400529 0)
(0.00140619 0.000375076 0)
(0.001382 0.000349111 0)
(0.00136004 0.0003228 0)
(0.00134069 0.000296166 0)
(0.00132417 0.000269172 0)
(0.00131053 0.000241823 0)
(0.00129957 0.00021417 0)
(0.00129092 0.000186391 0)
(0.00128407 0.000158818 0)
(0.0012785 0.000131868 0)
(0.00127383 0.000106016 0)
(0.00126981 8.17069e-05 0)
(0.00126634 5.9244e-05 0)
(0.00126346 3.87586e-05 0)
(0.00126117 2.01959e-05 0)
(0.00125932 3.39338e-06 0)
(0.00125765 -1.17323e-05 0)
(0.00125566 -2.52409e-05 0)
(0.00125267 -3.71479e-05 0)
(0.00124805 -4.73894e-05 0)
(0.00124149 -5.59257e-05 0)
(0.001233 -6.2757e-05 0)
(0.00122283 -6.79316e-05 0)
(0.00121153 -7.15902e-05 0)
(0.00119982 -7.40033e-05 0)
(0.00118845 -7.55523e-05 0)
(0.00117813 -7.66167e-05 0)
(0.00116949 -7.75251e-05 0)
(0.00116302 -7.85303e-05 0)
(0.00115915 -7.97693e-05 0)
(0.00115817 -8.12675e-05 0)
(0.00116027 -8.2958e-05 0)
(0.00116553 -8.47069e-05 0)
(0.00117396 -8.63441e-05 0)
(0.0011855 -8.76836e-05 0)
(0.00120004 -8.85404e-05 0)
(0.00121742 -8.87412e-05 0)
(0.00123746 -8.81302e-05 0)
(0.00125994 -8.65719e-05 0)
(0.00128461 -8.39501e-05 0)
(0.00131121 -8.01713e-05 0)
(0.00133944 -7.51639e-05 0)
(0.001369 -6.88746e-05 0)
(0.00139956 -6.13225e-05 0)
(0.0014308 -5.25264e-05 0)
(0.00146232 -4.25293e-05 0)
(0.00149375 -3.14071e-05 0)
(0.00152485 -1.9281e-05 0)
(0.00155535 -6.24245e-06 0)
(0.00158488 7.57271e-06 0)
(0.00161313 2.19794e-05 0)
(0.00163975 3.67447e-05 0)
(0.000663306 -0.000159479 0)
(0.000687544 -0.000161163 0)
(0.000713931 -0.00016006 0)
(0.000742285 -0.000155974 0)
(0.000772364 -0.000148807 0)
(0.00080394 -0.000138499 0)
(0.00083677 -0.000125038 0)
(0.000870656 -0.000108427 0)
(0.000905394 -8.86959e-05 0)
(0.000940848 -6.59081e-05 0)
(0.000976877 -4.02269e-05 0)
(0.00101329 -1.18276e-05 0)
(0.00104996 1.90486e-05 0)
(0.00108679 5.21363e-05 0)
(0.00112337 8.71341e-05 0)
(0.00115955 0.00012374 0)
(0.00119518 0.000161612 0)
(0.00123002 0.00020038 0)
(0.00126377 0.000239615 0)
(0.00129617 0.000278844 0)
(0.0013269 0.000317552 0)
(0.00135565 0.000355182 0)
(0.00138208 0.000391151 0)
(0.00140588 0.000424856 0)
(0.00142675 0.000455697 0)
(0.00144443 0.000483108 0)
(0.00145868 0.000506572 0)
(0.00146933 0.000525643 0)
(0.00147626 0.00053996 0)
(0.00147943 0.000549245 0)
(0.00147902 0.000553347 0)
(0.00147536 0.000552287 0)
(0.00146892 0.000546235 0)
(0.00146017 0.00053546 0)
(0.00144956 0.000520294 0)
(0.00143753 0.000501116 0)
(0.00142451 0.000478346 0)
(0.00141085 0.00045243 0)
(0.00139679 0.000423875 0)
(0.00138243 0.000393254 0)
(0.00136773 0.000361188 0)
(0.00135257 0.000328381 0)
(0.00133684 0.000295587 0)
(0.00132053 0.000263573 0)
(0.00130382 0.000233113 0)
(0.00128716 0.000204714 0)
(0.00127126 0.000178403 0)
(0.00125681 0.000153808 0)
(0.00124409 0.000130239 0)
(0.00123284 0.000106976 0)
(0.00122218 8.37793e-05 0)
(0.00121057 6.09771e-05 0)
(0.00119628 3.92781e-05 0)
(0.00117799 1.97804e-05 0)
(0.00115498 3.8736e-06 0)
(0.00112718 -7.29225e-06 0)
(0.00109537 -1.33717e-05 0)
(0.00106081 -1.51104e-05 0)
(0.00102489 -1.4164e-05 0)
(0.000989051 -1.25199e-05 0)
(0.000954611 -1.18541e-05 0)
(0.000922759 -1.31976e-05 0)
(0.00089444 -1.6941e-05 0)
(0.000870428 -2.29866e-05 0)
(0.000851268 -3.09671e-05 0)
(0.000837132 -4.05194e-05 0)
(0.000827991 -5.12398e-05 0)
(0.000823702 -6.2689e-05 0)
(0.000824021 -7.44489e-05 0)
(0.000828654 -8.61399e-05 0)
(0.000837285 -9.74309e-05 0)
(0.000849609 -0.000108036 0)
(0.000865334 -0.000117713 0)
(0.000884194 -0.000126259 0)
(0.000905948 -0.000133502 0)
(0.000930375 -0.000139299 0)
(0.000957274 -0.000143528 0)
(0.000986449 -0.000146085 0)
(0.00101771 -0.000146882 0)
(0.00105086 -0.000145846 0)
(0.00108569 -0.000142914 0)
(0.00112199 -0.000138045 0)
(0.00115952 -0.000131223 0)
(0.00119801 -0.000122454 0)
(0.00123718 -0.000111769 0)
(0.0012767 -9.9231e-05 0)
(0.00131626 -8.49911e-05 0)
(0.00135547 -6.92099e-05 0)
(0.00139396 -5.20767e-05 0)
(0.00143141 -3.38245e-05 0)
(0.000281946 -0.000212126 0)
(0.000307843 -0.000218761 0)
(0.000335645 -0.000222318 0)
(0.000365847 -0.000222317 0)
(0.000397918 -0.000218815 0)
(0.000431806 -0.000211663 0)
(0.000467216 -0.000200833 0)
(0.000503952 -0.000186346 0)
(0.000541764 -0.000168309 0)
(0.000580417 -0.000146861 0)
(0.000619657 -0.000122197 0)
(0.000659241 -9.45483e-05 0)
(0.000698882 -6.41274e-05 0)
(0.000738466 -3.12273e-05 0)
(0.000777943 3.86438e-06 0)
(0.000817219 4.08776e-05 0)
(0.000856182 7.95079e-05 0)
(0.000894701 0.00011941 0)
(0.000932633 0.000160205 0)
(0.000969853 0.000201423 0)
(0.0010062 0.000242588 0)
(0.00104146 0.000283178 0)
(0.0010754 0.000322633 0)
(0.00110778 0.000360369 0)
(0.00113836 0.000395786 0)
(0.00116687 0.000428282 0)
(0.00119306 0.000457272 0)
(0.00121668 0.000482218 0)
(0.00123752 0.000502662 0)
(0.00125539 0.00051825 0)
(0.00127012 0.000528738 0)
(0.00128152 0.000533976 0)
(0.00128942 0.000533935 0)
(0.00129369 0.000528738 0)
(0.00129434 0.0005187 0)
(0.00129146 0.000504325 0)
(0.00128522 0.000486272 0)
(0.00127589 0.000465314 0)
(0.00126392 0.000442309 0)
(0.00124994 0.000418064 0)
(0.00123476 0.000393136 0)
(0.00121932 0.000367687 0)
(0.00120462 0.000341397 0)
(0.00119147 0.0003136 0)
(0.00118017 0.000283611 0)
(0.00117009 0.000251136 0)
(0.00115969 0.000216742 0)
(0.00114677 0.000182178 0)
(0.00112898 0.000150182 0)
(0.00110431 0.000123765 0)
(0.00107158 0.000105312 0)
(0.00103054 9.57883e-05 0)
(0.000981767 9.43236e-05 0)
(0.000927078 9.83436e-05 0)
(0.000869162 0.000104391 0)
(0.000810838 0.000109332 0)
(0.000754793 0.000110994 0)
(0.000703331 0.000108286 0)
(0.000658119 0.000101 0)
(0.00062009 8.94874e-05 0)
(0.000589519 7.43861e-05 0)
(0.000566202 5.64517e-05 0)
(0.000549689 3.64663e-05 0)
(0.000539405 1.51968e-05 0)
(0.000534458 -6.87787e-06 0)
(0.000533944 -2.92793e-05 0)
(0.000537375 -5.15277e-05 0)
(0.000544307 -7.32433e-05 0)
(0.000554301 -9.4122e-05 0)
(0.000566977 -0.000113921 0)
(0.000582015 -0.00013245 0)
(0.00059916 -0.000149557 0)
(0.000618214 -0.000165126 0)
(0.000639039 -0.000179059 0)
(0.00066155 -0.000191277 0)
(0.000685703 -0.000201707 0)
(0.000711487 -0.000210277 0)
(0.00073892 -0.000216915 0)
(0.00076802 -0.000221539 0)
(0.000798806 -0.000224069 0)
(0.000831282 -0.00022442 0)
(0.000865424 -0.000222512 0)
(0.000901176 -0.000218272 0)
(0.000938437 -0.00021165 0)
(0.000977064 -0.000202621 0)
(0.00101686 -0.000191198 0)
(0.00105759 -0.000177442 0)
(0.00109898 -0.000161467 0)
(0.0011407 -0.000143427 0)
(0.00118243 -0.000123509 0)
(-0.000107606 -0.000263163 0)
(-8.07017e-05 -0.000275725 0)
(-5.49428e-05 -0.00028462 0)
(-2.45641e-05 -0.000289822 0)
(7.62565e-06 -0.000291124 0)
(4.27552e-05 -0.000288213 0)
(8.00162e-05 -0.000281068 0)
(0.000119315 -0.000269608 0)
(0.000160173 -0.000253946 0)
(0.000202299 -0.000234194 0)
(0.000245322 -0.000210548 0)
(0.000288926 -0.000183238 0)
(0.000332784 -0.000152552 0)
(0.000376591 -0.000118835 0)
(0.00042012 -8.25937e-05 0)
(0.000463176 -4.41732e-05 0)
(0.000505542 -3.9674e-06 0)
(0.000547077 3.7606e-05 0)
(0.000587628 8.01463e-05 0)
(0.000627162 0.000123324 0)
(0.000665681 0.000166811 0)
(0.000703073 0.00021007 0)
(0.000739265 0.000252523 0)
(0.00077418 0.000293613 0)
(0.000807694 0.000332794 0)
(0.000839642 0.000369527 0)
(0.000869833 0.000403284 0)
(0.000898055 0.000433565 0)
(0.000924089 0.000459918 0)
(0.000947738 0.000481954 0)
(0.000968841 0.000499368 0)
(0.00098731 0.000511961 0)
(0.00100315 0.000519649 0)
(0.00101647 0.000522457 0)
(0.00102748 0.000520459 0)
(0.0010365 0.000513758 0)
(0.00104397 0.000502458 0)
(0.00105037 0.000486628 0)
(0.00105598 0.000466286 0)
(0.00106066 0.000441481 0)
(0.00106391 0.000412485 0)
(0.00106469 0.000380007 0)
(0.00106142 0.000345417 0)
(0.00105197 0.00031094 0)
(0.00103405 0.000279627 0)
(0.00100583 0.000254843 0)
(0.000966448 0.000239201 0)
(0.000916203 0.000233453 0)
(0.000856589 0.000236026 0)
(0.00079029 0.000243576 0)
(0.000720912 0.000252202 0)
(0.000652534 0.00025855 0)
(0.000588911 0.000260377 0)
(0.0005326 0.000256545 0)
(0.000484884 0.000246756 0)
(0.000446195 0.000231388 0)
(0.000416347 0.00021124 0)
(0.000394755 0.000187276 0)
(0.000380645 0.000160445 0)
(0.000373184 0.00013159 0)
(0.000371543 0.000101427 0)
(0.000374918 7.05682e-05 0)
(0.000382587 3.9449e-05 0)
(0.000393485 8.42392e-06 0)
(0.000406722 -2.20675e-05 0)
(0.000421918 -5.1535e-05 0)
(0.000438611 -7.96474e-05 0)
(0.000456265 -0.000106185 0)
(0.000474446 -0.000131002 0)
(0.000492797 -0.000154019 0)
(0.000511037 -0.000175206 0)
(0.000528975 -0.000194575 0)
(0.000546506 -0.000212165 0)
(0.000563619 -0.000228024 0)
(0.000580388 -0.000242203 0)
(0.000596978 -0.000254734 0)
(0.000613616 -0.00026563 0)
(0.0006306 -0.000274866 0)
(0.000648252 -0.000282385 0)
(0.000666923 -0.000288092 0)
(0.000686951 -0.000291861 0)
(0.000708647 -0.000293536 0)
(0.000732265 -0.000292946 0)
(0.000757978 -0.000289911 0)
(0.00078588 -0.00028427 0)
(0.000815963 -0.000275898 0)
(0.00084813 -0.000264737 0)
(0.000882216 -0.000250802 0)
(0.00091799 -0.00023418 0)
(0.000955159 -0.000215027 0)
(-0.000443754 -0.000313209 0)
(-0.00042265 -0.000333478 0)
(-0.000402884 -0.000348965 0)
(-0.000376989 -0.000360933 0)
(-0.000349659 -0.000368408 0)
(-0.000318127 -0.000371168 0)
(-0.000284183 -0.00036918 0)
(-0.00024709 -0.000362217 0)
(-0.000207662 -0.000350372 0)
(-0.000165877 -0.000333665 0)
(-0.000122261 -0.000312298 0)
(-7.70469e-05 -0.000286492 0)
(-3.06574e-05 -0.000256572 0)
(1.63883e-05 -0.000222907 0)
(6.38205e-05 -0.000185933 0)
(0.000111472 -0.000146112 0)
(0.000158886 -0.000103937 0)
(0.000205797 -5.99133e-05 0)
(0.000252061 -1.45917e-05 0)
(0.000297652 3.14948e-05 0)
(0.000342193 7.76902e-05 0)
(0.000385186 0.000123479 0)
(0.000426715 0.00016839 0)
(0.000466888 0.000212044 0)
(0.000505742 0.000253926 0)
(0.000543292 0.000293501 0)
(0.000579518 0.000330231 0)
(0.000614376 0.000363594 0)
(0.000647804 0.000393097 0)
(0.000679715 0.000418293 0)
(0.000709987 0.000438793 0)
(0.00073847 0.000454285 0)
(0.000764941 0.000464564 0)
(0.000789084 0.000469545 0)
(0.000810441 0.000469297 0)
(0.000828363 0.000464114 0)
(0.000841938 0.000454553 0)
(0.000849986 0.000441519 0)
(0.00085124 0.000426349 0)
(0.000844449 0.000410796 0)
(0.000828535 0.000396876 0)
(0.000802774 0.000386516 0)
(0.000766977 0.000381059 0)
(0.000721842 0.000380829 0)
(0.000669161 0.000384954 0)
(0.000611636 0.000391542 0)
(0.000552485 0.000398131 0)
(0.000495061 0.00040229 0)
(0.000442395 0.000402129 0)
(0.000396751 0.000396537 0)
(0.000359482 0.000385179 0)
(0.000331136 0.000368301 0)
(0.00031168 0.000346415 0)
(0.000300696 0.000320098 0)
(0.000297524 0.000290008 0)
(0.000301371 0.000256831 0)
(0.000311376 0.000221259 0)
(0.000326653 0.000183992 0)
(0.00034633 0.000145718 0)
(0.000369577 0.000107084 0)
(0.000395621 6.8778e-05 0)
(0.00042353 3.13664e-05 0)
(0.000452419 -4.64012e-06 0)
(0.000481935 -3.88725e-05 0)
(0.000511878 -7.09495e-05 0)
(0.000541566 -0.00010062 0)
(0.000570282 -0.000127776 0)
(0.000597479 -0.000152379 0)
(0.000622685 -0.000174473 0)
(0.000645492 -0.000194182 0)
(0.000665555 -0.000211702 0)
(0.000682606 -0.000227281 0)
(0.000696461 -0.000241205 0)
(0.000707044 -0.00025377 0)
(0.000714404 -0.000265251 0)
(0.000718733 -0.000275872 0)
(0.000720375 -0.000285784 0)
(0.000719828 -0.000295045 0)
(0.000717726 -0.000303618 0)
(0.000714812 -0.000311385 0)
(0.000711908 -0.000318161 0)
(0.000709866 -0.000323717 0)
(0.000709507 -0.000327779 0)
(0.000711546 -0.000330028 0)
(0.000716547 -0.000330103 0)
(0.000724887 -0.000327645 0)
(0.000736754 -0.00032235 0)
(0.000752183 -0.000314012 0)
(0.00077109 -0.000302529 0)
(0.000793293 -0.000287884 0)
(-0.000623722 -0.000344648 0)
(-0.000616706 -0.00036984 0)
(-0.000608912 -0.00039255 0)
(-0.000597545 -0.000410453 0)
(-0.000584182 -0.000424591 0)
(-0.000567229 -0.000433717 0)
(-0.000547622 -0.000438147 0)
(-0.000524478 -0.00043734 0)
(-0.000498408 -0.000431421 0)
(-0.000468956 -0.000420208 0)
(-0.000436571 -0.00040387 0)
(-0.000401179 -0.000382498 0)
(-0.000363173 -0.000356362 0)
(-0.00032275 -0.000325792 0)
(-0.000280314 -0.000291127 0)
(-0.000236183 -0.000252881 0)
(-0.000190789 -0.000211569 0)
(-0.000144545 -0.000167743 0)
(-9.79015e-05 -0.000121986 0)
(-5.13822e-05 -7.49298e-05 0)
(-5.06688e-06 -2.72369e-05 0)
(4.0904e-05 2.05038e-05 0)
(8.637e-05 6.77687e-05 0)
(0.000131063 0.000113865 0)
(0.000174463 0.00015798 0)
(0.000216344 0.000199878 0)
(0.000256452 0.000239182 0)
(0.000294493 0.000275521 0)
(0.000330117 0.00030856 0)
(0.000362924 0.000338047 5.15741e-38)
(0.000392435 0.000363835 0)
(0.000418114 0.000385867 0)
(0.000439369 0.000404367 0)
(0.000455561 0.000419655 0)
(0.00046607 0.000432232 0)
(0.00047035 0.000442761 0)
(0.000468027 0.000451963 0)
(0.00045897 0.000460534 0)
(0.000443436 0.000469016 0)
(0.000422137 0.000477589 0)
(0.000396194 0.00048601 0)
(0.000367188 0.000493632 0)
(0.000337072 0.000499544 0)
(0.000307907 0.000502733 0)
(0.000281662 0.000502257 0)
(0.000260022 0.000497381 0)
(0.000244248 0.000487644 0)
(0.000235147 0.000472863 0)
(0.000233109 0.000453057 0)
(0.000238176 0.000428387 0)
(0.000250092 0.000399146 0)
(0.000268384 0.000365763 0)
(0.000292417 0.000328789 0)
(0.000321456 0.00028887 0)
(0.000354719 0.000246713 0)
(0.000391396 0.000203064 0)
(0.000430707 0.000158666 -1.17645e-38)
(0.000471896 0.000114261 0)
(0.000514228 7.05504e-05 0)
(0.000557241 2.82062e-05 0)
(0.000600486 -1.22613e-05 0)
(0.000643505 -5.04254e-05 0)
(0.00068591 -8.58196e-05 1.10761e-38)
(0.000727092 -0.000117989 0)
(0.000766643 -0.000146753 0)
(0.000804307 -0.000172047 -9.35481e-39)
(0.000839808 -0.000193811 0)
(0.000872861 -0.000212033 -7.99958e-39)
(0.00090318 -0.000226769 0)
(0.000930467 -0.000238153 0)
(0.000954404 -0.000246412 6.0243e-39)
(0.000974642 -0.000251881 0)
(0.000990807 -0.000255011 0)
(0.0010025 -0.000256377 0)
(0.00100932 -0.000256678 0)
(0.00101088 -0.000256702 0)
(0.00100688 -0.000257274 3.32183e-39)
(0.000997159 -0.000259148 0)
(0.000981776 -0.000262886 0)
(0.000961103 -0.000268722 0)
(0.000935901 -0.000276487 0)
(0.000907343 -0.000285624 0)
(0.000876978 -0.000295302 0)
(0.000846576 -0.000304593 0)
(0.000817877 -0.000312649 0)
(0.000792343 -0.000318786 0)
(0.000771052 -0.000322526 0)
(0.000754734 -0.000323552 3.62798e-39)
(0.000743832 -0.000321585 0)
(0.000738514 -0.000316336 0)
(-0.00054133 -0.000339947 0)
(-0.000546638 -0.000368314 0)
(-0.000555021 -0.000394538 0)
(-0.000560866 -0.000416896 0)
(-0.000567207 -0.000435814 0)
(-0.000571672 -0.000450426 0)
(-0.000575029 -0.000460774 0)
(-0.000576167 -0.000466354 0)
(-0.000575045 -0.000467097 0)
(-0.00057112 -0.000462729 0)
(-0.000564219 -0.000453247 0)
(-0.000554078 -0.000438594 0)
(-0.000540635 -0.000418912 0)
(-0.000523825 -0.000394351 0)
(-0.000503759 -0.000365203 0)
(-0.000480551 -0.000331813 0)
(-0.000454471 -0.000294613 0)
(-0.000425792 -0.000254081 0)
(-0.000394899 -0.000210734 0)
(-0.000362184 -0.000165112 0)
(-0.000328076 -0.000117739 0)
(-0.000292994 -6.93152e-05 0)
(-0.000257661 -2.04118e-05 0)
(-0.000222981 2.8369e-05 0)
(-0.000188577 7.66449e-05 0)
(-0.000154195 0.000123528 0)
(-0.000120758 0.00016871 0)
(-8.88099e-05 0.000211842 0)
(-5.88153e-05 0.000252638 0)
(-3.11767e-05 0.000290872 -5.15741e-38)
(-6.35677e-06 0.000326404 0)
(1.55348e-05 0.000359159 0)
(3.44007e-05 0.000389115 0)
(5.0016e-05 0.000416287 0)
(6.25145e-05 0.000440699 0)
(7.2146e-05 0.000462355 0)
(7.93542e-05 0.000481191 0)
(8.48253e-05 0.000497084 0)
(8.93597e-05 0.000509819 0)
(9.38714e-05 0.000519068 0)
(9.94052e-05 0.000524507 0)
(0.000107001 0.000525797 0)
(0.000117597 0.000522607 0)
(0.000131966 0.00051466 0)
(0.00015068 0.000501759 0)
(0.000174063 0.000483816 0)
(0.000202177 0.000460875 0)
(0.000234863 0.000433133 0)
(0.000271778 0.000400927 0)
(0.000312441 0.000364721 0)
(0.000356296 0.000325069 0)
(0.000402703 0.000282612 0)
(0.000451044 0.000238016 0)
(0.000500679 0.00019199 0)
(0.000551029 0.000145233 0)
(0.000601544 9.84165e-05 0)
(0.000651787 5.21978e-05 1.17645e-38)
(0.00070137 7.1807e-06 0)
(0.000749969 -3.6073e-05 0)
(0.000797067 -7.70025e-05 0)
(0.000842205 -0.000115212 0)
(0.000885293 -0.000150375 0)
(0.000926233 -0.000182301 -1.10761e-38)
(0.000964925 -0.000210811 0)
(0.00100131 -0.000235727 0)
(0.00103537 -0.000256943 9.35481e-39)
(0.00106707 -0.000274413 0)
(0.00109641 -0.000288139 7.99958e-39)
(0.00112341 -0.000298161 0)
(0.00114808 -0.000304548 0)
(0.00117046 -0.000307385 -6.0243e-39)
(0.00119056 -0.000306776 0)
(0.00120836 -0.000302838 0)
(0.00122382 -0.000295711 0)
(0.00123677 -0.000285585 0)
(0.00124695 -0.000272735 0)
(0.00125393 -0.000257605 -3.32183e-39)
(0.00125709 -0.000240902 0)
(0.00125559 -0.00022371 0)
(0.00124846 -0.000207569 0)
(0.00123461 -0.000194418 0)
(0.00121303 -0.000186304 0)
(0.00118292 -0.000184847 0)
(0.00114415 -0.000190616 0)
(0.0010976 -0.000202775 0)
(0.00104537 -0.000219234 0)
(0.000990386 -0.000237219 0)
(0.000936017 -0.000254019 -3.62798e-39)
(0.000885394 -0.000267575 0)
(-0.00022339 -0.000307834 0)
(-0.000232418 -0.000334027 0)
(-0.000245948 -0.000358452 0)
(-0.000260535 -0.000380194 0)
(-0.000277434 -0.00039913 0)
(-0.000295781 -0.000415006 0)
(-0.00031546 -0.000427512 0)
(-0.000335779 -0.000436494 0)
(-0.000356258 -0.000441611 0)
(-0.000376182 -0.000442663 0)
(-0.000394998 -0.000439401 0)
(-0.00041205 -0.000431665 0)
(-0.000426849 -0.000419343 0)
(-0.000438901 -0.000402423 0)
(-0.000447871 -0.000380966 0)
(-0.000453481 -0.000355134 0)
(-0.000455595 -0.000325179 0)
(-0.000454151 -0.000291424 0)
(-0.000449201 -0.000254268 0)
(-0.000440854 -0.000214159 0)
(-0.0004293 -0.00017159 0)
(-0.000414769 -0.000127092 0)
(-0.000397564 -8.12179e-05 0)
(-0.00037776 -3.43829e-05 0)
(-0.000356643 1.31123e-05 0)
(-0.00033463 6.06129e-05 0)
(-0.000311149 0.000107369 0)
(-0.00028675 0.000152833 0)
(-0.000261734 0.000196531 0)
(-0.000236339 0.000238051 0)
(-0.000210727 0.000277033 0)
(-0.000184963 0.000313212 0)
(-0.000159034 0.000346218 0)
(-0.000132866 0.000375796 0)
(-0.000106278 0.000401701 0)
(-7.90236e-05 0.000423688 0)
(-5.07645e-05 0.000441537 0)
(-2.11376e-05 0.000455023 0)
(1.01876e-05 0.000463925 0)
(4.36446e-05 0.000468067 0)
(7.96107e-05 0.000467304 0)
(0.000118309 0.000461528 0)
(0.000159893 0.00045069 0)
(0.000204375 0.000434828 0)
(0.000251645 0.000414064 0)
(0.000301462 0.000388618 0)
(0.000353495 0.000358805 0)
(0.000407305 0.000325056 0)
(0.000462443 0.00028787 0)
(0.000518402 0.000247828 0)
(0.000574712 0.00020554 0)
(0.000630875 0.000161655 0)
(0.000686464 0.000116832 0)
(0.000741085 7.17154e-05 0)
(0.000794343 2.69061e-05 0)
(0.000845936 -1.70073e-05 0)
(0.000895621 -5.95e-05 0)
(0.000943155 -0.000100132 0)
(0.000988401 -0.000138544 0)
(0.00103123 -0.000174435 0)
(0.00107151 -0.000207436 0)
(0.00110917 -0.000237236 0)
(0.00114413 -0.000263596 0)
(0.00117632 -0.000286333 0)
(0.00120565 -0.000305324 0)
(0.00123206 -0.000320519 0)
(0.00125552 -0.000331936 0)
(0.00127602 -0.000339663 0)
(0.00129359 -0.000343849 0)
(0.0013083 -0.000344712 0)
(0.00132027 -0.000342532 0)
(0.0013297 -0.000337643 0)
(0.00133682 -0.000330408 0)
(0.0013419 -0.000321181 0)
(0.00134528 -0.000310266 0)
(0.00134732 -0.000297875 0)
(0.00134841 -0.000284091 0)
(0.00134896 -0.000268845 0)
(0.00134931 -0.000251903 0)
(0.00134965 -0.000232881 0)
(0.00134986 -0.000211328 0)
(0.0013493 -0.000186996 0)
(0.00134667 -0.000160304 0)
(0.00134006 -0.000132924 0)
(0.00132717 -0.000108105 0)
(0.00130589 -9.02526e-05 0)
(0.00127478 -8.33864e-05 0)
(0.0012332 -8.92344e-05 0)
(0.00118145 -0.000106223 0)
(0.000155606 -0.000291183 0)
(0.000150755 -0.000312062 0)
(0.000143673 -0.000329571 0)
(0.000133627 -0.000344717 0)
(0.000121063 -0.000357286 0)
(0.000105535 -0.000367223 0)
(8.70989e-05 -0.000374629 0)
(6.5669e-05 -0.0003796 0)
(4.16361e-05 -0.000382147 0)
(1.5338e-05 -0.000382166 0)
(-1.26124e-05 -0.000379503 0)
(-4.16007e-05 -0.000373965 0)
(-7.09152e-05 -0.000365351 0)
(-9.97939e-05 -0.000353466 0)
(-0.00012749 -0.000338156 0)
(-0.000153319 -0.000319332 0)
(-0.000176659 -0.000296989 0)
(-0.000196997 -0.00027122 0)
(-0.000213923 -0.00024221 0)
(-0.000227142 -0.000210228 0)
(-0.000236475 -0.00017562 0)
(-0.000241771 -0.000138809 0)
(-0.00024301 -0.000100273 0)
(-0.000240141 -6.05235e-05 0)
(-0.000233043 -2.01969e-05 0)
(-0.000222427 2.06751e-05 0)
(-0.000208904 6.14265e-05 0)
(-0.000192293 0.000101437 0)
(-0.000172682 0.000140158 0)
(-0.000150193 0.000177086 0)
(-0.000124928 0.000211752 0)
(-9.69695e-05 0.000243734 0)
(-6.63837e-05 0.000272625 0)
(-3.32087e-05 0.00029806 0)
(2.53774e-06 0.000319713 0)
(4.08597e-05 0.000337287 0)
(8.1763e-05 0.000350535 0)
(0.000125241 0.00035924 0)
(0.000171251 0.00036325 0)
(0.000219743 0.00036249 0)
(0.000270604 0.000356907 0)
(0.000323647 0.000346529 0)
(0.000378639 0.000331458 0)
(0.000435281 0.000311874 0)
(0.000493228 0.000288039 0)
(0.000552077 0.000260301 0)
(0.000611454 0.000229064 0)
(0.000670928 0.000194811 0)
(0.000730108 0.000158048 0)
(0.000788602 0.000119339 0)
(0.000846022 7.92507e-05 0)
(0.00090209 3.83528e-05 0)
(0.000956553 -2.81626e-06 0)
(0.00100913 -4.37425e-05 0)
(0.00105963 -8.39428e-05 0)
(0.00110789 -0.000122936 0)
(0.00115369 -0.000160288 0)
(0.0011969 -0.000195575 0)
(0.00123738 -0.000228404 0)
(0.00127501 -0.000258431 0)
(0.00130967 -0.000285354 0)
(0.00134126 -0.000308922 0)
(0.0013697 -0.000328942 0)
(0.00139495 -0.00034528 0)
(0.00141698 -0.000357849 0)
(0.00143579 -0.000366614 0)
(0.00145142 -0.000371597 0)
(0.00146391 -0.000372873 0)
(0.00147337 -0.000370576 0)
(0.0014799 -0.000364894 0)
(0.00148362 -0.00035607 0)
(0.00148468 -0.000344391 0)
(0.00148322 -0.00033019 0)
(0.0014794 -0.000313849 0)
(0.00147338 -0.000295812 0)
(0.00146534 -0.000276599 0)
(0.00145547 -0.000256805 0)
(0.00144404 -0.000237102 0)
(0.00143133 -0.000218197 0)
(0.00141778 -0.000200692 0)
(0.00140396 -0.000184852 0)
(0.00139061 -0.000170439 0)
(0.00137862 -0.000156722 0)
(0.00136885 -0.000142664 0)
(0.00136165 -0.000127116 0)
(0.00135656 -0.000108983 0)
(0.00135207 -8.76186e-05 0)
(0.00134576 -6.35527e-05 0)
(0.00133486 -3.92637e-05 0)
(0.000553529 -0.000283822 0)
(0.000549996 -0.000302047 0)
(0.000544723 -0.000317073 0)
(0.000536446 -0.000328254 0)
(0.000525585 -0.000335599 0)
(0.000512784 -0.000339429 0)
(0.000498071 -0.000340203 0)
(0.00048126 -0.000338339 0)
(0.000462168 -0.000334188 0)
(0.000440779 -0.000328041 0)
(0.000417161 -0.000320097 0)
(0.000391489 -0.000310507 0)
(0.000364059 -0.000299318 0)
(0.000335324 -0.000286526 0)
(0.000305839 -0.000272075 0)
(0.000276224 -0.000255867 0)
(0.000247147 -0.00023779 0)
(0.000219285 -0.000217751 0)
(0.000193308 -0.000195704 0)
(0.000169862 -0.000171661 0)
(0.00014949 -0.000145713 0)
(0.000132695 -0.000118035 0)
(0.000119843 -8.88855e-05 0)
(0.000111264 -5.86042e-05 0)
(0.000107207 -2.76033e-05 0)
(0.000107606 3.59544e-06 0)
(0.000112276 3.47091e-05 0)
(0.000121153 6.53404e-05 0)
(0.000134307 9.50336e-05 0)
(0.000151695 0.000123317 0)
(0.000173224 0.000149738 0)
(0.000198776 0.000173861 0)
(0.000228207 0.000195278 0)
(0.000261359 0.000213617 0)
(0.00029805 0.000228555 0)
(0.000338088 0.00023981 0)
(0.000381259 0.000247148 0)
(0.000427321 0.000250395 0)
(0.000476009 0.000249446 0)
(0.000527035 0.000244253 0)
(0.00058008 0.000234835 0)
(0.000634798 0.000221279 0)
(0.000690823 0.000203742 0)
(0.000747777 0.000182448 0)
(0.000805267 0.000157688 0)
(0.000862906 0.000129812 0)
(0.000920295 9.92235e-05 0)
(0.000977053 6.63678e-05 0)
(0.00103286 3.17236e-05 0)
(0.0010874 -4.23412e-06 0)
(0.00114039 -4.10044e-05 0)
(0.00119148 -7.80692e-05 0)
(0.00124038 -0.000114939 0)
(0.00128688 -0.000151133 0)
(0.00133073 -0.000186179 0)
(0.00137171 -0.000219647 0)
(0.00140961 -0.000251116 0)
(0.00144422 -0.00028019 0)
(0.00147537 -0.000306515 0)
(0.00150289 -0.000329783 0)
(0.00152667 -0.000349727 0)
(0.00154662 -0.000366137 0)
(0.00156269 -0.000378864 0)
(0.00157492 -0.000387829 0)
(0.0015834 -0.000393031 0)
(0.00158829 -0.000394548 0)
(0.0015898 -0.000392542 0)
(0.00158821 -0.000387244 0)
(0.00158383 -0.000378942 0)
(0.00157704 -0.000367973 0)
(0.00156822 -0.000354694 0)
(0.00155781 -0.00033947 0)
(0.00154622 -0.000322645 0)
(0.00153388 -0.000304536 0)
(0.00152119 -0.000285416 0)
(0.00150849 -0.000265509 0)
(0.00149606 -0.00024498 0)
(0.00148407 -0.00022394 0)
(0.00147254 -0.000202468 0)
(0.00146131 -0.000180647 0)
(0.00145009 -0.000158639 0)
(0.00143848 -0.000136771 0)
(0.00142617 -0.000115635 0)
(0.00141305 -9.60656e-05 0)
(0.00139928 -7.89162e-05 0)
(0.0013854 -6.46522e-05 0)
(0.0013722 -5.30641e-05 0)
(0.00136061 -4.33448e-05 0)
(0.00135138 -3.44578e-05 0)
(0.0009954 -0.000274543 0)
(0.000989956 -0.000287724 0)
(0.000983247 -0.000297616 0)
(0.000974034 -0.000303954 0)
(0.000961844 -0.000306874 0)
(0.000947065 -0.000306718 0)
(0.000930309 -0.000303782 0)
(0.000911884 -0.000298307 0)
(0.000891832 -0.000290555 0)
(0.000870182 -0.000280835 0)
(0.000847072 -0.000269451 0)
(0.000822707 -0.000256652 0)
(0.00079729 -0.000242631 0)
(0.000771011 -0.00022755 0)
(0.000744108 -0.000211553 0)
(0.000716904 -0.000194752 0)
(0.000689799 -0.000177228 0)
(0.000663256 -0.000159028 0)
(0.000637786 -0.000140169 0)
(0.000613927 -0.000120647 0)
(0.000592208 -0.000100447 0)
(0.000573125 -7.95877e-05 0)
(0.000557136 -5.81538e-05 0)
(0.000544659 -3.6303e-05 0)
(0.000536024 -1.42489e-05 0)
(0.000531289 7.56584e-06 0)
(0.000530806 2.89134e-05 0)
(0.000534718 4.96004e-05 0)
(0.000542995 6.93265e-05 0)
(0.000555618 8.77544e-05 0)
(0.000572529 0.000104536 0)
(0.000593631 0.000119326 0)
(0.00061878 0.000131798 0)
(0.000647796 0.000141653 0)
(0.000680465 0.000148628 0)
(0.000716535 0.000152503 0)
(0.000755728 0.000153101 0)
(0.000797732 0.000150302 0)
(0.000842208 0.000144043 0)
(0.000888798 0.00013432 0)
(0.000937116 0.000121189 0)
(0.000986775 0.000104763 0)
(0.00103737 8.52167e-05 0)
(0.00108849 6.2773e-05 0)
(0.00113972 3.77133e-05 0)
(0.00119067 1.03767e-05 0)
(0.00124095 -1.88608e-05 0)
(0.00129022 -4.95838e-05 0)
(0.00133805 -8.13367e-05 0)
(0.00138407 -0.000113669 0)
(0.00142795 -0.00014612 0)
(0.00146935 -0.000178229 0)
(0.00150795 -0.000209522 0)
(0.00154347 -0.000239542 0)
(0.00157563 -0.000267854 0)
(0.00160418 -0.000294051 0)
(0.0016289 -0.000317754 0)
(0.00164963 -0.000338629 0)
(0.00166624 -0.00035639 0)
(0.00167868 -0.000370808 0)
(0.00168694 -0.00038172 0)
(0.0016911 -0.000389035 0)
(0.0016913 -0.000392733 0)
(0.0016877 -0.000392877 0)
(0.00168055 -0.000389603 0)
(0.00167013 -0.000383119 0)
(0.00165677 -0.0003737 0)
(0.00164085 -0.000361672 0)
(0.00162276 -0.000347401 0)
(0.00160292 -0.000331283 0)
(0.00158178 -0.00031373 0)
(0.00155978 -0.000295161 0)
(0.00153734 -0.000275992 0)
(0.0015149 -0.00025661 0)
(0.00149284 -0.000237354 0)
(0.00147154 -0.000218507 0)
(0.00145134 -0.000200282 0)
(0.00143256 -0.000182798 0)
(0.00141548 -0.000166058 0)
(0.00140036 -0.000149937 0)
(0.00138744 -0.000134205 0)
(0.00137685 -0.000118578 0)
(0.00136861 -0.000102817 0)
(0.00136257 -8.68212e-05 0)
(0.00135834 -7.06577e-05 0)
(0.00135532 -5.45157e-05 0)
(0.00135287 -3.8648e-05 0)
(0.00135042 -2.33887e-05 0)
(0.00134758 -9.20546e-06 0)
(0.00139038 -0.000264367 0)
(0.00138072 -0.000273325 0)
(0.00137024 -0.000279163 0)
(0.00135812 -0.000281747 0)
(0.00134408 -0.000281072 0)
(0.00132853 -0.000277298 0)
(0.00131205 -0.000270693 0)
(0.00129494 -0.000261561 0)
(0.00127721 -0.000250203 0)
(0.00125878 -0.000236908 0)
(0.00123958 -0.000221987 0)
(0.00121962 -0.000205797 0)
(0.00119896 -0.000188726 0)
(0.0011777 -0.000171157 0)
(0.00115598 -0.000153432 0)
(0.00113399 -0.000135827 0)
(0.00111194 -0.00011854 0)
(0.00109011 -0.000101703 0)
(0.00106883 -8.54123e-05 0)
(0.00104849 -6.96952e-05 0)
(0.00102947 -5.44639e-05 0)
(0.00101221 -3.96558e-05 0)
(0.00099721 -2.53059e-05 0)
(0.000984912 -1.14117e-05 0)
(0.000975278 1.99126e-06 0)
(0.000968558 1.49288e-05 0)
(0.000965496 2.73342e-05 0)
(0.000966239 3.8984e-05 0)
(0.000970833 4.96426e-05 0)
(0.000979335 5.90643e-05 0)
(0.000991742 6.69968e-05 0)
(0.00100798 7.31978e-05 0)
(0.00102793 7.74407e-05 0)
(0.00105142 7.95135e-05 0)
(0.0010782 7.92258e-05 0)
(0.00110802 7.64077e-05 0)
(0.00114058 7.09447e-05 0)
(0.00117553 6.28046e-05 0)
(0.00121253 5.19828e-05 0)
(0.0012512 3.85227e-05 0)
(0.00129114 2.25176e-05 0)
(0.00133196 4.09993e-06 0)
(0.00137322 -1.65508e-05 0)
(0.00141451 -3.92116e-05 0)
(0.00145542 -6.36014e-05 0)
(0.00149551 -8.9383e-05 0)
(0.00153435 -0.000116183 0)
(0.0015715 -0.00014361 0)
(0.00160659 -0.000171252 0)
(0.00163921 -0.000198669 0)
(0.00166903 -0.000225428 0)
(0.0016957 -0.0002511 0)
(0.00171894 -0.00027527 0)
(0.00173849 -0.000297546 0)
(0.00175414 -0.000317573 0)
(0.00176574 -0.000335035 0)
(0.00177322 -0.000349661 0)
(0.00177652 -0.000361234 0)
(0.00177571 -0.000369596 0)
(0.00177088 -0.000374662 0)
(0.0017622 -0.000376425 0)
(0.00174993 -0.000374954 0)
(0.00173436 -0.000370399 0)
(0.00171585 -0.000362977 0)
(0.00169481 -0.000352971 0)
(0.00167169 -0.000340708 0)
(0.00164696 -0.000326553 0)
(0.0016211 -0.000310889 0)
(0.00159456 -0.000294105 0)
(0.0015678 -0.000276578 0)
(0.00154119 -0.000258661 0)
(0.00151509 -0.000240663 0)
(0.00148978 -0.000222846 0)
(0.0014655 -0.00020542 0)
(0.00144241 -0.000188541 0)
(0.00142065 -0.000172322 0)
(0.00140027 -0.000156841 0)
(0.00138133 -0.000142143 0)
(0.00136384 -0.000128246 0)
(0.00134785 -0.000115143 0)
(0.00133341 -0.000102786 0)
(0.00132063 -9.10914e-05 0)
(0.00130965 -7.99507e-05 0)
(0.00130058 -6.92444e-05 0)
(0.00129353 -5.88522e-05 0)
(0.00128853 -4.86449e-05 0)
(0.00128552 -3.84906e-05 0)
(0.00128444 -2.8285e-05 0)
(0.00128514 -1.79889e-05 0)
(0.0016399 -0.000237117 0)
(0.0016234 -0.000243299 0)
(0.00160682 -0.00024672 0)
(0.00158967 -0.000247407 0)
(0.00157171 -0.000245378 0)
(0.00155317 -0.000240725 0)
(0.00153457 -0.000233654 0)
(0.00151637 -0.000224417 0)
(0.00149886 -0.00021326 0)
(0.00148215 -0.000200412 0)
(0.0014663 -0.000186104 0)
(0.00145135 -0.000170589 0)
(0.00143735 -0.000154139 0)
(0.00142434 -0.000137031 0)
(0.00141234 -0.000119562 0)
(0.00140133 -0.000102032 0)
(0.00139124 -8.47036e-05 0)
(0.001382 -6.78469e-05 0)
(0.00137355 -5.17284e-05 0)
(0.00136587 -3.6528e-05 0)
(0.00135897 -2.24212e-05 0)
(0.00135297 -9.57672e-06 0)
(0.0013481 1.97002e-06 0)
(0.00134418 1.21243e-05 0)
(0.00134155 2.07892e-05 0)
(0.0013408 2.81281e-05 0)
(0.00134202 3.41485e-05 0)
(0.00134534 3.88053e-05 0)
(0.00135095 4.20663e-05 0)
(0.00135898 4.38717e-05 0)
(0.00136953 4.41207e-05 0)
(0.00138262 4.26893e-05 0)
(0.00139819 3.95177e-05 0)
(0.00141612 3.45473e-05 0)
(0.00143618 2.7731e-05 0)
(0.00145819 1.90478e-05 0)
(0.00148201 8.48276e-06 0)
(0.00150742 -3.99167e-06 0)
(0.00153404 -1.83422e-05 0)
(0.00156153 -3.44901e-05 0)
(0.00158953 -5.23114e-05 0)
(0.00161764 -7.16378e-05 0)
(0.00164546 -9.22562e-05 0)
(0.00167259 -0.000113908 0)
(0.00169859 -0.000136302 0)
(0.00172307 -0.000159125 0)
(0.00174565 -0.000182042 0)
(0.00176597 -0.000204709 0)
(0.0017837 -0.000226771 0)
(0.00179855 -0.000247863 0)
(0.00181026 -0.000267631 0)
(0.00181864 -0.000285738 0)
(0.00182353 -0.000301867 0)
(0.00182483 -0.000315732 0)
(0.00182252 -0.000327092 0)
(0.00181663 -0.000335756 0)
(0.00180728 -0.000341597 0)
(0.00179466 -0.000344553 0)
(0.001779 -0.000344632 0)
(0.0017606 -0.00034191 0)
(0.00173978 -0.000336528 0)
(0.00171691 -0.000328685 0)
(0.00169237 -0.000318634 0)
(0.00166655 -0.000306672 0)
(0.00163984 -0.000293123 0)
(0.0016126 -0.000278331 0)
(0.00158515 -0.000262642 0)
(0.00155781 -0.000246397 0)
(0.00153082 -0.000229912 0)
(0.0015044 -0.000213475 0)
(0.00147872 -0.000197334 0)
(0.00145394 -0.000181695 0)
(0.00143017 -0.000166723 0)
(0.00140753 -0.000152537 0)
(0.00138608 -0.000139209 0)
(0.00136591 -0.000126768 0)
(0.00134706 -0.000115204 0)
(0.00132957 -0.000104473 0)
(0.00131346 -9.45082e-05 0)
(0.00129876 -8.52255e-05 0)
(0.00128546 -7.65369e-05 0)
(0.00127356 -6.83473e-05 0)
(0.00126308 -6.05533e-05 0)
(0.00125404 -5.30457e-05 0)
(0.00124646 -4.57183e-05 0)
(0.00124041 -3.84769e-05 0)
(0.00123593 -3.1253e-05 0)
(0.00123303 -2.40191e-05 0)
(0.00123168 -1.67959e-05 0)
(0.00167696 -0.000195092 0)
(0.00165655 -0.000199584 0)
(0.00163672 -0.000201918 0)
(0.00161699 -0.000202181 0)
(0.00159738 -0.000200439 0)
(0.00157817 -0.000196741 0)
(0.00155978 -0.000191179 0)
(0.00154261 -0.000183909 0)
(0.00152695 -0.00017512 0)
(0.00151294 -0.000165012 0)
(0.00150062 -0.000153782 0)
(0.00149002 -0.000141627 0)
(0.00148113 -0.000128748 0)
(0.001474 -0.000115357 0)
(0.00146863 -0.000101664 0)
(0.001465 -8.7883e-05 0)
(0.00146308 -7.42192e-05 0)
(0.00146276 -6.08662e-05 0)
(0.00146396 -4.80218e-05 0)
(0.00146658 -3.58499e-05 0)
(0.00147049 -2.4511e-05 0)
(0.00147569 -1.41667e-05 0)
(0.00148194 -4.95503e-06 0)
(0.00148913 2.99e-06 0)
(0.00149747 9.66848e-06 0)
(0.00150689 1.4937e-05 0)
(0.00151725 1.86968e-05 0)
(0.00152853 2.0889e-05 0)
(0.00154071 2.14662e-05 0)
(0.00155376 2.03941e-05 0)
(0.00156757 1.76589e-05 0)
(0.00158216 1.32655e-05 0)
(0.00159757 7.1723e-06 0)
(0.00161368 -6.18839e-07 0)
(0.00163046 -1.00757e-05 0)
(0.00164776 -2.11144e-05 0)
(0.00166531 -3.36381e-05 0)
(0.00168285 -4.75772e-05 0)
(0.00170024 -6.28184e-05 0)
(0.00171723 -7.92141e-05 0)
(0.00173359 -9.65882e-05 0)
(0.00174903 -0.000114739 0)
(0.00176329 -0.000133445 0)
(0.00177611 -0.000152459 0)
(0.00178725 -0.000171514 0)
(0.00179645 -0.000190323 0)
(0.00180347 -0.000208582 0)
(0.00180815 -0.000225988 0)
(0.00181036 -0.000242247 0)
(0.00181002 -0.00025708 0)
(0.00180712 -0.00027023 0)
(0.00180169 -0.000281474 0)
(0.0017938 -0.000290628 0)
(0.00178359 -0.000297557 0)
(0.00177124 -0.000302168 0)
(0.00175693 -0.000304418 0)
(0.00174091 -0.000304319 0)
(0.0017234 -0.000301931 0)
(0.00170466 -0.00029737 0)
(0.00168495 -0.000290795 0)
(0.00166453 -0.000282405 0)
(0.00164361 -0.000272425 0)
(0.00162239 -0.00026109 0)
(0.001601 -0.00024864 0)
(0.00157959 -0.000235312 0)
(0.00155825 -0.000221332 0)
(0.00153706 -0.000206914 0)
(0.00151608 -0.000192261 0)
(0.00149534 -0.000177563 0)
(0.00147487 -0.000162998 0)
(0.00145471 -0.000148732 0)
(0.00143485 -0.000134919 0)
(0.00141533 -0.000121694 0)
(0.00139619 -0.000109182 0)
(0.00137746 -9.74891e-05 0)
(0.00135921 -8.66939e-05 0)
(0.0013415 -7.68546e-05 0)
(0.0013244 -6.79946e-05 0)
(0.00130803 -6.01003e-05 0)
(0.00129247 -5.31228e-05 0)
(0.00127784 -4.6991e-05 0)
(0.00126422 -4.16072e-05 0)
(0.00125171 -3.68526e-05 0)
(0.00124041 -3.2607e-05 0)
(0.00123041 -2.87432e-05 0)
(0.00122177 -2.51322e-05 0)
(0.00121457 -2.16525e-05 0)
(0.00120883 -1.81972e-05 0)
(0.00120461 -1.46779e-05 0)
(0.00157135 -0.000152811 0)
(0.00155353 -0.000156393 0)
(0.00153661 -0.000158717 0)
(0.00152008 -0.000159739 0)
(0.0015039 -0.000159414 0)
(0.00148833 -0.000157733 0)
(0.00147369 -0.000154737 0)
(0.00146027 -0.00015051 0)
(0.00144828 -0.000145164 0)
(0.00143782 -0.000138827 0)
(0.00142896 -0.000131621 0)
(0.00142175 -0.000123668 0)
(0.00141622 -0.000115086 0)
(0.00141243 -0.000105999 0)
(0.00141043 -9.6547e-05 0)
(0.00141022 -8.688e-05 0)
(0.00141177 -7.7162e-05 0)
(0.00141504 -6.75597e-05 0)
(0.00141993 -5.82375e-05 0)
(0.00142634 -4.93655e-05 0)
(0.00143417 -4.10898e-05 0)
(0.00144329 -3.35725e-05 0)
(0.00145359 -2.69685e-05 0)
(0.00146495 -2.13339e-05 0)
(0.00147726 -1.67892e-05 0)
(0.00149043 -1.34624e-05 0)
(0.00150431 -1.14243e-05 0)
(0.00151877 -1.07271e-05 0)
(0.00153366 -1.14209e-05 0)
(0.0015489 -1.35409e-05 0)
(0.00156437 -1.7089e-05 0)
(0.00157986 -2.203e-05 0)
(0.00159517 -2.8373e-05 0)
(0.00161021 -3.60985e-05 0)
(0.00162485 -4.51684e-05 0)
(0.00163896 -5.55402e-05 0)
(0.00165241 -6.71319e-05 0)
(0.00166509 -7.98038e-05 0)
(0.00167686 -9.34085e-05 0)
(0.00168762 -0.000107769 0)
(0.00169722 -0.000122691 0)
(0.00170556 -0.00013797 0)
(0.00171253 -0.000153396 0)
(0.00171805 -0.00016875 0)
(0.00172209 -0.000183806 0)
(0.00172464 -0.000198332 0)
(0.00172571 -0.000212095 0)
(0.00172534 -0.000224871 0)
(0.00172356 -0.000236463 0)
(0.00172043 -0.000246706 0)
(0.00171603 -0.000255457 0)
(0.00171044 -0.000262585 0)
(0.00170374 -0.000267985 0)
(0.00169604 -0.000271589 0)
(0.0016874 -0.000273367 0)
(0.00167793 -0.00027332 0)
(0.00166767 -0.00027147 0)
(0.00165667 -0.000267857 0)
(0.00164491 -0.000262537 0)
(0.00163238 -0.000255577 0)
(0.00161907 -0.000247066 0)
(0.00160496 -0.000237113 0)
(0.00159007 -0.000225846 0)
(0.00157442 -0.000213422 0)
(0.00155805 -0.000200025 0)
(0.00154101 -0.00018586 0)
(0.00152338 -0.00017115 0)
(0.00150524 -0.000156129 0)
(0.00148669 -0.000141037 0)
(0.00146786 -0.000126107 0)
(0.00144889 -0.00011156 0)
(0.0014299 -9.75999e-05 0)
(0.00141104 -8.43893e-05 0)
(0.00139244 -7.20674e-05 0)
(0.0013742 -6.07557e-05 0)
(0.00135642 -5.05001e-05 0)
(0.00133919 -4.13605e-05 0)
(0.00132259 -3.33817e-05 0)
(0.00130671 -2.65377e-05 0)
(0.0012916 -2.07801e-05 0)
(0.00127731 -1.60435e-05 0)
(0.0012639 -1.22462e-05 0)
(0.00125143 -9.28783e-06 0)
(0.00123991 -7.04353e-06 0)
(0.00122942 -5.3794e-06 0)
(0.00122001 -4.16095e-06 0)
(0.00121173 -3.25879e-06 0)
(0.00120465 -2.55186e-06 0)
(0.00119881 -1.93483e-06 0)
(0.00152235 -0.000121226 0)
(0.00150904 -0.00012468 0)
(0.00149646 -0.000127399 0)
(0.00148427 -0.000129295 0)
(0.0014723 -0.000130265 0)
(0.0014606 -0.000130263 0)
(0.00144932 -0.000129298 0)
(0.00143867 -0.000127415 0)
(0.00142882 -0.00012468 0)
(0.00141988 -0.000121169 0)
(0.00141192 -0.000116971 0)
(0.00140502 -0.000112181 0)
(0.00139927 -0.000106896 0)
(0.00139474 -0.000101219 0)
(0.00139153 -9.5262e-05 0)
(0.00138968 -8.91461e-05 0)
(0.00138923 -8.29954e-05 0)
(0.00139021 -7.6932e-05 0)
(0.00139262 -7.10751e-05 0)
(0.00139645 -6.5541e-05 0)
(0.00140167 -6.04368e-05 0)
(0.00140821 -5.58645e-05 0)
(0.00141601 -5.19157e-05 0)
(0.00142498 -4.86691e-05 0)
(0.00143503 -4.62073e-05 0)
(0.00144606 -4.46004e-05 0)
(0.0014579 -4.39109e-05 0)
(0.00147036 -4.41814e-05 0)
(0.00148327 -4.54519e-05 0)
(0.00149648 -4.77618e-05 0)
(0.00150983 -5.11516e-05 0)
(0.00152316 -5.56718e-05 0)
(0.00153632 -6.13092e-05 0)
(0.00154917 -6.80608e-05 0)
(0.00156162 -7.58979e-05 0)
(0.00157356 -8.47613e-05 0)
(0.0015849 -9.458e-05 0)
(0.00159559 -0.000105257 0)
(0.0016056 -0.000116675 0)
(0.00161492 -0.000128699 0)
(0.00162346 -0.000141173 0)
(0.00163117 -0.000153914 0)
(0.001638 -0.000166726 0)
(0.00164393 -0.000179408 0)
(0.00164895 -0.000191774 0)
(0.00165306 -0.000203647 0)
(0.00165621 -0.000214858 0)
(0.00165833 -0.000225232 0)
(0.00165936 -0.000234566 0)
(0.00165923 -0.000242703 0)
(0.00165794 -0.000249556 0)
(0.00165549 -0.000255025 0)
(0.00165179 -0.000258977 0)
(0.00164676 -0.000261268 0)
(0.00164029 -0.000261763 0)
(0.00163231 -0.000260355 0)
(0.00162278 -0.000256975 0)
(0.00161168 -0.000251598 0)
(0.00159903 -0.000244253 0)
(0.00158491 -0.000235009 0)
(0.00156939 -0.000223984 0)
(0.00155259 -0.00021134 0)
(0.00153462 -0.000197289 0)
(0.00151563 -0.000182087 0)
(0.0014958 -0.000166023 0)
(0.00147531 -0.000149404 0)
(0.00145439 -0.000132537 0)
(0.00143326 -0.000115724 0)
(0.00141212 -9.92551e-05 0)
(0.00139118 -8.33887e-05 0)
(0.00137061 -6.83549e-05 0)
(0.00135059 -5.43486e-05 0)
(0.0013313 -4.15267e-05 0)
(0.00131278 -2.99935e-05 0)
(0.00129521 -1.98067e-05 0)
(0.00127868 -1.10374e-05 0)
(0.00126308 -3.67005e-06 0)
(0.0012485 2.35752e-06 0)
(0.00123507 7.10249e-06 0)
(0.00122275 1.06355e-05 0)
(0.0012115 1.30585e-05 0)
(0.00120127 1.44843e-05 0)
(0.00119207 1.50323e-05 0)
(0.00118389 1.48397e-05 0)
(0.0011767 1.40483e-05 0)
(0.00117046 1.27969e-05 0)
(0.00116514 1.1221e-05 0)
(0.00116074 9.44973e-06 0)
(0.00115723 7.60193e-06 0)
(0.00156811 -9.47036e-05 0)
(0.00155595 -9.8666e-05 0)
(0.00154444 -0.000101873 0)
(0.00153333 -0.000104239 0)
(0.00152245 -0.000105752 0)
(0.00151176 -0.000106444 0)
(0.00150138 -0.000106358 0)
(0.00149145 -0.000105542 0)
(0.00148207 -0.000104055 0)
(0.00147333 -0.000101969 0)
(0.00146526 -9.93718e-05 0)
(0.00145791 -9.63581e-05 0)
(0.00145135 -9.30267e-05 0)
(0.00144566 -8.94806e-05 0)
(0.0014409 -8.58234e-05 0)
(0.00143714 -8.21564e-05 0)
(0.00143445 -7.85775e-05 0)
(0.00143285 -7.51771e-05 0)
(0.00143239 -7.20428e-05 0)
(0.00143308 -6.92505e-05 0)
(0.00143492 -6.68679e-05 0)
(0.00143791 -6.49527e-05 0)
(0.00144204 -6.35507e-05 0)
(0.00144725 -6.27034e-05 0)
(0.00145347 -6.24401e-05 0)
(0.00146067 -6.27996e-05 0)
(0.00146873 -6.38247e-05 0)
(0.00147753 -6.55387e-05 0)
(0.00148688 -6.79443e-05 0)
(0.0014966 -7.10406e-05 0)
(0.00150652 -7.48456e-05 0)
(0.00151644 -7.93991e-05 0)
(0.0015262 -8.47375e-05 0)
(0.00153567 -9.09054e-05 0)
(0.00154479 -9.79122e-05 0)
(0.00155346 -0.000105733 0)
(0.00156158 -0.000114346 0)
(0.0015691 -0.000123602 0)
(0.00157593 -0.000133409 0)
(0.001582 -0.000143757 0)
(0.00158726 -0.0001546 0)
(0.00159163 -0.000165788 0)
(0.00159503 -0.000177099 0)
(0.00159729 -0.000188293 0)
(0.00159823 -0.000199147 0)
(0.00159774 -0.000209445 0)
(0.0015957 -0.000218979 0)
(0.00159208 -0.000227534 0)
(0.00158677 -0.000234841 0)
(0.00157943 -0.000240635 0)
(0.00156984 -0.000244703 0)
(0.00155809 -0.000246933 0)
(0.00154429 -0.000247259 0)
(0.00152854 -0.000245619 0)
(0.00151091 -0.000241962 0)
(0.00149149 -0.000236266 0)
(0.00147044 -0.000228548 0)
(0.00144791 -0.000218872 0)
(0.0014241 -0.000207379 0)
(0.00139929 -0.000194268 0)
(0.00137376 -0.00017977 0)
(0.00134785 -0.000164162 0)
(0.00132185 -0.000147752 0)
(0.00129605 -0.000130855 0)
(0.00127071 -0.000113792 0)
(0.00124612 -9.68571e-05 0)
(0.00122251 -8.03235e-05 0)
(0.00120008 -6.44469e-05 0)
(0.00117893 -4.94286e-05 0)
(0.00115922 -3.54698e-05 0)
(0.00114099 -2.27271e-05 0)
(0.00112424 -1.1281e-05 0)
(0.00110907 -1.20876e-06 0)
(0.00109542 7.46478e-06 0)
(0.00108314 1.47385e-05 0)
(0.0010722 2.05968e-05 0)
(0.00106264 2.51295e-05 0)
(0.00105433 2.84422e-05 0)
(0.00104711 3.06046e-05 0)
(0.00104092 3.17014e-05 0)
(0.00103568 3.18378e-05 0)
(0.00103132 3.11364e-05 0)
(0.00102775 2.97187e-05 0)
(0.00102491 2.76885e-05 0)
(0.00102275 2.51562e-05 0)
(0.00102119 2.22379e-05 0)
(0.00102019 1.90478e-05 0)
(0.0010197 1.57092e-05 0)
(0.0010197 1.23475e-05 0)
(0.00155394 -6.82164e-05 0)
(0.00154197 -7.38194e-05 0)
(0.00153126 -7.86686e-05 0)
(0.00152114 -8.245e-05 0)
(0.00151123 -8.51871e-05 0)
(0.00150147 -8.7005e-05 0)
(0.00149198 -8.80436e-05 0)
(0.00148294 -8.84125e-05 0)
(0.00147446 -8.81959e-05 0)
(0.00146659 -8.74799e-05 0)
(0.00145932 -8.63533e-05 0)
(0.0014527 -8.49088e-05 0)
(0.00144677 -8.32426e-05 0)
(0.00144156 -8.14548e-05 0)
(0.00143713 -7.96398e-05 0)
(0.00143352 -7.78913e-05 0)
(0.00143074 -7.63018e-05 0)
(0.00142884 -7.49519e-05 0)
(0.00142782 -7.39197e-05 0)
(0.00142771 -7.3257e-05 0)
(0.00142849 -7.30064e-05 0)
(0.00143016 -7.31933e-05 0)
(0.0014327 -7.38121e-05 0)
(0.00143606 -7.48675e-05 0)
(0.00144015 -7.63077e-05 0)
(0.00144485 -7.81196e-05 0)
(0.00145001 -8.03251e-05 0)
(0.00145552 -8.29493e-05 0)
(0.00146125 -8.60077e-05 0)
(0.00146698 -8.94917e-05 0)
(0.00147244 -9.34471e-05 0)
(0.00147737 -9.78892e-05 0)
(0.00148156 -0.000102879 0)
(0.0014848 -0.000108454 0)
(0.00148711 -0.000114579 0)
(0.00148828 -0.000121362 0)
(0.00148836 -0.000128701 0)
(0.0014874 -0.000136396 0)
(0.00148484 -0.000144251 0)
(0.00148034 -0.000152104 0)
(0.00147398 -0.000159856 0)
(0.00146589 -0.00016743 0)
(0.0014561 -0.000174736 0)
(0.0014444 -0.000181698 0)
(0.00143056 -0.000188162 0)
(0.00141447 -0.000193969 0)
(0.00139589 -0.00019885 0)
(0.00137489 -0.000202548 0)
(0.00135173 -0.00020499 0)
(0.00132639 -0.000205994 0)
(0.00129872 -0.000205275 0)
(0.00126869 -0.000202626 0)
(0.00123659 -0.000197954 0)
(0.00120289 -0.000191279 0)
(0.00116811 -0.000182741 0)
(0.00113277 -0.000172526 0)
(0.0010975 -0.000160891 0)
(0.00106277 -0.000148151 0)
(0.00102902 -0.000134612 0)
(0.000996776 -0.000120578 0)
(0.000966448 -0.000106337 0)
(0.000938303 -9.21376e-05 0)
(0.000912488 -7.81771e-05 0)
(0.000889083 -6.4615e-05 0)
(0.000868101 -5.15853e-05 0)
(0.000849512 -3.92103e-05 0)
(0.000833253 -2.75807e-05 0)
(0.000819217 -1.67724e-05 0)
(0.000807152 -6.89825e-06 0)
(0.000796867 1.99648e-06 0)
(0.000788365 9.90011e-06 0)
(0.000781484 1.67773e-05 0)
(0.000776026 2.2574e-05 0)
(0.000771858 2.7258e-05 0)
(0.000768867 3.08498e-05 0)
(0.000766909 3.34085e-05 0)
(0.000765824 3.49488e-05 0)
(0.000765449 3.5517e-05 0)
(0.000765634 3.52102e-05 0)
(0.000766234 3.41251e-05 0)
(0.0007671 3.23596e-05 0)
(0.00076808 3.00185e-05 0)
(0.000769036 2.72008e-05 0)
(0.000769859 2.39985e-05 0)
(0.00077048 2.05146e-05 0)
(0.000770862 1.68622e-05 0)
(0.000770984 1.31353e-05 0)
(0.000770831 9.4115e-06 0)
(0.000770393 5.7974e-06 0)
(0.00144574 -3.75831e-05 0)
(0.00143294 -4.33261e-05 0)
(0.00142359 -4.85754e-05 0)
(0.00141533 -5.29776e-05 0)
(0.001407 -5.65597e-05 0)
(0.00139831 -5.93969e-05 0)
(0.00138946 -6.15597e-05 0)
(0.00138074 -6.31247e-05 0)
(0.00137236 -6.41815e-05 0)
(0.00136439 -6.48226e-05 0)
(0.00135685 -6.51349e-05 0)
(0.00134975 -6.52092e-05 0)
(0.00134312 -6.51387e-05 0)
(0.001337 -6.50237e-05 0)
(0.00133143 -6.49587e-05 0)
(0.00132641 -6.50373e-05 0)
(0.00132197 -6.53323e-05 0)
(0.00131811 -6.59191e-05 0)
(0.00131482 -6.68481e-05 0)
(0.00131213 -6.81627e-05 0)
(0.00130999 -6.98868e-05 0)
(0.00130842 -7.20029e-05 0)
(0.00130735 -7.44893e-05 0)
(0.00130671 -7.72477e-05 0)
(0.00130649 -8.01857e-05 0)
(0.00130631 -8.31327e-05 0)
(0.00130594 -8.58653e-05 0)
(0.00130518 -8.81853e-05 0)
(0.00130388 -8.99776e-05 0)
(0.00130181 -9.13497e-05 0)
(0.00129856 -9.24596e-05 0)
(0.001294 -9.36295e-05 0)
(0.00128768 -9.52135e-05 0)
(0.00127964 -9.73394e-05 0)
(0.00126963 -0.000100303 0)
(0.00125715 -0.000104237 0)
(0.00124289 -0.000109093 0)
(0.00122706 -0.000114838 0)
(0.00120922 -0.000121181 0)
(0.00118881 -0.000127571 0)
(0.00116545 -0.000133467 0)
(0.00113894 -0.00013839 0)
(0.00110923 -0.000142018 0)
(0.00107625 -0.000144076 0)
(0.00104024 -0.000144384 0)
(0.0010014 -0.00014271 0)
(0.000960516 -0.00013905 0)
(0.000917485 -0.000133459 0)
(0.000872813 -0.000126338 0)
(0.000827673 -0.000118292 0)
(0.000783056 -0.000109946 0)
(0.000739684 -0.000101805 0)
(0.000698179 -9.42318e-05 0)
(0.000659128 -8.74145e-05 0)
(0.000623144 -8.14087e-05 0)
(0.000590579 -7.62128e-05 0)
(0.000561389 -7.16543e-05 0)
(0.000535507 -6.7387e-05 0)
(0.000512771 -6.30565e-05 0)
(0.00049291 -5.84395e-05 0)
(0.000475654 -5.33961e-05 0)
(0.000460753 -4.78199e-05 0)
(0.000447947 -4.16821e-05 0)
(0.000437005 -3.50648e-05 0)
(0.000427722 -2.81324e-05 0)
(0.000419954 -2.10906e-05 0)
(0.000413581 -1.41046e-05 0)
(0.000408469 -7.25501e-06 0)
(0.000404584 -6.02898e-07 0)
(0.000401876 5.69611e-06 0)
(0.000400128 1.14358e-05 0)
(0.000399154 1.64613e-05 0)
(0.000398822 2.07014e-05 0)
(0.000398966 2.41401e-05 0)
(0.00039947 2.68016e-05 0)
(0.000400252 2.87298e-05 0)
(0.00040121 2.9985e-05 0)
(0.000402239 3.06454e-05 0)
(0.000403241 3.07981e-05 0)
(0.000404134 3.05307e-05 0)
(0.000404849 2.99241e-05 0)
(0.000405331 2.90344e-05 0)
(0.000405545 2.78754e-05 0)
(0.000405467 2.64263e-05 0)
(0.000405091 2.46684e-05 0)
(0.000404423 2.2624e-05 0)
(0.000403476 2.03695e-05 0)
(0.000402264 1.80192e-05 0)
(0.000400805 1.56949e-05 0)
(0.00124677 -2.9177e-05 0)
(0.00123118 -3.5519e-05 0)
(0.00122065 -4.05254e-05 0)
(0.00121096 -4.50983e-05 0)
(0.00120062 -4.90257e-05 0)
(0.00118959 -5.20303e-05 0)
(0.00117816 -5.41185e-05 0)
(0.0011666 -5.54615e-05 0)
(0.00115506 -5.62829e-05 0)
(0.00114361 -5.67618e-05 0)
(0.00113228 -5.70213e-05 0)
(0.00112108 -5.71585e-05 0)
(0.00110998 -5.72547e-05 0)
(0.001099 -5.73904e-05 0)
(0.00108813 -5.76462e-05 0)
(0.0010774 -5.80903e-05 0)
(0.00106677 -5.87864e-05 0)
(0.00105625 -5.97898e-05 0)
(0.00104577 -6.11388e-05 0)
(0.00103531 -6.2873e-05 0)
(0.0010248 -6.49948e-05 0)
(0.00101422 -6.75025e-05 0)
(0.00100356 -7.03669e-05 0)
(0.000992754 -7.35143e-05 0)
(0.000981869 -7.68529e-05 0)
(0.000970951 -8.02146e-05 0)
(0.000959891 -8.32678e-05 0)
(0.000948406 -8.56321e-05 0)
(0.000935788 -8.70933e-05 0)
(0.000921256 -8.73999e-05 0)
(0.000904165 -8.65741e-05 0)
(0.000883732 -8.47533e-05 0)
(0.000859938 -8.17942e-05 0)
(0.000833282 -7.80506e-05 0)
(0.000803108 -7.37627e-05 0)
(0.000769207 -6.86567e-05 0)
(0.000732328 -6.29141e-05 0)
(0.000693125 -5.68512e-05 0)
(0.000652222 -5.06425e-05 0)
(0.000610227 -4.42775e-05 0)
(0.000567647 -3.76271e-05 0)
(0.000525143 -3.08009e-05 0)
(0.000483314 -2.42654e-05 0)
(0.000442712 -1.87261e-05 0)
(0.000403931 -1.48578e-05 0)
(0.00036712 -1.3104e-05 0)
(0.000333031 -1.34185e-05 0)
(0.000301802 -1.497e-05 0)
(0.000273658 -1.72007e-05 0)
(0.000248372 -2.00842e-05 0)
(0.000225588 -2.3557e-05 0)
(0.000205043 -2.73651e-05 0)
(0.000186438 -3.1144e-05 0)
(0.000169399 -3.45285e-05 0)
(0.000153514 -3.72047e-05 0)
(0.000138519 -3.89663e-05 0)
(0.000124337 -3.96823e-05 0)
(0.000110974 -3.92684e-05 0)
(9.84829e-05 -3.77562e-05 0)
(8.69555e-05 -3.52247e-05 0)
(7.64961e-05 -3.17926e-05 0)
(6.72072e-05 -2.76208e-05 0)
(5.91797e-05 -2.29008e-05 0)
(5.24939e-05 -1.78307e-05 0)
(4.72062e-05 -1.2586e-05 0)
(4.33341e-05 -7.30469e-06 0)
(4.08603e-05 -2.1074e-06 0)
(3.97461e-05 2.90021e-06 0)
(3.9884e-05 7.63881e-06 0)
(4.11991e-05 1.19973e-05 0)
(4.35928e-05 1.59017e-05 0)
(4.6958e-05 1.93096e-05 0)
(5.11765e-05 2.21876e-05 0)
(5.61177e-05 2.45221e-05 0)
(6.16209e-05 2.63183e-05 0)
(6.75159e-05 2.75892e-05 0)
(7.36563e-05 2.8356e-05 0)
(7.99171e-05 2.86469e-05 0)
(8.61913e-05 2.84949e-05 0)
(9.23893e-05 2.79355e-05 0)
(9.84377e-05 2.7005e-05 0)
(0.000104275 2.5739e-05 0)
(0.000109847 2.4173e-05 0)
(0.000115096 2.2347e-05 0)
(0.000119961 2.03102e-05 0)
(0.000124383 1.81194e-05 0)
(0.000128313 1.58374e-05 0)
(0.000131722 1.3524e-05 0)
(0.000134604 1.12465e-05 0)
(0.000669755 3.02823e-05 0)
(0.0006816 1.96116e-05 0)
(0.000668089 1.20151e-05 0)
(0.000654197 5.04857e-06 0)
(0.000641814 -8.82443e-07 0)
(0.000629531 -5.36008e-06 0)
(0.000616102 -8.50948e-06 0)
(0.000601371 -1.06687e-05 0)
(0.000585664 -1.21879e-05 0)
(0.000569394 -1.33399e-05 0)
(0.000552839 -1.42967e-05 0)
(0.00053611 -1.51618e-05 0)
(0.000519223 -1.60022e-05 0)
(0.00050216 -1.68579e-05 0)
(0.000484883 -1.77592e-05 0)
(0.000467342 -1.87386e-05 0)
(0.000449461 -1.98317e-05 0)
(0.000431149 -2.10686e-05 0)
(0.000412295 -2.24625e-05 0)
(0.000392766 -2.4005e-05 0)
(0.000372411 -2.56876e-05 0)
(0.000351062 -2.74883e-05 0)
(0.000328582 -2.93082e-05 0)
(0.000304878 -3.0979e-05 0)
(0.000279914 -3.22704e-05 0)
(0.000253768 -3.2699e-05 0)
(0.000226804 -3.1315e-05 0)
(0.000199731 -2.71007e-05 0)
(0.000173508 -1.97182e-05 0)
(0.000149126 -9.76951e-06 0)
(0.000127372 1.62391e-06 0)
(0.000108744 1.32598e-05 0)
(9.34481e-05 2.4145e-05 0)
(8.15954e-05 3.37035e-05 0)
(7.29761e-05 4.16439e-05 0)
(6.72891e-05 4.75777e-05 0)
(6.39898e-05 5.12309e-05 0)
(6.25204e-05 5.24748e-05 0)
(6.23091e-05 5.13056e-05 0)
(6.30831e-05 4.78935e-05 0)
(6.44606e-05 4.27111e-05 0)
(6.60787e-05 3.62862e-05 0)
(6.76541e-05 2.91562e-05 0)
(6.88907e-05 2.18294e-05 0)
(6.94253e-05 1.47569e-05 0)
(6.90217e-05 8.26609e-06 0)
(6.7472e-05 2.73951e-06 0)
(6.44909e-05 -1.7122e-06 0)
(5.99828e-05 -5.14631e-06 0)
(5.40089e-05 -7.70253e-06 0)
(4.67119e-05 -9.51441e-06 0)
(3.81823e-05 -1.07698e-05 0)
(2.85404e-05 -1.16545e-05 0)
(1.7936e-05 -1.23265e-05 0)
(6.54204e-06 -1.28804e-05 0)
(-5.46114e-06 -1.33247e-05 0)
(-1.77345e-05 -1.36561e-05 0)
(-2.99567e-05 -1.3822e-05 0)
(-4.19244e-05 -1.37931e-05 0)
(-5.33941e-05 -1.35545e-05 0)
(-6.41257e-05 -1.31019e-05 0)
(-7.38952e-05 -1.24412e-05 0)
(-8.25063e-05 -1.15865e-05 0)
(-8.98038e-05 -1.05605e-05 0)
(-9.5679e-05 -9.39423e-06 0)
(-0.000100066 -8.12252e-06 0)
(-0.000102937 -6.77974e-06 0)
(-0.000104291 -5.39676e-06 0)
(-0.000104204 -4.00276e-06 0)
(-0.000102792 -2.62081e-06 0)
(-0.000100163 -1.28144e-06 0)
(-9.64255e-05 -1.32575e-08 0)
(-9.17083e-05 1.16036e-06 0)
(-8.615e-05 2.21625e-06 0)
(-7.98972e-05 3.13586e-06 0)
(-7.30991e-05 3.91676e-06 0)
(-6.59025e-05 4.56522e-06 0)
(-5.84473e-05 5.09174e-06 0)
(-5.0864e-05 5.50862e-06 0)
(-4.32724e-05 5.82803e-06 0)
(-3.57825e-05 6.06e-06 0)
(-2.84931e-05 6.21024e-06 0)
(-2.14916e-05 6.2811e-06 0)
(-1.48566e-05 6.27331e-06 0)
(-8.66063e-06 6.18819e-06 0)
(-2.96357e-06 6.02896e-06 0)
(2.18224e-06 5.80426e-06 0)
(6.76226e-06 5.52305e-06 0)
(1.07868e-05 5.20486e-06 0)
)
;

boundaryField
{
    inlet
    {
        type            fixedValue;
        value           nonuniform List<vector> 0();
    }
    outlet
    {
        type            zeroGradient;
    }
    wall
    {
        type            noSlip;
    }
    obstacle
    {
        type            noSlip;
    }
    frontAndBack
    {
        type            empty;
    }
    procBoundary2to1
    {
        type            processor;
        value           nonuniform List<vector> 
30
(
(0.000763182 -5.77291e-05 0)
(0.00140636 -5.48024e-06 0)
(0.00161769 -7.93495e-06 0)
(0.00168809 -5.05963e-06 0)
(0.00165944 -5.00854e-06 0)
(0.00171101 -2.28887e-05 0)
(0.00181464 -5.01825e-05 0)
(0.00174096 -6.57188e-05 0)
(0.00143739 -8.02498e-05 0)
(0.00103451 -0.000111388 0)
(0.000641907 -0.000155139 0)
(0.00026034 -0.000202169 0)
(-0.000122428 -0.000247347 0)
(-0.000455372 -0.000290453 0)
(-0.000627057 -0.000315869 0)
(-0.0005309 -0.000308136 0)
(-0.000210117 -0.000278358 0)
(0.000159697 -0.000266297 0)
(0.000558565 -0.000262816 0)
(0.00100089 -0.000258528 0)
(0.00140005 -0.000252499 0)
(0.00165692 -0.000228264 0)
(0.00169886 -0.000188424 0)
(0.00159087 -0.000147895 0)
(0.00153672 -0.000117008 0)
(0.0015812 -9.0161e-05 0)
(0.00156786 -6.2728e-05 0)
(0.00146397 -3.2669e-05 0)
(0.00127182 -1.39604e-05 0)
(0.000609248 5.98596e-05 0)
)
;
    }
    procBoundary2to3
    {
        type            processor;
        value           nonuniform List<vector> 
31
(
(-1.75245e-05 7.98079e-06 0)
(8.49217e-05 1.79601e-05 0)
(0.000340375 3.20605e-05 0)
(0.000718715 3.86517e-05 0)
(0.00117963 7.92634e-05 0)
(0.0014855 0.000100825 0)
(0.00161835 0.00010121 0)
(0.00169815 9.70647e-05 0)
(0.00174259 8.61848e-05 0)
(0.0016643 5.16385e-05 0)
(0.00146761 -1.47011e-05 0)
(0.00122383 -0.000101979 0)
(0.000993407 -0.000193569 0)
(0.000818514 -0.000270173 0)
(0.000738672 -0.000307573 0)
(0.000840816 -0.000276712 0)
(0.000840816 -0.000276712 0)
(0.00112124 -0.000130062 0)
(0.00131708 -1.91861e-05 0)
(0.0013446 -2.54716e-05 0)
(0.00134413 3.36098e-06 0)
(0.00128741 -7.63403e-06 0)
(0.00123187 -9.65176e-06 0)
(0.00120191 -1.10327e-05 0)
(0.00119424 -1.32369e-06 0)
(0.00115459 5.78053e-06 0)
(0.00102013 9.06848e-06 0)
(0.000769653 2.42709e-06 0)
(0.000399125 1.34943e-05 0)
(0.000136975 9.06427e-06 0)
(1.42593e-05 4.86828e-06 0)
)
;
    }
}


// ************************************************************************* //
