/*--------------------------------*- C++ -*----------------------------------*\
| =========                 |                                                 |
| \\      /  F ield         | OpenFOAM: The Open Source CFD Toolbox           |
|  \\    /   O peration     | Version:  2312                                  |
|   \\  /    A nd           | Website:  www.openfoam.com                      |
|    \\/     M anipulation  |                                                 |
\*---------------------------------------------------------------------------*/
FoamFile
{
    version     2.0;
    format      ascii;
    arch        "LSB;label=32;scalar=64";
    class       surfaceScalarField;
    location    "6000";
    object      phi;
}
// * * * * * * * * * * * * * * * * * * * * * * * * * * * * * * * * * * * * * //

dimensions      [0 3 -1 0 0 0 0];

oriented        oriented;

internalField   nonuniform List<scalar> 
5309
(
0.00012913
3.77411e-05
0.000112278
1.68516e-05
9.84862e-05
1.3792e-05
8.89077e-05
9.57842e-06
8.41817e-05
4.72604e-06
8.34144e-05
7.67254e-07
8.49639e-05
-1.54947e-06
8.73563e-05
-2.3924e-06
8.9558e-05
-2.20166e-06
9.11839e-05
-1.62594e-06
9.22211e-05
-1.03717e-06
9.26825e-05
-4.6147e-07
9.25344e-05
1.48135e-07
9.1762e-05
7.72439e-07
9.02693e-05
1.49265e-06
8.83794e-05
1.88987e-06
8.5663e-05
2.71649e-06
8.32388e-05
2.42418e-06
7.98392e-05
3.39961e-06
7.79904e-05
1.84881e-06
7.46575e-05
3.33282e-06
7.42608e-05
3.96763e-07
7.17276e-05
2.5332e-06
7.305e-05
-1.32245e-06
7.14584e-05
1.59166e-06
7.51342e-05
-3.6758e-06
7.17292e-05
3.40497e-06
8.45781e-05
-1.28489e-05
5.93881e-05
2.51901e-05
-3.55462e-05
9.49342e-05
0.000214449
4.08717e-05
0.000209259
2.20413e-05
0.000204732
1.83186e-05
0.000200924
1.3387e-05
0.000199254
6.39515e-06
0.000199877
1.44371e-07
0.000202666
-4.33862e-06
0.000206181
-5.90687e-06
0.000209665
-5.68616e-06
0.00021273
-4.69015e-06
0.000215259
-3.56616e-06
0.000217191
-2.39364e-06
0.00021841
-1.07078e-06
0.000218951
2.30834e-07
0.000218542
1.90181e-06
0.000217506
2.9259e-06
0.000215147
5.07519e-06
0.000212991
4.58057e-06
0.000208916
7.47469e-06
0.000206866
3.89854e-06
0.000201865
8.33364e-06
0.000201327
9.35593e-07
0.000196379
7.48127e-06
0.000198289
-3.23291e-06
0.000193683
6.19718e-06
0.000199683
-9.67534e-06
0.000192676
1.04123e-05
0.000205537
-2.57106e-05
0.000203449
2.72787e-05
-3.89489e-05
0.000206851
0.00025171
3.48381e-05
0.000254188
1.95633e-05
0.000257683
1.48231e-05
0.00025984
1.12307e-05
0.000261076
5.15897e-06
0.000262591
-1.37109e-06
0.000264333
-6.0806e-06
0.000266793
-8.36616e-06
0.000269719
-8.61253e-06
0.000272833
-7.80399e-06
0.000275833
-6.56673e-06
0.000278577
-5.1378e-06
0.000280827
-3.32053e-06
0.000282714
-1.65607e-06
0.000283633
9.82427e-07
0.000284453
2.10655e-06
0.000283544
5.98371e-06
0.000283508
4.61655e-06
0.000280428
1.05546e-05
0.000280171
4.15554e-06
0.000275347
1.31581e-05
0.000275292
9.90086e-07
0.000270471
1.23026e-05
0.000270351
-3.11234e-06
0.000267133
9.41516e-06
0.000267791
-1.03333e-05
0.000267068
1.11351e-05
0.000266638
-2.52809e-05
0.000277152
1.67649e-05
-2.87171e-05
0.00026692
0.000271713
2.79541e-05
0.000274818
1.64583e-05
0.000279349
1.02916e-05
0.00028355
7.02963e-06
0.000286452
2.25756e-06
0.000288359
-3.27871e-06
0.000289942
-7.66361e-06
0.000291626
-1.00498e-05
0.000293768
-1.0755e-05
0.000296332
-1.03676e-05
0.000299057
-9.29147e-06
0.000301879
-7.95994e-06
0.000304373
-5.81477e-06
0.000306943
-4.22586e-06
0.000308504
-5.78677e-07
0.000310661
-5.00479e-08
0.000310574
6.07014e-06
0.000312313
2.87777e-06
0.000310164
1.27036e-05
0.000311272
3.04743e-06
0.000307899
1.65309e-05
0.000307386
1.503e-06
0.000304921
1.4768e-05
0.00030226
-4.51723e-07
0.000301558
1.01175e-05
0.000298332
-7.10693e-06
0.000299691
9.77616e-06
0.000293753
-1.93433e-05
0.000302978
7.54014e-06
-2.18412e-05
0.000296102
0.000284551
2.25488e-05
0.000286963
1.40456e-05
0.000290327
6.92784e-06
0.000294357
2.99991e-06
0.000297803
-1.18813e-06
0.00029988
-5.35589e-06
0.000301048
-8.83168e-06
0.000302134
-1.11361e-05
0.000303524
-1.2145e-05
0.000305359
-1.22021e-05
0.000307453
-1.13857e-05
0.000309908
-1.04147e-05
0.000312119
-8.02635e-06
0.00031481
-6.91661e-06
0.000316386
-2.15446e-06
0.000319106
-2.77075e-06
0.000319311
5.86557e-06
0.000321787
4.01454e-07
0.000320565
1.39261e-05
0.00032176
1.8518e-06
0.000320413
1.7878e-05
0.000318786
3.12988e-06
0.000318693
1.4862e-05
0.000314758
3.48246e-06
0.00031507
9.80565e-06
0.000310935
-2.97143e-06
0.000312682
8.02855e-06
0.000305876
-1.25366e-05
0.00031171
1.70551e-06
-1.70309e-05
0.0003069
0.000293732
1.88814e-05
0.000295294
1.24832e-05
0.000297147
5.07559e-06
0.000300094
5.24877e-08
0.00030275
-3.8444e-06
0.000304564
-7.16974e-06
0.000305716
-9.98333e-06
0.00030672
-1.21404e-05
0.000307876
-1.33009e-05
0.00030938
-1.37058e-05
0.000311051
-1.30568e-05
0.000313183
-1.25467e-05
0.00031503
-9.87328e-06
0.000317625
-9.51149e-06
0.000319
-3.53011e-06
0.000321801
-5.57165e-06
0.000322238
5.42827e-06
0.000324627
-1.98736e-06
0.000324456
1.40969e-05
0.000324961
1.34678e-06
0.000325452
1.73871e-05
0.000323021
5.56083e-06
0.000324107
1.37765e-05
0.000320552
7.0377e-06
0.000320522
9.83548e-06
0.000317023
5.27209e-07
0.000318028
7.02343e-06
0.000312689
-7.19748e-06
0.000314754
-3.58867e-07
-1.43519e-05
0.000312075
0.000300182
1.67753e-05
0.000301091
1.1574e-05
0.000302004
4.16339e-06
0.00030369
-1.6334e-06
0.000305522
-5.67719e-06
0.000306961
-8.60821e-06
0.000308029
-1.10512e-05
0.000309077
-1.31885e-05
0.000310256
-1.44799e-05
0.000311726
-1.51763e-05
0.000313224
-1.45539e-05
0.000315195
-1.45181e-05
0.000316772
-1.14501e-05
0.000319216
-1.19559e-05
0.000320451
-4.7653e-06
0.000323092
-8.21231e-06
0.00032382
4.7006e-06
0.000325736
-3.90316e-06
0.000326612
1.32202e-05
0.000326354
1.60494e-06
0.000328054
1.56872e-05
0.000325585
8.02989e-06
0.000326706
1.26556e-05
0.000324303
9.44082e-06
0.000323683
1.04553e-05
0.000321163
3.04735e-06
0.000321288
6.89847e-06
0.00031782
-3.72979e-06
0.000317736
-2.74459e-07
-1.24852e-05
0.000315869
0.000304555
1.57892e-05
0.000305156
1.0973e-05
0.000305535
3.785e-06
0.000306256
-2.35463e-06
0.000307202
-6.6231e-06
0.000308158
-9.56438e-06
0.000309114
-1.20074e-05
0.00031029
-1.43641e-05
0.000311675
-1.58652e-05
0.000313365
-1.68659e-05
0.000314933
-1.6122e-05
0.000316929
-1.65144e-05
0.000318382
-1.29029e-05
0.000320697
-1.42713e-05
0.000321891
-5.95925e-06
0.000324213
-1.05338e-05
0.000325368
3.54513e-06
0.000326691
-5.22596e-06
0.000328471
1.144e-05
0.000327726
2.34977e-06
0.000329945
1.34683e-05
0.000328042
9.93284e-06
0.000328717
1.19804e-05
0.000327477
1.06809e-05
0.000326554
1.13789e-05
0.000324704
4.89656e-06
0.000324369
7.23431e-06
0.000322034
-1.39515e-06
0.000321159
6.00127e-07
-1.07161e-05
0.00031939
0.000307547
1.54283e-05
0.000307994
1.05258e-05
0.000308078
3.7012e-06
0.000308095
-2.3717e-06
0.000308336
-6.8643e-06
0.000308908
-1.01364e-05
0.000309798
-1.28971e-05
0.000311123
-1.56891e-05
0.000312738
-1.74796e-05
0.000314709
-1.88375e-05
0.000316449
-1.78618e-05
0.000318566
-1.86313e-05
0.000320018
-1.43549e-05
0.000322215
-1.64687e-05
0.000323488
-7.23167e-06
0.00032545
-1.24966e-05
0.000327047
1.9481e-06
0.000327838
-6.01621e-06
0.00033024
9.03764e-06
0.000329413
3.17645e-06
0.000331659
1.12226e-05
0.000330634
1.09579e-05
0.00033084
1.17743e-05
0.000330478
1.10429e-05
0.000329585
1.22724e-05
0.000328213
6.26862e-06
0.000327617
7.82959e-06
0.000326102
1.20129e-07
0.000324955
1.74737e-06
-9.30732e-06
0.000323546
0.000309738
1.5327e-05
0.000309997
1.0266e-05
0.00030991
3.78883e-06
0.000309565
-2.02661e-06
0.000309432
-6.73133e-06
0.000309824
-1.05291e-05
0.000310699
-1.37719e-05
0.000312103
-1.70933e-05
0.000313832
-1.92083e-05
0.000316012
-2.10177e-05
0.000317932
-1.97814e-05
0.000320209
-2.09082e-05
0.000321775
-1.59212e-05
0.000323883
-1.85766e-05
0.000325343
-8.69167e-06
0.000326917
-1.40704e-05
0.000328949
-8.39262e-08
0.000329347
-6.41421e-06
0.000332105
6.27938e-06
0.000331518
3.76359e-06
0.00033352
9.22041e-06
0.000333398
1.10801e-05
0.00033335
1.18225e-05
0.000333477
1.09152e-05
0.000332931
1.28192e-05
0.000331828
7.37168e-06
0.000331255
8.40241e-06
0.000330101
1.27427e-06
0.000329181
2.66681e-06
-7.8138e-06
0.000327688
0.000311509
1.52751e-05
0.000311592
1.01829e-05
0.000311464
3.91684e-06
0.000311132
-1.69529e-06
0.000310982
-6.58066e-06
0.000311378
-1.09254e-05
0.000312243
-1.46364e-05
0.00031361
-1.84603e-05
0.000315272
-2.08711e-05
0.000317491
-2.32366e-05
0.000319505
-2.17951e-05
0.000321895
-2.32976e-05
0.000323646
-1.76728e-05
0.000325664
-2.05948e-05
0.000327402
-1.04296e-05
0.000328633
-1.53008e-05
0.000331035
-2.48619e-06
0.000331232
-6.6109e-06
0.000334066
3.44473e-06
0.000333965
3.86486e-06
0.000335616
7.56904e-06
0.000336285
1.04115e-05
0.00033626
1.18475e-05
0.000336614
1.0561e-05
0.000336503
1.29309e-05
0.000335697
8.17719e-06
0.000335187
8.91245e-06
0.000334334
2.12712e-06
0.000333568
3.4325e-06
-6.59459e-06
0.000332349
0.00031323
1.51123e-05
0.00031333
1.00826e-05
0.000313331
3.91591e-06
0.000313261
-1.62515e-06
0.00031331
-6.62958e-06
0.000313797
-1.14125e-05
0.000314624
-1.54629e-05
0.000315841
-1.96774e-05
0.000317256
-2.22858e-05
0.000319299
-2.52798e-05
0.000321265
-2.37614e-05
0.000323655
-2.56874e-05
0.000325627
-1.96448e-05
0.000327566
-2.25342e-05
0.000329661
-1.25248e-05
0.000330657
-1.62963e-05
0.000333322
-5.1508e-06
0.000333546
-6.83519e-06
0.00033625
7.40887e-07
0.000336759
3.35553e-06
0.000338104
6.22437e-06
0.000339343
9.17207e-06
0.000339586
1.16048e-05
0.000340039
1.01079e-05
0.000340337
1.2633e-05
0.000339883
8.63099e-06
0.000339502
9.29379e-06
0.000338865
2.76409e-06
0.00033832
3.97716e-06
-5.54341e-06
0.000337269
0.000315448
1.47026e-05
0.000315747
9.78353e-06
0.000315936
3.72738e-06
0.000316154
-1.84321e-06
0.000316436
-6.91129e-06
0.000317014
-1.19909e-05
0.000317777
-1.62261e-05
0.000318797
-2.06968e-05
0.000319865
-2.33545e-05
0.000321557
-2.69711e-05
0.000323331
-2.55362e-05
0.000325561
-2.79175e-05
0.000327735
-2.1818e-05
0.000329585
-2.43845e-05
0.000332063
-1.50025e-05
0.000332975
-1.72083e-05
0.000335804
-7.98029e-06
0.000336278
-7.30868e-06
0.000338719
-1.70062e-06
0.00033986
2.21435e-06
0.000341039
5.04525e-06
0.000342624
7.58777e-06
0.000343299
1.09297e-05
0.000343853
9.55333e-06
0.000344486
1.20001e-05
0.000344415
8.70198e-06
0.000344252
9.45717e-06
0.000343769
3.24747e-06
0.000343461
4.28453e-06
-4.64816e-06
0.000342566
0.000318536
1.40791e-05
0.00031901
9.30912e-06
0.000319288
3.4496e-06
0.000319661
-2.21629e-06
0.000320097
-7.34707e-06
0.000320735
-1.26289e-05
0.000321449
-1.694e-05
0.000322319
-2.15674e-05
0.000323081
-2.41168e-05
0.000324342
-2.8232e-05
0.000325827
-2.70204e-05
0.000327718
-2.98089e-05
0.000330005
-2.41045e-05
0.00033173
-2.61101e-05
0.000334547
-1.78196e-05
0.000335572
-1.82333e-05
0.000338467
-1.08748e-05
0.000339404
-8.24533e-06
0.000341568
-3.86486e-06
0.000343273
5.09407e-07
0.00034449
3.8281e-06
0.000346238
5.83937e-06
0.000347408
9.75969e-06
0.000348153
8.80826e-06
0.000349037
1.1116e-05
0.000349369
8.37025e-06
0.000349475
9.3513e-06
0.000349196
3.52617e-06
0.000349054
4.42676e-06
-3.98778e-06
0.000348394
0.000322295
1.34848e-05
0.00032277
8.83439e-06
0.000323013
3.20653e-06
0.000323409
-2.61258e-06
0.000323923
-7.86058e-06
0.00032461
-1.3316e-05
0.000325328
-1.76583e-05
0.000326166
-2.2405e-05
0.000326787
-2.47384e-05
0.00032767
-2.91147e-05
0.000328862
-2.82124e-05
0.00033028
-3.12266e-05
0.000332538
-2.63627e-05
0.000334083
-2.76553e-05
0.000337094
-2.08308e-05
0.00033841
-1.95495e-05
0.000341298
-1.37623e-05
0.000342852
-9.79976e-06
0.000344858
-5.87093e-06
0.00034701
-1.64208e-06
0.00034848
2.35844e-06
0.000350305
4.01359e-06
0.000351946
8.11951e-06
0.000352998
7.75626e-06
0.000354115
9.9988e-06
0.000354813
7.67192e-06
0.000355269
8.89506e-06
0.000355213
3.58232e-06
0.000355272
4.36787e-06
-3.4756e-06
0.00035476
0.00032609
1.31385e-05
-0.000325744
0.000326469
8.45581e-06
0.000326682
2.99337e-06
0.000327085
-3.01601e-06
0.000327664
-8.43917e-06
0.000328419
-1.4071e-05
0.0003292
-1.84399e-05
0.000330111
-2.33156e-05
0.00033081
-2.54379e-05
0.000331478
-2.97821e-05
0.000332492
-2.92266e-05
0.00033342
-3.21543e-05
0.000335497
-2.84395e-05
0.000336808
-2.89665e-05
0.000339763
-2.37856e-05
0.000341459
-2.12458e-05
0.000344286
-1.65895e-05
0.000346515
-1.20285e-05
0.000348594
-7.94996e-06
0.000351095
-4.14309e-06
0.000353004
4.49073e-07
0.00035495
2.06821e-06
0.000356987
6.08234e-06
0.000358452
6.29136e-06
0.000359839
8.61145e-06
0.000360879
6.63229e-06
0.000361717
8.05662e-06
0.000361953
3.3461e-06
0.000362236
4.08469e-06
-3.12825e-06
0.000361889
0.000329557
1.30402e-05
-0.000329459
0.000329901
8.11232e-06
0.000330201
2.69355e-06
0.000330679
-3.49472e-06
0.000331346
-9.10574e-06
0.000332182
-1.49072e-05
0.000333051
-1.93085e-05
0.000334054
-2.43194e-05
0.000334991
-2.6374e-05
0.000335639
-3.04301e-05
0.000336663
-3.02508e-05
0.00033725
-3.27413e-05
0.000339053
-3.02425e-05
0.000340139
-3.00531e-05
0.000342752
-2.63982e-05
0.00034477
-2.32641e-05
0.000347485
-1.93037e-05
0.000350293
-1.48365e-05
0.00035271
-1.03676e-05
0.000355521
-6.95389e-06
0.00035802
-2.04978e-06
0.000360241
-1.52647e-07
0.000362641
3.68172e-06
0.000364586
4.34677e-06
0.00036634
6.85683e-06
0.000367726
5.24663e-06
0.000368959
6.82394e-06
0.000369555
2.75006e-06
0.000370108
3.53107e-06
-2.98604e-06
0.000369966
0.000333014
1.3036e-05
-0.00033301
0.000333422
7.704e-06
0.000333903
2.21329e-06
0.000334506
-4.0984e-06
0.000335261
-9.86025e-06
0.00033615
-1.57964e-05
0.000337081
-2.02398e-05
0.000338095
-2.53326e-05
0.000339274
-2.75531e-05
0.000340029
-3.11851e-05
0.000341213
-3.14351e-05
0.000341736
-3.32645e-05
0.00034329
-3.17961e-05
0.000344279
-3.10427e-05
0.000346379
-2.84976e-05
0.000348534
-2.54194e-05
0.000351079
-2.18489e-05
0.000354206
-1.79628e-05
0.000357109
-1.32709e-05
0.000360254
-1.00992e-05
0.000363416
-5.21138e-06
0.000366186
-2.92324e-06
0.000369006
8.62093e-07
0.000371492
1.86092e-06
0.000373742
4.60653e-06
0.000375542
3.44694e-06
0.000377206
5.15975e-06
0.000378192
1.76381e-06
0.000379114
2.60989e-06
-3.0872e-06
0.000379215
0.000337283
1.30286e-05
-0.000337276
0.000337744
7.24317e-06
0.000338362
1.59524e-06
0.000339047
-4.78325e-06
0.000339833
-1.06465e-05
0.000340698
-1.66608e-05
0.000341634
-2.11762e-05
0.000342528
-2.62267e-05
0.000343796
-2.8821e-05
0.000344652
-3.2041e-05
0.00034599
-3.2773e-05
0.000346704
-3.39788e-05
0.000348122
-3.32137e-05
0.000349232
-3.21524e-05
0.000350906
-3.01716e-05
0.000353025
-2.75388e-05
0.000355394
-2.42181e-05
0.000358513
-2.10814e-05
0.000361825
-1.65826e-05
0.000365324
-1.35985e-05
0.000369117
-9.00498e-06
0.00037263
-6.43578e-06
0.000376082
-2.59004e-06
0.000379227
-1.28427e-06
0.000382133
1.70111e-06
0.000384498
1.08203e-06
0.000386697
2.9607e-06
0.000388153
3.07464e-07
0.000389505
1.2583e-06
-3.53662e-06
0.000389954
0.000342866
1.30028e-05
-0.00034284
0.000343303
6.80587e-06
0.00034396
9.38181e-07
0.00034465
-5.47317e-06
0.000345404
-1.14e-05
0.000346164
-1.74215e-05
0.000347046
-2.20584e-05
0.000347747
-2.69275e-05
0.000348884
-2.99581e-05
0.000349731
-3.28877e-05
0.000351043
-3.40848e-05
0.000352008
-3.49436e-05
0.000353376
-3.45822e-05
0.000354755
-3.35318e-05
0.000356316
-3.1732e-05
0.000358393
-2.96156e-05
0.000360712
-2.65374e-05
0.000363661
-2.40301e-05
0.00036716
-2.0082e-05
0.000370928
-1.73667e-05
0.000375202
-1.32786e-05
0.000379466
-1.07e-05
0.000383747
-6.87081e-06
0.000387773
-5.31014e-06
0.000391555
-2.08168e-06
0.000394729
-2.09145e-06
0.000397614
7.51828e-08
0.000399759
-1.8375e-06
0.000401674
-6.56136e-07
-4.44112e-06
0.000402578
0.000349762
1.28836e-05
-0.000349643
0.000350175
6.39254e-06
0.000350809
3.0444e-07
0.000351469
-6.1334e-06
0.000352166
-1.20964e-05
0.000352787
-1.8043e-05
0.000353562
-2.28329e-05
0.00035409
-2.74552e-05
0.000354941
-3.08098e-05
0.000355656
-3.36027e-05
0.00035672
-3.51488e-05
0.000357764
-3.59879e-05
0.000359049
-3.58672e-05
0.00036062
-3.51019e-05
0.000362327
-3.34399e-05
0.000364485
-3.17731e-05
0.000366987
-2.90397e-05
0.00036992
-2.69623e-05
0.000373524
-2.36869e-05
0.000377498
-2.13406e-05
0.000382079
-1.78589e-05
0.000386947
-1.55687e-05
0.000392054
-1.19774e-05
0.00039702
-1.02762e-05
0.00040194
-7.00153e-06
0.000406214
-6.36609e-06
0.000410238
-3.9483e-06
0.000413287
-4.88681e-06
0.000416104
-3.47263e-06
-5.96268e-06
0.000417625
0.000357401
1.24787e-05
-0.000356996
0.000357946
5.84774e-06
0.000358659
-4.09259e-07
0.00035937
-6.84386e-06
0.000360073
-1.27996e-05
0.000360621
-1.85905e-05
0.000361274
-2.34863e-05
0.000361707
-2.78886e-05
0.000362263
-3.13658e-05
0.000362787
-3.41265e-05
0.000363507
-3.58691e-05
0.000364396
-3.68769e-05
0.000365489
-3.69599e-05
0.000366989
-3.66022e-05
0.000368817
-3.52675e-05
0.00037108
-3.4036e-05
0.000373881
-3.18408e-05
0.000377079
-3.01601e-05
0.000380963
-2.75712e-05
0.000385294
-2.56714e-05
0.000390244
-2.28089e-05
0.000395607
-2.09318e-05
0.000401451
-1.78211e-05
0.000407329
-1.6154e-05
0.000413427
-1.31002e-05
0.000419023
-1.19621e-05
0.000424467
-9.3919e-06
0.000428872
-9.29233e-06
0.000433012
-7.61185e-06
-8.54509e-06
0.000435594
0.000365925
1.17173e-05
-0.000365163
0.000366654
5.11826e-06
0.000367562
-1.31707e-06
0.000368369
-7.6508e-06
0.000369125
-1.35559e-05
0.000369675
-1.91401e-05
0.000370214
-2.40251e-05
0.000370594
-2.82688e-05
0.000370936
-3.17081e-05
0.000371265
-3.44557e-05
0.000371689
-3.6293e-05
0.000372308
-3.74951e-05
0.000373157
-3.78089e-05
0.000374389
-3.78343e-05
0.000376133
-3.70121e-05
0.000378362
-3.6265e-05
0.000381321
-3.47991e-05
0.000384831
-3.36706e-05
0.000389135
-3.1875e-05
0.00039403
-3.05659e-05
0.000399659
-2.84381e-05
0.00040573
-2.70034e-05
0.000412468
-2.45587e-05
0.000419321
-2.3007e-05
0.00042663
-2.04091e-05
0.0004336
-1.89324e-05
0.000440692
-1.64838e-05
0.000446765
-1.53653e-05
0.000452722
-1.35688e-05
-1.27326e-05
0.000456909
0.000375752
1.03813e-05
-0.000374416
0.000376881
3.98961e-06
0.000377882
-2.31842e-06
0.000378827
-8.59497e-06
0.000379632
-1.43616e-05
0.000380184
-1.9692e-05
0.000380589
-2.44294e-05
0.000380848
-2.85279e-05
0.000381006
-3.18664e-05
0.000381118
-3.45675e-05
0.000381295
-3.64704e-05
0.000381625
-3.78248e-05
0.000382246
-3.84297e-05
0.000383192
-3.87811e-05
0.00038474
-3.85595e-05
0.000386821
-3.83461e-05
0.000389748
-3.77259e-05
0.000393381
-3.7304e-05
0.000398008
-3.65015e-05
0.000403395
-3.59531e-05
0.000409835
-3.48781e-05
0.000416845
-3.40135e-05
0.000424818
-3.25316e-05
0.000432994
-3.11835e-05
0.000441914
-2.93285e-05
0.000450523
-2.7542e-05
0.000459634
-2.55947e-05
0.000467707
-2.34377e-05
0.000476003
-2.18656e-05
-1.90881e-05
0.000482359
0.000387929
9.32727e-06
-0.000386875
0.000389156
2.76279e-06
0.000390373
-3.53505e-06
0.000391256
-9.47802e-06
0.000391959
-1.50645e-05
0.000392426
-2.01593e-05
0.00039267
-2.46733e-05
0.00039271
-2.85676e-05
0.000392631
-3.17877e-05
0.00039246
-3.43964e-05
0.000392357
-3.63677e-05
0.000392359
-3.78267e-05
0.000392713
-3.87833e-05
0.000393384
-3.94529e-05
0.000394705
-3.988e-05
0.000396597
-4.02385e-05
0.000399435
-4.05638e-05
0.000403045
-4.09142e-05
0.000407848
-4.13042e-05
0.000413511
-4.16163e-05
0.000420548
-4.19149e-05
0.000428366
-4.18311e-05
0.000437543
-4.17087e-05
0.00044718
-4.08204e-05
0.000457978
-4.01271e-05
0.000468657
-3.82209e-05
0.000480178
-3.71152e-05
0.000490817
-3.40767e-05
0.000501962
-3.30108e-05
-2.86179e-05
0.000511492
0.000405678
7.22555e-06
-0.000403576
0.000406803
1.63733e-06
0.000407664
-4.396e-06
0.000408333
-1.01466e-05
0.00040864
-1.53717e-05
0.000408566
-2.00847e-05
0.000408196
-2.43031e-05
0.00040759
-2.79625e-05
0.000406883
-3.10798e-05
0.000406088
-3.36018e-05
0.000405387
-3.56667e-05
0.000404809
-3.72488e-05
0.000404625
-3.85989e-05
0.000404818
-3.96461e-05
0.000405701
-4.07634e-05
0.000407215
-4.17525e-05
0.000409727
-4.3076e-05
0.000413086
-4.42728e-05
0.000417715
-4.59328e-05
0.000423326
-4.72279e-05
0.000430387
-4.89761e-05
0.000438455
-4.98982e-05
0.000447988
-5.12425e-05
0.000458358
-5.11896e-05
0.00047002
-5.17892e-05
0.000482199
-5.04005e-05
0.000495248
-5.01636e-05
0.000508347
-4.71762e-05
0.00052167
-4.63341e-05
-4.15654e-05
0.000534618
0.000421922
4.71714e-06
-0.000419414
0.000424743
-1.18342e-06
0.000426462
-6.11521e-06
0.000427344
-1.10287e-05
0.000427653
-1.56804e-05
0.000427462
-1.98936e-05
0.000426818
-2.36591e-05
0.000425773
-2.69175e-05
0.000424454
-2.97611e-05
0.000422972
-3.212e-05
0.000421483
-3.41774e-05
0.000420095
-3.58608e-05
0.000418977
-3.74805e-05
0.000418242
-3.89115e-05
0.000418051
-4.05721e-05
0.000418495
-4.21968e-05
0.00041971
-4.4291e-05
0.000421784
-4.63465e-05
0.000424839
-4.8988e-05
0.000428908
-5.12975e-05
0.000433962
-5.403e-05
0.000439996
-5.59322e-05
0.000446912
-5.81584e-05
0.00045486
-5.91377e-05
0.000463598
-6.0527e-05
0.000473549
-6.0351e-05
0.000483947
-6.05624e-05
0.000495545
-5.8774e-05
0.000506279
-5.70683e-05
-5.43108e-05
0.000519025
0.0004545
2.54823e-06
-0.000452331
0.000455104
-1.78801e-06
0.000455695
-6.7055e-06
0.000455644
-1.09778e-05
0.000454785
-1.48218e-05
0.000453167
-1.82755e-05
0.000450881
-2.13727e-05
0.000448045
-2.40812e-05
0.000444744
-2.64607e-05
0.00044113
-2.85061e-05
0.000437298
-3.03448e-05
0.000433431
-3.19938e-05
0.000429592
-3.36416e-05
0.000425979
-3.52988e-05
0.00042259
-3.71836e-05
0.000419625
-3.92316e-05
0.000416874
-4.15401e-05
0.000414479
-4.39512e-05
0.00041239
-4.68992e-05
0.000410672
-4.95788e-05
0.000408817
-5.21752e-05
0.000407042
-5.41576e-05
0.000404722
-5.58385e-05
0.000402263
-5.6679e-05
0.000398979
-5.72429e-05
0.000395749
-5.71204e-05
0.000392626
-5.74394e-05
0.000391438
-5.75866e-05
0.000391398
-5.70281e-05
-5.69214e-05
0.000394009
0.000489385
-1.02645e-06
-0.000485811
0.000491153
-3.55578e-06
0.000490801
-6.35315e-06
0.000488961
-9.13775e-06
0.000485862
-1.1723e-05
0.00048162
-1.40338e-05
0.00047632
-1.60721e-05
0.000470088
-1.78491e-05
0.000463015
-1.93881e-05
0.000455218
-2.07086e-05
0.000446725
-2.18527e-05
0.0004376
-2.28685e-05
0.000427784
-2.38252e-05
0.000417274
-2.47892e-05
0.000405921
-2.58309e-05
0.000393693
-2.70036e-05
0.000380501
-2.83475e-05
0.000366493
-2.99433e-05
0.000351789
-3.21952e-05
0.00033595
-3.37396e-05
0.00031838
-3.46058e-05
0.000298961
-3.47385e-05
0.000277188
-3.40658e-05
0.000253135
-3.26254e-05
0.000226541
-3.06493e-05
0.000197482
-2.80608e-05
0.000165114
-2.50715e-05
0.00012923
-2.17027e-05
9.19738e-05
-1.9772e-05
-1.9454e-05
5.45065e-05
0.00047472
-0.000475747
0.000471164
0.000464811
0.000455673
0.00044395
0.000429917
0.000413844
0.000395995
0.000376607
0.000355899
0.000334046
0.000311177
0.000287352
0.000262563
0.000236732
0.000209729
0.000181381
0.000151438
0.000119243
8.55032e-05
5.08974e-05
1.6159e-05
-1.79069e-05
-5.05322e-05
-8.11815e-05
-0.000109242
-0.000134314
-0.000156016
-0.000175788
-0.000195243
0.000387512
0.000365053
0.000342303
0.000319768
0.000297386
0.000274472
0.000250507
0.000225378
0.000199588
0.000173466
0.000143742
0.000115886
7.86842e-05
4.3454e-05
0.000471134
3.5528e-06
0.000464784
6.35028e-06
0.000455649
9.13503e-06
0.000443929
1.17205e-05
0.000429897
1.40315e-05
0.000413827
1.607e-05
0.00039598
1.78472e-05
0.000376594
1.93864e-05
0.000355886
2.07071e-05
0.000334035
2.18514e-05
0.000311168
2.28674e-05
0.000287343
2.38242e-05
0.000262555
2.47885e-05
0.000236725
2.58304e-05
0.000209721
2.70035e-05
0.000181373
2.83478e-05
0.000151429
2.99441e-05
0.000119232
3.21967e-05
8.54901e-05
3.37423e-05
5.088e-05
3.46101e-05
1.61357e-05
3.47443e-05
-1.79362e-05
3.40719e-05
-5.0566e-05
3.26297e-05
-8.12163e-05
3.06503e-05
-0.000109275
2.80586e-05
-0.000134343
2.50676e-05
-0.000156041
2.16984e-05
-0.000175813
1.97724e-05
1.94561e-05
-0.000195269
0.000491129
1.7826e-06
0.000490779
6.70111e-06
0.00048894
1.09738e-05
0.000485842
1.48182e-05
0.000481602
1.82722e-05
0.000476302
2.13697e-05
0.000470071
2.40785e-05
0.000462999
2.64583e-05
0.000455202
2.8504e-05
0.00044671
3.0343e-05
0.000437585
3.19923e-05
0.000427769
3.36404e-05
0.000417259
3.52979e-05
0.000405907
3.71831e-05
0.000393679
3.92316e-05
0.000380486
4.1541e-05
0.000366477
4.39528e-05
0.000351772
4.69016e-05
0.000335932
4.95822e-05
0.000318363
5.21797e-05
0.000298944
5.41631e-05
0.000277171
5.58447e-05
0.000253115
5.66857e-05
0.000226515
5.72499e-05
0.000197445
5.71286e-05
0.000165063
5.74505e-05
0.000129161
5.75997e-05
9.18915e-05
5.70422e-05
5.69351e-05
5.44125e-05
0.000455094
1.17905e-06
0.000455684
6.11074e-06
0.000455634
1.10245e-05
0.000454775
1.56765e-05
0.000453158
1.98901e-05
0.000450871
2.3656e-05
0.000448035
2.69147e-05
0.000444735
2.97586e-05
0.000441121
3.21179e-05
0.000437288
3.41757e-05
0.000433421
3.58595e-05
0.000429582
3.74797e-05
0.000425969
3.89111e-05
0.00042258
4.05722e-05
0.000419614
4.21974e-05
0.000416862
4.42923e-05
0.000414467
4.63485e-05
0.000412378
4.89908e-05
0.000410659
5.13011e-05
0.000408804
5.40346e-05
0.000407029
5.59377e-05
0.000404709
5.81651e-05
0.000402249
5.91454e-05
0.000398963
6.05359e-05
0.000395731
6.0361e-05
0.000392607
6.05738e-05
0.000391421
5.87859e-05
0.000391382
5.70817e-05
5.43249e-05
0.000393992
0.000424731
-1.64192e-06
0.000426451
4.3909e-06
0.000427334
1.0142e-05
0.000427643
1.53675e-05
0.000427452
2.00808e-05
0.000426808
2.42997e-05
0.000425763
2.79594e-05
0.000424445
3.10771e-05
0.000422963
3.35995e-05
0.000421474
3.56648e-05
0.000420086
3.72475e-05
0.000418968
3.85981e-05
0.000418233
3.96459e-05
0.000418041
4.07637e-05
0.000418485
4.17534e-05
0.0004197
4.30775e-05
0.000421774
4.42749e-05
0.000424829
4.59356e-05
0.000428899
4.72315e-05
0.000433953
4.89805e-05
0.000439987
4.99034e-05
0.000446904
5.12486e-05
0.000454853
5.11963e-05
0.000463592
5.17965e-05
0.000473545
5.04079e-05
0.000483947
5.0172e-05
0.000495548
4.71845e-05
0.000506286
4.63442e-05
4.15748e-05
0.000519036
0.000406793
-2.768e-06
0.000407654
3.5304e-06
0.000408322
9.47337e-06
0.00040863
1.506e-05
0.000408555
2.01552e-05
0.000408185
2.46696e-05
0.00040758
2.85643e-05
0.000406873
3.17848e-05
0.000406078
3.43939e-05
0.000405377
3.63658e-05
0.0004048
3.78253e-05
0.000404615
3.87826e-05
0.000404808
3.94528e-05
0.000405691
3.98805e-05
0.000407205
4.02395e-05
0.000409718
4.05653e-05
0.000413076
4.09162e-05
0.000417705
4.13068e-05
0.000423317
4.16196e-05
0.000430378
4.19189e-05
0.000438446
4.18355e-05
0.000447982
4.17133e-05
0.000458353
4.08252e-05
0.000470017
4.01317e-05
0.0004822
3.82253e-05
0.000495252
3.71197e-05
0.000508356
3.4081e-05
0.000521684
3.30158e-05
2.86225e-05
0.000534636
0.000389145
-3.99443e-06
0.000390362
2.31336e-06
0.000391245
8.59018e-06
0.000391948
1.43571e-05
0.000392415
1.96878e-05
0.000392659
2.44256e-05
0.000392699
2.85244e-05
0.000392621
3.18634e-05
0.00039245
3.4565e-05
0.000392347
3.64684e-05
0.000392349
3.78234e-05
0.000392702
3.8429e-05
0.000393374
3.8781e-05
0.000394695
3.85601e-05
0.000396587
3.8347e-05
0.000399425
3.77273e-05
0.000403035
3.73058e-05
0.000407838
3.65039e-05
0.000413502
3.59558e-05
0.00042054
3.48812e-05
0.000428359
3.40166e-05
0.000437538
3.25345e-05
0.000447177
3.11861e-05
0.000457978
2.93303e-05
0.00046866
2.75437e-05
0.000480184
2.55956e-05
0.000490826
2.34394e-05
0.000501974
2.18672e-05
1.90918e-05
0.000511505
0.000376871
-5.12312e-06
0.000377872
1.31229e-06
0.000378816
7.64611e-06
0.000379622
1.35514e-05
0.000380174
1.91359e-05
0.000380578
2.40213e-05
0.000380837
2.82653e-05
0.000380995
3.17052e-05
0.000381107
3.44531e-05
0.000381284
3.62911e-05
0.000381614
3.74938e-05
0.000382235
3.78083e-05
0.000383181
3.78342e-05
0.000384729
3.70126e-05
0.00038681
3.62657e-05
0.000389737
3.48003e-05
0.000393371
3.36719e-05
0.000397998
3.18769e-05
0.000403386
3.05676e-05
0.000409827
2.84401e-05
0.000416839
2.70047e-05
0.000424814
2.456e-05
0.000432993
2.30072e-05
0.000441914
2.04091e-05
0.000450525
1.89322e-05
0.000459637
1.64839e-05
0.000467709
1.53677e-05
0.000476004
1.35721e-05
1.27409e-05
0.000482355
0.000366644
-5.85211e-06
0.000367552
4.04553e-07
0.000368358
6.83949e-06
0.000369115
1.27953e-05
0.000369664
1.85865e-05
0.000370203
2.34825e-05
0.000370583
2.78851e-05
0.000370925
3.13629e-05
0.000371255
3.41238e-05
0.000371678
3.58672e-05
0.000372297
3.68755e-05
0.000373146
3.69592e-05
0.000374378
3.6602e-05
0.000376123
3.52677e-05
0.000378352
3.40364e-05
0.000381311
3.18416e-05
0.000384822
3.01608e-05
0.000389126
2.75725e-05
0.000394022
2.5672e-05
0.000399652
2.28098e-05
0.000405726
2.09313e-05
0.000412465
1.78211e-05
0.000419319
1.61528e-05
0.000426628
1.31005e-05
0.000433597
1.19627e-05
0.000440685
9.39585e-06
0.000446754
9.29891e-06
0.000452704
7.62179e-06
8.5601e-06
0.000456885
0.000357936
-6.39669e-06
0.00035865
-3.08661e-07
0.00035936
6.12934e-06
0.000360063
1.20922e-05
0.00036061
1.80392e-05
0.000361264
2.28291e-05
0.000361697
2.74517e-05
0.000362253
3.08069e-05
0.000362777
3.35999e-05
0.000363497
3.51471e-05
0.000364386
3.59864e-05
0.000365479
3.58665e-05
0.000366979
3.51015e-05
0.000368807
3.34399e-05
0.00037107
3.17733e-05
0.000373871
2.90401e-05
0.00037707
2.69627e-05
0.000380955
2.36872e-05
0.000385287
2.134e-05
0.000390238
1.78583e-05
0.000395603
1.5567e-05
0.000401446
1.19771e-05
0.000407323
1.02759e-05
0.000413419
7.00488e-06
0.000419011
6.37093e-06
0.000424448
3.95856e-06
0.000428848
4.89915e-06
0.00043298
3.48997e-06
5.98171e-06
0.000435558
0.000350166
-6.80963e-06
0.0003508
-9.42288e-07
0.00035146
5.46965e-06
0.000352156
1.13958e-05
0.000352777
1.74179e-05
0.000353552
2.20543e-05
0.00035408
2.69241e-05
0.000354931
2.99551e-05
0.000355646
3.2885e-05
0.00035671
3.40835e-05
0.000357754
3.49421e-05
0.000359039
3.45818e-05
0.000360609
3.35313e-05
0.000362317
3.17322e-05
0.000364475
2.96155e-05
0.000366978
2.65373e-05
0.000369911
2.40296e-05
0.000373517
2.00809e-05
0.000377492
1.73649e-05
0.000382073
1.32773e-05
0.000386941
1.0699e-05
0.000392046
6.87254e-06
0.000397008
5.3134e-06
0.000401923
2.09001e-06
0.000406192
2.1021e-06
0.000410211
-6.07786e-08
0.000413256
1.85426e-06
0.000416069
6.77524e-07
4.45995e-06
0.000417591
0.000343295
-7.24659e-06
0.000343952
-1.59909e-06
0.000344641
4.78032e-06
0.000345395
1.06421e-05
0.000346155
1.66578e-05
0.000347038
2.11719e-05
0.000347738
2.62237e-05
0.000348875
2.88181e-05
0.000349721
3.20387e-05
0.000351033
3.27721e-05
0.000351998
3.39772e-05
0.000353366
3.32137e-05
0.000354745
3.21517e-05
0.000356306
3.01718e-05
0.000358383
2.75379e-05
0.000360703
2.42172e-05
0.000363653
2.10796e-05
0.000367154
1.65805e-05
0.000370922
1.35967e-05
0.000375195
9.00458e-06
0.000379456
6.43739e-06
0.000383733
2.59533e-06
0.000387755
1.29192e-06
0.000391533
-1.68844e-06
0.000394703
-1.06803e-06
0.000397585
-2.94208e-06
0.000399729
-2.90407e-07
0.000401645
-1.23777e-06
3.55339e-06
0.000402551
0.000337737
-7.70699e-06
0.000338355
-2.21676e-06
0.000339039
4.09598e-06
0.000339826
9.85581e-06
0.00034069
1.5794e-05
0.000341626
2.02352e-05
0.00034252
2.53304e-05
0.000343787
2.75502e-05
0.000344643
3.11836e-05
0.00034598
3.14345e-05
0.000346694
3.32629e-05
0.000348112
3.17965e-05
0.000349222
3.10415e-05
0.000350896
2.84973e-05
0.000353017
2.54173e-05
0.000355387
2.18472e-05
0.000358507
1.79599e-05
0.000361818
1.32692e-05
0.000365316
1.00988e-05
0.000369107
5.2131e-06
0.000372616
2.92841e-06
0.000376065
-8.53504e-07
0.000379207
-1.8498e-06
0.00038211
-4.59156e-06
0.000384473
-3.43133e-06
0.000386672
-5.14106e-06
0.00038813
-1.74755e-06
0.000389483
-2.5911e-06
3.10114e-06
0.000389935
0.000333416
-8.11487e-06
0.000333896
-2.69659e-06
0.000334499
3.49256e-06
0.000335254
9.10133e-06
0.000336142
1.49055e-05
0.000337074
1.93036e-05
0.000338086
2.43184e-05
0.000339265
2.6371e-05
0.000340019
3.04296e-05
0.000341204
3.02502e-05
0.000341727
3.27396e-05
0.00034328
3.02432e-05
0.000344271
3.00508e-05
0.000346371
2.6397e-05
0.000348528
2.3261e-05
0.000351073
1.93016e-05
0.000354199
1.48336e-05
0.000357101
1.03678e-05
0.000360244
6.95537e-06
0.000363403
2.05428e-06
0.000366171
1.60583e-07
0.000368988
-3.67093e-06
0.000371472
-4.33398e-06
0.000373722
-6.84139e-06
0.000375522
-5.23105e-06
0.000377188
-6.80668e-06
0.000378175
-2.73533e-06
0.000379099
-3.51461e-06
2.99683e-06
0.000379203
0.000329895
-8.45783e-06
0.000330194
-2.99602e-06
0.000330673
3.01388e-06
0.000331339
8.43504e-06
0.000332175
1.40698e-05
0.000333043
1.84349e-05
0.000334046
2.33159e-05
0.000334982
2.54345e-05
0.000335629
2.97826e-05
0.000336654
2.92253e-05
0.000337241
3.21523e-05
0.000339044
2.84402e-05
0.000340133
2.89625e-05
0.000342745
2.37843e-05
0.000344764
2.12421e-05
0.000347478
1.65877e-05
0.000350285
1.20272e-05
0.0003527
7.95205e-06
0.000355509
4.14642e-06
0.000358006
-4.42103e-07
0.000360225
-2.05851e-06
0.000362625
-6.0711e-06
0.000364569
-6.27803e-06
0.000366324
-8.59647e-06
0.000367711
-6.61766e-06
0.000368945
-8.04146e-06
0.000369543
-3.33306e-06
0.0003701
-4.07127e-06
3.13581e-06
0.000369961
0.000326463
-8.83576e-06
0.000326675
-3.20882e-06
0.000327079
2.61042e-06
0.000327657
7.85698e-06
0.000328411
1.33152e-05
0.000329193
1.76535e-05
0.000330102
2.24065e-05
0.000330803
2.47342e-05
0.000331469
2.91161e-05
0.000332485
2.82097e-05
0.000333413
3.12246e-05
0.00033549
2.6363e-05
0.000336803
2.76496e-05
0.000339756
2.08308e-05
0.000341453
1.95454e-05
0.000344279
1.37617e-05
0.000346506
9.80047e-06
0.000348583
5.87445e-06
0.000351083
1.64686e-06
0.00035299
-2.34963e-06
0.000354935
-4.00375e-06
0.000356973
-8.10848e-06
0.000358438
-7.74291e-06
0.000359826
-9.98498e-06
0.000360867
-7.65885e-06
0.000361708
-8.88196e-06
0.000361946
-3.5711e-06
0.000362232
-4.35762e-06
3.48029e-06
0.000361888
0.000322764
-9.3098e-06
0.000323007
-3.45151e-06
0.000323403
2.21423e-06
0.000323916
7.34421e-06
0.000324603
1.26284e-05
0.000325321
1.69358e-05
0.000326158
2.15694e-05
0.00032678
2.41118e-05
0.000327662
2.82338e-05
0.000328856
2.70161e-05
0.000330273
2.98073e-05
0.000332532
2.41041e-05
0.000334078
2.61036e-05
0.000337087
1.78217e-05
0.000338404
1.82283e-05
0.000341289
1.08767e-05
0.000342843
8.24718e-06
0.000344848
3.86918e-06
0.000346998
-5.03258e-07
0.000348467
-3.81857e-06
0.000350294
-5.83038e-06
0.000351934
-9.74878e-06
0.000352986
-8.7954e-06
0.000354105
-1.11039e-05
0.000354805
-8.35875e-06
0.000355263
-9.33984e-06
0.000355209
-3.51683e-06
0.000355271
-4.41949e-06
3.99011e-06
0.000354761
0.000319005
-9.78365e-06
0.000319283
-3.72895e-06
0.000319655
1.84142e-06
0.00032009
6.90921e-06
0.000320728
1.19906e-05
0.000321441
1.62227e-05
0.000322312
2.06986e-05
0.000323075
2.33489e-05
0.000324336
2.69729e-05
0.000325822
2.55305e-05
0.000327712
2.79168e-05
0.000329999
2.18167e-05
0.000331725
2.43783e-05
0.00033454
1.50068e-05
0.000335566
1.72019e-05
0.000338457
7.98549e-06
0.000339394
7.3107e-06
0.000341558
1.70482e-06
0.000343261
-2.20653e-06
0.000344479
-5.03646e-06
0.000346229
-7.57963e-06
0.000347399
-1.09188e-05
0.000348145
-9.54157e-06
0.000349031
-1.199e-05
0.000349364
-8.69163e-06
0.000349471
-9.44722e-06
0.000349194
-3.24022e-06
0.000349055
-4.27978e-06
4.64884e-06
0.000348396
0.000315743
-1.00825e-05
0.000315931
-3.91727e-06
0.000316149
1.62362e-06
0.00031643
6.62813e-06
0.000317009
1.14124e-05
0.000317771
1.54601e-05
0.000318791
1.96785e-05
0.00031986
2.22802e-05
0.000321551
2.52814e-05
0.000323327
2.37552e-05
0.000325556
2.56878e-05
0.00032773
1.96427e-05
0.000329579
2.25293e-05
0.000332055
1.25304e-05
0.000332968
1.62888e-05
0.000335794
5.15962e-06
0.000336269
6.83534e-06
0.000338709
-7.3541e-07
0.00033985
-3.34694e-06
0.000341031
-6.21738e-06
0.000342615
-9.16405e-06
0.000343291
-1.15942e-05
0.000343847
-1.0098e-05
0.000344482
-1.26247e-05
0.000344411
-8.62128e-06
0.00034425
-9.28558e-06
0.000343768
-2.75892e-06
0.000343463
-3.97434e-06
5.54309e-06
0.000342569
0.000313326
-1.01828e-05
0.000313327
-3.91811e-06
0.000313257
1.69389e-06
0.000313306
6.57952e-06
0.000313793
1.09252e-05
0.000314619
1.4634e-05
0.000315837
1.84606e-05
0.000317251
2.0866e-05
0.000319295
2.32379e-05
0.00032126
2.17894e-05
0.000323649
2.32991e-05
0.000325622
1.76702e-05
0.000327559
2.05918e-05
0.000329654
1.04355e-05
0.00033065
1.52929e-05
0.000333312
2.49796e-06
0.000333539
6.60814e-06
0.00033624
-3.43686e-06
0.00033675
-3.85694e-06
0.000338097
-7.56396e-06
0.000339335
-1.04027e-05
0.00033958
-1.18384e-05
0.000340035
-1.05531e-05
0.000340334
-1.29237e-05
0.000339881
-8.16822e-06
0.000339501
-8.90636e-06
0.000338866
-2.12368e-06
0.000338323
-3.4311e-06
6.59386e-06
0.000337272
0.000311588
-1.02659e-05
0.00031146
-3.7899e-06
0.000311128
2.02521e-06
0.000310978
6.73017e-06
0.000311374
1.05284e-05
0.000312239
1.37694e-05
0.000313607
1.70927e-05
0.000315269
1.92042e-05
0.000317488
2.10188e-05
0.0003195
1.97768e-05
0.000321889
2.09104e-05
0.000323641
1.59186e-05
0.000325657
1.85752e-05
0.000327395
8.69712e-06
0.000328625
1.40634e-05
0.000331026
9.73843e-08
0.000331225
6.40858e-06
0.000334057
-6.26825e-06
0.000333958
-3.75822e-06
0.00033561
-9.21627e-06
0.000336278
-1.10704e-05
0.000336256
-1.18161e-05
0.000336611
-1.09088e-05
0.0003365
-1.28125e-05
0.000335696
-7.36418e-06
0.000335188
-8.39852e-06
0.000334337
-1.27204e-06
0.000333572
-2.66637e-06
7.81316e-06
0.000332353
0.000309994
-1.05253e-05
0.000309906
-3.70177e-06
0.00030956
2.37049e-06
0.000309428
6.86293e-06
0.000309821
1.01348e-05
0.000310696
1.28944e-05
0.000312101
1.56879e-05
0.000313829
1.74767e-05
0.000316009
1.88386e-05
0.000317927
1.78589e-05
0.000320203
1.86339e-05
0.000321769
1.43528e-05
0.000323876
1.64686e-05
0.000325336
7.23633e-06
0.000326909
1.24908e-05
0.00032894
-1.93357e-06
0.00032934
6.00838e-06
0.000332095
-9.02341e-06
0.000331512
-3.17501e-06
0.000333514
-1.12178e-05
0.000333392
-1.09484e-05
0.000333347
-1.17712e-05
0.000333475
-1.1037e-05
0.000332929
-1.22668e-05
0.000331828
-6.26315e-06
0.000331257
-7.82725e-06
0.000330104
-1.18782e-07
0.000329185
-1.74756e-06
9.3067e-06
0.000327692
0.000307992
-1.09722e-05
0.000308075
-3.785e-06
0.000308091
2.35394e-06
0.000308333
6.62163e-06
0.000308906
9.56198e-06
0.000309796
1.20042e-05
0.000311121
1.43626e-05
0.000312734
1.58635e-05
0.000314706
1.68671e-05
0.000316444
1.61207e-05
0.000318561
1.65169e-05
0.000320012
1.29017e-05
0.000322209
1.42721e-05
0.000323482
5.96327e-06
0.000325442
1.05299e-05
0.00032704
-3.53106e-06
0.000327831
5.21752e-06
0.000330231
-1.14235e-05
0.000329409
-2.35285e-06
0.000331652
-1.34614e-05
0.00033063
-9.92555e-06
0.000330839
-1.19805e-05
0.000330476
-1.06746e-05
0.000329585
-1.13756e-05
0.000328215
-4.89313e-06
0.000327621
-7.23278e-06
0.000326106
1.39565e-06
0.000324959
-6.00703e-07
1.07154e-05
0.000323551
0.000305154
-1.15734e-05
0.000305532
-4.16299e-06
0.000306253
1.63341e-06
0.000307198
5.676e-06
0.000308155
8.60528e-06
0.000309111
1.10479e-05
0.000310287
1.31868e-05
0.000311671
1.44791e-05
0.000313361
1.51775e-05
0.000314928
1.45539e-05
0.000316924
1.45205e-05
0.000318376
1.14498e-05
0.000320691
1.19572e-05
0.000321885
4.76897e-06
0.000324205
8.21044e-06
0.000325361
-4.68756e-06
0.000326683
3.89556e-06
0.000328463
-1.32031e-05
0.000327722
-1.6117e-06
0.000329938
-1.5678e-05
0.00032804
-8.02695e-06
0.000328716
-1.26571e-05
0.000327477
-9.43473e-06
0.000326556
-1.04554e-05
0.000324708
-3.04498e-06
0.000324373
-6.89769e-06
0.000322039
3.72941e-06
0.000321165
2.73807e-07
1.24847e-05
0.000319395
0.000301089
-1.24829e-05
0.000302002
-5.07528e-06
0.000303687
-5.16986e-08
0.000305519
3.84378e-06
0.000306957
7.16687e-06
0.000308025
9.98014e-06
0.000309073
1.21388e-05
0.000310252
1.33006e-05
0.000311722
1.37069e-05
0.000313219
1.30576e-05
0.00031519
1.25487e-05
0.000316766
9.87382e-06
0.00031921
9.51314e-06
0.000320446
3.53376e-06
0.000323084
5.57163e-06
0.000323814
-5.41689e-06
0.000325728
1.98177e-06
0.000326605
-1.40807e-05
0.000326349
-1.3557e-06
0.000328048
-1.73765e-05
0.000325584
-5.56323e-06
0.000326705
-1.37782e-05
0.000324304
-7.0335e-06
0.000323688
-9.83915e-06
0.000321167
-5.24563e-07
0.000321294
-7.02405e-06
0.000317826
7.19674e-06
0.000317742
3.58569e-07
1.43517e-05
0.000315875
0.000295292
-1.40456e-05
0.000297145
-6.92764e-06
0.000300092
-2.99867e-06
0.000302747
1.1884e-06
0.00030456
5.35368e-06
0.000305711
8.82905e-06
0.000306715
1.11347e-05
0.000307871
1.2145e-05
0.000309375
1.22028e-05
0.000311046
1.13868e-05
0.000313178
1.04164e-05
0.000315024
8.02755e-06
0.000317619
6.91839e-06
0.000318995
2.15819e-06
0.000321794
2.77248e-06
0.000322233
-5.85584e-06
0.000324619
-4.04616e-07
0.000324451
-1.39127e-05
0.000324956
-1.86059e-06
0.000325448
-1.78683e-05
0.000323022
-3.13727e-06
0.000324107
-1.48635e-05
0.000320555
-3.48199e-06
0.000320528
-9.81163e-06
0.000317029
2.97473e-06
0.000318036
-8.03131e-06
0.000312696
1.25365e-05
0.00031476
-1.70506e-06
1.70314e-05
0.00031208
0.000286961
-1.64585e-05
0.000290325
-1.02915e-05
0.000294354
-7.02805e-06
0.000297799
-2.25653e-06
0.000299875
3.2775e-06
0.000301043
7.6619e-06
0.000302129
1.00488e-05
0.000303518
1.07551e-05
0.000305353
1.0368e-05
0.000307448
9.29247e-06
0.000309903
7.96115e-06
0.000312114
5.81636e-06
0.000314805
4.22775e-06
0.00031638
5.82592e-07
0.0003191
5.27799e-08
0.000319306
-6.06202e-06
0.00032178
-2.87855e-06
0.000320562
-1.26941e-05
0.000321756
-3.05489e-06
0.000320412
-1.65244e-05
0.000318788
-1.51369e-06
0.000318694
-1.47695e-05
0.000314765
4.47818e-07
0.000315077
-1.0124e-05
0.000310941
7.11073e-06
0.000312691
-9.78096e-06
0.000305882
1.93451e-05
0.000311716
-7.53904e-06
2.18426e-05
0.000306905
0.000274815
-1.95635e-05
0.000279346
-1.48228e-05
0.000283547
-1.12288e-05
0.000286448
-5.15735e-06
0.000288355
1.37074e-06
0.000289937
6.07968e-06
0.00029162
8.36565e-06
0.000293763
8.61265e-06
0.000296327
7.80399e-06
0.000299052
6.56743e-06
0.000301874
5.13862e-06
0.000304368
3.32216e-06
0.000306938
1.65776e-06
0.0003085
-9.78576e-07
0.000310656
-2.10321e-06
0.000310571
-5.97726e-06
0.000312308
-4.61601e-06
0.000310163
-1.05494e-05
0.00031127
-4.16148e-06
0.000307902
-1.31564e-05
0.00030739
-1.00176e-06
0.000304925
-1.23046e-05
0.000302268
3.10534e-06
0.000301564
-9.41987e-06
0.000298337
1.0337e-05
0.000299697
-1.11408e-05
0.000293757
2.52855e-05
0.000302982
-1.67637e-05
2.8719e-05
0.000296105
0.000254185
-2.20413e-05
0.00025768
-1.83181e-05
0.000259836
-1.33852e-05
0.000261072
-6.39353e-06
0.000262587
-1.44171e-07
0.000264329
4.33827e-06
0.000266788
5.90659e-06
0.000269714
5.68619e-06
0.000272828
4.68994e-06
0.000275829
3.56654e-06
0.000278574
2.39413e-06
0.000280824
1.07222e-06
0.000282711
-2.29569e-07
0.000283631
-1.89862e-06
0.000284451
-2.92311e-06
0.000283544
-5.07079e-06
0.000283509
-4.58013e-06
0.000280432
-7.47309e-06
0.000280174
-3.90329e-06
0.000275354
-8.33602e-06
0.000275297
-9.44807e-07
0.000270476
-7.48372e-06
0.000270355
3.22642e-06
0.000267132
-6.19758e-06
0.000267792
9.67718e-06
0.000267068
-1.04161e-05
0.000266636
2.57167e-05
0.000277151
-2.72783e-05
3.89503e-05
0.00026692
0.000209255
-1.68513e-05
0.000204729
-1.37916e-05
0.000200921
-9.5776e-06
0.000199253
-4.72522e-06
0.000199875
-7.6695e-07
0.000202664
1.54946e-06
0.000206179
2.3923e-06
0.000209663
2.20164e-06
0.000212727
1.62579e-06
0.000215256
1.03733e-06
0.000217189
4.61657e-07
0.000218409
-1.47338e-07
0.000218951
-7.71805e-07
0.000218543
-1.49102e-06
0.000217509
-1.88866e-06
0.000215153
-2.71478e-06
0.000212997
-2.42459e-06
0.000208924
-3.40007e-06
0.000206873
-1.85171e-06
0.000201872
-3.33522e-06
0.000201328
-4.00726e-07
0.000196378
-2.53429e-06
0.000198284
1.32073e-06
0.000193677
-1.59031e-06
0.000199678
3.67601e-06
0.000192666
-3.40451e-06
0.000205531
1.28515e-05
0.000203444
-2.51906e-05
3.55464e-05
0.000206848
0.000112276
9.8484e-05
8.89064e-05
8.41812e-05
8.34142e-05
8.49637e-05
8.7356e-05
8.95576e-05
9.11834e-05
9.22207e-05
9.26824e-05
9.25351e-05
9.17633e-05
9.02722e-05
8.83836e-05
8.56688e-05
8.32442e-05
7.98441e-05
7.79924e-05
7.46572e-05
7.42565e-05
7.17222e-05
7.30429e-05
7.14526e-05
7.51286e-05
7.17241e-05
8.45757e-05
5.9385e-05
9.49314e-05
9.3021e-06
-0.000204545
8.22071e-05
-1.83986e-05
0.000155345
0.000320871
0.000208143
0.000466227
0.000240431
0.00050233
0.000262173
0.000489749
0.000280681
0.000463851
0.000299095
0.000438496
0.000318008
0.000416681
0.000337341
0.000398292
0.000357014
0.000382904
0.000376971
0.000369998
0.000397158
0.000359028
0.000417524
0.0003496
0.00043794
0.000341473
0.000458474
0.000334226
0.000478925
0.000327942
0.000499267
0.000322224
0.000519734
0.000316802
0.000539665
0.000312419
0.000560036
0.000307316
0.000579918
0.000303664
0.000599872
0.000299436
0.000620834
0.000294907
0.000639754
0.000293155
0.000662204
0.00028445
0.000670792
0.000287514
0.000668843
0.000268869
0.000600477
0.000275218
0.000220297
0.000475114
2.21168e-06
-0.000206756
6.19269e-05
-7.81137e-05
0.000139531
0.000243267
0.000196911
0.000408847
0.000234637
0.000464603
0.00025987
0.000464516
0.00027978
0.000443941
0.000298365
0.000419911
0.000317074
0.000397972
0.000336145
0.000379222
0.000355598
0.000363451
0.000375383
0.000350213
0.000395354
0.000339057
0.000415511
0.000329443
0.000435743
0.000321242
0.000455922
0.000314047
0.000476383
0.000307481
0.000496484
0.000302123
0.000516921
0.000296365
0.000537336
0.000292004
0.000557019
0.000287633
0.000578132
0.00028255
0.000596592
0.000280977
0.000618232
0.000273266
0.000635428
0.000275959
0.000655477
0.000264401
0.000671169
0.000271821
0.000683829
0.000256209
0.000694976
0.000264071
0.000240704
0.000674569
-2.68941e-06
-0.000204067
4.29833e-05
-0.000123786
0.000120418
0.000165832
0.000181119
0.000348146
0.00022454
0.000421183
0.000254552
0.000434504
0.000277096
0.000421396
0.000296656
0.000400351
0.00031551
0.000379119
0.000334474
0.000360258
0.000353714
0.000344211
0.000373274
0.000330652
0.000393064
0.000319266
0.000412947
0.00030956
0.000433128
0.000301061
0.000453176
0.000293998
0.000473472
0.000287186
0.000493843
0.000281752
0.000513556
0.000276652
0.000534331
0.000271229
0.000553274
0.00026869
0.000573854
0.00026197
0.000592525
0.000262307
0.000611956
0.000253835
0.000631271
0.000256644
0.000648383
0.00024729
0.000669512
0.000250692
0.000684153
0.000241568
0.000704982
0.000243242
0.000235874
0.000709812
-4.13167e-06
-0.000199935
2.72759e-05
-0.000155194
9.8072e-05
9.50362e-05
0.000160416
0.000285802
0.000209073
0.000372525
0.000244397
0.00039918
0.000270603
0.000395191
0.000292111
0.000378843
0.000311714
0.000359515
0.000330857
0.000341115
0.000350057
0.000325011
0.000369462
0.000311248
0.000389194
0.000299535
0.000409006
0.000289748
0.000429035
0.000281031
0.000449148
0.000273886
0.00046894
0.000267393
0.000489382
0.00026131
0.0005088
0.000257234
0.000529119
0.000250911
0.00054873
0.000249078
0.000568301
0.000242399
0.00058842
0.000242189
0.000606723
0.000235531
0.000627551
0.000235816
0.000644803
0.000230038
0.00066561
0.000229885
0.000682219
0.000224958
0.00070158
0.000223882
0.000219998
0.000717456
-4.26513e-06
-0.00019567
1.30674e-05
-0.000172527
7.27976e-05
3.5306e-05
0.000134909
0.000223691
0.000187668
0.000319767
0.000228183
0.000358664
0.000258806
0.000364568
0.000283284
0.000354366
0.00030454
0.000338259
0.000324436
0.000321219
0.000343981
0.000305467
0.000363497
0.000291732
0.000383198
0.000279834
0.000403051
0.000269895
0.000422867
0.000261215
0.000443081
0.000253672
0.000462849
0.000247626
0.000483177
0.000240982
0.000503226
0.000237185
0.000523051
0.000231086
0.00054339
0.000228739
0.000562535
0.000223254
0.00058299
0.000221733
0.000601365
0.000217156
0.000621727
0.000215454
0.000640038
0.000211726
0.000659745
0.000210179
0.000677894
0.000206809
0.000696734
0.000205042
0.000202209
0.000714523
-6.35164e-06
-0.000189318
-1.32914e-06
-0.000177549
4.57982e-05
-1.18214e-05
0.000105236
0.000164253
0.000160198
0.000264805
0.000205211
0.000313651
0.000240641
0.000329138
0.000268997
0.000326011
0.000292952
0.000314303
0.000314465
0.000299706
0.000334901
0.000285031
0.000354904
0.000271729
0.000374808
0.00025993
0.000394882
0.00024982
0.000414848
0.000241249
0.000435193
0.000233327
0.000455353
0.000227466
0.000475441
0.000220894
0.000495881
0.000216745
0.0005155
0.000211467
0.000535848
0.000208391
0.000555206
0.000203896
0.000575531
0.000201409
0.000594721
0.000197966
0.000614743
0.000195431
0.000633993
0.000192476
0.000653537
0.000190635
0.000672275
0.000188071
0.000691025
0.000186292
0.000184076
0.000709157
-1.00856e-05
-0.000179233
-1.37978e-05
-0.000173837
1.9013e-05
-4.46321e-05
7.28231e-05
0.000110443
0.000127392
0.000210236
0.000175514
0.000265529
0.000215489
0.000289163
0.000248235
0.000293265
0.000275762
0.000286776
0.000299859
0.000275608
0.000322015
0.000262875
0.00034314
0.000250604
0.000363781
0.000239289
0.000384313
0.000229288
0.000404676
0.000220887
0.000425095
0.000212907
0.000445603
0.000206958
0.00046573
0.000200767
0.000486346
0.000196129
0.000506393
0.00019142
0.000526885
0.000187899
0.000546853
0.000183929
0.000567207
0.000181054
0.00058703
0.000178143
0.000606871
0.00017559
0.000626306
0.000173041
0.000645719
0.000171222
0.000664662
0.000169128
0.000683583
0.000167371
0.000165422
0.000702237
-1.41337e-05
-0.000165099
-2.45548e-05
-0.000163416
-4.89117e-06
-6.42957e-05
4.00072e-05
6.55443e-05
9.11299e-05
0.000159114
0.0001402
0.000216459
0.000183547
0.000245816
0.000220487
0.000256325
0.000252033
0.00025523
0.000279526
0.000248115
0.000304295
0.000238105
0.000327293
0.000227606
0.000349266
0.000217316
0.000370672
0.000207882
0.000391788
0.000199771
0.000412663
0.000192032
0.00043368
0.00018594
0.000454333
0.000180114
0.000475205
0.000175257
0.000495774
0.000170851
0.000516434
0.000167239
0.000536729
0.000163634
0.000557041
0.000160742
0.000577098
0.000158086
0.000596996
0.000155692
0.000616675
0.000153362
0.0006364
0.000151497
0.000655952
0.000149577
0.000675503
0.00014782
0.000146085
0.00069484
-1.77699e-05
-0.000147329
-3.3129e-05
-0.000148057
-2.49737e-05
-7.24511e-05
9.45707e-06
3.11135e-05
5.41749e-05
0.000114396
0.000101525
0.000169109
0.000146204
0.000201137
0.000186253
0.000216275
0.000221532
0.000219951
0.000252692
0.000216955
0.000280667
0.000210129
0.000306302
0.000201971
0.00033036
0.000193259
0.00035336
0.000184881
0.000375757
0.000177374
0.000397572
0.000170217
0.00041927
0.000164242
0.000440603
0.000158782
0.000461842
0.000154019
0.000482869
0.000149823
0.000503843
0.000146264
0.000524549
0.000142928
0.00054519
0.000140102
0.000565708
0.000137567
0.00058612
0.000135281
0.000606355
0.000133126
0.000626593
0.00013126
0.000646658
0.000129512
0.000666624
0.000127853
0.000126383
0.000686326
-2.0716e-05
-0.000126613
-3.99458e-05
-0.000128827
-4.09447e-05
-7.14522e-05
-1.7724e-05
7.89289e-06
1.94856e-05
7.71862e-05
6.24094e-05
0.000126185
0.000105975
0.000157572
0.000147302
0.000174948
0.000185219
0.000182034
0.000219624
0.00018255
0.000250889
0.000178865
0.0002796
0.00017326
0.000306308
0.000166551
0.000331512
0.000159678
0.000355708
0.000153178
0.00037901
0.000146915
0.000401856
0.000141396
0.000424245
0.000136393
0.000446317
0.000131946
0.000468112
0.000128029
0.000489738
0.000124638
0.000511094
0.000121573
0.000532303
0.000118893
0.000553348
0.000116523
0.000574258
0.00011437
0.000594949
0.000112435
0.000615549
0.00011066
0.000635939
0.000109122
0.000656211
0.000107582
0.000106359
0.000676234
-2.29547e-05
-0.000103659
-4.52493e-05
-0.000106532
-5.29226e-05
-6.37789e-05
-3.9709e-05
-5.32071e-06
-1.08147e-05
4.82919e-05
2.57659e-05
8.96042e-05
6.60893e-05
0.000117249
0.000106617
0.00013442
0.000145546
0.000143106
0.000182119
0.000145977
0.000216118
0.000144867
0.000247776
0.000141602
0.00027735
0.000136976
0.000305208
0.00013182
0.000331752
0.000126634
0.000357135
0.000121533
0.000381695
0.000116836
0.000405547
0.00011254
0.00042883
0.000108664
0.000451643
0.000105216
0.000474117
0.000102163
0.000496246
9.9444e-05
0.000518131
9.70073e-05
0.000539776
9.48775e-05
0.000561233
9.29136e-05
0.000582444
9.12239e-05
0.000603499
8.9605e-05
0.000624325
8.82955e-05
0.000645002
8.6905e-05
8.5933e-05
0.000665429
-2.45814e-05
-7.90772e-05
-4.92099e-05
-8.19037e-05
-6.15482e-05
-5.14406e-05
-5.61199e-05
-1.0749e-05
-3.58201e-05
2.79921e-05
-5.41602e-06
5.92002e-05
2.99641e-05
8.18686e-05
6.80156e-05
9.63687e-05
0.000106354
0.000104768
0.000143756
0.000108574
0.000179535
0.000109088
0.000213532
0.000107605
0.00024569
0.000104817
0.000276144
0.000101367
0.00030511
9.76677e-05
0.00033272
9.39223e-05
0.000359223
9.03335e-05
0.000384783
8.69802e-05
0.000409568
8.38792e-05
0.00043371
8.10734e-05
0.000457348
7.85255e-05
0.000480532
7.62593e-05
0.000503349
7.41908e-05
0.000525822
7.24041e-05
0.000548001
7.07345e-05
0.000569877
6.93485e-05
0.0005915
6.79814e-05
0.000612855
6.69406e-05
0.000633984
6.5776e-05
6.50534e-05
0.000654864
-2.57197e-05
-5.33575e-05
-5.2031e-05
-5.55924e-05
-6.74559e-05
-3.60156e-05
-6.78347e-05
-1.03702e-05
-5.44078e-05
1.45652e-05
-3.05567e-05
3.5349e-05
3.31052e-07
5.09808e-05
3.51017e-05
6.1598e-05
7.1753e-05
6.81168e-05
0.000108807
7.15198e-05
0.000145267
7.26279e-05
0.000180634
7.22386e-05
0.000214605
7.08454e-05
0.0002471
6.88717e-05
0.000278168
6.65996e-05
0.000307884
6.42071e-05
0.0003364
6.18171e-05
0.000363858
5.95226e-05
0.000390396
5.73409e-05
0.000416135
5.53342e-05
0.000441186
5.34747e-05
0.000465626
5.18198e-05
0.000489524
5.02923e-05
0.000512941
4.89867e-05
0.00053592
4.77558e-05
0.000558509
4.67598e-05
0.000580731
4.57589e-05
0.000602642
4.50304e-05
0.000624236
4.41813e-05
4.36996e-05
0.00064559
-2.64763e-05
-2.68813e-05
-5.39529e-05
-2.81158e-05
-7.1416e-05
-1.85525e-05
-7.56224e-05
-6.16389e-06
-6.70598e-05
6.00257e-06
-4.80525e-05
1.63417e-05
-2.13607e-05
2.4289e-05
1.04037e-05
2.98337e-05
4.50923e-05
3.34282e-05
8.12008e-05
3.54112e-05
0.000117597
3.62321e-05
0.000153577
3.62581e-05
0.000188684
3.57388e-05
0.000222675
3.48802e-05
0.000255452
3.38227e-05
0.000286992
3.26669e-05
0.000317336
3.1473e-05
0.000346556
3.03025e-05
0.00037473
2.91671e-05
0.000401952
2.81123e-05
0.000428303
2.71236e-05
0.000453879
2.62436e-05
0.000478745
2.5427e-05
0.000502998
2.47339e-05
0.000526676
2.40775e-05
0.000549881
2.35546e-05
0.000572616
2.30236e-05
0.000594999
2.26474e-05
0.000616983
2.21974e-05
2.19558e-05
0.000638727
-2.68712e-05
-1.01086e-08
-5.49832e-05
-3.73749e-09
-7.3543e-05
7.36786e-09
-7.9723e-05
1.60801e-08
-7.37412e-05
2.07267e-08
-5.7422e-05
2.25985e-08
-3.31555e-05
2.2465e-08
-3.34258e-06
2.07541e-08
3.00665e-05
1.91883e-08
6.54614e-05
1.63098e-08
0.00010168
1.33571e-08
0.000137928
1.03722e-08
0.000173659
7.47759e-09
0.000208535
4.77923e-09
0.000242355
2.37341e-09
0.000275021
3.39784e-10
0.000306496
-1.34268e-09
0.000336801
-2.63222e-09
0.000365972
-3.5571e-09
0.000394088
-4.13415e-09
0.000421216
-4.43654e-09
0.000447464
-4.50656e-09
0.000472896
-4.4098e-09
0.000497634
-4.12489e-09
0.000521715
-3.71368e-09
0.000545273
-3.24212e-09
0.000568299
-2.70966e-09
0.000590949
-2.2327e-09
0.000613148
-1.78874e-09
-1.3884e-09
0.000635105
-2.6872e-05
2.68619e-05
-5.49851e-05
2.81093e-05
-7.35464e-05
1.85687e-05
-7.97282e-05
6.19792e-06
-7.37477e-05
-5.95985e-06
-5.74294e-05
-1.62957e-05
-3.31634e-05
-2.42435e-05
-3.35131e-06
-2.97913e-05
3.00588e-05
-3.33909e-05
6.54541e-05
-3.5379e-05
0.000101673
-3.62057e-05
0.000137921
-3.62375e-05
0.000173653
-3.5724e-05
0.000208528
-3.48706e-05
0.000242348
-3.38179e-05
0.000275015
-3.2666e-05
0.000306489
-3.14755e-05
0.000336794
-3.03076e-05
0.000365964
-2.91741e-05
0.000394081
-2.81206e-05
0.000421209
-2.71325e-05
0.000447457
-2.62527e-05
0.000472888
-2.54359e-05
0.000497627
-2.47424e-05
0.000521708
-2.40855e-05
0.000545267
-2.35619e-05
0.000568294
-2.303e-05
0.000590945
-2.26527e-05
0.000613145
-2.22017e-05
-2.19592e-05
0.000635103
-2.64787e-05
5.33406e-05
-5.39584e-05
5.5589e-05
-7.14256e-05
3.60359e-05
-7.56365e-05
1.04088e-05
-6.70772e-05
-1.45191e-05
-4.80714e-05
-3.53014e-05
-2.138e-05
-5.09349e-05
1.03857e-05
-6.15571e-05
4.50755e-05
-6.80807e-05
8.11853e-05
-7.14889e-05
0.000117582
-7.26025e-05
0.000153563
-7.22188e-05
0.000188671
-7.08312e-05
0.000222663
-6.88627e-05
0.00025544
-6.65952e-05
0.00028698
-6.42064e-05
0.000317324
-6.18194e-05
0.000346544
-5.95272e-05
0.000374717
-5.73472e-05
0.000401938
-5.53418e-05
0.000428289
-5.34833e-05
0.000453865
-5.18288e-05
0.000478731
-5.03014e-05
0.000502984
-4.89956e-05
0.000526663
-4.77643e-05
0.000549869
-4.6768e-05
0.000572605
-4.57666e-05
0.00059499
-4.50376e-05
0.000616976
-4.41875e-05
-4.37049e-05
0.000638722
-2.57234e-05
7.9064e-05
-5.20392e-05
8.19049e-05
-6.74703e-05
5.14669e-05
-6.78558e-05
1.07943e-05
-5.44325e-05
-2.79424e-05
-3.05816e-05
-5.91524e-05
3.08991e-07
-8.18255e-05
3.50823e-05
-9.63304e-05
7.17372e-05
-0.000104736
0.000108795
-0.000108546
0.000145257
-0.000109065
0.000180625
-0.000107587
0.000214598
-0.000104804
0.000247095
-0.000101359
0.000278164
-9.76642e-05
0.00030788
-9.39229e-05
0.000336398
-9.0337e-05
0.000363856
-8.69857e-05
0.000390395
-8.38858e-05
0.000416133
-8.10805e-05
0.000441183
-7.8533e-05
0.000465622
-7.62673e-05
0.000489519
-7.41992e-05
0.000512937
-7.24127e-05
0.000535915
-7.07431e-05
0.000558504
-6.93569e-05
0.000580727
-6.79895e-05
0.000602638
-6.69484e-05
0.000624234
-6.57834e-05
-6.50603e-05
0.000645589
-2.45861e-05
0.00010365
-4.92204e-05
0.000106539
-6.15664e-05
6.3813e-05
-5.6147e-05
5.37493e-06
-3.58497e-05
-4.82398e-05
-5.44423e-06
-8.95578e-05
2.99413e-05
-0.000117211
6.8e-05
-0.000134389
0.000106345
-0.00014308
0.000143753
-0.000145955
0.000179537
-0.000144848
0.000213536
-0.000141587
0.000245697
-0.000136965
0.000276151
-0.000131814
0.000305118
-0.000126631
0.00033273
-0.000121534
0.000359234
-0.000116841
0.000384797
-0.000112548
0.000409584
-0.000108673
0.000433728
-0.000105225
0.000457367
-0.000102172
0.000480552
-9.94519e-05
0.000503367
-9.70147e-05
0.000525839
-9.48847e-05
0.000548017
-9.29209e-05
0.000569891
-9.12314e-05
0.000591514
-8.96125e-05
0.000612869
-8.83028e-05
0.000633998
-8.69121e-05
-8.59398e-05
0.000654877
-2.29602e-05
0.00012661
-4.52619e-05
0.000128841
-5.29466e-05
7.14976e-05
-3.97391e-05
-7.8326e-06
-1.08463e-05
-7.71325e-05
2.57403e-05
-0.000126144
6.60719e-05
-0.000157543
0.000106609
-0.000174926
0.000145546
-0.000182017
0.000182126
-0.000182535
0.000216129
-0.000178852
0.00024779
-0.000173248
0.000277367
-0.000166542
0.000305227
-0.000159673
0.000331772
-0.000153176
0.000357156
-0.000146918
0.000381717
-0.000141402
0.000405571
-0.000136402
0.000428855
-0.000131957
0.00045167
-0.00012804
0.000474147
-0.000124649
0.000496279
-0.000121583
0.000518166
-0.000118902
0.000539811
-0.00011653
0.000561267
-0.000114376
0.000582476
-0.000112441
0.000603529
-0.000110666
0.000624354
-0.000109128
0.00064503
-0.000107588
-0.000106365
0.000665455
-2.0722e-05
0.000147332
-3.99598e-05
0.000148079
-4.09713e-05
7.25091e-05
-1.77574e-05
-3.10465e-05
1.94572e-05
-0.000114347
6.23902e-05
-0.000169077
0.000105967
-0.00020112
0.000147305
-0.000216264
0.00018523
-0.000219942
0.00021964
-0.000216945
0.000250908
-0.000210119
0.00027962
-0.000201961
0.000306329
-0.00019325
0.000331532
-0.000184876
0.000355729
-0.000177373
0.000379032
-0.000170222
0.000401881
-0.000164251
0.000424272
-0.000158794
0.000446347
-0.000154032
0.000468144
-0.000149837
0.000489771
-0.000146277
0.000511127
-0.000142939
0.000532337
-0.000140112
0.000553383
-0.000137576
0.000574294
-0.000135287
0.000594985
-0.000133132
0.000615584
-0.000131265
0.000635972
-0.000129516
0.000656241
-0.000127857
-0.000126386
0.000676263
-1.77758e-05
0.000165108
-3.31439e-05
0.000163447
-2.5002e-05
6.43672e-05
9.42758e-06
-6.54761e-05
5.41537e-05
-0.000159073
0.000101518
-0.000216442
0.000146209
-0.000245811
0.000186269
-0.000256324
0.000221554
-0.000255227
0.000252716
-0.000248107
0.000280691
-0.000238094
0.000306325
-0.000227595
0.000330381
-0.000217306
0.000353379
-0.000207875
0.000375774
-0.000199768
0.000397589
-0.000192036
0.000419287
-0.000185949
0.000440622
-0.000180128
0.000461864
-0.000175275
0.000482897
-0.000170869
0.000503875
-0.000167255
0.000524582
-0.000163647
0.000545223
-0.000160752
0.00056574
-0.000158093
0.00058615
-0.000155698
0.000606384
-0.000153366
0.00062662
-0.0001515
0.000646682
-0.000149578
0.000666647
-0.000147822
-0.000146086
0.000686347
-1.41391e-05
0.000179247
-2.45712e-05
0.000173879
-4.91942e-06
4.47155e-05
3.99849e-05
-0.00011038
9.11211e-05
-0.000210209
0.000140206
-0.000265526
0.000183565
-0.00028917
0.000220512
-0.000293271
0.000252061
-0.000286775
0.000279553
-0.000275599
0.000304319
-0.000262861
0.000327314
-0.000250589
0.000349283
-0.000239276
0.000370687
-0.000229279
0.000391801
-0.000220882
0.000412674
-0.000212909
0.00043369
-0.000206966
0.000454341
-0.000200779
0.000475212
-0.000196145
0.000495782
-0.000191439
0.000516444
-0.000187917
0.000536741
-0.000183944
0.000557056
-0.000181067
0.000577114
-0.000178151
0.000597012
-0.000175595
0.000616691
-0.000173044
0.000636414
-0.000171223
0.000655963
-0.000169128
0.000675512
-0.00016737
-0.00016542
0.000694846
-1.00887e-05
0.000189336
-1.38139e-05
0.000177604
1.89889e-05
1.19127e-05
7.28124e-05
-0.000164204
0.000127397
-0.000264793
0.000175532
-0.000313661
0.000215515
-0.000329153
0.000248264
-0.00032602
0.000275789
-0.000314301
0.000299883
-0.000299692
0.000322034
-0.000285012
0.000343155
-0.00027171
0.000363793
-0.000259914
0.000384323
-0.000249809
0.000404684
-0.000241243
0.000425103
-0.000233328
0.00044561
-0.000227472
0.000465735
-0.000220905
0.000486349
-0.000216759
0.000506392
-0.000211482
0.000526881
-0.000208406
0.000546846
-0.000203909
0.000567196
-0.000201417
0.000587017
-0.000197972
0.000606856
-0.000195435
0.000626291
-0.000192479
0.000645704
-0.000190636
0.000664647
-0.000188071
0.000683568
-0.000186291
-0.000184074
0.000702222
-6.35105e-06
0.000195687
-1.34117e-06
0.000172594
4.57843e-05
-3.52128e-05
0.000105239
-0.000223658
0.000160214
-0.000319769
0.000205236
-0.000358683
0.00024067
-0.000364587
0.000269023
-0.000354374
0.000292974
-0.000338251
0.000314481
-0.0003212
0.000334912
-0.000305443
0.000354911
-0.000291709
0.000374813
-0.000279815
0.000394887
-0.000269882
0.000414852
-0.000261209
0.000435197
-0.000253672
0.000455356
-0.000247632
0.000475443
-0.000240992
0.000495881
-0.000237197
0.000515497
-0.000231099
0.000535843
-0.000228751
0.000555199
-0.000223265
0.00057552
-0.000221739
0.000594706
-0.000217158
0.000614724
-0.000215453
0.00063397
-0.000211725
0.000653511
-0.000210177
0.000672247
-0.000206807
0.000690995
-0.000205039
-0.000202207
0.000709128
-4.26027e-06
0.000199947
1.30587e-05
0.000155275
7.2794e-05
-9.4948e-05
0.00013492
-0.000285785
0.00018769
-0.000372538
0.00022821
-0.000399204
0.000258832
-0.000395209
0.000283305
-0.000378846
0.000304555
-0.000359501
0.000324444
-0.00034109
0.000343985
-0.000324983
0.000363499
-0.000311223
0.000383199
-0.000299516
0.000403053
-0.000289735
0.000422869
-0.000281026
0.000443084
-0.000273887
0.00046285
-0.000267398
0.000483177
-0.000261318
0.000503223
-0.000257243
0.000523044
-0.00025092
0.000543379
-0.000249086
0.000562521
-0.000242407
0.000582975
-0.000242193
0.00060135
-0.000235533
0.000621713
-0.000235816
0.000640026
-0.000230038
0.000659732
-0.000229884
0.000677881
-0.000224955
0.000696721
-0.000223878
-0.000219994
0.000714508
-4.12918e-06
0.000204076
2.72693e-05
0.000123877
9.80777e-05
-0.000165756
0.000160433
-0.000348139
0.000209097
-0.000421202
0.000244422
-0.000434529
0.000270623
-0.000421411
0.000292124
-0.000400347
0.000311721
-0.000379097
0.000330859
-0.000360228
0.000350057
-0.000344181
0.000369461
-0.000330628
0.000389194
-0.000319248
0.000409007
-0.000309549
0.000429038
-0.000301056
0.00044915
-0.000293999
0.000468942
-0.00028719
0.000489382
-0.000281758
0.000508797
-0.000276658
0.000529113
-0.000271235
0.000548722
-0.000268695
0.000568289
-0.000261974
0.000588405
-0.000262309
0.000606708
-0.000253835
0.000627535
-0.000256644
0.000644787
-0.00024729
0.000665597
-0.000250693
0.00068221
-0.000241569
0.000701577
-0.000243244
-0.000235876
0.000717458
-2.69434e-06
0.000206771
4.29743e-05
7.8208e-05
0.000120429
-0.000243211
0.000181138
-0.000408849
0.000224561
-0.000464625
0.000254572
-0.000464539
0.00027711
-0.00044395
0.000296663
-0.000419899
0.00031551
-0.000397945
0.000334471
-0.000379189
0.00035371
-0.000363421
0.000373272
-0.000350189
0.000393064
-0.00033904
0.000412948
-0.000329433
0.000433131
-0.000321238
0.000453179
-0.000314047
0.000473473
-0.000307485
0.000493842
-0.000302128
0.000513553
-0.000296369
0.000534326
-0.000292008
0.000553268
-0.000287636
0.000573847
-0.000282553
0.000592518
-0.00028098
0.000611952
-0.000273269
0.000631269
-0.000275961
0.000648382
-0.000264403
0.000669512
-0.000271823
0.000684154
-0.000256211
0.000704983
-0.000264073
-0.000240706
0.000709814
2.20396e-06
0.000204567
6.19175e-05
1.84944e-05
0.000139544
-0.000320838
0.00019693
-0.000466234
0.000234656
-0.000502351
0.000259884
-0.000489768
0.000279788
-0.000463853
0.000298366
-0.000438477
0.00031707
-0.000416649
0.000336139
-0.000398257
0.000355594
-0.000382876
0.000375381
-0.000369976
0.000395354
-0.000359014
0.000415513
-0.000349592
0.000435746
-0.000341471
0.000455925
-0.000334227
0.000476385
-0.000327945
0.000496485
-0.000322227
0.000516921
-0.000316805
0.000537335
-0.000312422
0.000557018
-0.000307319
0.000578132
-0.000303667
0.000596592
-0.00029944
0.000618233
-0.00029491
0.00063543
-0.000293159
0.000655482
-0.000284455
0.000671178
-0.000287519
0.000683839
-0.000268872
0.000694985
-0.00027522
-0.000220297
0.000674576
9.29735e-06
8.22043e-05
0.000155358
0.00020816
0.000240445
0.000262182
0.000280684
0.000299091
0.000318001
0.000337334
0.000357009
0.000376968
0.000397157
0.000417526
0.000437943
0.000458477
0.000478929
0.00049927
0.000519737
0.000539667
0.00056004
0.000579923
0.000599879
0.000620843
0.000639764
0.000662214
0.000670801
0.000668849
0.000600477
0.000475111
-8.35083e-06
-3.99747e-06
1.07233e-06
5.75918e-06
9.97918e-06
1.34379e-05
1.57754e-05
1.71221e-05
1.78489e-05
1.77392e-05
1.64921e-05
1.3953e-05
1.01482e-05
5.34515e-06
-1.2323e-09
-5.34836e-06
-1.01535e-05
-1.39596e-05
-1.64971e-05
-1.77411e-05
-1.78474e-05
-1.71198e-05
-1.57737e-05
-1.34395e-05
-9.98192e-06
-5.75947e-06
-1.07047e-06
4.00047e-06
8.35441e-06
)
;

boundaryField
{
    inlet
    {
        type            calculated;
        value           nonuniform List<scalar> 0();
    }
    outlet
    {
        type            calculated;
        value           nonuniform List<scalar> 0();
    }
    wall
    {
        type            calculated;
        value           uniform 0;
    }
    obstacle
    {
        type            calculated;
        value           uniform 0;
    }
    frontAndBack
    {
        type            empty;
        value           nonuniform List<scalar> 0();
    }
    procBoundary1to0
    {
        type            processor;
        value           nonuniform List<scalar> 
61
(
-0.000166871
-0.000217579
-0.000245676
-0.000264829
-0.000279145
-0.000290065
-0.000298076
-0.000303569
-0.000307186
-0.000309636
-0.000311457
-0.000313067
-0.000315039
-0.000317912
-0.000321701
-0.000409257
-0.000303998
-0.000307
-0.000310259
-0.000314742
-0.000320458
-0.000326729
-0.00033303
-0.000340035
-0.000348626
-0.000360753
-0.000373852
-0.000391559
-0.000415129
-0.000450581
-0.000432293
-0.000474687
-0.000489359
-0.000454491
-0.00042191
-0.000405667
-0.000387918
-0.000375742
-0.000365915
-0.000357392
-0.000349753
-0.000342858
-0.000337277
-0.000333008
-0.000329552
-0.000326085
-0.00032229
-0.000318531
-0.000315444
-0.000313226
-0.000311505
-0.000309734
-0.000307545
-0.000304553
-0.00030018
-0.00029373
-0.000284548
-0.00027171
-0.000251707
-0.000214445
-0.000129127
)
;
    }
    procBoundary1to2
    {
        type            processor;
        value           nonuniform List<scalar> 
30
(
0.000483465
0.000670215
0.000704742
0.000712769
0.000710303
0.000705699
0.0006999
0.000693493
0.000685599
0.000676344
0.000666676
0.000657403
0.000649395
0.00064353
0.000640451
0.00064045
0.000643527
0.000649395
0.000657415
0.000666699
0.000676369
0.000685619
0.0006935
0.000699888
0.00070567
0.000710286
0.000712769
0.000704743
0.000670222
0.000483466
)
;
    }
}


// ************************************************************************* //
