/*--------------------------------*- C++ -*----------------------------------*\
| =========                 |                                                 |
| \\      /  F ield         | OpenFOAM: The Open Source CFD Toolbox           |
|  \\    /   O peration     | Version:  2312                                  |
|   \\  /    A nd           | Website:  www.openfoam.com                      |
|    \\/     M anipulation  |                                                 |
\*---------------------------------------------------------------------------*/
FoamFile
{
    version     2.0;
    format      ascii;
    arch        "LSB;label=32;scalar=64";
    class       surfaceScalarField;
    location    "87000";
    object      phi;
}
// * * * * * * * * * * * * * * * * * * * * * * * * * * * * * * * * * * * * * //

dimensions      [0 3 -1 0 0 0 0];

oriented        oriented;

internalField   nonuniform List<scalar> 
5309
(
7.46023e-05
2.77333e-05
6.92163e-05
5.38603e-06
6.29307e-05
6.28558e-06
5.97331e-05
3.19758e-06
5.86324e-05
1.10066e-06
5.9379e-05
-7.46548e-07
6.06022e-05
-1.22318e-06
6.31314e-05
-2.52921e-06
6.5544e-05
-2.41264e-06
6.9077e-05
-3.53294e-06
7.19454e-05
-2.86848e-06
7.58299e-05
-3.88443e-06
7.85019e-05
-2.67207e-06
8.21558e-05
-3.6539e-06
8.40737e-05
-1.91787e-06
8.71603e-05
-3.0866e-06
8.79796e-05
-8.19327e-07
9.03411e-05
-2.36149e-06
8.9884e-05
4.57115e-07
9.16031e-05
-1.71913e-06
8.98471e-05
1.75603e-06
9.10749e-05
-1.22779e-06
8.79905e-05
3.08438e-06
8.88509e-05
-8.60365e-07
8.42572e-05
4.59371e-06
8.50707e-05
-8.13529e-07
7.64768e-05
8.5939e-06
8.5209e-05
-8.73221e-06
3.59316e-05
4.92774e-05
-3.48979e-05
7.08295e-05
0.000148653
3.3623e-05
0.000146354
7.68501e-06
0.000144079
8.56009e-06
0.000142795
4.48222e-06
0.000142602
1.29299e-06
0.000144325
-2.46919e-06
0.000146835
-3.7333e-06
0.000151089
-6.78254e-06
0.000155499
-6.82304e-06
0.000161565
-9.59921e-06
0.00016707
-8.37327e-06
0.000174156
-1.09708e-05
0.000179857
-8.37312e-06
0.000187161
-1.0958e-05
0.000192222
-6.97859e-06
0.000199074
-9.93798e-06
0.000202798
-4.54412e-06
0.000208878
-8.44147e-06
0.000210944
-1.60849e-06
0.000216364
-7.13956e-06
0.000216245
1.8758e-06
0.000221558
-6.54147e-06
0.000218311
6.33165e-06
0.000224713
-7.2622e-06
0.000215912
1.33946e-05
0.000226929
-1.18307e-05
0.000204415
3.1108e-05
0.000224491
-2.88083e-05
0.000204758
6.90108e-05
-3.61915e-05
0.000206051
0.000197835
3.15247e-05
0.000198579
6.94125e-06
0.00020006
7.07859e-06
0.000200984
3.55845e-06
0.000202317
-3.99781e-08
0.000204719
-4.87169e-06
0.000207736
-6.75007e-06
0.000212216
-1.12624e-05
0.000216881
-1.14883e-05
0.000223156
-1.58738e-05
0.000229016
-1.42329e-05
0.000236577
-1.85323e-05
0.000242941
-1.47367e-05
0.00025121
-1.92274e-05
0.000257367
-1.31357e-05
0.000265867
-1.84376e-05
0.000271232
-9.90946e-06
0.000279846
-1.70556e-05
0.000283777
-5.5387e-06
0.000292618
-1.59814e-05
0.000294408
8.58268e-08
0.0003038
-1.59334e-05
0.000302853
7.27859e-06
0.000313428
-1.78373e-05
0.000308638
1.81854e-05
0.000319988
-2.31814e-05
0.000315987
3.51091e-05
0.000320682
-3.35028e-05
0.0003361
5.35929e-05
-1.89084e-05
0.000318817
0.000234773
2.69004e-05
0.000234812
6.90156e-06
0.000236968
4.92295e-06
0.000239083
1.44369e-06
0.000240976
-1.93351e-06
0.000244207
-8.10233e-06
0.000247669
-1.02126e-05
0.00025232
-1.59132e-05
0.000257002
-1.61702e-05
0.00026304
-2.19114e-05
0.00026873
-1.99231e-05
0.000275896
-2.56984e-05
0.000282186
-2.10264e-05
0.000290125
-2.71666e-05
0.000296555
-1.95651e-05
0.000304976
-2.68586e-05
0.00031115
-1.60839e-05
0.000319842
-2.57476e-05
0.000325427
-1.11237e-05
0.000334195
-2.47493e-05
0.000339278
-4.99771e-06
0.000347919
-2.4574e-05
0.000352689
2.50901e-06
0.000360428
-2.55772e-05
0.00036655
1.20643e-05
0.000371136
-2.7768e-05
0.000383124
2.3121e-05
0.000378448
-2.88267e-05
0.00040533
2.67113e-05
-8.81832e-06
0.00039524
0.000263535
2.21351e-05
0.000263145
7.2913e-06
0.000265079
2.98962e-06
0.000267718
-1.19563e-06
0.000270217
-4.43216e-06
0.000273085
-1.09709e-05
0.000276439
-1.35667e-05
0.000280538
-2.00115e-05
0.000285024
-2.06568e-05
0.000290208
-2.70952e-05
0.000295664
-2.53791e-05
0.00030174
-3.17751e-05
0.000307944
-2.72301e-05
0.000314653
-3.38753e-05
0.000321372
-2.62847e-05
0.000328451
-3.39368e-05
0.000335542
-2.31757e-05
0.000342697
-3.29025e-05
0.000350229
-1.86556e-05
0.000357153
-3.16729e-05
0.000365438
-1.32825e-05
0.000371575
-3.07108e-05
0.00038123
-7.14667e-06
0.000385716
-3.00625e-05
0.000398219
-4.39586e-07
0.000399124
-2.86726e-05
0.000417292
4.95279e-06
0.00041165
-2.3185e-05
0.000435686
2.67602e-06
-7.61942e-06
0.000434487
0.000286335
1.81208e-05
0.000285906
7.72094e-06
0.000287297
1.59826e-06
0.000289419
-3.31766e-06
0.000291792
-6.80514e-06
0.000294272
-1.34505e-05
0.000297496
-1.67909e-05
0.000300917
-2.34326e-05
0.00030521
-2.49497e-05
0.000309413
-3.12981e-05
0.000314649
-3.06147e-05
0.000319501
-3.66277e-05
0.000325596
-3.3325e-05
0.000330911
-3.919e-05
0.00033779
-3.31637e-05
0.000343346
-3.94928e-05
0.000351011
-3.08407e-05
0.00035655
-3.84414e-05
0.000365166
-2.72718e-05
0.000370356
-3.68634e-05
0.000380242
-2.31678e-05
0.000384609
-3.50787e-05
0.000396371
-1.89078e-05
0.000399151
-3.28428e-05
0.000413721
-1.50094e-05
0.000414005
-2.89567e-05
0.000431809
-1.28514e-05
0.000430222
-2.15979e-05
0.000447484
-1.45857e-05
-1.26865e-05
0.000452551
0.00030411
1.51285e-05
0.000304095
7.73654e-06
0.000304808
8.84987e-07
0.000306343
-4.85235e-06
0.000308591
-9.05319e-06
0.000310615
-1.5475e-05
0.000313571
-1.97468e-05
0.000316263
-2.61247e-05
0.000320194
-2.88811e-05
0.000323506
-3.46098e-05
0.000328348
-3.54566e-05
0.000332166
-4.04458e-05
0.000337903
-3.90615e-05
0.000342103
-4.33904e-05
0.000348735
-3.9796e-05
0.00035315
-4.39073e-05
0.000360744
-3.84344e-05
0.000365181
-4.28782e-05
0.000373887
-3.59781e-05
0.00037811
-4.10867e-05
0.00038816
-3.32177e-05
0.000391903
-3.88212e-05
0.000403601
-3.06061e-05
0.000406571
-3.58132e-05
0.000420054
-2.8492e-05
0.000422416
-3.13187e-05
0.000436801
-2.72365e-05
0.000440307
-2.51037e-05
0.000452287
-2.65655e-05
-1.98282e-05
0.000459428
0.000317356
1.31439e-05
0.000317712
7.38042e-06
0.00031815
4.47288e-07
0.000319163
-5.86572e-06
0.000321141
-1.10311e-05
0.000322802
-1.71354e-05
0.000325396
-2.23411e-05
0.000327536
-2.82647e-05
0.000330977
-3.23221e-05
0.000333635
-3.72675e-05
0.000337913
-3.97349e-05
0.000341001
-4.35336e-05
0.000346137
-4.41973e-05
0.000349588
-4.68417e-05
0.000355622
-4.58302e-05
0.000359342
-4.76276e-05
0.00036635
-4.54425e-05
0.000370242
-4.677e-05
0.000378322
-4.40574e-05
0.000382294
-4.50587e-05
0.000391539
-4.24629e-05
0.000395556
-4.28383e-05
0.000405976
-4.1026e-05
0.000410143
-3.99803e-05
0.000421436
-3.97856e-05
0.000426361
-3.62432e-05
0.000437541
-3.84169e-05
0.000444427
-3.19895e-05
0.000453926
-3.60647e-05
-2.79762e-05
0.000462074
0.000326503
1.20176e-05
0.000327088
6.79521e-06
0.000327581
-4.54663e-08
0.000328288
-6.57296e-06
0.000329915
-1.26579e-05
0.000331328
-1.85487e-05
0.000333523
-2.45356e-05
0.000335302
-3.00445e-05
0.000338179
-3.51986e-05
0.000340416
-3.95045e-05
0.00034402
-4.33388e-05
0.000346667
-4.6181e-05
0.000351036
-4.8566e-05
0.000354081
-4.98865e-05
0.000359274
-5.10233e-05
0.000362704
-5.10573e-05
0.000368781
-5.15195e-05
0.000372597
-5.05865e-05
0.000379599
-5.10596e-05
0.000383841
-4.93004e-05
0.000391759
-5.03805e-05
0.000396543
-4.76229e-05
0.000405248
-4.97304e-05
0.000410844
-4.55768e-05
0.000420009
-4.895e-05
0.000426859
-4.3094e-05
0.000436019
-4.75768e-05
0.000444237
-4.0207e-05
0.000453344
-4.51719e-05
-3.65804e-05
0.000461948
0.000332055
1.1486e-05
0.000332787
6.06322e-06
0.000333439
-6.97536e-07
0.000334059
-7.19276e-06
0.000335356
-1.39549e-05
0.000336615
-1.9808e-05
0.000338428
-2.63483e-05
0.000340005
-3.16216e-05
0.000342334
-3.75282e-05
0.000344331
-4.15009e-05
0.000347263
-4.62708e-05
0.000349683
-4.86012e-05
0.000353262
-5.21453e-05
0.000356139
-5.27629e-05
0.000360436
-5.5321e-05
0.000363823
-5.44442e-05
0.00036889
-5.65867e-05
0.000372859
-5.45552e-05
0.000378719
-5.69193e-05
0.00038337
-5.39518e-05
0.000390001
-5.7011e-05
0.000395476
-5.30983e-05
0.000402803
-5.70576e-05
0.000409273
-5.20463e-05
0.000417191
-5.68688e-05
0.000424714
-5.06169e-05
0.000433239
-5.61014e-05
0.000441529
-4.84972e-05
0.00045091
-5.4553e-05
-4.51734e-05
0.000459503
0.000334725
1.12281e-05
0.000335454
5.33488e-06
0.000336238
-1.48162e-06
0.000336954
-7.90873e-06
0.000338031
-1.50321e-05
0.000339204
-2.09809e-05
0.000340712
-2.78561e-05
0.000342197
-3.31074e-05
0.000344093
-3.94237e-05
0.000345968
-4.33759e-05
0.000348348
-4.86513e-05
0.000350665
-5.09179e-05
0.000353584
-5.50641e-05
0.000356408
-5.55876e-05
0.000359946
-5.88585e-05
0.000363374
-5.7872e-05
0.000367593
-6.08061e-05
0.000371727
-5.86889e-05
0.00037667
-6.18622e-05
0.000381618
-5.88999e-05
0.00038731
-6.27033e-05
0.000393169
-5.89571e-05
0.000399641
-6.35292e-05
0.000406454
-5.88596e-05
0.000413762
-6.41768e-05
0.000421464
-5.83194e-05
0.00042972
-6.43565e-05
0.000438164
-5.69418e-05
0.000447429
-6.38182e-05
-5.42237e-05
0.00045648
0.000335301
1.08806e-05
0.000336019
4.61675e-06
0.000336867
-2.32943e-06
0.000337723
-8.76515e-06
0.000338709
-1.60172e-05
0.000339863
-2.21353e-05
0.000341185
-2.91776e-05
0.000342651
-3.4574e-05
0.000344284
-4.10562e-05
0.000346109
-4.52012e-05
0.000348136
-5.06786e-05
0.000350401
-5.31825e-05
0.00035289
-5.75534e-05
0.000355684
-5.83818e-05
0.000358721
-6.18952e-05
0.000362158
-6.13091e-05
0.000365825
-6.44733e-05
0.000370016
-6.28799e-05
0.000374391
-6.62374e-05
0.00037943
-6.39387e-05
0.000384589
-6.78623e-05
0.000390539
-6.49074e-05
0.000396568
-6.95576e-05
0.00040345
-6.57422e-05
0.000410441
-7.11673e-05
0.000418225
-6.61036e-05
0.000426261
-7.2392e-05
0.000434884
-6.5565e-05
0.000443995
-7.29292e-05
-6.36341e-05
0.000453405
0.000334732
1.02946e-05
0.000335523
3.82594e-06
0.000336406
-3.21312e-06
0.000337385
-9.74362e-06
0.000338383
-1.7015e-05
0.000339585
-2.33377e-05
0.000340849
-3.04418e-05
0.000342351
-3.60757e-05
0.000343886
-4.25908e-05
0.000345714
-4.70299e-05
0.000347581
-5.25453e-05
0.000349822
-5.54233e-05
0.000352098
-5.98293e-05
0.000354849
-6.11328e-05
0.000357627
-6.46735e-05
0.000361008
-6.46896e-05
0.00036439
-6.7856e-05
0.000368514
-6.70036e-05
0.000372599
-7.03219e-05
0.000377562
-6.89018e-05
0.00038244
-7.2741e-05
0.000388319
-7.07859e-05
0.000394084
-7.53228e-05
0.00040093
-7.25878e-05
0.000407666
-7.79037e-05
0.000415501
-7.39383e-05
0.000423267
-8.01582e-05
0.000432078
-7.43763e-05
0.000440905
-8.17562e-05
-7.33804e-05
0.000450652
0.000334375
9.52874e-06
0.000335231
2.97075e-06
0.000336122
-4.10403e-06
0.000337172
-1.07944e-05
0.000338227
-1.80694e-05
0.000339508
-2.46186e-05
0.000340799
-3.17335e-05
0.000342363
-3.76392e-05
0.000343899
-4.41272e-05
0.000345757
-4.88881e-05
0.000347577
-5.43649e-05
0.0003498
-5.76463e-05
0.000351979
-6.20086e-05
0.000354662
-6.38158e-05
0.0003573
-6.73114e-05
0.000360562
-6.79517e-05
0.000363772
-7.10664e-05
0.000367735
-7.09662e-05
0.000371625
-7.4212e-05
0.0003764
-7.36764e-05
0.000381066
-7.7407e-05
0.000386754
-7.6474e-05
0.000392283
-8.08514e-05
0.000398977
-7.9282e-05
0.00040544
-8.43673e-05
0.000413212
-8.17104e-05
0.000420656
-8.76018e-05
0.000429537
-8.32571e-05
0.000437985
-9.02045e-05
-8.33754e-05
0.00044798
0.000335338
8.72692e-06
0.000336196
2.11312e-06
0.00033707
-4.97805e-06
0.000338144
-1.18686e-05
0.000339248
-1.91736e-05
0.00034059
-2.59608e-05
0.000341927
-3.30704e-05
0.00034353
-3.92423e-05
0.00034508
-4.56764e-05
0.000346935
-5.07435e-05
0.000348712
-5.61419e-05
0.000350868
-5.98023e-05
0.000352942
-6.40827e-05
0.000355488
-6.63616e-05
0.000357965
-6.97883e-05
0.000361021
-7.10078e-05
0.000364028
-7.40735e-05
0.000367725
-7.46631e-05
0.000371385
-7.78714e-05
0.000375846
-7.81382e-05
0.000380265
-8.18252e-05
0.000385612
-8.18212e-05
0.000390881
-8.61204e-05
0.000397236
-8.5637e-05
0.00040343
-9.05616e-05
0.000410906
-8.91866e-05
0.000418072
-9.47672e-05
0.000426748
-9.19337e-05
0.000434901
-9.83569e-05
-9.32907e-05
0.000444816
0.000338432
8.10067e-06
-0.000337806
0.000339179
1.36645e-06
0.000339973
-5.77184e-06
0.000340985
-1.28812e-05
0.000342065
-2.02533e-05
0.000343375
-2.7271e-05
0.000344684
-3.43785e-05
0.000346223
-4.0782e-05
0.000347698
-4.7151e-05
0.000349435
-5.24805e-05
0.00035107
-5.77767e-05
0.000353036
-6.17687e-05
0.000354893
-6.59401e-05
0.000357179
-6.86477e-05
0.000359376
-7.19852e-05
0.000362113
-7.37449e-05
0.000364797
-7.67569e-05
0.000368127
-7.79934e-05
0.00037144
-8.11843e-05
0.000375496
-8.21938e-05
0.000379564
-8.58933e-05
0.000384472
-8.67299e-05
0.000389407
-9.10546e-05
0.000395306
-9.1536e-05
0.000401198
-9.64538e-05
0.000408231
-9.62203e-05
0.000415136
-0.000101672
0.000423436
-0.000100234
0.000431355
-0.000106276
-0.000102964
0.000441029
0.000343448
7.76455e-06
-0.000343112
0.000343991
8.23406e-07
0.000344649
-6.43023e-06
0.000345513
-1.37448e-05
0.000346467
-2.12071e-05
0.000347612
-2.84168e-05
0.000348766
-3.55323e-05
0.000350091
-4.21067e-05
0.000351353
-4.84129e-05
0.000352808
-5.39362e-05
0.000354159
-5.91279e-05
0.000355778
-6.33872e-05
0.000357284
-6.74461e-05
0.000359174
-7.05378e-05
0.00036097
-7.37811e-05
0.000363287
-7.60617e-05
0.000365541
-7.90107e-05
0.000368443
-8.08962e-05
0.000371317
-8.40582e-05
0.000374942
-8.58183e-05
0.000378581
-8.95329e-05
0.000383048
-9.11967e-05
0.000387591
-9.55975e-05
0.000393027
-9.69715e-05
0.0003986
-0.000102027
0.000405146
-0.000102766
0.000411836
-0.000108362
0.000419642
-0.000108041
0.000427452
-0.000114086
-0.000112179
0.000436667
0.000349073
7.6124e-06
-0.000348921
0.000349452
4.44958e-07
0.000349997
-6.97595e-06
0.000350698
-1.44457e-05
0.000351473
-2.19815e-05
0.000352365
-2.93086e-05
0.000353265
-3.64326e-05
0.000354255
-4.30971e-05
0.000355196
-4.93533e-05
0.000356244
-5.49844e-05
0.000357216
-6.01002e-05
0.000358378
-6.45488e-05
0.000359469
-6.85372e-05
0.000360888
-7.19564e-05
0.000362254
-7.51477e-05
0.000364118
-7.79252e-05
0.000365939
-8.08317e-05
0.000368426
-8.33839e-05
0.000370865
-8.64963e-05
0.000374116
-8.90699e-05
0.000377315
-9.27319e-05
0.000381438
-9.53192e-05
0.000385548
-9.97077e-05
0.000390636
-0.00010206
0.000395822
-0.000107213
0.000401971
-0.000108915
0.000408382
-0.000114772
0.000415697
-0.000115356
0.000423393
-0.000121782
-0.000120807
0.000432021
0.000354319
7.53957e-06
-0.000354246
0.000354577
1.86784e-07
0.000355005
-7.40345e-06
0.000355521
-1.49613e-05
0.000356076
-2.25365e-05
0.000356676
-2.99087e-05
0.000357279
-3.70361e-05
0.000357903
-4.37208e-05
0.0003585
-4.99505e-05
0.000359131
-5.56149e-05
0.000359741
-6.07109e-05
0.000360463
-6.52704e-05
0.0003612
-6.92745e-05
0.000362184
-7.29404e-05
0.000363217
-7.61807e-05
0.000364673
-7.93807e-05
0.000366174
-8.23326e-05
0.000368294
-8.55047e-05
0.0003704
-8.86021e-05
0.000373333
-9.2003e-05
0.000376149
-9.55476e-05
0.000380002
-9.91719e-05
0.000383646
-0.000103352
0.000388499
-0.000106913
0.000393137
-0.000111852
0.000399029
-0.000114807
0.000404871
-0.000120614
0.000411792
-0.000122277
0.000419031
-0.000129021
-0.000128736
0.00042696
0.000357414
7.21533e-06
-0.000357089
0.000357854
-2.53541e-07
0.000358346
-7.89601e-06
0.000358871
-1.54854e-05
0.000359391
-2.30566e-05
0.000359893
-3.04107e-05
0.000360367
-3.75099e-05
0.000360803
-4.41574e-05
0.000361212
-5.0359e-05
0.000361594
-5.59969e-05
0.000361987
-6.11047e-05
0.000362417
-6.56997e-05
0.000362932
-6.97901e-05
0.000363592
-7.35997e-05
0.00036441
-7.69993e-05
0.000365514
-8.04841e-05
0.000366803
-8.3622e-05
0.000368549
-8.72509e-05
0.000370422
-9.0475e-05
0.00037297
-9.45513e-05
0.000375478
-9.80556e-05
0.000378959
-0.000102652
0.000382143
-0.000106536
0.000386673
-0.000111442
0.000390615
-0.000115794
0.00039624
-0.000120432
0.000401094
-0.000125468
0.000407694
-0.000128878
0.000413706
-0.000135033
-0.000135937
0.000420908
0.000360461
6.59691e-06
-0.000359842
0.00036111
-9.03111e-07
0.000361764
-8.54912e-06
0.000362419
-1.6141e-05
0.000363031
-2.36685e-05
0.000363578
-3.09577e-05
0.00036404
-3.79717e-05
0.000364411
-4.45288e-05
0.000364706
-5.06535e-05
0.000364923
-5.62137e-05
0.000365122
-6.13043e-05
0.0003653
-6.5877e-05
0.000365569
-7.00593e-05
0.000365901
-7.39325e-05
0.000366452
-7.75501e-05
0.00036716
-8.11916e-05
0.000368181
-8.46438e-05
0.000369456
-8.85254e-05
0.000371066
-9.20853e-05
0.000373064
-9.65489e-05
0.000375289
-0.000100281
0.000378147
-0.00010551
0.000380937
-0.000109326
0.000384817
-0.000115322
0.000388073
-0.00011905
0.000393087
-0.000125446
0.000396642
-0.000129023
0.000402632
-0.000134867
0.000406332
-0.000138733
-0.000142124
0.000412518
0.000367113
6.04195e-06
-0.000366558
0.000367679
-1.46878e-06
0.000368245
-9.11586e-06
0.000368801
-1.66964e-05
0.000369282
-2.41499e-05
0.000369664
-3.1339e-05
0.000369904
-3.82125e-05
0.000370012
-4.46368e-05
0.000369983
-5.06237e-05
0.000369845
-5.60762e-05
0.000369638
-6.10975e-05
0.000369397
-6.56353e-05
0.000369213
-6.9876e-05
0.000369091
-7.38098e-05
0.000369186
-7.76454e-05
0.000369415
-8.14204e-05
0.00037001
-8.52391e-05
0.000370756
-8.92715e-05
0.000371981
-9.331e-05
0.000373348
-9.79156e-05
0.000375239
-0.000102172
0.000377291
-0.000107562
0.000379732
-0.000111767
0.000382522
-0.000118112
0.000385172
-0.0001217
0.000388728
-0.000129001
0.000390829
-0.000131125
0.000394937
-0.000138975
0.000395139
-0.000138936
-0.000145862
0.000398878
0.000375363
5.51488e-06
-0.000374836
0.000375857
-1.96247e-06
0.000376316
-9.57428e-06
0.00037669
-1.70704e-05
0.000376923
-2.43832e-05
0.000376995
-3.14109e-05
0.000376867
-3.80851e-05
0.000376556
-4.43256e-05
0.000376056
-5.01236e-05
0.000375424
-5.54438e-05
0.000374683
-6.03572e-05
0.000373917
-6.48694e-05
0.000373179
-6.91379e-05
0.000372548
-7.31785e-05
0.000372107
-7.72043e-05
0.00037187
-8.11838e-05
0.000371964
-8.53329e-05
0.000372252
-8.95596e-05
0.000372973
-9.40309e-05
0.000373771
-9.87134e-05
0.000375127
-0.000103528
0.000376324
-0.000108759
0.000378115
-0.000113559
0.00037936
-0.000119357
0.000380939
-0.000123279
0.000381674
-0.000129736
0.000381643
-0.000131094
0.000381114
-0.000138446
0.000376549
-0.000134371
-0.000143352
0.000374038
0.000383313
4.66745e-06
-0.000382465
0.000383998
-2.64779e-06
0.000384523
-1.00992e-05
0.000384847
-1.73945e-05
0.000384934
-2.44703e-05
0.000384759
-3.12354e-05
0.0003843
-3.76268e-05
0.000383581
-4.36066e-05
0.000382623
-4.91648e-05
0.000381488
-5.43089e-05
0.000380218
-5.90873e-05
0.00037891
-6.35618e-05
0.000377617
-6.78451e-05
0.000376457
-7.20187e-05
0.000375473
-7.62201e-05
0.000374759
-8.04692e-05
0.000374315
-8.48892e-05
0.00037414
-8.93848e-05
0.000374204
-9.40947e-05
0.000374336
-9.88453e-05
0.00037466
-0.000103852
0.000374698
-0.000108797
0.00037484
-0.000113701
0.000373773
-0.00011829
0.000372483
-0.00012199
0.000368578
-0.000125831
0.000363959
-0.000126474
0.000355066
-0.000129553
0.000343467
-0.000122772
-0.000128624
0.00032874
0.000393455
3.75022e-06
-0.000392537
0.000394252
-3.44554e-06
0.000394699
-1.0546e-05
0.000394878
-1.75731e-05
0.000394762
-2.43544e-05
0.000394262
-3.07354e-05
0.000393384
-3.6749e-05
0.000392167
-4.23897e-05
0.000390658
-4.76559e-05
0.000388921
-5.2572e-05
0.000387027
-5.71927e-05
0.000385067
-6.16017e-05
0.00038312
-6.58983e-05
0.000381291
-7.01902e-05
0.000379637
-7.45658e-05
0.000378236
-7.90684e-05
0.000377051
-8.37041e-05
0.000376072
-8.84058e-05
0.00037509
-9.31126e-05
0.0003739
-9.76549e-05
0.000372203
-0.000102155
0.000369809
-0.000106404
0.000366392
-0.000110283
0.00036109
-0.000112987
0.000353692
-0.000114592
0.000342437
-0.000114577
0.000328588
-0.000112625
0.000307922
-0.000108887
0.000285101
-9.99508e-05
-9.64802e-05
0.000252957
0.000407042
2.53318e-06
-0.000405825
0.000407816
-4.21981e-06
0.000408312
-1.1042e-05
0.000408274
-1.75349e-05
0.000407651
-2.3731e-05
0.000406539
-2.96233e-05
0.000404983
-3.51929e-05
0.000403023
-4.04298e-05
0.000400718
-4.53515e-05
0.000398146
-4.99995e-05
0.000395395
-5.44422e-05
0.000392556
-5.87619e-05
0.000389704
-6.30469e-05
0.000386898
-6.7384e-05
0.000384168
-7.18364e-05
0.000381517
-7.64173e-05
0.00037887
-8.10565e-05
0.000376067
-8.56032e-05
0.000372794
-8.98394e-05
0.000368647
-9.35083e-05
0.000362898
-9.64055e-05
0.00035525
-9.87559e-05
0.000345009
-0.000100042
0.000331611
-9.95901e-05
0.000314116
-9.70963e-05
0.000291536
-9.19969e-05
0.000263424
-8.45131e-05
0.000229138
-7.46008e-05
0.000191455
-6.22683e-05
-5.07811e-05
0.000145756
0.000422716
-4.50777e-08
-0.000420138
0.000424094
-5.59771e-06
0.000424503
-1.14508e-05
0.0004242
-1.7232e-05
0.000423239
-2.27695e-05
0.000421611
-2.79956e-05
0.000419338
-3.29195e-05
0.00041648
-3.75723e-05
0.000413124
-4.19951e-05
0.000409361
-4.62367e-05
0.000405286
-5.03668e-05
0.000400978
-5.44538e-05
0.00039649
-5.85596e-05
0.000391808
-6.27017e-05
0.000386824
-6.6852e-05
0.000381379
-7.0973e-05
0.00037523
-7.49076e-05
0.000368014
-7.83866e-05
0.000359292
-8.11178e-05
0.000348653
-8.28695e-05
0.000335337
-8.30886e-05
0.00031819
-8.16094e-05
0.000296393
-7.82456e-05
0.000269699
-7.28961e-05
0.000238393
-6.57902e-05
0.000201983
-5.55872e-05
0.000159471
-4.20008e-05
0.000114043
-2.91722e-05
7.26906e-05
-2.09163e-05
-1.71028e-05
3.90124e-05
0.000447962
-2.7212e-07
-0.000447735
0.000448465
-6.10119e-06
0.000448236
-1.1222e-05
0.000446998
-1.59932e-05
0.000444713
-2.04846e-05
0.000441449
-2.47316e-05
0.000437276
-2.87472e-05
0.000432257
-3.2553e-05
0.000426453
-3.61905e-05
0.000419931
-3.97152e-05
0.000412764
-4.32001e-05
0.000405005
-4.66943e-05
0.000396682
-5.02364e-05
0.000387721
-5.37411e-05
0.000377694
-5.68248e-05
0.000366163
-5.94425e-05
0.000352631
-6.13753e-05
0.000336336
-6.20915e-05
0.000316632
-6.14139e-05
0.000293356
-5.95935e-05
0.000267562
-5.72947e-05
0.000237421
-5.14682e-05
0.000201267
-4.20915e-05
0.000159389
-3.10185e-05
0.000114503
-2.0904e-05
7.18437e-05
-1.29277e-05
3.59586e-05
-6.11576e-06
8.7004e-06
-1.91398e-06
-9.94511e-06
-2.27081e-06
-5.75215e-06
-2.12958e-05
0.000481754
-2.79199e-06
-0.000479234
0.000481409
-5.756e-06
0.0004791
-8.91349e-06
0.000475157
-1.20497e-05
0.000469685
-1.50131e-05
0.000462712
-1.77586e-05
0.000454259
-2.02939e-05
0.000444351
-2.26452e-05
0.000432996
-2.48353e-05
0.000420172
-2.68919e-05
0.000405814
-2.88422e-05
0.000389822
-3.07019e-05
0.000372056
-3.24707e-05
0.000352396
-3.40808e-05
0.000331044
-3.54731e-05
0.000308201
-3.65986e-05
0.000282201
-3.53755e-05
0.00025172
-3.16105e-05
0.000216075
-2.57696e-05
0.000175893
-1.94112e-05
0.000132302
-1.37041e-05
9.01238e-05
-9.28954e-06
5.28836e-05
-4.85131e-06
2.24667e-05
-6.01582e-07
-8.42697e-07
2.40532e-06
-1.67094e-05
2.93903e-06
-2.54943e-05
2.66917e-06
-2.97653e-05
2.35702e-06
-3.34256e-05
1.38941e-06
-4.13458e-07
-3.87643e-05
0.00045795
-0.000460742
0.000452194
0.00044328
0.000431231
0.000416218
0.000398459
0.000378165
0.00035552
0.000330685
0.000303793
0.00027495
0.000244249
0.000211778
0.000177697
0.000142224
0.000105625
7.02498e-05
3.86393e-05
1.28697e-05
-6.54149e-06
-2.02455e-05
-2.95351e-05
-3.43864e-05
-3.4988e-05
-3.25826e-05
-2.96436e-05
-2.69744e-05
-2.46174e-05
-2.3228e-05
-2.36415e-05
0.0003977
0.000375858
0.000353187
0.000328342
0.000301671
0.000275738
0.000250781
0.000224754
0.000197627
0.000169898
0.000140047
0.000111413
7.51541e-05
4.04225e-05
0.000451953
5.76792e-06
0.000443026
8.92723e-06
0.000430961
1.20653e-05
0.00041593
1.50309e-05
0.000398151
1.7779e-05
0.000377833
2.03173e-05
0.000355161
2.2672e-05
0.000330296
2.4866e-05
0.000303369
2.69269e-05
0.000274487
2.88816e-05
0.000243741
3.07458e-05
0.000211223
3.25184e-05
0.000177092
3.41306e-05
0.000141568
3.55239e-05
0.000104937
3.66317e-05
6.95689e-05
3.53678e-05
3.80162e-05
3.15527e-05
1.23401e-05
2.56761e-05
-6.96032e-06
1.93004e-05
-2.05782e-05
1.36179e-05
-2.97807e-05
9.20253e-06
-3.45303e-05
4.74952e-06
-3.50401e-05
5.0987e-07
-3.2571e-05
-2.46908e-06
-2.95873e-05
-2.98376e-06
-2.68476e-05
-2.73973e-06
-2.43959e-05
-2.45162e-06
-2.29166e-05
-1.47936e-06
3.54812e-07
-2.32714e-05
0.000481256
6.1214e-06
0.000478938
1.12447e-05
0.000474984
1.60196e-05
0.0004695
2.05153e-05
0.000462511
2.47672e-05
0.00045404
2.87885e-05
0.000444111
3.26009e-05
0.000432731
3.6246e-05
0.000419879
3.97795e-05
0.000405486
4.32741e-05
0.000389454
4.67784e-05
0.000371641
5.03306e-05
0.000351929
5.38428e-05
0.000330529
5.69242e-05
0.000307617
5.95432e-05
0.000281522
6.14632e-05
0.000250916
6.21591e-05
0.000215137
6.14546e-05
0.000174823
5.9614e-05
0.000131166
5.72754e-05
8.90198e-05
5.13486e-05
5.1886e-05
4.18833e-05
2.16166e-05
3.07793e-05
-1.51417e-06
2.06617e-05
-1.71836e-05
1.26856e-05
-2.57802e-05
5.8569e-06
-2.99471e-05
1.71531e-06
-3.35988e-05
2.17238e-06
5.74593e-06
-3.899e-05
0.000448344
5.62192e-06
0.000448109
1.14794e-05
0.000446864
1.72649e-05
0.000444572
2.28074e-05
0.0004413
2.80395e-05
0.000437117
3.29706e-05
0.000432087
3.76317e-05
0.000426269
4.20642e-05
0.000419731
4.63168e-05
0.000412546
5.04592e-05
0.000404765
5.45597e-05
0.000396416
5.86795e-05
0.000387423
6.28352e-05
0.00037735
6.69978e-05
0.000365763
7.11296e-05
0.000352157
7.50696e-05
0.000335768
7.85477e-05
0.000315954
8.12691e-05
0.000292569
8.29986e-05
0.000266664
8.3181e-05
0.000236355
8.16572e-05
0.000200007
7.82318e-05
0.000157976
7.28105e-05
0.000113016
6.56216e-05
7.04377e-05
5.52636e-05
3.47183e-05
4.15763e-05
7.65881e-06
2.87748e-05
-1.07782e-05
2.06093e-05
1.69622e-05
-2.19944e-05
0.000424012
4.25225e-06
0.000424414
1.10773e-05
0.000424105
1.75745e-05
0.000423136
2.37761e-05
0.0004215
2.9675e-05
0.000419218
3.52525e-05
0.000416352
4.04986e-05
0.000412985
4.5431e-05
0.00040921
5.00914e-05
0.000405121
5.45481e-05
0.000400797
5.88834e-05
0.000396292
6.31852e-05
0.000391587
6.75403e-05
0.000386573
7.20111e-05
0.000381093
7.66098e-05
0.000374898
8.12643e-05
0.000367624
8.58219e-05
0.000358831
9.00625e-05
0.000348103
9.37268e-05
0.000334666
9.66171e-05
0.000317372
9.89521e-05
0.000295401
0.000100202
0.000268518
9.96936e-05
0.000237019
9.7121e-05
0.000200359
9.19232e-05
0.000157601
8.4334e-05
0.000112085
7.42908e-05
7.08469e-05
6.18478e-05
5.03209e-05
3.74883e-05
0.000407752
3.47844e-06
0.000408245
1.05845e-05
0.000408202
1.76176e-05
0.000407573
2.44047e-05
0.000406455
3.07926e-05
0.000404893
3.6815e-05
0.000402926
4.24658e-05
0.000400613
4.77438e-05
0.000398031
5.26734e-05
0.00039527
5.73093e-05
0.000392418
6.17355e-05
0.000389552
6.6051e-05
0.000386729
7.03635e-05
0.000383979
7.47606e-05
0.000381304
7.92851e-05
0.000378627
8.39415e-05
0.000375786
8.86626e-05
0.000372463
9.33851e-05
0.000368249
9.79414e-05
0.000362413
0.000102452
0.000354659
0.000106706
0.000344284
0.000110577
0.00033072
0.000113258
0.000313009
0.000114832
0.000290173
0.000114759
0.00026176
0.000112747
0.000227178
0.000108874
0.000189142
9.98836e-05
9.61895e-05
0.000143273
0.000394212
2.68593e-06
0.000394655
1.01415e-05
0.00039483
1.74425e-05
0.000394709
2.45251e-05
0.000394204
3.12981e-05
0.00039332
3.76988e-05
0.000392097
4.36894e-05
0.00039058
4.92601e-05
0.000388835
5.44187e-05
0.000386931
5.92134e-05
0.00038496
6.37065e-05
0.000383001
6.80101e-05
0.000381158
7.22062e-05
0.000379488
7.64309e-05
0.000378068
8.0705e-05
0.00037686
8.51494e-05
0.000375852
8.96703e-05
0.000374833
9.44045e-05
0.000373595
9.91792e-05
0.000371837
0.00010421
0.000369371
0.000109173
0.000365852
0.000114096
0.000360424
0.000118686
0.000352851
0.000122404
0.000341394
0.000126216
0.000327279
0.000126862
0.000306288
0.000129864
0.000283131
0.000123041
0.000128833
0.000250487
0.000383971
2.00296e-06
0.000384494
9.61941e-06
0.000384815
1.71214e-05
0.000384898
2.44413e-05
0.000384719
3.14777e-05
0.000384256
3.81617e-05
0.000383531
4.44139e-05
0.000382567
5.0225e-05
0.000381424
5.55609e-05
0.000380147
6.04913e-05
0.000378829
6.50237e-05
0.000377526
6.93135e-05
0.000376354
7.33784e-05
0.000375355
7.74294e-05
0.000374624
8.14362e-05
0.00037416
8.56134e-05
0.000373962
8.98688e-05
0.000373995
9.43715e-05
0.000374091
9.90824e-05
0.000374369
0.000103932
0.000374353
0.00010919
0.000374421
0.000114028
0.000373258
0.000119848
0.000371852
0.00012381
0.000367781
0.000130287
0.000362987
0.000131657
0.000353802
0.000139049
0.000341961
0.000134881
0.000144014
0.000326781
0.000375846
1.51108e-06
0.000376303
9.16305e-06
0.000376674
1.67499e-05
0.000376905
2.42108e-05
0.000376973
3.14092e-05
0.000376842
3.8293e-05
0.000376526
4.47298e-05
0.000376021
5.07304e-05
0.000375382
5.61995e-05
0.000374635
6.12387e-05
0.000373861
6.57977e-05
0.000373113
7.00612e-05
0.000372471
7.40206e-05
0.000372017
7.78835e-05
0.000371765
8.16877e-05
0.000371841
8.55378e-05
0.000372107
8.9602e-05
0.000372803
9.36759e-05
0.00037357
9.83158e-05
0.000374891
0.000102611
0.000376039
0.000108041
0.000377782
0.000112286
0.000378947
0.000118683
0.000380457
0.0001223
0.00038106
0.000129684
0.000380923
0.000131795
0.000380187
0.000139785
0.000375432
0.000139636
0.000146797
0.000372648
0.000367684
9.4752e-07
0.000368249
8.59828e-06
0.000368802
1.61965e-05
0.000369281
2.37318e-05
0.00036966
3.10305e-05
0.000369897
3.80554e-05
0.000370001
4.46255e-05
0.000369967
5.07645e-05
0.000369825
5.63419e-05
0.000369612
6.14514e-05
0.000369364
6.60463e-05
0.000369172
7.02525e-05
0.00036904
7.4153e-05
0.000369124
7.77992e-05
0.000369339
8.14727e-05
0.000369919
8.49576e-05
0.000370645
8.88763e-05
0.00037185
9.24711e-05
0.000373186
9.69793e-05
0.000375052
0.000100746
0.000377059
0.000106034
0.000379466
0.000109879
0.000382192
0.000115957
0.000384794
0.000119698
0.000388264
0.000126214
0.000390284
0.000129774
0.000394287
0.000135783
0.00039433
0.000139593
0.000143173
0.000397954
0.000361117
2.9976e-07
0.000361769
7.94608e-06
0.000362424
1.55419e-05
0.000363034
2.31211e-05
0.00036358
3.04848e-05
0.00036404
3.75953e-05
0.00036441
4.42559e-05
0.000364702
5.04726e-05
0.000364916
5.61281e-05
0.000365111
6.12557e-05
0.000365284
6.58738e-05
0.000365547
6.99891e-05
0.000365872
7.38278e-05
0.000366415
7.72566e-05
0.000367111
8.0777e-05
0.000368121
8.39471e-05
0.000369378
8.76195e-05
0.000370973
9.08763e-05
0.000372945
9.50073e-05
0.000375148
9.85419e-05
0.000377973
0.00010321
0.000380732
0.000107119
0.000384571
0.000112118
0.000387782
0.000116487
0.000392755
0.000121242
0.000396239
0.000126289
0.000402196
0.000129826
0.000405785
0.000136004
0.000137015
0.000411943
0.000357863
-1.43577e-07
0.000358354
7.45518e-06
0.000358878
1.50182e-05
0.000359398
2.26015e-05
0.000359899
2.9983e-05
0.000360372
3.71225e-05
0.000360808
4.38202e-05
0.000361215
5.00658e-05
0.000361595
5.57478e-05
0.000361986
6.08644e-05
0.000362412
6.54475e-05
0.000362924
6.94773e-05
0.000363578
7.31737e-05
0.000364391
7.64438e-05
0.000365486
7.9682e-05
0.000366767
8.26665e-05
0.0003685
8.58857e-05
0.00037036
8.90167e-05
0.000372892
9.24756e-05
0.00037538
9.60538e-05
0.000378841
9.97491e-05
0.000381996
0.000103964
0.000386507
0.000107607
0.00039041
0.000112585
0.000396024
0.000115627
0.000400828
0.000121486
0.00040743
0.000123224
0.000413394
0.000130041
0.000129808
0.000420601
0.000354598
-4.002e-07
0.000355026
7.02768e-06
0.000355541
1.45026e-05
0.000356095
2.20475e-05
0.000356695
2.93833e-05
0.000357297
3.65203e-05
0.00035792
4.31971e-05
0.000358516
4.94703e-05
0.000359145
5.51184e-05
0.000359753
6.02562e-05
0.000360473
6.47279e-05
0.000361207
6.87436e-05
0.000362188
7.21929e-05
0.000363215
7.54161e-05
0.000364666
7.82314e-05
0.000366159
8.11737e-05
0.000368273
8.37716e-05
0.000370366
8.69233e-05
0.000373292
8.95503e-05
0.000376089
9.3256e-05
0.000379935
9.59034e-05
0.000383556
0.000100343
0.000388406
0.000102757
0.000393019
0.000107972
0.000398915
0.000109731
0.000404739
0.000115661
0.000411676
0.000116287
0.000418924
0.000122793
0.000121852
0.00042688
0.00034948
-7.7837e-07
0.000350026
6.48148e-06
0.000350728
1.38006e-05
0.000351503
2.1273e-05
0.000352395
2.84907e-05
0.000353295
3.56204e-05
0.000354286
4.2206e-05
0.000355225
4.85309e-05
0.000356274
5.40699e-05
0.000357244
5.92858e-05
0.000358406
6.35665e-05
0.000359494
6.76556e-05
0.000360912
7.07751e-05
0.000362273
7.40546e-05
0.000364135
7.63693e-05
0.000365948
7.93604e-05
0.000368434
8.12856e-05
0.000370862
8.44961e-05
0.000374112
8.63001e-05
0.000377297
9.00709e-05
0.00038142
9.17803e-05
0.000385516
9.62466e-05
0.00039061
9.76635e-05
0.000395789
0.000102793
0.000401952
0.000103568
0.000408374
0.000109239
0.000415719
0.000108943
0.000423459
0.000115052
0.000113171
0.000432141
0.000344022
-1.32222e-06
0.000344681
5.82222e-06
0.000345547
1.29353e-05
0.000346501
2.03183e-05
0.000347649
2.7343e-05
0.000348803
3.4466e-05
0.00035013
4.08792e-05
0.000351392
4.72688e-05
0.00035285
5.26119e-05
0.000354201
5.79353e-05
0.000355822
6.19457e-05
0.000357326
6.61516e-05
0.000359218
6.88828e-05
0.00036101
7.22625e-05
0.000363329
7.40502e-05
0.000365577
7.71126e-05
0.000368482
7.83803e-05
0.000371348
8.16301e-05
0.000374976
8.2672e-05
0.000378608
8.64395e-05
0.000383081
8.73069e-05
0.00038762
9.17077e-05
0.000393069
9.22149e-05
0.00039865
9.72121e-05
0.000405222
9.69952e-05
0.000411942
0.000102519
0.000419797
0.000101087
0.00042767
0.000107179
0.000103872
0.000436969
0.000339209
-2.07008e-06
0.000340004
5.02733e-06
0.000341019
1.19207e-05
0.0003421
1.9237e-05
0.000343413
2.60301e-05
0.000344723
3.31562e-05
0.000346266
3.93362e-05
0.000347742
4.57927e-05
0.000349483
5.08709e-05
0.000351119
5.62994e-05
0.00035309
5.99748e-05
0.000354947
6.42941e-05
0.000357239
6.65915e-05
0.000359434
7.00668e-05
0.000362177
7.13073e-05
0.000364858
7.44318e-05
0.000368195
7.50433e-05
0.000371505
7.83204e-05
0.000375569
7.86078e-05
0.000379636
8.23728e-05
0.000384557
8.23851e-05
0.000389496
8.67686e-05
0.000395418
8.6293e-05
0.000401329
9.13016e-05
0.000408404
8.99203e-05
0.000415349
9.55739e-05
0.000423721
9.27153e-05
0.000431711
9.91888e-05
9.40826e-05
0.000441501
0.000336222
-2.92912e-06
0.000337097
4.15164e-06
0.000338174
1.08444e-05
0.00033928
1.81304e-05
0.000340626
2.46849e-05
0.000341965
3.18167e-05
0.000343572
3.7729e-05
0.000345124
4.42405e-05
0.000346985
4.90103e-05
0.000348765
5.45195e-05
0.000350927
5.78124e-05
0.000353004
6.22176e-05
0.000355557
6.40382e-05
0.000358036
6.75881e-05
0.000361101
6.82425e-05
0.000364109
7.14232e-05
0.000367817
7.13359e-05
0.000371478
7.46587e-05
0.000375954
7.4132e-05
0.000380378
7.79491e-05
0.000385746
7.70172e-05
0.000391028
8.14864e-05
0.000397417
7.99042e-05
0.000403638
8.50798e-05
0.000411171
8.23877e-05
0.000418386
8.83588e-05
0.000427154
8.39476e-05
0.000435386
9.09568e-05
8.40283e-05
0.00044544
0.000335254
-3.78554e-06
0.000336147
3.25877e-06
0.0003372
9.79156e-06
0.000338257
1.70733e-05
0.000339541
2.34012e-05
0.000340836
3.05216e-05
0.000342403
3.61615e-05
0.000343944
4.27e-05
0.000345807
4.71468e-05
0.000347631
5.26955e-05
0.000349861
5.55827e-05
0.000352045
6.00335e-05
0.000354736
6.13469e-05
0.000357379
6.4945e-05
0.000360652
6.49701e-05
0.000363868
6.82068e-05
0.000367844
6.736e-05
0.000371742
7.07606e-05
0.000376535
6.93392e-05
0.000381214
7.32704e-05
0.000386929
7.13017e-05
0.00039248
7.59359e-05
0.000399217
7.31668e-05
0.000405718
7.85788e-05
0.000413559
7.45473e-05
0.000421063
8.08548e-05
0.000430048
7.49619e-05
0.000438588
8.24174e-05
7.38796e-05
0.000448736
0.000335545
-4.5776e-06
0.000336431
2.37258e-06
0.000337412
8.81106e-06
0.000338413
1.60723e-05
0.000339618
2.21963e-05
0.000340886
2.92533e-05
0.000342391
3.46563e-05
0.000343931
4.11602e-05
0.000345765
4.53133e-05
0.000347638
5.08224e-05
0.000349885
5.33356e-05
0.000352169
5.77499e-05
0.000354928
5.85878e-05
0.000357715
6.21578e-05
0.000361106
6.15792e-05
0.000364499
6.48133e-05
0.000368637
6.3222e-05
0.000372736
6.66621e-05
0.00037772
6.43553e-05
0.000382619
6.83716e-05
0.000388529
6.53914e-05
0.000394325
7.01397e-05
0.00040122
6.62717e-05
0.000408005
7.1794e-05
0.000415916
6.66366e-05
0.000423755
7.30155e-05
0.000432679
6.60383e-05
0.000441611
7.34851e-05
6.3973e-05
0.000451518
0.000336044
-5.297e-06
0.000336895
1.52159e-06
0.000337753
7.95256e-06
0.000338742
1.50834e-05
0.000339898
2.10399e-05
0.000341225
2.79267e-05
0.000342694
3.31867e-05
0.000344334
3.95211e-05
0.000346163
4.34842e-05
0.000348198
4.87865e-05
0.000350468
5.10661e-05
0.000352968
5.52498e-05
0.000355769
5.57871e-05
0.000358819
5.91077e-05
0.000362265
5.81331e-05
0.000365949
6.11295e-05
0.000370153
5.90178e-05
0.000374549
6.22658e-05
0.000379609
5.92955e-05
0.000384796
6.31842e-05
0.000390781
5.94073e-05
0.000396849
6.40707e-05
0.000403785
5.93361e-05
0.000410835
6.47439e-05
0.000418699
5.87727e-05
0.000426821
6.48937e-05
0.000435559
5.73005e-05
0.00044479
6.42541e-05
5.44037e-05
0.000454359
0.000335481
-6.02685e-06
0.000336269
7.33363e-07
0.000336988
7.23435e-06
0.000338069
1.4002e-05
0.000339244
1.98652e-05
0.000340758
2.64129e-05
0.000342246
3.16986e-05
0.00034415
3.76172e-05
0.000346027
4.16067e-05
0.000348419
4.63949e-05
0.000350739
4.8746e-05
0.000353672
5.23166e-05
0.000356501
5.29578e-05
0.000360057
5.55518e-05
0.000363492
5.46984e-05
0.000367734
5.68871e-05
0.000371879
5.48729e-05
0.000376852
5.72935e-05
0.000381819
5.43285e-05
0.000387549
5.74536e-05
0.000393441
5.35158e-05
0.000399964
5.75476e-05
0.000406831
5.24691e-05
0.000414209
5.73655e-05
0.000421993
5.09888e-05
0.000430345
5.65415e-05
0.000438904
4.87414e-05
0.000448301
5.48577e-05
4.52001e-05
0.000457504
0.000332819
-6.7627e-06
0.000333475
7.75099e-08
0.000334098
6.61186e-06
0.0003354
1.27003e-05
0.000336661
1.86037e-05
0.000338481
2.45931e-05
0.00034006
3.01193e-05
0.000342399
3.52781e-05
0.000344398
3.96077e-05
0.000347343
4.34499e-05
0.000349767
4.63227e-05
0.000353363
4.872e-05
0.000356244
5.00772e-05
0.000360564
5.12319e-05
0.000363957
5.13054e-05
0.000369052
5.17914e-05
0.000373031
5.08946e-05
0.000378927
5.13969e-05
0.000383595
4.96603e-05
0.000390274
5.07749e-05
0.000395779
4.80107e-05
0.00040317
5.01573e-05
0.00040969
4.59491e-05
0.000417691
4.93643e-05
0.000425294
4.33859e-05
0.000433924
4.7911e-05
0.000442327
4.03385e-05
0.000451845
4.534e-05
3.64625e-05
0.000460583
0.000327124
-7.3518e-06
0.000327623
-4.21431e-07
0.000328332
5.90261e-06
0.000329964
1.10683e-05
0.000331381
1.71872e-05
0.000333583
2.23912e-05
0.000335366
2.83364e-05
0.000338252
3.23914e-05
0.000340493
3.73671e-05
0.000344111
3.9832e-05
0.000346763
4.36708e-05
0.00035115
4.43329e-05
0.0003542
4.70265e-05
0.000359418
4.60145e-05
0.000362855
4.78679e-05
0.000368964
4.56823e-05
0.000372792
4.70672e-05
0.000379836
4.43523e-05
0.000384095
4.54022e-05
0.000392069
4.28005e-05
0.00039688
4.31994e-05
0.00040566
4.13776e-05
0.0004113
4.03087e-05
0.000420561
4.01035e-05
0.000427483
3.64638e-05
0.00043676
3.8634e-05
0.000445083
3.2016e-05
0.000454328
3.60943e-05
2.77282e-05
0.000463063
0.000317754
-7.71375e-06
0.000318196
-8.63503e-07
0.000319213
4.88558e-06
0.000321196
9.08526e-06
0.000322861
1.55223e-05
0.000325463
1.97897e-05
0.000327608
2.61915e-05
0.000331058
2.89407e-05
0.000333722
3.47035e-05
0.000338014
3.55403e-05
0.000341109
4.05754e-05
0.000346263
3.91789e-05
0.000349724
4.35656e-05
0.000355783
3.99559e-05
0.000359515
4.41354e-05
0.000366556
3.86415e-05
0.000370463
4.31599e-05
0.000378587
3.62284e-05
0.000382579
4.14103e-05
0.000391886
3.34935e-05
0.00039593
3.91553e-05
0.000406434
3.08742e-05
0.000410639
3.61034e-05
0.000422042
2.87007e-05
0.000427023
3.14829e-05
0.000438334
2.73226e-05
0.000445306
2.50442e-05
0.000454945
2.64554e-05
1.94688e-05
0.000463204
0.000304141
-7.7055e-06
0.000304858
-1.58e-06
0.000306397
3.34619e-06
0.00030865
6.83195e-06
0.000310681
1.34917e-05
0.000313643
1.68275e-05
0.000316342
2.34923e-05
0.000320282
2.50006e-05
0.000323603
3.13823e-05
0.000328457
3.06865e-05
0.000332288
3.67452e-05
0.000338041
3.34258e-05
0.000342256
3.93498e-05
0.000348911
3.3301e-05
0.000353345
3.97016e-05
0.00036097
3.10168e-05
0.00036543
3.86996e-05
0.00037418
2.74789e-05
0.000378431
3.71591e-05
0.000388542
2.33828e-05
0.000392318
3.53793e-05
0.0004041
1.90918e-05
0.000407108
3.30949e-05
0.000420706
1.51036e-05
0.000423112
2.90767e-05
0.000437639
1.27955e-05
0.000441202
2.14814e-05
0.000453331
1.43261e-05
1.22486e-05
0.000460551
0.000285954
-7.28281e-06
0.000287349
-2.97552e-06
0.000289478
1.21795e-06
0.000291856
4.45344e-06
0.000294343
1.10045e-05
0.000297573
1.35978e-05
0.000301004
2.00616e-05
0.000305304
2.07002e-05
0.00030952
2.71667e-05
0.000314766
2.54405e-05
0.000319635
3.18757e-05
0.000325744
2.73167e-05
0.000331081
3.40132e-05
0.00033798
2.64021e-05
0.000343564
3.4118e-05
0.000351256
2.33244e-05
0.000356829
3.31267e-05
0.000365483
1.88245e-05
0.000370714
3.19282e-05
0.000380653
1.34439e-05
0.000385066
3.09658e-05
0.000396903
7.25555e-06
0.000399729
3.02684e-05
0.000414404
4.28659e-07
0.000414726
2.87549e-05
0.00043267
-5.14902e-06
0.000431103
2.30485e-05
0.000448531
-3.10204e-06
7.16327e-06
0.000453617
0.000263195
-6.89942e-06
0.000265133
-4.91401e-06
0.00026778
-1.42872e-06
0.000270283
1.94999e-06
0.00027316
8.12762e-06
0.00027652
1.02374e-05
0.00028063
1.59519e-05
0.000285124
1.62061e-05
0.000290323
2.19676e-05
0.000295789
1.99747e-05
0.000301887
2.57782e-05
0.000308104
2.10994e-05
0.00031484
2.72769e-05
0.000321578
1.96644e-05
0.000328692
2.70039e-05
0.000335807
1.6209e-05
0.000343008
2.59264e-05
0.000350569
1.12631e-05
0.00035755
2.49471e-05
0.000365876
5.11837e-06
0.000372073
2.47684e-05
0.000381783
-2.45384e-06
0.000386332
2.57186e-05
0.000398905
-1.21435e-05
0.000399862
2.77979e-05
0.000418126
-2.34136e-05
0.000412486
2.86882e-05
0.000436653
-2.72685e-05
8.39829e-06
0.000435418
0.000234862
-6.94498e-06
0.000237023
-7.07511e-06
0.000239145
-3.55008e-06
0.000241048
4.66644e-08
0.000244286
4.88957e-06
0.000247756
6.76786e-06
0.000252418
1.12897e-05
0.000257109
1.15151e-05
0.000263162
1.59142e-05
0.000268864
1.42725e-05
0.000276052
1.85904e-05
0.000282358
1.47936e-05
0.000290327
1.93081e-05
0.000296778
1.32138e-05
0.000305238
1.85439e-05
0.000311439
1.00078e-05
0.000320182
1.71833e-05
0.000325796
5.64892e-06
0.000334622
1.61213e-05
0.000339743
-2.80732e-09
0.000348455
1.60561e-05
0.000353247
-7.24516e-06
0.000361066
1.78993e-05
0.000367197
-1.82747e-05
0.000371848
2.31471e-05
0.000383838
-3.54037e-05
0.000379172
3.33547e-05
0.000406099
-5.41963e-05
1.8625e-05
0.000395873
0.000198626
-7.69195e-06
0.000200113
-8.56218e-06
0.000201044
-4.48163e-06
0.000202381
-1.29053e-06
0.000204793
2.47822e-06
0.000207817
3.74304e-06
0.000212309
6.79823e-06
0.000216985
6.83906e-06
0.000223276
9.6235e-06
0.00022915
8.39819e-06
0.000236734
1.10067e-05
0.000243117
8.40986e-06
0.000251417
1.10086e-05
0.000257601
7.02947e-06
0.00026614
1.00051e-05
0.00027154
4.60824e-06
0.000280202
8.5203e-06
0.000284174
1.6777e-06
0.000293078
7.2168e-06
0.000294893
-1.8174e-06
0.000304352
6.5965e-06
0.000303422
-6.31464e-06
0.000314056
7.26534e-06
0.000309234
-1.34525e-05
0.000320634
1.17467e-05
0.000316511
-3.12804e-05
0.000321213
2.86528e-05
0.000336464
-6.94475e-05
3.60529e-05
0.000319036
0.000146392
-5.39389e-06
0.000144119
-6.28972e-06
0.000142837
-3.1997e-06
0.000142649
-1.10187e-06
0.000144378
7.48783e-07
0.000146895
1.22626e-06
0.000151158
2.5352e-06
0.000155578
2.41875e-06
0.000161659
3.54269e-06
0.000167179
2.87856e-06
0.000174286
3.89918e-06
0.000180009
2.68729e-06
0.000187342
3.67493e-06
0.000192433
1.93903e-06
0.000199323
3.11462e-06
0.000203085
8.46518e-07
0.000209211
2.39478e-06
0.000211319
-4.30117e-07
0.000216782
1.75303e-06
0.000216703
-1.73812e-06
0.000222048
1.25126e-06
0.000218815
-3.08172e-06
0.000225221
8.59896e-07
0.000216388
-4.62011e-06
0.000227364
7.7106e-07
0.000204721
-8.63738e-06
0.000224733
8.64057e-06
0.000204662
-4.9376e-05
3.47842e-05
0.00020593
6.92228e-05
6.29331e-05
5.97334e-05
5.86315e-05
5.93803e-05
6.06066e-05
6.31418e-05
6.55605e-05
6.91032e-05
7.19818e-05
7.5881e-05
7.85682e-05
8.22432e-05
8.41822e-05
8.72968e-05
8.81433e-05
9.05381e-05
9.0108e-05
9.1861e-05
9.01229e-05
9.13742e-05
8.82924e-05
8.91523e-05
8.45322e-05
8.53033e-05
7.66659e-05
8.53065e-05
3.59305e-05
7.07147e-05
2.05467e-07
-2.38469e-05
5.01652e-06
-4.35753e-05
1.65598e-05
-3.2839e-05
5.39696e-05
1.60259e-06
0.000133915
6.58109e-05
0.000231179
0.000155693
0.000319459
0.00024046
0.000388909
0.000304588
0.000440527
0.00034726
0.000479889
0.000373157
0.000513075
0.000387721
0.000544009
0.000396027
0.000575097
0.000400932
0.000607031
0.000404733
0.000639314
0.000408746
0.000671689
0.00041244
0.000702935
0.000416735
0.000733264
0.000420323
0.000763401
0.000423268
0.000793116
0.000426764
0.000824493
0.000428126
0.000854881
0.000431561
0.000884988
0.000431967
0.000912601
0.000431816
0.000933744
0.000431407
0.000948103
0.000420128
0.000924101
0.000419242
0.000857201
0.000385717
0.000685698
0.000377554
0.000274566
0.000481962
1.94137e-06
-2.57883e-05
7.78031e-06
-4.94143e-05
1.67897e-05
-4.18484e-05
3.60211e-05
-1.76288e-05
8.288e-05
1.89519e-05
0.000161981
7.65915e-05
0.000254529
0.000147912
0.000342577
0.000216541
0.000417184
0.000272653
0.000475877
0.000314464
0.000520706
0.000342892
0.000556094
0.000360638
0.000585629
0.000371397
0.000613713
0.00037665
0.000642444
0.000380015
0.000672632
0.000382253
0.000705372
0.000383994
0.000737972
0.000387723
0.000771784
0.000389457
0.000804536
0.000394012
0.000835913
0.000396749
0.000868855
0.000398619
0.000896499
0.000404322
0.000929121
0.000399194
0.000950412
0.000410115
0.000974504
0.000396036
0.00098086
0.000412886
0.000981321
0.000385256
0.000963074
0.000395801
0.000345561
0.000892079
3.37646e-06
-2.91648e-05
9.967e-06
-5.60048e-05
1.96194e-05
-5.15008e-05
3.30942e-05
-3.11036e-05
5.72362e-05
-5.19004e-06
0.000105095
2.87326e-05
0.000178007
7.50002e-05
0.000264502
0.000130046
0.000351849
0.000185305
0.000432093
0.00023422
0.000500158
0.000274827
0.000555367
0.000305429
0.000599126
0.000327638
0.000632899
0.000342877
0.000661662
0.000351251
0.000686496
0.000357419
0.000711739
0.000358751
0.000738876
0.000360586
0.000766851
0.000361482
0.000800272
0.000360592
0.000831154
0.000365866
0.000868573
0.0003612
0.000900404
0.000372491
0.00093597
0.000363628
0.000966417
0.000379668
0.000995067
0.000367386
0.00102474
0.000383214
0.00104131
0.000368685
0.00105847
0.000378639
0.000364637
0.0010394
4.23967e-06
-3.34044e-05
1.07691e-05
-6.25342e-05
1.9936e-05
-6.06677e-05
3.26875e-05
-4.38551e-05
4.93513e-05
-2.18539e-05
7.58382e-05
2.24573e-06
0.000120018
3.082e-05
0.000184077
6.59876e-05
0.000262015
0.000107367
0.00034567
0.000150566
0.000428757
0.000191739
0.000504742
0.000229445
0.00057234
0.00026004
0.000628909
0.000286307
0.000674887
0.000305273
0.000712849
0.000319457
0.000741378
0.000330222
0.000768101
0.000333863
0.00078855
0.000341033
0.00081231
0.000336831
0.000834193
0.000343984
0.000860092
0.000335301
0.000888587
0.000343996
0.000917472
0.000334744
0.000953182
0.000343957
0.000983838
0.00033673
0.00102291
0.000344141
0.00105116
0.000340438
0.00108467
0.000345129
0.000343942
0.00110536
4.43805e-06
-3.78425e-05
1.01435e-05
-6.82396e-05
1.78541e-05
-6.83784e-05
2.92139e-05
-5.52149e-05
4.43002e-05
-3.69402e-05
6.33584e-05
-1.68125e-05
9.00187e-05
4.15968e-06
0.000128867
2.71389e-05
0.000182905
5.33288e-05
0.000249741
8.37299e-05
0.000325653
0.000115827
0.000406018
0.000149081
0.000484784
0.000181274
0.000561641
0.000209451
0.000629416
0.000237498
0.000692194
0.00025668
0.000743426
0.00027899
0.000788416
0.000288873
0.000824229
0.00030522
0.00085339
0.00030767
0.000878886
0.000318488
0.000897811
0.000316376
0.000919313
0.000322494
0.000935364
0.000318693
0.000958205
0.000321116
0.000977423
0.000317512
0.00100379
0.000317772
0.00102875
0.000315484
0.0010587
0.000315174
0.000313592
0.00108905
3.94507e-06
-4.17876e-05
8.11176e-06
-7.24063e-05
1.37326e-05
-7.39992e-05
2.27022e-05
-6.41844e-05
3.56574e-05
-4.98955e-05
5.23617e-05
-3.35167e-05
7.27935e-05
-1.62721e-05
9.8712e-05
1.22036e-06
0.000132424
1.96171e-05
0.000177076
3.90779e-05
0.000231356
6.15465e-05
0.00029701
8.34276e-05
0.000367293
0.00011099
0.000443997
0.000132746
0.000519854
0.000161641
0.000595631
0.000180903
0.000667502
0.000207119
0.00073367
0.000222705
0.000795108
0.000243782
0.000847375
0.000255403
0.000895296
0.000270567
0.000933317
0.000278355
0.000967807
0.000288003
0.000994235
0.000292265
0.00101779
0.000297565
0.00103658
0.000298716
0.00105315
0.000301204
0.00106887
0.000299762
0.00108323
0.000300813
0.00029735
0.00109947
2.81579e-06
-4.46033e-05
4.86691e-06
-7.44574e-05
7.93257e-06
-7.70649e-05
1.39982e-05
-7.025e-05
2.38447e-05
-5.9742e-05
3.75785e-05
-4.72505e-05
5.48925e-05
-3.35862e-05
7.56162e-05
-1.95034e-05
0.000100119
-4.88528e-06
0.000130351
8.84537e-06
0.000166426
2.5472e-05
0.000210955
3.8898e-05
0.000263049
5.88967e-05
0.000322476
7.33195e-05
0.000388408
9.57087e-05
0.000457797
0.000111514
0.000531077
0.000133839
0.00060372
0.000150062
0.000677041
0.000170461
0.000746781
0.000185663
0.000814171
0.000203178
0.00087645
0.000216076
0.000934059
0.000230394
0.000985985
0.00024034
0.00103209
0.000251462
0.00107242
0.000258386
0.0011072
0.000266417
0.00113615
0.000270819
0.00116111
0.00027585
0.00027854
0.00117992
1.18088e-06
-4.57842e-05
6.54066e-07
-7.39306e-05
8.53613e-07
-7.72645e-05
3.71567e-06
-7.31121e-05
9.94521e-06
-6.59715e-05
1.97682e-05
-5.70735e-05
3.31148e-05
-4.69328e-05
4.98338e-05
-3.62224e-05
6.9641e-05
-2.46925e-05
9.24613e-05
-1.39749e-05
0.000119423
-1.49008e-06
0.000149752
8.56975e-06
0.000186323
2.23257e-05
0.000227076
3.25662e-05
0.000275328
4.74572e-05
0.000327817
5.90251e-05
0.000386883
7.47722e-05
0.000449239
8.77066e-05
0.000515971
0.000103728
0.000584315
0.000117319
0.000654631
0.000132862
0.000724404
0.000146303
0.000794225
0.000160573
0.000861211
0.000173353
0.000927137
0.000185536
0.000988034
0.000197489
0.00104753
0.000206917
0.00110013
0.000218228
0.00115161
0.000224365
0.000235327
0.00119482
-8.18408e-07
-4.49658e-05
-4.07666e-06
-7.06724e-05
-6.87516e-06
-7.4466e-05
-7.50529e-06
-7.24819e-05
-5.25957e-06
-6.82172e-05
9.99601e-08
-6.2433e-05
8.70889e-06
-5.55417e-05
2.04147e-05
-4.79282e-05
3.53086e-05
-3.95864e-05
5.27171e-05
-3.13834e-05
7.34617e-05
-2.22346e-05
9.6127e-05
-1.40956e-05
0.000123061
-4.6081e-06
0.000152096
3.53115e-06
0.000186151
1.3402e-05
0.000223157
2.20188e-05
0.000265616
3.23137e-05
0.000311526
4.17961e-05
0.000362746
5.25078e-05
0.000416933
6.31324e-05
0.000475889
7.39065e-05
0.000536516
8.56766e-05
0.000601168
9.59208e-05
0.000665802
0.000108719
0.000733556
0.000117782
0.000799612
0.000131434
0.000867802
0.000138726
0.000932993
0.000153038
0.00099934
0.000158017
0.000172811
0.00106186
-3.01382e-06
-4.1952e-05
-9.05638e-06
-6.46298e-05
-1.49416e-05
-6.85808e-05
-1.91475e-05
-6.8276e-05
-2.10654e-05
-6.62994e-05
-2.04264e-05
-6.3072e-05
-1.70909e-05
-5.88772e-05
-1.1052e-05
-5.39671e-05
-2.16583e-06
-4.84726e-05
9.21783e-06
-4.27671e-05
2.34937e-05
-3.65105e-05
3.98398e-05
-3.04417e-05
5.91344e-05
-2.39027e-05
8.03027e-05
-1.76371e-05
0.000104667
-1.09628e-05
0.000131203
-4.51713e-06
0.000161224
2.29356e-06
0.000193808
9.21188e-06
0.000230164
1.61518e-05
0.000269443
2.38533e-05
0.000312563
3.07858e-05
0.000358654
3.95865e-05
0.000408345
4.62292e-05
0.00046076
5.63039e-05
0.00051619
6.23519e-05
0.00057394
7.36842e-05
0.000633848
7.88179e-05
0.000695607
9.12782e-05
0.000758456
9.5168e-05
0.000108657
0.00082261
-5.1707e-06
-3.67813e-05
-1.39565e-05
-5.5844e-05
-2.28899e-05
-5.96474e-05
-3.06855e-05
-6.04803e-05
-3.68375e-05
-6.01474e-05
-4.10666e-05
-5.88429e-05
-4.31949e-05
-5.67488e-05
-4.31232e-05
-5.40388e-05
-4.07421e-05
-5.08538e-05
-3.61781e-05
-4.73311e-05
-2.91936e-05
-4.3495e-05
-2.01186e-05
-3.95167e-05
-8.69259e-06
-3.53287e-05
4.76671e-06
-3.10964e-05
2.05015e-05
-2.66977e-05
3.82691e-05
-2.22847e-05
5.83322e-05
-1.77695e-05
8.06436e-05
-1.30995e-05
0.000105261
-8.46592e-06
0.000132493
-3.37813e-06
0.000161926
1.3521e-06
0.000194529
6.98427e-06
0.000229109
1.16492e-05
0.000267336
1.80767e-05
0.00030712
2.25678e-05
0.000350946
2.9858e-05
0.000395751
3.40131e-05
0.00044482
4.22096e-05
0.000494104
4.58839e-05
5.52418e-05
0.000547519
-7.14053e-06
-2.96408e-05
-1.84574e-05
-4.45271e-05
-3.02609e-05
-4.78439e-05
-4.15107e-05
-4.92305e-05
-5.1794e-05
-4.98641e-05
-6.08318e-05
-4.98051e-05
-6.84198e-05
-4.91609e-05
-7.44124e-05
-4.80461e-05
-7.87072e-05
-4.6559e-05
-8.12579e-05
-4.47804e-05
-8.19843e-05
-4.27685e-05
-8.09179e-05
-4.05832e-05
-7.79959e-05
-3.82507e-05
-7.32809e-05
-3.58113e-05
-6.67107e-05
-3.32679e-05
-5.83418e-05
-3.06536e-05
-4.81562e-05
-2.79551e-05
-3.60868e-05
-2.5169e-05
-2.22281e-05
-2.23246e-05
-6.28546e-06
-1.93208e-05
1.14121e-05
-1.63455e-05
3.14461e-05
-1.30497e-05
5.30466e-05
-9.95131e-06
7.74442e-05
-6.32081e-06
0.000103128
-3.11587e-06
0.000132077
9.08498e-07
0.000162054
4.03628e-06
0.000195814
8.44939e-06
0.000230166
1.15326e-05
1.67103e-05
0.000268697
-8.78881e-06
-2.0852e-05
-2.22576e-05
-3.10584e-05
-3.65787e-05
-3.35228e-05
-5.09394e-05
-3.48698e-05
-6.50119e-05
-3.57916e-05
-7.8531e-05
-3.62861e-05
-9.12839e-05
-3.64079e-05
-0.000103107
-3.62231e-05
-0.000113876
-3.57899e-05
-0.000123498
-3.51585e-05
-0.000131898
-3.43681e-05
-0.00013903
-3.3452e-05
-0.000144848
-3.24326e-05
-0.000149329
-3.13298e-05
-0.000152442
-3.01546e-05
-0.000154178
-2.89177e-05
-0.000154512
-2.76211e-05
-0.000153415
-2.62665e-05
-0.000150885
-2.48541e-05
-0.000146827
-2.3379e-05
-0.000141323
-2.18498e-05
-0.000134136
-2.02369e-05
-0.000125493
-1.85939e-05
-0.000114984
-1.68292e-05
-0.00010303
-1.50702e-05
-8.89688e-05
-1.31528e-05
-7.36178e-05
-1.13147e-05
-5.59287e-05
-9.23978e-06
-3.70155e-05
-7.38052e-06
-4.64848e-06
-1.56567e-05
-9.99714e-06
-1.08548e-05
-2.50639e-05
-1.59916e-05
-4.1332e-05
-1.72547e-05
-5.81793e-05
-1.80224e-05
-7.53584e-05
-1.86125e-05
-9.2633e-05
-1.90115e-05
-0.000109801
-1.92401e-05
-0.000126698
-1.93264e-05
-0.000143191
-1.92962e-05
-0.000159177
-1.91725e-05
-0.000174572
-1.89739e-05
-0.000189308
-1.87155e-05
-0.000203332
-1.84084e-05
-0.000216601
-1.80615e-05
-0.000229075
-1.76807e-05
-0.000240722
-1.72705e-05
-0.00025151
-1.68327e-05
-0.000261408
-1.63687e-05
-0.000270384
-1.58783e-05
-0.000278402
-1.5361e-05
-0.000285435
-1.48165e-05
-0.000291429
-1.42428e-05
-0.00029638
-1.36428e-05
-0.000300196
-1.30134e-05
-0.000302904
-1.23625e-05
-0.000304375
-1.16822e-05
-0.000304708
-1.0981e-05
-0.000303715
-1.02329e-05
-0.000301642
-9.45301e-06
-8.66055e-06
-0.00029763
-1.06474e-05
-2.07431e-07
-2.6595e-05
-4.399e-08
-4.39825e-05
1.32745e-07
-6.23175e-05
3.12557e-07
-8.14208e-05
4.90816e-07
-0.000101094
6.61751e-07
-0.000121158
8.23483e-07
-0.000141459
9.74778e-07
-0.00016187
1.11507e-06
-0.000182287
1.24404e-06
-0.000202622
1.36157e-06
-0.000222805
1.46759e-06
-0.000242775
1.56199e-06
-0.000262481
1.64446e-06
-0.000281877
1.71462e-06
-0.000300919
1.77195e-06
-0.000319568
1.8159e-06
-0.000337782
1.84593e-06
-0.000355522
1.86157e-06
-0.000372746
1.86244e-06
-0.000389411
1.84835e-06
-0.000405473
1.81927e-06
-0.000420891
1.77515e-06
-0.00043562
1.71605e-06
-0.000449625
1.64213e-06
-0.000462861
1.55414e-06
-0.000475295
1.45277e-06
-0.000486866
1.33794e-06
-0.000497527
1.20808e-06
1.06384e-06
-0.000507251
-1.06594e-05
1.0452e-05
-2.66258e-05
1.59224e-05
-4.40389e-05
1.75459e-05
-6.24044e-05
1.8678e-05
-8.15407e-05
1.96271e-05
-0.000101246
2.03673e-05
-0.000121338
2.09151e-05
-0.000141659
2.12962e-05
-0.00016208
2.15354e-05
-0.000182491
2.16556e-05
-0.000202805
2.16752e-05
-0.000222947
2.16098e-05
-0.000242855
2.14704e-05
-0.000262477
2.12658e-05
-0.000281764
2.10015e-05
-0.000300673
2.06813e-05
-0.000319163
2.03062e-05
-0.000337194
1.98769e-05
-0.000354726
1.93927e-05
-0.000371716
1.88526e-05
-0.000388123
1.82559e-05
-0.000403905
1.76012e-05
-0.000419022
1.68914e-05
-0.00043343
1.61247e-05
-0.000447097
1.53087e-05
-0.000459979
1.44363e-05
-0.000472044
1.35175e-05
-0.000483234
1.25286e-05
-0.00049351
1.1484e-05
1.03867e-05
-0.000502833
-1.00295e-05
2.04815e-05
-2.51495e-05
3.10424e-05
-4.14852e-05
3.38816e-05
-5.84094e-05
3.56022e-05
-7.56673e-05
3.6885e-05
-9.30132e-05
3.77133e-05
-0.000110236
3.8138e-05
-0.000127163
3.82236e-05
-0.000143657
3.80285e-05
-0.000159604
3.76033e-05
-0.000174917
3.69885e-05
-0.000189526
3.6218e-05
-0.000203371
3.53157e-05
-0.000216407
3.43015e-05
-0.000228593
3.31874e-05
-0.000239895
3.19838e-05
-0.000250282
3.06933e-05
-0.000259723
2.93174e-05
-0.000268186
2.78558e-05
-0.000275638
2.63052e-05
-0.000282056
2.4674e-05
-0.000287387
2.29321e-05
-0.000291631
2.11348e-05
-0.000294699
1.91929e-05
-0.000296623
1.72327e-05
-0.000297275
1.50883e-05
-0.000296756
1.29986e-05
-0.000294869
1.06413e-05
-0.000291925
8.53996e-06
5.43462e-06
-0.000286973
-8.83377e-06
2.93153e-05
-2.23767e-05
4.45854e-05
-3.67878e-05
4.82926e-05
-5.12434e-05
5.00579e-05
-6.54037e-05
5.10452e-05
-7.89906e-05
5.13002e-05
-9.17808e-05
5.09282e-05
-0.000103602
5.00446e-05
-0.000114323
4.87497e-05
-0.000123846
4.71264e-05
-0.000132093
4.52358e-05
-0.000139014
4.31384e-05
-0.000144563
4.08645e-05
-0.000148716
3.84548e-05
-0.000151443
3.59143e-05
-0.000152735
3.3276e-05
-0.000152572
3.05305e-05
-0.000150929
2.76741e-05
-0.000147811
2.47376e-05
-0.000143122
2.16164e-05
-0.000136956
1.85079e-05
-0.000129077
1.50533e-05
-0.000119724
1.17815e-05
-0.000108478
7.94734e-06
-9.57811e-05
4.53589e-06
-8.09159e-05
2.23122e-07
-6.47638e-05
-3.15344e-06
-4.62859e-05
-7.83665e-06
-2.64868e-05
-1.12591e-05
-1.66859e-05
-4.36624e-06
-7.1883e-06
3.65036e-05
-1.85865e-05
5.59835e-05
-3.04854e-05
6.01915e-05
-4.18269e-05
6.13994e-05
-5.21835e-05
6.14018e-05
-6.12633e-05
6.038e-05
-6.88521e-05
5.85171e-05
-7.47978e-05
5.59904e-05
-7.8994e-05
5.29458e-05
-8.13907e-05
4.95231e-05
-8.19081e-05
4.57532e-05
-8.05749e-05
4.18052e-05
-7.73322e-05
3.76219e-05
-7.2244e-05
3.33665e-05
-6.52535e-05
2.89238e-05
-5.64209e-05
2.44435e-05
-4.57382e-05
1.98477e-05
-3.31427e-05
1.50786e-05
-1.87405e-05
1.03355e-05
-2.2512e-06
5.12702e-06
1.60301e-05
2.26529e-07
3.66479e-05
-5.56451e-06
5.88249e-05
-1.03955e-05
8.38265e-05
-1.70542e-05
0.000110107
-2.17448e-05
0.000139657
-2.93265e-05
0.000170223
-3.37195e-05
0.000204621
-4.22347e-05
0.000239546
-4.61839e-05
-5.59103e-05
0.00027877
-5.20983e-06
4.17134e-05
-1.40749e-05
6.48486e-05
-2.30977e-05
6.92143e-05
-3.09701e-05
6.92718e-05
-3.71706e-05
6.76023e-05
-4.14089e-05
6.46183e-05
-4.35001e-05
6.06083e-05
-4.33415e-05
5.58317e-05
-4.08205e-05
5.04247e-05
-3.60625e-05
4.47652e-05
-2.88328e-05
3.85235e-05
-1.94589e-05
3.24313e-05
-7.69085e-06
2.58539e-05
6.14397e-06
1.95317e-05
2.22889e-05
1.27789e-05
4.04831e-05
6.24916e-06
6.09671e-05
-6.36232e-07
8.37051e-05
-7.65944e-06
0.000108759
-1.47186e-05
0.00013642
-2.25342e-05
0.000166262
-2.9615e-05
0.000199278
-3.85807e-05
0.00023429
-4.54072e-05
0.000272958
-5.57227e-05
0.000313206
-6.19923e-05
0.000357519
-7.36398e-05
0.000402824
-7.90247e-05
0.000452442
-9.18519e-05
0.00050227
-9.60124e-05
-0.000109884
0.000556244
-3.03767e-06
4.47511e-05
-9.1492e-06
7.09602e-05
-1.5111e-05
7.51762e-05
-1.93737e-05
7.35344e-05
-2.13124e-05
6.9541e-05
-2.06495e-05
6.39554e-05
-1.72418e-05
5.72006e-05
-1.10818e-05
4.96717e-05
-2.02196e-06
4.13649e-05
9.58708e-06
3.31562e-05
2.41394e-05
2.39712e-05
4.07965e-05
1.57741e-05
6.04359e-05
6.21445e-06
8.19319e-05
-1.96427e-06
0.000106625
-1.19141e-05
0.000133459
-2.05852e-05
0.000163775
-3.0952e-05
0.000196605
-4.04895e-05
0.000233208
-5.13216e-05
0.000272712
-6.20381e-05
0.000316098
-7.30013e-05
0.000362453
-8.49358e-05
0.000412487
-9.54407e-05
0.000465247
-0.000108483
0.00052111
-0.000117855
0.00057929
-0.00013182
0.000639702
-0.000139437
0.000701946
-0.000154097
0.000765318
-0.000159384
-0.000174514
0.000829948
-8.22856e-07
4.55739e-05
-4.13445e-06
7.42717e-05
-6.99288e-06
7.80346e-05
-7.6581e-06
7.41997e-05
-5.40614e-06
6.72891e-05
5.33775e-09
5.85439e-05
8.72302e-06
4.84829e-05
2.05802e-05
3.78145e-05
3.56887e-05
2.62564e-05
5.33481e-05
1.54968e-05
7.43952e-05
2.92407e-06
9.7327e-05
-7.15773e-06
0.000124492
-2.09502e-05
0.000153728
-3.12001e-05
0.000187907
-4.60941e-05
0.000224986
-5.76638e-05
0.000267495
-7.34608e-05
0.000313453
-8.64479e-05
0.000364758
-0.000102626
0.00041908
-0.00011636
0.000478255
-0.000132176
0.000539163
-0.000145844
0.000604196
-0.000160474
0.000669242
-0.000173529
0.000737489
-0.000186102
0.000804011
-0.000198342
0.000872708
-0.000208133
0.000938322
-0.000219711
0.00100507
-0.000226136
-0.000237319
0.00106788
1.19475e-06
4.43792e-05
6.35359e-07
7.48311e-05
7.92344e-07
7.78776e-05
3.64244e-06
7.13496e-05
9.9066e-06
6.10249e-05
1.98162e-05
4.86343e-05
3.33052e-05
3.49939e-05
5.02134e-05
2.09064e-05
7.02844e-05
6.18538e-06
9.33336e-05
-7.55244e-06
0.000120469
-2.42118e-05
0.000150884
-3.75719e-05
0.000187429
-5.74958e-05
0.000228069
-7.18401e-05
0.000276181
-9.42057e-05
0.000328542
-0.000110025
0.000387554
-0.000132473
0.000449958
-0.000148853
0.000516851
-0.000169518
0.000585488
-0.000184998
0.000656185
-0.000202873
0.000726439
-0.000216097
0.000796769
-0.000230804
0.000864295
-0.000241055
0.000930731
-0.000252538
0.00099208
-0.000259691
0.00105196
-0.00026801
0.00110478
-0.000272537
0.0011564
-0.000277753
-0.000280468
0.00119955
2.84561e-06
4.15336e-05
4.88424e-06
7.27925e-05
7.92945e-06
7.48324e-05
1.40067e-05
6.52723e-05
2.39189e-05
5.11128e-05
3.77854e-05
3.47677e-05
5.53133e-05
1.7466e-05
7.62156e-05
4.06989e-09
0.000100887
-1.84864e-05
0.000131148
-3.78133e-05
0.000167064
-6.01272e-05
0.00021131
-8.18182e-05
0.000263089
-0.000109275
0.000322242
-0.000130993
0.000388036
-0.00016
0.000457434
-0.000179423
0.000530912
-0.00020595
0.000603902
-0.000221843
0.000677709
-0.000243325
0.000748019
-0.000255308
0.00081602
-0.000270874
0.000878915
-0.000278993
0.000937079
-0.000288968
0.000989494
-0.00029347
0.00103594
-0.000298988
0.00107651
-0.000300261
0.00111137
-0.000302866
0.00114025
-0.000301423
0.00116501
-0.00030251
-0.00029894
0.00118348
3.9852e-06
3.75484e-05
8.15818e-06
6.86195e-05
1.3782e-05
6.92086e-05
2.27906e-05
5.62637e-05
3.58541e-05
3.80493e-05
5.27404e-05
1.78813e-05
7.33278e-05
-3.1214e-06
9.93364e-05
-2.60045e-05
0.000132822
-5.1972e-05
0.000177068
-8.20592e-05
0.000230872
-0.000113931
0.000296139
-0.000147086
0.000366219
-0.000179354
0.000442958
-0.000207732
0.000519067
-0.000236109
0.000595309
-0.000255665
0.000667774
-0.000278415
0.000734633
-0.000288702
0.00079678
-0.000305472
0.000849718
-0.000308246
0.000898232
-0.000319388
0.00093671
-0.000317471
0.00097153
-0.000323787
0.000998113
-0.000320053
0.00102168
-0.000322553
0.00104034
-0.000318928
0.00105669
-0.00031921
0.00107214
-0.000316876
0.0010862
-0.000316568
-0.000314934
0.00110219
4.48039e-06
3.3068e-05
1.02112e-05
6.28887e-05
1.79445e-05
6.14752e-05
2.93835e-05
4.48247e-05
4.46378e-05
2.27949e-05
6.38129e-05
-1.29366e-06
9.03789e-05
-2.96874e-05
0.000128806
-6.44317e-05
0.000182242
-0.000105408
0.000248569
-0.000148386
0.000324208
-0.000189569
0.000404609
-0.000227487
0.000483693
-0.000258439
0.000561105
-0.000285144
0.000629571
-0.000304575
0.000693124
-0.000319219
0.000745094
-0.000330385
0.000790769
-0.000334376
0.0008271
-0.000341803
0.000856652
-0.000337798
0.000882334
-0.000345071
0.000901308
-0.000336444
0.000922727
-0.000345206
0.000938605
-0.000335931
0.000961261
-0.000345209
0.000980269
-0.000337936
0.00100649
-0.000345432
0.00103132
-0.000341704
0.00106123
-0.00034648
-0.000345261
0.00109156
4.27531e-06
2.87927e-05
1.08408e-05
5.63233e-05
2.0053e-05
5.2263e-05
3.29352e-05
3.19425e-05
4.97022e-05
6.0279e-06
7.5975e-05
-2.75664e-05
0.000119548
-7.32605e-05
0.000182945
-0.000127829
0.000260474
-0.000182937
0.000344094
-0.000232006
0.000427504
-0.000272979
0.00050408
-0.000304063
0.000572421
-0.00032678
0.000629771
-0.000342494
0.000676477
-0.00035128
0.000715025
-0.000357768
0.000743973
-0.000359332
0.000770922
-0.000361325
0.000791425
-0.000362307
0.000815135
-0.000361507
0.000836876
-0.000366812
0.000862658
-0.000362226
0.000891018
-0.000373567
0.000919861
-0.000364774
0.00095555
-0.000380897
0.000986234
-0.000368621
0.00102534
-0.00038454
0.00105357
-0.000369933
0.00108703
-0.00037994
-0.000365788
0.00110756
3.39758e-06
2.53951e-05
1.00264e-05
4.96945e-05
1.97566e-05
4.25328e-05
3.33365e-05
1.83626e-05
5.72082e-05
-1.78438e-05
0.000104373
-7.47308e-05
0.000176633
-0.000145521
0.000262896
-0.000214091
0.000350464
-0.000270504
0.000431259
-0.000312802
0.000500057
-0.000341777
0.000556019
-0.000360025
0.000600432
-0.000371193
0.000634695
-0.000376757
0.000663748
-0.000380333
0.000688695
-0.000382714
0.000713934
-0.000384572
0.000741
-0.000388391
0.00076892
-0.000390227
0.000802305
-0.000394892
0.000833219
-0.000397726
0.000870704
-0.000399711
0.000902608
-0.00040547
0.000938264
-0.00040043
0.000968726
-0.000411359
0.000997402
-0.000397297
0.00102698
-0.000414123
0.00104343
-0.000386379
0.00106029
-0.000396803
-0.000346324
0.00104083
1.9419e-06
2.34532e-05
7.81282e-06
4.38236e-05
1.68746e-05
3.3471e-05
3.5945e-05
-7.07729e-07
8.20832e-05
-6.3982e-05
0.000160563
-0.000153211
0.000253039
-0.000237998
0.000341493
-0.000302545
0.000416764
-0.000345775
0.000476164
-0.000372201
0.000521585
-0.000387199
0.000557383
-0.000395823
0.000587144
-0.000400955
0.000615316
-0.000404929
0.000644067
-0.000409084
0.000674274
-0.000412921
0.000707059
-0.000417357
0.000739752
-0.000421084
0.000773685
-0.00042416
0.000806553
-0.00042776
0.000838039
-0.000429212
0.000871032
-0.000432703
0.000898697
-0.000433136
0.000931269
-0.000433002
0.000952465
-0.000432555
0.000976416
-0.000421248
0.000982534
-0.000420241
0.000982749
-0.000386593
0.000964121
-0.000378175
-0.000274811
0.000892607
1.81793e-07
5.01538e-06
1.64919e-05
5.32724e-05
0.000132564
0.00022984
0.000318623
0.000388726
0.000440905
0.000480646
0.000514049
0.000545106
0.000576292
0.000608331
0.000640748
0.000673267
0.000704647
0.00073508
0.000765279
0.000795024
0.000826394
0.000856753
0.000886821
0.00091437
0.000935432
0.000949602
0.000925234
0.000857677
0.000685432
0.000481336
-4.02087e-06
7.51263e-06
1.40988e-05
1.91541e-05
2.24496e-05
2.5028e-05
2.78303e-05
2.95595e-05
2.81181e-05
2.33804e-05
1.71244e-05
1.15582e-05
6.50011e-06
3.3509e-06
1.08899e-06
-1.43921e-06
-5.15903e-06
-1.10131e-05
-1.70562e-05
-2.38606e-05
-2.91111e-05
-3.08927e-05
-2.91707e-05
-2.60952e-05
-2.32672e-05
-1.98865e-05
-1.47321e-05
-7.94243e-06
3.80866e-06
)
;

boundaryField
{
    inlet
    {
        type            calculated;
        value           nonuniform List<scalar> 0();
    }
    outlet
    {
        type            calculated;
        value           nonuniform List<scalar> 0();
    }
    wall
    {
        type            calculated;
        value           uniform 0;
    }
    obstacle
    {
        type            calculated;
        value           uniform 0;
    }
    frontAndBack
    {
        type            empty;
        value           nonuniform List<scalar> 0();
    }
    procBoundary1to0
    {
        type            processor;
        value           nonuniform List<scalar> 
61
(
-0.000102336
-0.000154543
-0.000195737
-0.000230148
-0.00025877
-0.000282321
-0.000301118
-0.000315372
-0.000325376
-0.000331523
-0.000334467
-0.000334954
-0.000334146
-0.00033361
-0.000334536
-0.000420257
-0.000315249
-0.00032127
-0.000326251
-0.000329401
-0.000330419
-0.00033391
-0.000341601
-0.000348809
-0.000355339
-0.000364808
-0.000375974
-0.000391505
-0.000411476
-0.000444502
-0.000420319
-0.000457721
-0.000481609
-0.000447844
-0.000422642
-0.000406978
-0.000393419
-0.000383288
-0.000375354
-0.00036712
-0.000360469
-0.00035742
-0.000354342
-0.000349102
-0.000343478
-0.000338461
-0.000335363
-0.000334398
-0.000334753
-0.000335324
-0.000334751
-0.000332084
-0.000326535
-0.000317392
-0.000304149
-0.000286376
-0.000263578
-0.000234817
-0.000197879
-0.00014869
-7.46167e-05
)
;
    }
    procBoundary1to2
    {
        type            processor;
        value           nonuniform List<scalar> 
30
(
0.000485983
0.000880546
0.00103281
0.00110031
0.00108576
0.0010969
0.00117712
0.0011931
0.0010633
0.000827348
0.000553775
0.000274263
-1.05986e-05
-0.000294481
-0.000504989
-0.000500305
-0.000283253
1.48781e-06
0.000284813
0.000563048
0.000835198
0.00106966
0.00119783
0.00118041
0.00109937
0.00108818
0.0011024
0.00103404
0.000880856
0.000485145
)
;
    }
}


// ************************************************************************* //
