/*--------------------------------*- C++ -*----------------------------------*\
| =========                 |                                                 |
| \\      /  F ield         | OpenFOAM: The Open Source CFD Toolbox           |
|  \\    /   O peration     | Version:  2312                                  |
|   \\  /    A nd           | Website:  www.openfoam.com                      |
|    \\/     M anipulation  |                                                 |
\*---------------------------------------------------------------------------*/
FoamFile
{
    version     2.0;
    format      ascii;
    arch        "LSB;label=32;scalar=64";
    class       surfaceScalarField;
    location    "1000";
    object      phi;
}
// * * * * * * * * * * * * * * * * * * * * * * * * * * * * * * * * * * * * * //

dimensions      [0 3 -1 0 0 0 0];

oriented        oriented;

internalField   nonuniform List<scalar> 
5309
(
0.000665085
1.58133e-06
0.000661052
4.03371e-06
0.000655685
5.36676e-06
0.000650348
5.33706e-06
0.00064579
4.55822e-06
0.000642135
3.65441e-06
0.000639273
2.86255e-06
0.000637051
2.22195e-06
0.000635327
1.72337e-06
0.000633983
1.3446e-06
0.000632924
1.05867e-06
0.000632083
8.41079e-07
0.000631409
6.73636e-07
0.000630866
5.43493e-07
0.000630425
4.41295e-07
0.000630064
3.60091e-07
0.00062977
2.94741e-07
0.000629528
2.41439e-07
0.000629331
1.97349e-07
0.000629171
1.60343e-07
0.000629042
1.28815e-07
0.00062894
1.01531e-07
0.000628863
7.75387e-08
0.000628807
5.61031e-08
0.00062877
3.66391e-08
0.000628751
1.86864e-08
0.000628749
1.88353e-09
0.000628763
-1.33138e-08
0.000628791
-2.84334e-08
0.000628834
-4.31991e-08
0.000628892
-5.77298e-08
0.000628964
-7.21527e-08
0.000629051
-8.65864e-08
0.000629152
-1.01136e-07
0.000629268
-1.15893e-07
0.000629399
-1.30932e-07
0.000629545
-1.46311e-07
0.000629707
-1.62071e-07
0.000629885
-1.78227e-07
0.00063008
-1.94768e-07
0.000630292
-2.11646e-07
0.000630521
-2.28763e-07
0.000630766
-2.45957e-07
0.000631029
-2.62984e-07
0.000631309
-2.79485e-07
0.000631604
-2.94991e-07
0.000631913
-3.08767e-07
0.000632233
-3.20169e-07
0.00063256
-3.272e-07
0.000632891
-3.30724e-07
0.000633212
-3.2118e-07
0.000633527
-3.151e-07
0.00063379
-2.63106e-07
0.000634033
-2.42894e-07
0.0006342
-1.6735e-07
0.000634055
1.45379e-07
0.000634398
-3.43287e-07
0.000633099
1.29902e-06
0.000632099
1.00081e-06
-1.10641e-06
0.000633205
0.000667478
7.70253e-07
0.000669122
2.389e-06
0.000670983
3.50666e-06
0.000672425
3.89432e-06
0.000673277
3.70659e-06
0.00067368
3.25114e-06
0.000673794
2.74841e-06
0.000673724
2.2927e-06
0.00067354
1.90728e-06
0.000673294
1.58986e-06
0.000673023
1.33058e-06
0.000672745
1.11812e-06
0.000672477
9.42565e-07
0.000672224
7.96122e-07
0.000671992
6.72841e-07
0.000671784
5.68217e-07
0.0006716
4.78741e-07
0.00067144
4.01684e-07
0.000671303
3.34754e-07
0.000671187
2.76053e-07
0.000671092
2.24102e-07
0.000671016
1.77595e-07
0.000670958
1.35541e-07
0.000670917
9.7049e-08
0.000670892
6.13731e-08
0.000670883
2.78105e-08
0.000670888
-3.36968e-09
0.000670908
-3.34904e-08
0.000670943
-6.29399e-08
0.000670991
-9.18637e-08
0.000671054
-1.20511e-07
0.000671131
-1.49124e-07
0.000671222
-1.77926e-07
0.000671328
-2.0712e-07
0.000671449
-2.36887e-07
0.000671586
-2.67387e-07
0.000671738
-2.98757e-07
0.000671907
-3.31113e-07
0.000672094
-3.64541e-07
0.000672298
-3.99097e-07
0.000672521
-4.34801e-07
0.000672764
-4.71628e-07
0.000673028
-5.09495e-07
0.000673313
-5.48259e-07
0.000673621
-5.87693e-07
0.000673954
-6.27488e-07
0.000674312
-6.67184e-07
0.000674698
-7.06301e-07
0.000675115
-7.43744e-07
0.000675564
-7.79626e-07
0.000676051
-8.09044e-07
0.000676578
-8.4151e-07
0.000677158
-8.43518e-07
0.000677814
-8.98349e-07
0.000678445
-7.98703e-07
0.000679571
-9.80378e-07
0.000679867
-6.39116e-07
0.00068183
-6.6399e-07
0.000684109
-1.2783e-06
1.11326e-06
0.000681889
0.000666987
4.50167e-07
0.000667931
1.4452e-06
0.000669169
2.26836e-06
0.00067037
2.69283e-06
0.000671317
2.75986e-06
0.000671955
2.61294e-06
0.000672332
2.37167e-06
0.000672518
2.1069e-06
0.000672573
1.85198e-06
0.000672544
1.61875e-06
0.000672465
1.40993e-06
0.000672358
1.22498e-06
0.000672239
1.062e-06
0.000672116
9.18658e-07
0.000671996
7.92482e-07
0.000671883
6.81203e-07
0.000671779
5.82666e-07
0.000671686
4.94977e-07
0.000671604
4.16543e-07
0.000671535
3.45857e-07
0.000671477
2.81696e-07
0.000671432
2.23009e-07
0.000671398
1.68745e-07
0.000671377
1.18069e-07
0.000671368
7.04128e-08
0.000671371
2.48908e-08
0.000671385
-1.76213e-08
0.000671412
-5.96386e-08
0.00067145
-1.01035e-07
0.0006715
-1.42027e-07
0.000671562
-1.82931e-07
0.000671637
-2.24065e-07
0.000671725
-2.65733e-07
0.000671826
-3.08221e-07
0.000671941
-3.51793e-07
0.00067207
-3.96695e-07
0.000672215
-4.43155e-07
0.000672375
-4.91385e-07
0.000672552
-5.41576e-07
0.000672747
-5.939e-07
0.000672961
-6.48508e-07
0.000673194
-7.05526e-07
0.00067345
-7.65052e-07
0.000673729
-8.27154e-07
0.000674033
-8.91868e-07
0.000674365
-9.59193e-07
0.000674727
-1.02909e-06
0.000675122
-1.10149e-06
0.000675554
-1.17625e-06
0.000676028
-1.25332e-06
0.000676552
-1.33254e-06
0.000677124
-1.41381e-06
0.000677779
-1.49856e-06
0.000678463
-1.58229e-06
0.000679348
-1.68336e-06
0.00068012
-1.75303e-06
0.000681385
-1.90402e-06
0.000682686
-1.96488e-06
0.000683516
-2.10813e-06
-2.46925e-06
0.000687098
0.000666822
2.95184e-07
0.000667255
1.01231e-06
0.000667888
1.6352e-06
0.000668588
1.99293e-06
0.000669244
2.10328e-06
0.000669801
2.05625e-06
0.000670242
1.9305e-06
0.000670574
1.77475e-06
0.000670814
1.61263e-06
0.000670978
1.45403e-06
0.000671085
1.30305e-06
0.000671148
1.16166e-06
0.00067118
1.03067e-06
0.000671188
9.09997e-07
0.000671182
7.99275e-07
0.000671165
6.97792e-07
0.000671143
6.04631e-07
0.000671119
5.19029e-07
0.000671096
4.39988e-07
0.000671075
3.66829e-07
0.000671058
2.98741e-07
0.000671046
2.34911e-07
0.00067104
1.74534e-07
0.000671041
1.17356e-07
0.000671049
6.22154e-08
0.000671064
9.24863e-09
0.000671088
-4.15716e-08
0.000671121
-9.2359e-08
0.000671163
-1.42765e-07
0.000671214
-1.93136e-07
0.000671275
-2.4384e-07
0.000671346
-2.95245e-07
0.000671428
-3.47705e-07
0.000671521
-4.01562e-07
0.000671627
-4.57146e-07
0.000671745
-5.1478e-07
0.000671876
-5.7478e-07
0.000672023
-6.37456e-07
0.000672184
-7.03116e-07
0.000672362
-7.72065e-07
0.000672558
-8.44607e-07
0.000672774
-9.21047e-07
0.00067301
-1.00169e-06
0.00067327
-1.08686e-06
0.000673555
-1.17687e-06
0.000673868
-1.27207e-06
0.000674212
-1.37282e-06
0.00067459
-1.47956e-06
0.000675006
-1.59273e-06
0.000675466
-1.71297e-06
0.000675974
-1.8408e-06
0.000676538
-1.97737e-06
0.000677162
-2.123e-06
0.00067786
-2.27958e-06
0.000678626
-2.4502e-06
0.000679499
-2.62567e-06
0.000680452
-2.85658e-06
0.000681492
-3.00576e-06
0.000682836
-3.452e-06
-3.43655e-06
0.000683804
0.000666738
2.2433e-07
0.000666986
7.63442e-07
0.000667386
1.23574e-06
0.000667861
1.51802e-06
0.000668341
1.62345e-06
0.000668781
1.61603e-06
0.000669162
1.54975e-06
0.000669479
1.45694e-06
0.000669739
1.35341e-06
0.000669946
1.24633e-06
0.00067011
1.13946e-06
0.000670237
1.03473e-06
0.000670334
9.33619e-07
0.000670407
8.36862e-07
0.000670461
7.44818e-07
0.000670502
6.57542e-07
0.000670531
5.74965e-07
0.000670554
4.96801e-07
0.000670571
4.22657e-07
0.000670585
3.52364e-07
0.000670599
2.85293e-07
0.000670613
2.20961e-07
0.000670628
1.59162e-07
0.000670646
9.93252e-08
0.000670667
4.09291e-08
0.000670693
-1.58258e-08
0.000670723
-7.22434e-08
0.000670759
-1.28524e-07
0.000670802
-1.84954e-07
0.00067085
-2.41905e-07
0.000670906
-2.99761e-07
0.00067097
-3.58903e-07
0.000671042
-4.19712e-07
0.000671123
-4.82565e-07
0.000671214
-5.47845e-07
0.000671315
-6.15938e-07
0.000671427
-6.87237e-07
0.000671552
-7.62144e-07
0.00067169
-8.41076e-07
0.000671842
-9.24463e-07
0.00067201
-1.01275e-06
0.000672196
-1.10642e-06
0.0006724
-1.20595e-06
0.000672625
-1.3119e-06
0.000672873
-1.42482e-06
0.000673146
-1.54534e-06
0.000673448
-1.67413e-06
0.00067378
-1.81196e-06
0.000674147
-1.95964e-06
0.000674552
-2.11812e-06
0.000675
-2.28841e-06
0.000675494
-2.47173e-06
0.000676041
-2.66956e-06
0.000676644
-2.88288e-06
0.000677311
-3.11692e-06
0.000678048
-3.36279e-06
0.000678849
-3.65758e-06
0.000679763
-3.91973e-06
0.000680655
-4.34427e-06
-4.58588e-06
0.000681804
0.000666714
1.76914e-07
0.000666877
6.00705e-07
0.000667146
9.66491e-07
0.000667479
1.18537e-06
0.00066783
1.27209e-06
0.000668169
1.27674e-06
0.00066848
1.23887e-06
0.000668757
1.18046e-06
0.000668998
1.1123e-06
0.000669205
1.03945e-06
0.000669381
9.63518e-07
0.000669529
8.86323e-07
0.000669653
8.09264e-07
0.000669757
7.33161e-07
0.000669843
6.58539e-07
0.000669915
5.85724e-07
0.000669975
5.14939e-07
0.000670026
4.46268e-07
0.000670069
3.79635e-07
0.000670106
3.14895e-07
0.00067014
2.51853e-07
0.00067017
1.90371e-07
0.000670199
1.30068e-07
0.000670228
7.06898e-08
0.000670257
1.19521e-08
0.000670287
-4.62674e-08
0.00067032
-1.04775e-07
0.000670355
-1.6369e-07
0.000670394
-2.23367e-07
0.000670436
-2.8417e-07
0.000670483
-3.46471e-07
0.000670534
-4.10651e-07
0.000670592
-4.77099e-07
0.000670655
-5.4622e-07
0.000670726
-6.18432e-07
0.000670804
-6.94169e-07
0.000670891
-7.73886e-07
0.000670987
-8.58059e-07
0.000671093
-9.47191e-07
0.00067121
-1.04181e-06
0.00067134
-1.14249e-06
0.000671483
-1.24983e-06
0.000671642
-1.36448e-06
0.000671817
-1.48713e-06
0.000672011
-1.61855e-06
0.000672225
-1.75955e-06
0.000672462
-1.91103e-06
0.000672724
-2.07397e-06
0.000673014
-2.24942e-06
0.000673334
-2.43858e-06
0.000673688
-2.64271e-06
0.00067408
-2.86328e-06
0.000674512
-3.10188e-06
0.000674989
-3.35972e-06
0.000675514
-3.64126e-06
0.000676089
-3.93854e-06
0.000676717
-4.28481e-06
0.000677398
-4.60147e-06
0.000678125
-5.07064e-06
-5.38225e-06
0.000678921
0.000666701
1.42696e-07
0.000666819
4.82167e-07
0.000667017
7.68827e-07
0.000667265
9.37364e-07
0.000667532
1.00495e-06
0.000667797
1.01185e-06
0.000668048
9.88077e-07
0.000668279
9.49517e-07
0.000668488
9.02755e-07
0.000668676
8.51481e-07
0.000668843
7.96588e-07
0.000668991
7.39036e-07
0.00066912
6.80326e-07
0.000669232
6.20605e-07
0.00066933
5.608e-07
0.000669415
5.00856e-07
0.000669488
4.41186e-07
0.000669553
3.82186e-07
0.000669608
3.23725e-07
0.000669658
2.65742e-07
0.000669701
2.0837e-07
0.00066974
1.51391e-07
0.000669775
9.46321e-08
0.000669808
3.79326e-08
0.000669839
-1.89299e-08
0.000669869
-7.62254e-08
0.000669899
-1.34241e-07
0.000669928
-1.93274e-07
0.000669958
-2.53637e-07
0.00066999
-3.15663e-07
0.000670023
-3.79706e-07
0.000670059
-4.46137e-07
0.000670097
-5.15348e-07
0.000670138
-5.87754e-07
0.000670184
-6.63795e-07
0.000670234
-7.43934e-07
0.000670288
-8.28667e-07
0.000670349
-9.18521e-07
0.000670416
-1.01406e-06
0.00067049
-1.11588e-06
0.000670572
-1.22464e-06
0.000670663
-1.34103e-06
0.000670764
-1.46581e-06
0.000670877
-1.59979e-06
0.000671002
-1.74386e-06
0.000671142
-1.89897e-06
0.000671297
-2.06618e-06
0.00067147
-2.24661e-06
0.000671662
-2.44149e-06
0.000671875
-2.65218e-06
0.000672113
-2.88009e-06
0.000672376
-3.12689e-06
0.000672668
-3.39408e-06
0.000672992
-3.68361e-06
0.000673349
-3.99823e-06
0.000673745
-4.33459e-06
0.000674176
-4.71542e-06
0.00067466
-5.08513e-06
0.000675167
-5.57792e-06
-5.97402e-06
0.000675759
0.000666694
1.15854e-07
0.000666786
3.89617e-07
0.00066694
6.14956e-07
0.000667133
7.44187e-07
0.000667343
7.94911e-07
0.000667554
8.0077e-07
0.000667758
7.84528e-07
0.00066795
7.5753e-07
0.000668128
7.24424e-07
0.000668292
6.8728e-07
0.000668442
6.46531e-07
0.000668578
6.03349e-07
0.0006687
5.57991e-07
0.00066881
5.11337e-07
0.000668907
4.63117e-07
0.000668994
4.14307e-07
0.00066907
3.6479e-07
0.000669138
3.14572e-07
0.000669197
2.64207e-07
0.00066925
2.13487e-07
0.000669296
1.62465e-07
0.000669336
1.11225e-07
0.000669371
5.92128e-08
0.000669402
6.72337e-09
0.00066943
-4.6577e-08
0.000669455
-1.00823e-07
0.000669477
-1.56284e-07
0.000669497
-2.13216e-07
0.000669515
-2.71903e-07
0.000669532
-3.3265e-07
0.000669548
-3.95788e-07
0.000669563
-4.61675e-07
0.000669579
-5.30695e-07
0.000669594
-6.03259e-07
0.00066961
-6.7981e-07
0.000669627
-7.60824e-07
0.000669645
-8.46814e-07
0.000669665
-9.38329e-07
0.000669687
-1.03597e-06
0.000669712
-1.14037e-06
0.000669739
-1.25222e-06
0.00066977
-1.37229e-06
0.000669806
-1.50138e-06
0.000669847
-1.64039e-06
0.000669893
-1.79026e-06
0.000669946
-1.95206e-06
0.000670007
-2.12692e-06
0.000670076
-2.31608e-06
0.000670156
-2.52087e-06
0.000670246
-2.74278e-06
0.000670349
-2.98332e-06
0.000670467
-3.2444e-06
0.0006706
-3.52735e-06
0.000670752
-3.83522e-06
0.000670922
-4.16854e-06
0.000671118
-4.53006e-06
0.000671331
-4.92916e-06
0.000671585
-5.33864e-06
0.000671842
-5.83508e-06
-6.30133e-06
0.000672169
0.000666689
9.36899e-08
0.000666765
3.1346e-07
0.00066689
4.89784e-07
0.000667047
5.87736e-07
0.000667216
6.25103e-07
0.000667388
6.29103e-07
0.000667555
6.17281e-07
0.000667715
5.97595e-07
0.000667866
5.73557e-07
0.000668007
5.4598e-07
0.000668139
5.15371e-07
0.000668259
4.82593e-07
0.00066837
4.47565e-07
0.000668471
4.10488e-07
0.000668562
3.72095e-07
0.000668643
3.32624e-07
0.000668716
2.91856e-07
0.000668781
2.4995e-07
0.000668838
2.07528e-07
0.000668887
1.63946e-07
0.00066893
1.19702e-07
0.000668967
7.45924e-08
0.000668997
2.85431e-08
0.000669023
-1.86842e-08
0.000669043
-6.69541e-08
0.000669059
-1.16531e-07
0.00066907
-1.67627e-07
0.000669077
-2.20469e-07
0.000669081
-2.75309e-07
0.00066908
-3.32424e-07
0.000669077
-3.9212e-07
0.00066907
-4.54732e-07
0.00066906
-5.20622e-07
0.000669047
-5.90186e-07
0.000669031
-6.63853e-07
0.000669012
-7.4209e-07
0.000668991
-8.254e-07
0.000668967
-9.14333e-07
0.00066894
-1.00948e-06
0.000668911
-1.1115e-06
0.00066888
-1.22108e-06
0.000668847
-1.339e-06
0.000668812
-1.46608e-06
0.000668774
-1.60324e-06
0.000668736
-1.75146e-06
0.000668695
-1.91183e-06
0.000668654
-2.08552e-06
0.000668612
-2.27383e-06
0.000668569
-2.47813e-06
0.000668526
-2.70001e-06
0.000668484
-2.941e-06
0.000668443
-3.20326e-06
0.000668403
-3.4879e-06
0.000668367
-3.79904e-06
0.000668334
-4.135e-06
0.000668308
-4.50478e-06
0.000668283
-4.90398e-06
0.00066828
-5.33595e-06
0.000668262
-5.81702e-06
-6.33637e-06
0.000668297
0.000666686
7.46245e-08
0.000666751
2.48317e-07
0.000666856
3.84288e-07
0.000666987
4.57508e-07
0.000667127
4.84358e-07
0.00066727
4.86691e-07
0.000667409
4.7769e-07
0.000667544
4.63332e-07
0.000667672
4.45364e-07
0.000667793
4.24791e-07
0.000667906
4.01919e-07
0.000668012
3.76805e-07
0.00066811
3.49774e-07
0.0006682
3.209e-07
0.000668281
2.90688e-07
0.000668355
2.58943e-07
0.000668421
2.2602e-07
0.000668479
1.91906e-07
0.000668529
1.56809e-07
0.000668573
1.20479e-07
0.000668609
8.33089e-08
0.000668639
4.5014e-08
0.000668662
5.38749e-09
0.000668679
-3.55621e-08
0.000668689
-7.76311e-08
0.000668694
-1.21154e-07
0.000668693
-1.66307e-07
0.000668686
-2.13286e-07
0.000668673
-2.6231e-07
0.000668654
-3.13625e-07
0.000668629
-3.67504e-07
0.000668599
-4.24249e-07
0.000668562
-4.8419e-07
0.00066852
-5.47692e-07
0.000668471
-6.15151e-07
0.000668416
-6.87001e-07
0.000668354
-7.63717e-07
0.000668286
-8.45813e-07
0.00066821
-9.33856e-07
0.000668127
-1.02846e-06
0.000668036
-1.1303e-06
0.000667937
-1.2401e-06
0.00066783
-1.35868e-06
0.000667714
-1.48692e-06
0.000667588
-1.62576e-06
0.000667452
-1.77627e-06
0.000667307
-1.93961e-06
0.00066715
-2.11703e-06
0.000666982
-2.30993e-06
0.000666801
-2.51985e-06
0.000666609
-2.74835e-06
0.000666403
-2.99765e-06
0.000666184
-3.2687e-06
0.000665951
-3.56635e-06
0.000665703
-3.88716e-06
0.000665444
-4.24511e-06
0.000665164
-4.62429e-06
0.000664882
-5.05412e-06
0.000664564
-5.49931e-06
-6.03893e-06
0.000664267
0.000666684
5.76907e-08
0.000666741
1.90765e-07
0.000666833
2.92551e-07
0.000666944
3.46003e-07
0.000667064
3.64929e-07
0.000667184
3.66198e-07
0.000667303
3.59466e-07
0.000667417
3.48953e-07
0.000667526
3.35795e-07
0.000667631
3.20712e-07
0.000667729
3.03549e-07
0.000667821
2.84732e-07
0.000667907
2.6424e-07
0.000667985
2.42309e-07
0.000668057
2.18974e-07
0.000668121
1.94406e-07
0.000668179
1.68681e-07
0.000668229
1.41831e-07
0.000668272
1.13794e-07
0.000668307
8.48063e-08
0.000668336
5.47019e-08
0.000668358
2.35023e-08
0.000668372
-9.05798e-09
0.000668379
-4.2715e-08
0.000668379
-7.76171e-08
0.000668372
-1.13921e-07
0.000668357
-1.51774e-07
0.000668335
-1.91341e-07
0.000668306
-2.32807e-07
0.000668269
-2.76381e-07
0.000668224
-3.22296e-07
0.00066817
-3.70811e-07
0.000668108
-4.22212e-07
0.000668037
-4.76815e-07
0.000667957
-5.34965e-07
0.000667867
-5.97044e-07
0.000667767
-6.63468e-07
0.000667656
-7.34694e-07
0.000667533
-8.11222e-07
0.000667398
-8.93601e-07
0.00066725
-9.82433e-07
0.000667089
-1.07838e-06
0.000666912
-1.18216e-06
0.00066672
-1.29457e-06
0.00066651
-1.41648e-06
0.000666283
-1.54886e-06
0.000666036
-1.69276e-06
0.000665769
-1.84935e-06
0.000665479
-2.01989e-06
0.000665165
-2.20587e-06
0.000664825
-2.40869e-06
0.000664458
-2.63052e-06
0.000664061
-2.87211e-06
0.000663633
-3.13851e-06
0.000663172
-3.42538e-06
0.000662676
-3.74914e-06
0.000662138
-4.08709e-06
0.000661569
-4.48495e-06
0.000660944
-4.87368e-06
-5.39037e-06
0.000660295
0.000666682
4.21883e-08
0.000666735
1.38347e-07
0.000666817
2.10623e-07
0.000666914
2.48021e-07
0.000667018
2.61107e-07
0.000667123
2.61915e-07
0.000667225
2.57203e-07
0.000667324
2.49843e-07
0.000667419
2.40627e-07
0.00066751
2.29807e-07
0.000667596
2.17702e-07
0.000667676
2.04208e-07
0.000667751
1.89404e-07
0.00066782
1.73557e-07
0.000667883
1.56476e-07
0.000667938
1.38421e-07
0.000667988
1.19491e-07
0.00066803
9.94315e-08
0.000668065
7.85477e-08
0.000668093
5.67948e-08
0.000668114
3.39748e-08
0.000668127
1.02732e-08
0.000668133
-1.4664e-08
0.000668131
-4.04723e-08
0.00066812
-6.73671e-08
0.000668102
-9.54587e-08
0.000668075
-1.24861e-07
0.000668039
-1.55701e-07
0.000667995
-1.88126e-07
0.000667941
-2.22299e-07
0.000667877
-2.58405e-07
0.000667803
-2.96648e-07
0.000667718
-3.37257e-07
0.000667621
-3.80484e-07
0.000667513
-4.26607e-07
0.000667392
-4.7593e-07
0.000667257
-5.28792e-07
0.000667108
-5.85562e-07
0.000666943
-6.46647e-07
0.000666762
-7.12493e-07
0.000666563
-7.83591e-07
0.000666346
-8.60481e-07
0.000666107
-9.4376e-07
0.000665847
-1.03408e-06
0.000665562
-1.13217e-06
0.000665252
-1.23881e-06
0.000664914
-1.3549e-06
0.000664547
-1.48141e-06
0.000664146
-1.61941e-06
0.00066371
-1.77015e-06
0.000663236
-1.93481e-06
0.000662721
-2.11527e-06
0.000662161
-2.31212e-06
0.000661553
-2.52991e-06
0.000660892
-2.76437e-06
0.000660174
-3.03129e-06
0.000659394
-3.30701e-06
0.00065855
-3.64089e-06
0.000657629
-3.95314e-06
-4.39781e-06
0.000656637
0.000666681
2.76481e-08
0.00066673
8.94275e-08
0.000666805
1.35405e-07
0.000666894
1.5945e-07
0.000666987
1.6823e-07
0.00066708
1.6918e-07
0.00066717
1.66424e-07
0.000667258
1.61845e-07
0.000667343
1.55985e-07
0.000667424
1.49051e-07
0.0006675
1.4127e-07
0.000667572
1.32512e-07
0.000667638
1.22916e-07
0.000667699
1.12533e-07
0.000667754
1.01429e-07
0.000667803
8.9562e-08
0.000667846
7.70591e-08
0.000667881
6.37819e-08
0.00066791
4.98702e-08
0.000667931
3.53075e-08
0.000667945
2.00883e-08
0.000667951
4.1718e-09
0.000667949
-1.268e-08
0.000667939
-3.01388e-08
0.00066792
-4.83888e-08
0.000667892
-6.7503e-08
0.000667855
-8.75588e-08
0.000667808
-1.08645e-07
0.000667751
-1.30861e-07
0.000667683
-1.5432e-07
0.000667603
-1.79151e-07
0.000667512
-2.05496e-07
0.000667408
-2.33512e-07
0.000667291
-2.63375e-07
0.00066716
-2.9528e-07
0.000667014
-3.29439e-07
0.000666851
-3.66089e-07
0.000666671
-4.0549e-07
0.000666472
-4.47927e-07
0.000666253
-4.93716e-07
0.000666013
-5.43202e-07
0.000665749
-5.96769e-07
0.00066546
-6.54839e-07
0.000665144
-7.17878e-07
0.000664798
-7.86399e-07
0.00066442
-8.60975e-07
0.000664008
-9.42235e-07
0.000663557
-1.03088e-06
0.000663066
-1.12769e-06
0.000662529
-1.23356e-06
0.000661943
-1.34936e-06
0.000661305
-1.47645e-06
0.000660608
-1.61528e-06
0.000659847
-1.76922e-06
0.000659018
-1.93497e-06
0.000658111
-2.12479e-06
0.000657124
-2.31953e-06
0.000656043
-2.56002e-06
0.000654868
-2.77813e-06
-3.10435e-06
0.000653574
0.000666681
1.36989e-08
0.000666727
4.26772e-08
0.000666798
6.44229e-08
0.000666881
7.68468e-08
0.000666967
8.23785e-08
0.000667052
8.38475e-08
0.000667135
8.30759e-08
0.000667216
8.10662e-08
0.000667294
7.82766e-08
0.000667368
7.49433e-08
0.000667438
7.11123e-08
0.000667504
6.68224e-08
0.000667565
6.21197e-08
0.00066762
5.70124e-08
0.00066767
5.15395e-08
0.000667714
4.56678e-08
0.000667752
3.94542e-08
0.000667782
3.29223e-08
0.000667806
2.6005e-08
0.000667823
1.87476e-08
0.000667832
1.11567e-08
0.000667833
3.22196e-09
0.000667825
-5.22414e-09
0.000667809
-1.39774e-08
0.000667784
-2.31362e-08
0.000667749
-3.27401e-08
0.000667704
-4.2829e-08
0.000667649
-5.34477e-08
0.000667583
-6.46468e-08
0.000667505
-7.64838e-08
0.000667415
-8.90232e-08
0.000667312
-1.02337e-07
0.000667195
-1.16505e-07
0.000667063
-1.31618e-07
0.000666916
-1.47772e-07
0.000666751
-1.65078e-07
0.000666569
-1.83655e-07
0.000666367
-2.03635e-07
0.000666144
-2.25165e-07
0.000665899
-2.48405e-07
0.000665629
-2.73533e-07
0.000665333
-3.00745e-07
0.000665009
-3.30256e-07
0.000664653
-3.62306e-07
0.000664264
-3.97159e-07
0.000663838
-4.3511e-07
0.000663372
-4.76482e-07
0.000662863
-5.21641e-07
0.000662306
-5.70984e-07
0.000661698
-6.24978e-07
0.000661032
-6.84078e-07
0.000660305
-7.48995e-07
0.00065951
-8.19958e-07
0.000658639
-8.98738e-07
0.000657688
-9.83594e-07
0.000656644
-1.08108e-06
0.000655505
-1.18069e-06
0.00065425
-1.30532e-06
0.000652888
-1.41605e-06
-1.58757e-06
0.000651372
0.00066668
2.8989e-11
0.000666726
-3.03651e-09
0.000666795
-4.51767e-09
0.000666875
-2.83626e-09
0.000666957
-2.23249e-11
0.000667039
2.15464e-09
0.000667119
3.33152e-09
0.000667196
3.83328e-09
0.00066727
4.01662e-09
0.000667341
4.08332e-09
0.000667408
4.11336e-09
0.000667471
4.14557e-09
0.000667528
4.18418e-09
0.000667581
4.22655e-09
0.000667629
4.2805e-09
0.00066767
4.3396e-09
0.000667705
4.40978e-09
0.000667733
4.49528e-09
0.000667755
4.58422e-09
0.000667769
4.68202e-09
0.000667775
4.79511e-09
0.000667773
4.92887e-09
0.000667763
5.06116e-09
0.000667744
5.20541e-09
0.000667715
5.36373e-09
0.000667677
5.537e-09
0.000667629
5.72635e-09
0.000667569
5.93296e-09
0.000667498
6.15813e-09
0.000667416
6.40334e-09
0.00066732
6.67024e-09
0.000667211
6.9607e-09
0.000667087
7.27684e-09
0.000666948
7.62101e-09
0.000666792
7.99591e-09
0.000666618
8.40449e-09
0.000666426
8.85019e-09
0.000666213
9.33678e-09
0.000665978
9.86889e-09
0.000665719
1.04541e-08
0.000665434
1.10889e-08
0.000665122
1.17884e-08
0.000664779
1.25561e-08
0.000664403
1.33999e-08
0.000663992
1.43286e-08
0.000663541
1.53521e-08
0.000663048
1.64813e-08
0.000662509
1.77288e-08
0.000661919
1.91076e-08
0.000661273
2.06353e-08
0.000660567
2.23237e-08
0.000659794
2.42068e-08
0.000658947
2.62687e-08
0.00065802
2.86189e-08
0.000657005
3.11069e-08
0.00065589
3.40493e-08
0.000654673
3.70882e-08
0.000653327
4.0417e-08
0.000651867
4.41235e-08
4.70538e-08
0.000650232
0.00066668
-1.36378e-08
0.000666726
-4.87026e-08
0.000666795
-7.34092e-08
0.000666875
-8.25016e-08
0.000666957
-8.24397e-08
0.000667039
-7.95731e-08
0.000667118
-7.64518e-08
0.000667196
-7.34349e-08
0.00066727
-7.03087e-08
0.000667341
-6.68061e-08
0.000667408
-6.29386e-08
0.000667471
-5.86007e-08
0.000667529
-5.38149e-08
0.000667582
-4.86581e-08
0.000667629
-4.30268e-08
0.00066767
-3.70473e-08
0.000667705
-3.07388e-08
0.000667734
-2.39876e-08
0.000667755
-1.69002e-08
0.00066777
-9.47504e-09
0.000667776
-1.70451e-09
0.000667774
6.64945e-09
0.000667764
1.52628e-08
0.000667745
2.42867e-08
0.000667717
3.3753e-08
0.000667679
4.3696e-08
0.00066763
5.41558e-08
0.000667571
6.51789e-08
0.0006675
7.68182e-08
0.000667418
8.9134e-08
0.000667322
1.02194e-07
0.000667213
1.16073e-07
0.000667089
1.30857e-07
0.00066695
1.46639e-07
0.000666795
1.63521e-07
0.000666622
1.8162e-07
0.000666429
2.01061e-07
0.000666217
2.21984e-07
0.000665982
2.44543e-07
0.000665724
2.68908e-07
0.000665439
2.95267e-07
0.000665127
3.23827e-07
0.000664785
3.54817e-07
0.00066441
3.88492e-07
0.000663999
4.25132e-07
0.000663549
4.6505e-07
0.000663057
5.08592e-07
0.000662519
5.56145e-07
0.00066193
6.08134e-07
0.000661285
6.65058e-07
0.00066058
7.27395e-07
0.000659809
7.95923e-07
0.000658964
8.70839e-07
0.000658039
9.54127e-07
0.000657026
1.04376e-06
0.000655913
1.14688e-06
0.000654698
1.25235e-06
0.000653355
1.38331e-06
0.000651898
1.50128e-06
1.67823e-06
0.000650267
0.000666681
-2.75851e-08
0.000666727
-9.53294e-08
0.000666798
-1.44237e-07
0.000666881
-1.64997e-07
0.000666966
-1.68308e-07
0.000667052
-1.65018e-07
0.000667135
-1.59949e-07
0.000667216
-1.54392e-07
0.000667294
-1.4817e-07
0.000667369
-1.4116e-07
0.000667439
-1.33201e-07
0.000667505
-1.24408e-07
0.000667566
-1.14832e-07
0.000667621
-1.04343e-07
0.000667671
-9.31422e-08
0.000667716
-8.11797e-08
0.000667753
-6.84238e-08
0.000667784
-5.51002e-08
0.000667809
-4.1052e-08
0.000667825
-2.62713e-08
0.000667834
-1.08362e-08
0.000667836
5.46834e-09
0.000667828
2.24416e-08
0.000667813
4.01588e-08
0.000667788
5.86976e-08
0.000667753
7.81282e-08
0.000667709
9.85292e-08
0.000667654
1.1999e-07
0.000667588
1.42615e-07
0.000667511
1.66517e-07
0.000667421
1.91828e-07
0.000667319
2.18694e-07
0.000667202
2.47275e-07
0.000667071
2.77751e-07
0.000666924
3.1032e-07
0.000666761
3.45202e-07
0.000666579
3.82636e-07
0.000666378
4.22889e-07
0.000666156
4.66254e-07
0.000665912
5.13054e-07
0.000665644
5.63643e-07
0.000665349
6.18415e-07
0.000665026
6.77802e-07
0.000664673
7.42282e-07
0.000664285
8.12385e-07
0.000663862
8.88696e-07
0.000663398
9.71866e-07
0.000662892
1.06262e-06
0.000662338
1.16174e-06
0.000661733
1.27018e-06
0.000661072
1.3888e-06
0.000660349
1.51906e-06
0.000659558
1.66133e-06
0.000658693
1.81922e-06
0.000657748
1.98914e-06
0.000656711
2.18387e-06
0.000655579
2.38383e-06
0.000654333
2.62968e-06
0.00065298
2.85452e-06
3.18484e-06
0.000651473
0.000666681
-4.21314e-08
0.00066673
-1.4408e-07
0.000666805
-2.19229e-07
0.000666893
-2.5346e-07
0.000666986
-2.6118e-07
0.000667079
-2.57867e-07
0.00066717
-2.50972e-07
0.000667258
-2.4258e-07
0.000667343
-2.33078e-07
0.000667424
-2.2214e-07
0.000667501
-2.09974e-07
0.000667573
-1.96363e-07
0.00066764
-1.81632e-07
0.000667701
-1.65609e-07
0.000667756
-1.48553e-07
0.000667806
-1.30435e-07
0.000667848
-1.11174e-07
0.000667884
-9.10523e-08
0.000667913
-6.99827e-08
0.000667935
-4.81061e-08
0.000667949
-2.51393e-08
0.000667956
-1.12494e-09
0.000667955
2.39973e-08
0.000667945
5.0027e-08
0.000667926
7.71768e-08
0.000667899
1.05549e-07
0.000667862
1.35257e-07
0.000667816
1.66429e-07
0.000667759
1.99213e-07
0.000667692
2.33774e-07
0.000667613
2.70298e-07
0.000667523
3.08993e-07
0.00066742
3.50089e-07
0.000667304
3.93841e-07
0.000667174
4.4053e-07
0.000667029
4.90465e-07
0.000666867
5.43987e-07
0.000666689
6.0147e-07
0.000666492
6.63326e-07
0.000666275
7.30006e-07
0.000666036
8.02007e-07
0.000665775
8.79878e-07
0.000665488
9.6422e-07
0.000665175
1.0557e-06
0.000664832
1.15504e-06
0.000664458
1.26307e-06
0.000664049
1.38066e-06
0.000663603
1.50881e-06
0.000663116
1.64862e-06
0.000662585
1.80133e-06
0.000662006
1.96817e-06
0.000661374
2.15106e-06
0.000660684
2.35055e-06
0.000659932
2.57136e-06
0.000659112
2.80902e-06
0.000658216
3.07967e-06
0.000657241
3.35954e-06
0.000656173
3.69717e-06
0.000655013
4.01527e-06
4.46189e-06
0.000653735
0.000666682
-5.76297e-08
0.000666734
-1.96209e-07
0.000666816
-3.00773e-07
0.000666914
-3.51249e-07
0.000667018
-3.65075e-07
0.000667122
-3.62416e-07
0.000667225
-3.53582e-07
0.000667324
-3.42032e-07
0.00066742
-3.28573e-07
0.000667511
-3.13255e-07
0.000667597
-2.96217e-07
0.000667678
-2.77325e-07
0.000667753
-2.56852e-07
0.000667822
-2.34763e-07
0.000667885
-2.11501e-07
0.000667942
-1.86682e-07
0.000667991
-1.60952e-07
0.000668034
-1.33959e-07
0.00066807
-1.05752e-07
0.000668098
-7.6584e-08
0.00066812
-4.6324e-08
0.000668134
-1.49883e-08
0.00066814
1.78402e-08
0.000668138
5.16644e-08
0.000668128
8.67761e-08
0.000668111
1.23313e-07
0.000668084
1.6142e-07
0.00066805
2.01261e-07
0.000668006
2.43023e-07
0.000667953
2.86915e-07
0.00066789
3.3317e-07
0.000667817
3.82049e-07
0.000667733
4.33839e-07
0.000667638
4.88857e-07
0.000667531
5.47451e-07
0.000667412
6.10002e-07
0.000667279
6.76931e-07
0.000667131
7.48695e-07
0.000666969
8.25797e-07
0.00066679
9.0879e-07
0.000666594
9.98276e-07
0.000666379
1.09492e-06
0.000666144
1.19945e-06
0.000665887
1.31266e-06
0.000665606
1.43542e-06
0.000665301
1.56872e-06
0.000664968
1.71361e-06
0.000664605
1.87126e-06
0.000664211
2.04295e-06
0.000663782
2.23016e-06
0.000663316
2.43432e-06
0.000662809
2.65762e-06
0.000662259
2.90079e-06
0.000661661
3.16898e-06
0.000661013
3.45774e-06
0.000660309
3.7836e-06
0.000659544
4.12421e-06
0.000658718
4.52361e-06
0.000657816
4.91681e-06
5.43246e-06
0.000656846
0.000666684
-7.4577e-08
0.000666741
-2.53531e-07
0.000666832
-3.92109e-07
0.000666943
-4.62475e-07
0.000667063
-4.84504e-07
0.000667184
-4.83123e-07
0.000667302
-4.7211e-07
0.000667417
-4.56904e-07
0.000667527
-4.386e-07
0.000667632
-4.17926e-07
0.000667731
-3.95071e-07
0.000667823
-3.6978e-07
0.000667909
-3.42756e-07
0.000667988
-3.13848e-07
0.00066806
-2.83474e-07
0.000668125
-2.51899e-07
0.000668183
-2.18756e-07
0.000668234
-1.84708e-07
0.000668277
-1.49215e-07
0.000668314
-1.13075e-07
0.000668343
-7.55911e-08
0.000668365
-3.70441e-08
0.00066838
2.74177e-09
0.000668388
4.37337e-08
0.000668389
8.59842e-08
0.000668382
1.29699e-07
0.000668369
1.75056e-07
0.000668348
2.2225e-07
0.000668319
2.71501e-07
0.000668283
3.23057e-07
0.000668239
3.7719e-07
0.000668187
4.34202e-07
0.000668126
4.94424e-07
0.000668057
5.5822e-07
0.000667979
6.25986e-07
0.00066789
6.98157e-07
0.000667792
7.75206e-07
0.000667683
8.5765e-07
0.000667563
9.46052e-07
0.000667431
1.04103e-06
0.000667286
1.14325e-06
0.000667127
1.25345e-06
0.000666954
1.37243e-06
0.000666766
1.50107e-06
0.000666561
1.64032e-06
0.000666338
1.79125e-06
0.000666097
1.95501e-06
0.000665835
2.13285e-06
0.000665552
2.32616e-06
0.000665246
2.53649e-06
0.000664915
2.76538e-06
0.000664557
3.01507e-06
0.000664172
3.28647e-06
0.000663756
3.58447e-06
0.000663308
3.90561e-06
0.000662828
4.26372e-06
0.000662309
4.64364e-06
0.00066176
5.07228e-06
0.000661157
5.5198e-06
6.05473e-06
0.000660535
0.000666686
-9.3626e-08
0.00066675
-3.18302e-07
0.000666855
-4.97099e-07
0.000666985
-5.92476e-07
0.000667126
-6.25291e-07
0.000667269
-6.25815e-07
0.000667409
-6.12076e-07
0.000667544
-5.91825e-07
0.000667672
-5.67252e-07
0.000667794
-5.39574e-07
0.000667908
-5.09046e-07
0.000668014
-4.76072e-07
0.000668113
-4.40969e-07
0.000668203
-4.04047e-07
0.000668285
-3.65586e-07
0.000668359
-3.26076e-07
0.000668426
-2.85234e-07
0.000668484
-2.43237e-07
0.000668536
-2.00719e-07
0.00066858
-1.57052e-07
0.000668617
-1.12682e-07
0.000668647
-6.75595e-08
0.000668671
-2.14222e-08
0.000668689
2.60928e-08
0.000668701
7.44677e-08
0.000668706
1.2417e-07
0.000668706
1.75403e-07
0.0006687
2.28392e-07
0.000668688
2.83386e-07
0.00066867
3.40662e-07
0.000668647
4.00525e-07
0.000668618
4.63305e-07
0.000668583
5.29367e-07
0.000668542
5.99105e-07
0.000668495
6.72945e-07
0.000668442
7.51352e-07
0.000668382
8.34828e-07
0.000668316
9.2392e-07
0.000668243
1.01922e-06
0.000668162
1.12137e-06
0.000668074
1.23107e-06
0.000667979
1.34908e-06
0.000667875
1.47623e-06
0.000667763
1.61341e-06
0.000667641
1.76162e-06
0.000667511
1.92193e-06
0.00066737
2.09549e-06
0.000667219
2.28359e-06
0.000667058
2.4876e-06
0.000666885
2.70907e-06
0.000666701
2.94954e-06
0.000666505
3.21111e-06
0.000666297
3.49489e-06
0.000666076
3.80495e-06
0.000665842
4.13964e-06
0.000665598
4.50756e-06
0.000665337
4.90541e-06
0.000665076
5.33334e-06
0.000664782
5.81382e-06
6.32485e-06
0.000664511
0.000666689
-1.15801e-07
0.000666765
-3.9402e-07
0.000666889
-6.21629e-07
0.000667045
-7.48484e-07
0.000667215
-7.95128e-07
0.000667387
-7.97833e-07
0.000667555
-7.79894e-07
0.000667715
-7.52156e-07
0.000667867
-7.18797e-07
0.000668009
-6.81556e-07
0.00066814
-6.40835e-07
0.000668262
-5.97539e-07
0.000668373
-5.52198e-07
0.000668474
-5.05395e-07
0.000668566
-4.57198e-07
0.000668648
-4.08371e-07
0.000668722
-3.58647e-07
0.000668787
-3.08619e-07
0.000668845
-2.58129e-07
0.000668895
-2.07386e-07
0.000668939
-1.56319e-07
0.000668976
-1.048e-07
0.000669007
-5.28698e-08
0.000669034
-2.42707e-10
0.000669055
5.31287e-08
0.000669072
1.07467e-07
0.000669084
1.6302e-07
0.000669092
2.20045e-07
0.000669097
2.78824e-07
0.000669098
3.39661e-07
0.000669096
4.02886e-07
0.00066909
4.68854e-07
0.000669081
5.37947e-07
0.00066907
6.10575e-07
0.000669056
6.87178e-07
0.000669039
7.68229e-07
0.000669019
8.54235e-07
0.000668998
9.45743e-07
0.000668973
1.04334e-06
0.000668947
1.14767e-06
0.000668919
1.25942e-06
0.000668889
1.37932e-06
0.000668857
1.50819e-06
0.000668823
1.6469e-06
0.000668788
1.79641e-06
0.000668753
1.95774e-06
0.000668716
2.13201e-06
0.000668679
2.32045e-06
0.000668642
2.52436e-06
0.000668606
2.7452e-06
0.000668571
2.98445e-06
0.000668538
3.24399e-06
0.000668508
3.5251e-06
0.000668483
3.83071e-06
0.000668461
4.16149e-06
0.000668449
4.51949e-06
0.000668439
4.91557e-06
0.000668453
5.31872e-06
0.000668455
5.81205e-06
6.26738e-06
0.000668512
0.000666694
-1.42651e-07
0.000666786
-4.862e-07
0.000666939
-7.74852e-07
0.000667132
-9.41397e-07
0.000667342
-1.00516e-06
0.000667553
-1.00923e-06
0.000667757
-9.83926e-07
0.00066795
-9.44572e-07
0.000668129
-8.97982e-07
0.000668294
-8.46206e-07
0.000668444
-7.91222e-07
0.000668581
-7.34167e-07
0.000668703
-6.75132e-07
0.000668814
-6.15583e-07
0.000668912
-5.55459e-07
0.000668999
-4.95536e-07
0.000669076
-4.35962e-07
0.000669145
-3.76852e-07
0.000669205
-3.18328e-07
0.000669258
-2.60409e-07
0.000669305
-2.02961e-07
0.000669346
-1.45929e-07
0.000669382
-8.91271e-08
0.000669414
-3.2373e-08
0.000669443
2.45376e-08
0.000669468
8.18827e-08
0.000669491
1.39945e-07
0.000669512
1.9902e-07
0.000669532
2.59419e-07
0.00066955
3.21475e-07
0.000669567
3.85537e-07
0.000669584
4.51975e-07
0.000669601
5.2118e-07
0.000669618
5.93562e-07
0.000669636
6.69557e-07
0.000669654
7.49626e-07
0.000669674
8.34258e-07
0.000669696
9.23975e-07
0.00066972
1.01933e-06
0.000669747
1.12093e-06
0.000669777
1.2294e-06
0.000669811
1.34545e-06
0.000669849
1.46979e-06
0.000669893
1.60326e-06
0.000669942
1.7467e-06
0.000669999
1.90106e-06
0.000670064
2.06737e-06
0.000670137
2.24674e-06
0.000670221
2.44036e-06
0.000670317
2.64956e-06
0.000670426
2.87571e-06
0.000670549
3.12044e-06
0.000670689
3.38521e-06
0.000670848
3.67181e-06
0.000671026
3.98324e-06
0.000671231
4.31518e-06
0.000671454
4.69232e-06
0.000671718
5.05443e-06
0.000671987
5.54324e-06
5.92653e-06
0.000672328
0.000666701
-1.76866e-07
0.000666819
-6.04205e-07
0.000667016
-9.71839e-07
0.000667263
-1.18875e-06
0.000667531
-1.2725e-06
0.000667796
-1.27453e-06
0.000668047
-1.23518e-06
0.000668279
-1.17628e-06
0.000668489
-1.10825e-06
0.000668678
-1.03478e-06
0.000668845
-9.58895e-07
0.000668993
-8.81819e-07
0.000669123
-8.04921e-07
0.000669236
-7.2876e-07
0.000669335
-6.54024e-07
0.00066942
-5.81218e-07
0.000669495
-5.10437e-07
0.00066956
-4.41736e-07
0.000669616
-3.75089e-07
0.000669666
-3.10257e-07
0.000669711
-2.47294e-07
0.00066975
-1.85757e-07
0.000669787
-1.25424e-07
0.00066982
-6.60128e-08
0.000669852
-7.27465e-09
0.000669883
5.09615e-08
0.000669913
1.09478e-07
0.000669944
1.68396e-07
0.000669975
2.28067e-07
0.000670008
2.88854e-07
0.000670042
3.51125e-07
0.000670079
4.15258e-07
0.000670119
4.81641e-07
0.000670162
5.50675e-07
0.000670208
6.22774e-07
0.00067026
6.98368e-07
0.000670316
7.77906e-07
0.000670378
8.61859e-07
0.000670447
9.50724e-07
0.000670523
1.04502e-06
0.000670607
1.14532e-06
0.0006707
1.2522e-06
0.000670803
1.3663e-06
0.000670918
1.48832e-06
0.000671046
1.61899e-06
0.000671188
1.75911e-06
0.000671346
1.90956e-06
0.000671521
2.0713e-06
0.000671716
2.24535e-06
0.000671933
2.43288e-06
0.000672174
2.63511e-06
0.000672441
2.85346e-06
0.000672736
3.08951e-06
0.000673064
3.34426e-06
0.000673425
3.62249e-06
0.000673825
3.9153e-06
0.000674259
4.25781e-06
0.000674745
4.56797e-06
0.000675255
5.03403e-06
5.33949e-06
0.000675842
0.000666714
-2.24285e-07
0.000666876
-7.66441e-07
0.000667145
-1.24029e-06
0.000667477
-1.52103e-06
0.000667828
-1.62362e-06
0.000668168
-1.61421e-06
0.000668479
-1.54677e-06
0.000668757
-1.45346e-06
0.000668998
-1.34986e-06
0.000669206
-1.24257e-06
0.000669383
-1.13565e-06
0.000669532
-1.03099e-06
0.000669657
-9.29901e-07
0.000669761
-8.33137e-07
0.000669848
-7.41072e-07
0.000669921
-6.53792e-07
0.000669982
-5.71203e-07
0.000670033
-4.93038e-07
0.000670077
-4.18874e-07
0.000670115
-3.48584e-07
0.000670149
-2.81497e-07
0.000670181
-2.17158e-07
0.000670211
-1.55401e-07
0.00067024
-9.55416e-08
0.00067027
-3.70826e-08
0.000670301
1.95685e-08
0.000670335
7.59914e-08
0.000670371
1.32253e-07
0.00067041
1.88652e-07
0.000670454
2.45557e-07
0.000670502
3.03353e-07
0.000670554
3.62417e-07
0.000670613
4.23127e-07
0.000670678
4.85858e-07
0.000670749
5.50989e-07
0.000670829
6.18902e-07
0.000670917
6.89985e-07
0.000671014
7.64636e-07
0.000671122
8.43265e-07
0.00067124
9.26295e-07
0.000671371
1.01417e-06
0.000671516
1.10735e-06
0.000671676
1.20632e-06
0.000671853
1.31161e-06
0.000672048
1.42378e-06
0.000672264
1.54344e-06
0.000672502
1.67124e-06
0.000672766
1.80793e-06
0.000673057
1.9543e-06
0.000673378
2.11129e-06
0.000673733
2.27987e-06
0.000674126
2.46123e-06
0.000674558
2.65682e-06
0.000675035
2.86753e-06
0.000675559
3.09858e-06
0.000676133
3.34078e-06
0.00067676
3.6312e-06
0.00067744
3.88826e-06
0.000678168
4.30534e-06
4.54385e-06
0.000678964
0.000666738
-2.95156e-07
0.000666986
-1.01469e-06
0.000667384
-1.63883e-06
0.000667859
-1.99537e-06
0.000668339
-2.10352e-06
0.000668779
-2.05474e-06
0.00066916
-1.92816e-06
0.000669479
-1.77198e-06
0.000669739
-1.60969e-06
0.000669947
-1.45105e-06
0.000670112
-1.30006e-06
0.000670239
-1.15866e-06
0.000670337
-1.02769e-06
0.000670411
-9.07017e-07
0.000670466
-7.96295e-07
0.000670507
-6.94812e-07
0.000670538
-6.01646e-07
0.000670561
-5.16042e-07
0.000670579
-4.37028e-07
0.000670594
-3.63841e-07
0.000670608
-2.95781e-07
0.000670623
-2.319e-07
0.000670639
-1.71649e-07
0.000670658
-1.14243e-07
0.00067068
-5.93924e-08
0.000670706
-6.38743e-09
0.000670738
4.4446e-08
0.000670775
9.52002e-08
0.000670818
1.45559e-07
0.000670868
1.9587e-07
0.000670925
2.465e-07
0.000670989
2.97813e-07
0.000671062
3.50164e-07
0.000671144
4.0389e-07
0.000671236
4.59319e-07
0.000671338
5.1677e-07
0.000671451
5.76554e-07
0.000671577
6.38979e-07
0.000671716
7.04347e-07
0.000671869
7.72959e-07
0.000672038
8.45113e-07
0.000672225
9.21108e-07
0.00067243
1.00124e-06
0.000672655
1.08583e-06
0.000672904
1.17518e-06
0.000673178
1.26964e-06
0.00067348
1.36956e-06
0.000673812
1.47535e-06
0.000674179
1.58748e-06
0.000674584
1.70655e-06
0.000675031
1.83308e-06
0.000675524
1.96823e-06
0.000676068
2.11231e-06
0.000676668
2.26727e-06
0.000677331
2.43612e-06
0.000678061
2.61016e-06
0.000678854
2.83903e-06
0.000679753
2.98882e-06
0.000680626
3.43235e-06
3.42321e-06
0.000681747
0.000666822
-4.5013e-07
0.000667254
-1.44705e-06
0.000667886
-2.27115e-06
0.000668586
-2.69465e-06
0.000669242
-2.76003e-06
0.000669799
-2.61182e-06
0.000670241
-2.36986e-06
0.000670574
-2.10481e-06
0.000670814
-1.84979e-06
0.000670979
-1.61654e-06
0.000671087
-1.40772e-06
0.000671151
-1.22277e-06
0.000671183
-1.05979e-06
0.000671193
-9.16445e-07
0.000671187
-7.90276e-07
0.000671171
-6.78999e-07
0.00067115
-5.8046e-07
0.000671126
-4.92773e-07
0.000671104
-4.14328e-07
0.000671083
-3.43658e-07
0.000671067
-2.79533e-07
0.000671056
-2.20771e-07
0.000671051
-1.66585e-07
0.000671053
-1.15971e-07
0.000671062
-6.82073e-08
0.000671078
-2.29133e-08
0.000671103
1.96649e-08
0.000671136
6.16613e-08
0.000671179
1.03012e-07
0.000671231
1.43945e-07
0.000671293
1.84777e-07
0.000671365
2.25826e-07
0.000671447
2.67395e-07
0.000671541
3.09765e-07
0.000671648
3.53199e-07
0.000671766
3.97941e-07
0.000671899
4.44217e-07
0.000672046
4.92234e-07
0.000672208
5.42181e-07
0.000672386
5.94228e-07
0.000672583
6.4852e-07
0.000672799
7.0518e-07
0.000673036
7.64304e-07
0.000673296
8.25954e-07
0.000673581
8.90162e-07
0.000673893
9.56925e-07
0.000674237
1.0262e-06
0.000674614
1.09791e-06
0.00067503
1.17193e-06
0.000675488
1.24818e-06
0.000675995
1.32653e-06
0.000676556
1.40691e-06
0.000677178
1.49072e-06
0.000677871
1.57376e-06
0.000678633
1.67387e-06
0.0006795
1.74366e-06
0.000680446
1.89323e-06
0.000681477
1.95731e-06
0.000682813
2.09621e-06
2.4695e-06
0.000683767
0.000666987
-7.70236e-07
0.00066793
-2.39015e-06
0.000669167
-3.50844e-06
0.000670368
-3.89552e-06
0.000671315
-3.70675e-06
0.000671953
-3.25047e-06
0.000672331
-2.74727e-06
0.000672517
-2.29138e-06
0.000672573
-1.90586e-06
0.000672545
-1.58841e-06
0.000672467
-1.32912e-06
0.000672361
-1.11665e-06
0.000672242
-9.41109e-07
0.00067212
-7.94659e-07
0.000672001
-6.71402e-07
0.000671889
-5.66782e-07
0.000671786
-4.77315e-07
0.000671693
-4.00249e-07
0.000671612
-3.33312e-07
0.000671543
-2.74637e-07
0.000671487
-2.22735e-07
0.000671442
-1.76207e-07
0.00067141
-1.34139e-07
0.000671389
-9.5611e-08
0.000671381
-5.99495e-08
0.000671385
-2.66083e-08
0.0006714
4.65358e-09
0.000671427
3.47574e-08
0.000671465
6.41689e-08
0.000671516
9.30474e-08
0.000671579
1.21641e-07
0.000671655
1.5019e-07
0.000671744
1.78918e-07
0.000671845
2.08025e-07
0.000671961
2.37691e-07
0.000672091
2.68076e-07
0.000672236
2.99314e-07
0.000672396
3.31518e-07
0.000672574
3.64775e-07
0.000672769
3.99139e-07
0.000672983
4.34627e-07
0.000673217
4.71213e-07
0.000673472
5.08812e-07
0.000673751
5.4728e-07
0.000674055
5.86388e-07
0.000674386
6.25825e-07
0.000674747
6.65132e-07
0.000675141
7.0383e-07
0.000675572
7.40824e-07
0.000676044
7.76235e-07
0.000676565
8.05149e-07
0.000677135
8.37118e-07
0.000677787
8.38496e-07
0.000678468
8.9287e-07
0.00067935
7.92144e-07
0.00068012
9.73814e-07
0.000681382
6.3067e-07
0.00068268
6.59845e-07
0.000683508
1.2679e-06
-1.11376e-06
0.000687091
0.000667478
-1.58133e-06
0.000669122
-4.0343e-06
0.000670981
-5.36764e-06
0.000672423
-5.33764e-06
0.000673275
-4.55828e-06
0.000673678
-3.65408e-06
0.000673793
-2.862e-06
0.000673723
-2.22131e-06
0.00067354
-1.7227e-06
0.000673295
-1.34393e-06
0.000673024
-1.05799e-06
0.000672748
-8.40408e-07
0.00067248
-6.72967e-07
0.000672228
-5.42825e-07
0.000671997
-4.40627e-07
0.00067179
-3.59424e-07
0.000671607
-2.94076e-07
0.000671447
-2.40777e-07
0.000671311
-1.9669e-07
0.000671196
-1.59687e-07
0.000671101
-1.2816e-07
0.000671026
-1.00876e-07
0.000670968
-7.68958e-08
0.000670928
-5.54748e-08
0.000670904
-3.60342e-08
0.000670896
-1.81304e-08
0.000670902
-1.26292e-09
0.000670923
1.387e-08
0.000670958
2.8976e-08
0.000671007
4.37192e-08
0.000671071
5.82216e-08
0.000671148
7.26109e-08
0.00067124
8.70054e-08
0.000671347
1.0151e-07
0.000671468
1.16215e-07
0.000671605
1.31194e-07
0.000671758
1.46507e-07
0.000671927
1.62191e-07
0.000672114
1.78262e-07
0.000672318
1.9471e-07
0.000672541
2.11484e-07
0.000672784
2.28487e-07
0.000673047
2.45557e-07
0.000673332
2.6245e-07
0.00067364
2.78808e-07
0.000673971
2.9416e-07
0.000674329
3.07777e-07
0.000674714
3.19018e-07
0.000675128
3.25892e-07
0.000675575
3.29274e-07
0.000676061
3.19624e-07
0.000676585
3.13471e-07
0.000677162
2.61509e-07
0.000677813
2.4138e-07
0.000678439
1.66067e-07
0.000679559
-1.46149e-07
0.000679847
3.42437e-07
0.000681803
-1.29623e-06
0.000684071
-9.99392e-07
1.11375e-06
0.000681843
0.000665085
0.000661051
0.000655683
0.000650346
0.000645787
0.000642133
0.000639271
0.00063705
0.000635327
0.000633983
0.000632925
0.000632085
0.000631412
0.000630869
0.000630429
0.000630069
0.000629775
0.000629534
0.000629338
0.000629178
0.00062905
0.000628949
0.000628872
0.000628817
0.000628781
0.000628762
0.000628761
0.000628775
0.000628804
0.000628848
0.000628906
0.000628979
0.000629066
0.000629167
0.000629283
0.000629414
0.000629561
0.000629723
0.000629901
0.000630096
0.000630308
0.000630536
0.000630782
0.000631044
0.000631323
0.000631617
0.000631925
0.000632244
0.00063257
0.000632899
0.000633219
0.000633532
0.000633794
0.000634035
0.000634201
0.000634055
0.000634397
0.000633101
0.000632102
0.000633216
0.000677935
-0.000255973
0.000688858
-0.000270602
0.000689811
-0.000279003
0.000675151
-0.000277914
0.000652386
-0.000275547
0.000626264
-0.000273485
0.000599531
-0.000272585
0.000573938
-0.000273064
0.000549354
-0.000274428
0.000525576
-0.000276302
0.000502285
-0.000278446
0.000479221
-0.000280751
0.000456229
-0.000283202
0.000433228
-0.000285828
-0.000288678
0.00067115
-0.000245234
0.000648914
-0.000248366
0.000618448
-0.000248536
0.000585889
-0.000245356
0.000555384
-0.000245042
0.000529492
-0.000247592
0.000508008
-0.000251101
0.000489396
-0.000254452
0.000472322
-0.000257354
0.000455851
-0.000259832
0.000439466
-0.000262061
0.000422939
-0.000264225
0.000406193
-0.000266456
0.000389208
-0.000268843
0.000371975
-0.000271445
0.000354462
-0.000274308
0.000336628
-0.000277482
0.000318416
-0.000281028
0.000299744
-0.000285024
0.000280517
-0.000289567
0.000260603
-0.000294792
0.000239841
-0.000300872
0.000217996
-0.000308064
0.000194783
-0.000316685
0.000169819
-0.000327294
0.000142387
-0.000340191
0.000114127
-0.000357511
7.82565e-05
-0.000379515
4.38415e-05
-0.000410575
-0.000406132
0.000668179
-0.000226315
0.000646917
-0.000227104
0.00062793
-0.000229549
0.000614905
-0.000232331
0.00060471
-0.000234846
0.000593832
-0.000236714
0.000580569
-0.000237838
0.000564667
-0.00023855
0.000546545
-0.000239232
0.000526824
-0.00024011
0.00050604
-0.000241277
0.000484565
-0.000242749
0.000462622
-0.000244513
0.000440329
-0.00024655
0.000417737
-0.000248853
0.000394864
-0.000251435
0.000371704
-0.000254322
0.00034824
-0.000257564
0.000324443
-0.000261226
0.000300273
-0.000265398
0.000275677
-0.000270196
0.000250586
-0.00027578
0.000224889
-0.000282368
0.000198454
-0.000290249
0.000170998
-0.000299839
0.000142482
-0.000311675
0.000112306
-0.000327335
7.82891e-05
-0.000345499
4.31105e-05
-0.000375397
-0.000363022
0.000665524
-0.000208035
0.000648174
-0.000209754
0.000629629
-0.000211004
0.000608803
-0.000211505
0.000586117
-0.000212161
0.000562581
-0.000213178
0.000539148
-0.000214405
0.000516434
-0.000215836
0.000494647
-0.000217445
0.000473727
-0.00021919
0.000453484
-0.000221034
0.000433695
-0.000222961
0.000414161
-0.000224979
0.000394722
-0.000227111
0.00037526
-0.000229391
0.000355686
-0.00023186
0.00033593
-0.000234566
0.000315932
-0.000237566
0.000295632
-0.000240926
0.000274961
-0.000244727
0.000253835
-0.00024907
0.000232146
-0.00025409
0.00020974
-0.000259962
0.000186412
-0.000266921
0.000161879
-0.000275306
0.000135759
-0.000285554
0.000107102
-0.000298678
7.54189e-05
-0.000313816
4.0277e-05
-0.000340255
-0.000322745
0.000663626
-0.000189857
0.000644511
-0.000190639
0.000625107
-0.0001916
0.00060628
-0.000192677
0.000588056
-0.000193937
0.000570126
-0.000195247
0.000552255
-0.000196534
0.000534211
-0.000197792
0.000515821
-0.000199055
0.000496995
-0.000200364
0.000477716
-0.000201755
0.000458008
-0.000203253
0.000437909
-0.00020488
0.000417453
-0.000206655
0.000396662
-0.000208601
0.000375546
-0.000210745
0.0003541
-0.00021312
0.000332305
-0.000215771
0.000310128
-0.000218749
0.000287522
-0.000222121
0.000264418
-0.000225967
0.000240724
-0.000230396
0.000216312
-0.00023555
0.000191012
-0.000241621
0.000164582
-0.000248876
0.000136701
-0.000257673
0.000106709
-0.000268686
7.45493e-05
-0.000281656
3.88682e-05
-0.000304574
-0.000283877
0.00066042
-0.000171356
0.000641763
-0.000171982
0.000622961
-0.000172797
0.000603944
-0.00017366
0.000584603
-0.000174597
0.000564904
-0.000175548
0.000544924
-0.000176554
0.00052477
-0.000177638
0.000504525
-0.00017881
0.000484238
-0.000180076
0.000463921
-0.000181438
0.000443564
-0.000182896
0.000423141
-0.000184457
0.00040262
-0.000186135
0.000381963
-0.000187944
0.000361129
-0.000189911
0.000340081
-0.000192072
0.000318773
-0.000194463
0.000297155
-0.000197131
0.000275164
-0.00020013
0.000252727
-0.00020353
0.000229751
-0.00020742
0.00020612
-0.000211919
0.000181677
-0.000217178
0.000156217
-0.000223416
0.000129438
-0.000230894
0.000100911
-0.000240159
7.0411e-05
-0.000251156
3.60355e-05
-0.000270198
-0.000247841
0.000656976
-0.000152574
0.000638289
-0.000153294
0.000619324
-0.000153832
0.000600166
-0.000154503
0.000580912
-0.000155343
0.00056159
-0.000156226
0.000542189
-0.000157153
0.000522695
-0.000158144
0.000503081
-0.000159196
0.000483317
-0.000160312
0.000463381
-0.000161502
0.000443261
-0.000162776
0.00042295
-0.000164146
0.000402439
-0.000165624
0.00038172
-0.000167224
0.000360776
-0.000168967
0.000339583
-0.000170878
0.000318102
-0.000172982
0.000296288
-0.000175317
0.000274087
-0.000177929
0.000251432
-0.000180875
0.000228239
-0.000184227
0.0002044
-0.00018808
0.000179773
-0.000192551
0.000154167
-0.00019781
0.000127325
-0.000204053
9.88857e-05
-0.000211719
6.85249e-05
-0.000220795
3.44675e-05
-0.000236141
-0.000213374
0.000653229
-0.000133634
0.000634334
-0.000134399
0.000615383
-0.000134881
0.000596257
-0.000135377
0.00057698
-0.000136067
0.000557572
-0.000136818
0.000538025
-0.000137605
0.000518339
-0.000138458
0.000498515
-0.000139372
0.00047855
-0.000140347
0.000458438
-0.000141389
0.000438168
-0.000142506
0.000417729
-0.000143707
0.000397106
-0.000145002
0.000376284
-0.000146402
0.000355242
-0.000147925
0.000333952
-0.000149588
0.000312384
-0.000151415
0.0002905
-0.000153433
0.000268251
-0.00015568
0.000245577
-0.0001582
0.000222398
-0.000161049
0.00019862
-0.000164301
0.000174116
-0.000168047
0.000148724
-0.000172418
0.000122235
-0.000177564
9.4356e-05
-0.00018384
6.47851e-05
-0.000191224
3.20324e-05
-0.000203388
-0.000181341
0.000649316
-0.000114652
0.000630255
-0.000115337
0.000611161
-0.000115787
0.000592003
-0.000116219
0.000572715
-0.000116779
0.000553291
-0.000117393
0.000533734
-0.000118048
0.000514039
-0.000118762
0.000494206
-0.00011954
0.000474231
-0.000120373
0.000454105
-0.000121264
0.000433818
-0.000122219
0.000413357
-0.000123245
0.000392706
-0.000124351
0.00037185
-0.000125547
0.000350769
-0.000126844
0.000329439
-0.000128258
0.000307832
-0.000129807
0.000285912
-0.000131513
0.000263637
-0.000133405
0.000240954
-0.000135516
0.000217795
-0.000137891
0.000194076
-0.000140582
0.00016969
-0.00014366
0.000144496
-0.000147225
0.000118318
-0.000151386
9.08966e-05
-0.000156418
6.19496e-05
-0.000162277
3.02219e-05
-0.00017166
-0.000151119
0.000645262
-9.56475e-05
0.00062612
-9.61947e-05
0.000606934
-9.6602e-05
0.000587685
-9.69704e-05
0.000568339
-9.74321e-05
0.00054889
-9.79445e-05
0.000529313
-9.84712e-05
0.000509592
-9.90419e-05
0.000489723
-9.96708e-05
0.000469705
-0.000100354
0.000449531
-0.00010109
0.000429193
-0.000101882
0.000408682
-0.000102734
0.000387984
-0.000103653
0.000367084
-0.000104646
0.000345962
-0.000105721
0.000324594
-0.000106891
0.000302955
-0.000108168
0.000281011
-0.000109569
0.000258724
-0.000111118
0.000236046
-0.000112838
0.000212919
-0.000114764
0.000189271
-0.000116935
0.000165012
-0.000119401
0.000140024
-0.000122237
0.000114158
-0.000125521
8.7193e-05
-0.000129453
5.88981e-05
-0.000133982
2.83003e-05
-0.000141063
-0.000122819
0.000641251
-7.66034e-05
0.000622062
-7.70058e-05
0.00060281
-7.73499e-05
0.000583497
-7.76579e-05
0.000564088
-7.80224e-05
0.000544574
-7.84305e-05
0.000524958
-7.88557e-05
0.000505221
-7.93046e-05
0.000485337
-7.97874e-05
0.000465301
-8.03177e-05
0.000445106
-8.08947e-05
0.000424745
-8.15201e-05
0.000404207
-8.21969e-05
0.000383482
-8.29283e-05
0.000362555
-8.37189e-05
0.000341408
-8.45746e-05
0.000320021
-8.55035e-05
0.000298369
-8.65154e-05
0.000276422
-8.76229e-05
0.000254146
-8.88415e-05
0.000231498
-9.01905e-05
0.000208428
-9.16935e-05
0.000184874
-9.33805e-05
0.00016076
-9.52872e-05
0.000135988
-9.74652e-05
0.000110435
-9.99679e-05
8.39155e-05
-0.000102933
5.62393e-05
-0.000106306
2.6608e-05
-0.000111431
-9.6211e-05
0.000637536
-5.75028e-05
0.000618316
-5.77856e-05
0.000599015
-5.80489e-05
0.000579646
-5.82895e-05
0.000560186
-5.85619e-05
0.000540622
-5.88664e-05
0.000520953
-5.9187e-05
0.000501173
-5.95244e-05
0.000481269
-5.98839e-05
0.00046122
-6.02685e-05
0.000441014
-6.06891e-05
0.000420644
-6.11492e-05
0.000400097
-6.16502e-05
0.000379362
-6.21939e-05
0.000358426
-6.27829e-05
0.000337273
-6.34209e-05
0.000315882
-6.4113e-05
0.000294233
-6.48659e-05
0.000272298
-6.56881e-05
0.000250047
-6.65902e-05
0.000227442
-6.75857e-05
0.000204439
-6.86909e-05
0.000180985
-6.99266e-05
0.000157016
-7.13176e-05
0.000132449
-7.28985e-05
0.000107183
-7.4702e-05
8.10665e-05
-7.68164e-05
5.39528e-05
-7.91923e-05
2.52262e-05
-8.27047e-05
-7.09848e-05
0.000634422
-3.83505e-05
0.000615167
-3.85308e-05
0.000595829
-3.87107e-05
0.000576414
-3.88743e-05
0.000556909
-3.90567e-05
0.000537302
-3.92601e-05
0.000517591
-3.94755e-05
0.000497768
-3.97019e-05
0.000477827
-3.99422e-05
0.000457756
-4.01977e-05
0.000437538
-4.04712e-05
0.000417161
-4.07719e-05
0.000396612
-4.11017e-05
0.00037588
-4.14611e-05
0.000354948
-4.18514e-05
0.000333802
-4.22747e-05
0.000312423
-4.2734e-05
0.00029079
-4.32333e-05
0.00026888
-4.37779e-05
0.000246664
-4.43745e-05
0.00022411
-4.50315e-05
0.000201179
-4.57593e-05
0.000177823
-4.6571e-05
0.000153987
-4.74819e-05
0.000129602
-4.85128e-05
0.000104582
-4.96819e-05
7.8807e-05
-5.10418e-05
5.21683e-05
-5.25536e-05
2.42035e-05
-5.47399e-05
-4.67813e-05
0.000632181
-1.91602e-05
0.000612899
-1.92482e-05
0.00059353
-1.93416e-05
0.000574082
-1.94266e-05
0.000554544
-1.9519e-05
0.000534907
-1.96225e-05
0.000515163
-1.97322e-05
0.000495309
-1.98474e-05
0.000475336
-1.99693e-05
0.000455237
-2.00988e-05
0.000435002
-2.0236e-05
0.000414615
-2.03854e-05
0.000394064
-2.05503e-05
0.000373333
-2.07305e-05
0.000352408
-2.09265e-05
0.000331272
-2.11391e-05
0.000309908
-2.13698e-05
0.000288296
-2.16207e-05
0.000266412
-2.18942e-05
0.000244231
-2.21938e-05
0.000221723
-2.25236e-05
0.000198853
-2.28887e-05
0.000175577
-2.32951e-05
0.000151845
-2.37505e-05
0.000127597
-2.42647e-05
0.000102761
-2.4846e-05
7.72372e-05
-2.55176e-05
5.09417e-05
-2.62581e-05
2.35099e-05
-2.73082e-05
-2.32714e-05
0.000631023
4.92642e-08
0.000611726
4.82422e-08
0.000592341
4.36089e-08
0.000572876
3.84097e-08
0.000553322
3.44622e-08
0.000533669
3.11197e-08
0.000513909
2.76451e-08
0.000494038
2.40348e-08
0.000474048
2.03773e-08
0.000453932
1.66301e-08
0.000433684
1.26707e-08
0.00041329
8.39253e-09
0.000392736
4.03812e-09
0.000372005
-1.28541e-10
0.000351084
-4.79095e-09
0.000329954
-9.53202e-09
0.000308599
-1.45862e-08
0.000286998
-2.01255e-08
0.00026513
-2.63461e-08
0.00024297
-3.34609e-08
0.000220488
-4.16941e-08
0.000197651
-5.13084e-08
0.000174418
-6.25527e-08
0.000150743
-7.56255e-08
0.000126569
-9.07145e-08
0.000101831
-1.07605e-07
7.64379e-05
-1.24502e-07
5.03204e-05
-1.40608e-07
2.31599e-05
-1.47645e-07
-1.11484e-07
0.000631059
1.92566e-05
0.000611766
1.93418e-05
0.000592384
1.94255e-05
0.000572922
1.95006e-05
0.000553371
1.95855e-05
0.000533719
1.96826e-05
0.000513961
1.97856e-05
0.000494092
1.98938e-05
0.000474103
2.00088e-05
0.000453989
2.01313e-05
0.00043374
2.02611e-05
0.000413347
2.04016e-05
0.000392793
2.05579e-05
0.000372063
2.07297e-05
0.000351141
2.09171e-05
0.000330011
2.11209e-05
0.000308654
2.13422e-05
0.000287051
2.15827e-05
0.00026518
2.18446e-05
0.000243016
2.21306e-05
0.00022053
2.24445e-05
0.000197688
2.27906e-05
0.000174451
2.31748e-05
0.000150771
2.36038e-05
0.000126593
2.40878e-05
0.00010185
2.46352e-05
7.64524e-05
2.52732e-05
5.03295e-05
2.59822e-05
2.31636e-05
2.70183e-05
2.30521e-05
0.000632289
3.84409e-05
0.000613015
3.8616e-05
0.000593655
3.8785e-05
0.000574216
3.89396e-05
0.000554685
3.91161e-05
0.000535054
3.93138e-05
0.000515317
3.95232e-05
0.000495467
3.97436e-05
0.000475497
3.99783e-05
0.0004554
4.02282e-05
0.000435167
4.04942e-05
0.000414783
4.07858e-05
0.000394233
4.11079e-05
0.000373503
4.14601e-05
0.000352576
4.18434e-05
0.000331438
4.22595e-05
0.000310069
4.27112e-05
0.000288449
4.3202e-05
0.000266557
4.37368e-05
0.000244366
4.43218e-05
0.000221846
4.49646e-05
0.000198962
4.56748e-05
0.000175672
4.64646e-05
0.000151927
4.73487e-05
0.000127666
4.83486e-05
0.000102818
4.94837e-05
7.72802e-05
5.08108e-05
5.09691e-05
5.22932e-05
2.35207e-05
5.44668e-05
4.65728e-05
0.000634593
5.75836e-05
0.000615351
5.78574e-05
0.000596029
5.81073e-05
0.000576628
5.83403e-05
0.000557135
5.86091e-05
0.00053754
5.89093e-05
0.000517838
5.92253e-05
0.000498023
5.95587e-05
0.000478087
5.99145e-05
0.00045802
6.02945e-05
0.000437809
6.07057e-05
0.000417436
6.11586e-05
0.00039689
6.16539e-05
0.000376157
6.21928e-05
0.000355223
6.27775e-05
0.000334071
6.34112e-05
0.000312684
6.40986e-05
0.00029104
6.4846e-05
0.000269116
6.56612e-05
0.000246883
6.65545e-05
0.000224309
6.75383e-05
0.000201356
6.86279e-05
0.000177978
6.9843e-05
0.000154119
7.12072e-05
0.000129712
7.27557e-05
0.000104672
7.45236e-05
7.88769e-05
7.66061e-05
5.22138e-05
7.89563e-05
2.42214e-05
8.24592e-05
7.07942e-05
0.000637758
7.6671e-05
0.000618558
7.70582e-05
0.000599279
7.73855e-05
0.000579932
7.7688e-05
0.000560489
7.80516e-05
0.00054094
7.84582e-05
0.000521284
7.88817e-05
0.000501513
7.93293e-05
0.000481618
7.981e-05
0.00046158
8.03321e-05
0.000441382
8.09042e-05
0.000421014
8.15264e-05
0.000400466
8.22012e-05
0.000379728
8.29313e-05
0.000358785
8.37206e-05
0.000337621
8.45747e-05
0.000316219
8.55011e-05
0.000294555
8.65096e-05
0.000272604
8.76126e-05
0.000250333
8.88252e-05
0.000227706
9.01658e-05
0.000204677
9.16569e-05
0.000181194
9.33255e-05
0.000157195
9.52061e-05
0.0001326
9.73514e-05
0.000107306
9.98176e-05
8.11615e-05
0.00010275
5.40165e-05
0.000106101
2.52546e-05
0.000111221
9.60488e-05
0.000641509
9.5697e-05
0.000622347
9.62202e-05
0.000603124
9.66084e-05
0.000583838
9.6974e-05
0.000564448
9.74412e-05
0.000544946
9.79605e-05
0.000525332
9.84955e-05
0.000505599
9.9062e-05
0.000485723
9.96866e-05
0.000465687
0.000100368
0.000445488
0.000101103
0.00042512
0.000101895
0.000404572
0.000102749
0.000383835
0.000103668
0.000362896
0.00010466
0.000341736
0.000105734
0.000320336
0.000106901
0.000298672
0.000108174
0.000276713
0.000109571
0.000254424
0.000111114
0.000231763
0.000112827
0.000208679
0.000114742
0.000185106
0.000116898
0.000160967
0.000119346
0.000136166
0.000122152
0.000110583
0.000125401
8.40317e-05
0.000129301
5.6321e-05
0.000133812
2.66651e-05
0.000140877
0.000122714
0.000645532
0.000114676
0.00062642
0.000115332
0.000607262
0.000115767
0.000588028
0.000116208
0.000568676
0.000116793
0.000549217
0.00011742
0.000529645
0.000118067
0.000509928
0.00011878
0.000490056
0.000119558
0.00047003
0.000120394
0.000449845
0.000121288
0.000429495
0.000122245
0.000408971
0.000123273
0.00038826
0.000124378
0.000367349
0.000125572
0.000346216
0.000126867
0.000324841
0.000128277
0.000303194
0.000129821
0.000281244
0.000131522
0.00025895
0.000133407
0.000236266
0.000135511
0.000213132
0.000137875
0.000189477
0.000140553
0.00016521
0.000143613
0.000140205
0.000147157
0.000114316
0.00015129
8.73221e-05
0.000156295
5.89878e-05
0.000162146
2.83449e-05
0.00017152
0.000151059
0.000649557
0.000133632
0.00063051
0.000134379
0.000611418
0.000134859
0.000592238
0.000135387
0.000572953
0.000136079
0.000553538
0.000136835
0.000533982
0.000137623
0.000514283
0.000138478
0.000494443
0.000139399
0.000474458
0.000140379
0.000454322
0.000141424
0.000434024
0.000142543
0.000413553
0.000143744
0.000392895
0.000145036
0.000372034
0.000146434
0.000350949
0.000147951
0.000329618
0.000149608
0.00030801
0.000151429
0.000286089
0.000153442
0.000263813
0.000155683
0.000241128
0.000158196
0.000217968
0.000161035
0.000194248
0.000164273
0.000169859
0.000168002
0.000144661
0.000172355
0.000118472
0.00017748
9.1027e-05
0.000183739
6.20402e-05
0.000191133
3.02621e-05
0.000203298
0.000181321
0.000653401
0.000152558
0.000634462
0.000153318
0.000615506
0.000153815
0.000596401
0.000154492
0.000577129
0.000155351
0.000557725
0.000156239
0.000538178
0.000157169
0.00051849
0.000158167
0.000498663
0.000159226
0.000478695
0.000160347
0.000458578
0.000161541
0.000438304
0.000162817
0.000417861
0.000164186
0.000397237
0.00016566
0.000376415
0.000167255
0.000355374
0.000168992
0.000334087
0.000170896
0.000312521
0.000172994
0.000290639
0.000175324
0.000268393
0.00017793
0.00024572
0.000180869
0.000222544
0.000184211
0.000198768
0.000188049
0.000174267
0.000192503
0.000148878
0.000197744
0.000122386
0.000203972
9.4484e-05
0.000211641
6.4874e-05
0.000220743
3.20718e-05
0.0002361
0.000213393
0.000656999
0.000171401
0.000638344
0.000171974
0.000619409
0.00017275
0.000600253
0.000173648
0.000580995
0.000174609
0.000561671
0.000175564
0.000542266
0.000176573
0.000522769
0.000177665
0.000503151
0.000178843
0.000483383
0.000180115
0.000463445
0.000181479
0.000443327
0.000182935
0.000423021
0.000184493
0.000402519
0.000186162
0.000381811
0.000187964
0.000360877
0.000189926
0.000339691
0.000192082
0.000318215
0.00019447
0.000296404
0.000197134
0.000274206
0.000200128
0.000251554
0.000203521
0.000228365
0.0002074
0.000204531
0.000211884
0.000179908
0.000217125
0.000154307
0.000223345
0.000127463
0.000230816
9.8998e-05
0.000240106
6.86039e-05
0.000251137
3.45039e-05
0.0002702
0.000247897
0.0006604
0.000189965
0.000641791
0.000190583
0.000622983
0.000191557
0.000603955
0.000192676
0.000584614
0.00019395
0.000564922
0.000195256
0.000544951
0.000196544
0.000524807
0.000197809
0.000504573
0.000199077
0.000484297
0.000200391
0.000463991
0.000201785
0.000443641
0.000203285
0.000423223
0.000204911
0.000402705
0.00020668
0.000382051
0.000208618
0.000361221
0.000210756
0.000340177
0.000213127
0.000318874
0.000215773
0.000297261
0.000218747
0.000275276
0.000222113
0.000252846
0.000225951
0.000229877
0.000230369
0.000206253
0.000235508
0.000181817
0.000241561
0.000156363
0.000248799
0.000129571
0.000257607
0.00010101
0.000268668
7.04803e-05
0.000281667
3.60683e-05
0.000304612
0.000283965
0.000663649
0.000208063
0.000644537
0.000209695
0.000625127
0.000210967
0.000606293
0.000211511
0.000588055
0.000212188
0.00057011
0.0002132
0.000552229
0.000214425
0.000534182
0.000215855
0.000515797
0.000217462
0.000496983
0.000219205
0.000477721
0.000221047
0.000458033
0.000222973
0.000437953
0.000224991
0.000417512
0.000227121
0.000396732
0.000229398
0.000375624
0.000231864
0.000354185
0.000234566
0.000332397
0.000237561
0.000310227
0.000240917
0.000287629
0.000244711
0.000264533
0.000249047
0.000240845
0.000254057
0.000216441
0.000259913
0.000191146
0.000266856
0.000164718
0.000275228
0.000136814
0.000285511
0.000106789
0.000298693
7.46052e-05
0.000313851
3.88955e-05
0.000340322
0.00032286
0.000665517
0.000226313
0.000648138
0.000227073
0.000629564
0.000229542
0.000608742
0.000232332
0.000586091
0.00023484
0.000562584
0.000236707
0.000539172
0.000237837
0.000516473
0.000238554
0.000494696
0.00023924
0.000473781
0.00024012
0.000453541
0.000241287
0.000433756
0.000242759
0.000414225
0.000244521
0.000394791
0.000246555
0.000375335
0.000248854
0.000355767
0.000251431
0.000336019
0.000254314
0.000316029
0.000257551
0.000295739
0.000261207
0.000275077
0.000265373
0.00025396
0.000270164
0.000232278
0.000275739
0.000209878
0.000282313
0.000186548
0.000290186
0.000161993
0.000299783
0.000135846
0.000311657
0.00010717
0.000327369
7.54613e-05
0.00034556
4.02983e-05
0.000375485
0.000363159
0.000668198
0.000245206
0.00064694
0.000248331
0.00062794
0.000248543
0.000614904
0.000245368
0.00060469
0.000245053
0.000593798
0.000247599
0.000580534
0.000251102
0.000564638
0.00025445
0.000546527
0.000257351
0.000526817
0.00025983
0.000506044
0.000262059
0.00048458
0.000264223
0.000462649
0.000266452
0.000440368
0.000268836
0.000417788
0.000271434
0.000394928
0.000274291
0.000371782
0.00027746
0.000348332
0.000281
0.000324548
0.000284991
0.000300391
0.00028953
0.000275804
0.00029475
0.000250719
0.000300824
0.000225023
0.000308009
0.000198577
0.000316631
0.000171091
0.000327269
0.000142549
0.000340199
0.000112363
0.000357555
7.83176e-05
0.000379605
4.31253e-05
0.000410677
0.000406284
0.000671082
0.000255967
0.000648826
0.000270587
0.000618376
0.000278993
0.00058585
0.000277894
0.000555372
0.000275531
0.000529492
0.000273479
0.000508012
0.000272582
0.000489402
0.00027306
0.000472331
0.000274422
0.000455866
0.000276295
0.000439488
0.000278437
0.000422971
0.00028074
0.000406235
0.000283189
0.000389259
0.000285812
0.000372035
0.000288658
0.000354531
0.000291795
0.000336706
0.000295285
0.000318503
0.000299203
0.000299841
0.000303654
0.000280623
0.000308748
0.000260717
0.000314656
0.000239956
0.000321586
0.000218095
0.00032987
0.000194854
0.000339873
0.000169872
0.000352251
0.000142422
0.000367649
0.000114151
0.000385825
7.82727e-05
0.000415484
4.38498e-05
0.0004451
0.000450134
0.00067795
0.000211232
0.000688881
0.000259657
0.000689829
0.000278045
0.000675164
0.000292559
0.000652406
0.000298289
0.000626298
0.000299587
0.000599579
0.0002993
0.000574001
0.000298638
0.000549433
0.000298991
0.000525671
0.000300057
0.000502397
0.000301711
0.000479351
0.000303786
0.000456376
0.000306163
0.000433392
0.000308796
0.000410357
0.000311693
0.000387273
0.00031488
0.000364143
0.000318415
0.00034095
0.000322396
0.00031769
0.000326913
0.00029433
0.000332108
0.000270837
0.00033815
0.000247132
0.000345291
0.000223131
0.000353871
0.000198532
0.000364472
0.000173349
0.000377434
0.000144811
0.000396188
0.000119011
0.000411625
8.08144e-05
0.00045368
4.69459e-05
0.000478969
0.00049708
-2.32752e-06
-5.57793e-06
-8.31576e-06
-1.01681e-05
-1.20411e-05
-1.28996e-05
-1.40938e-05
-1.51842e-05
-1.6329e-05
-1.75317e-05
-1.88117e-05
-2.01553e-05
-2.15676e-05
-2.30334e-05
-2.45528e-05
-2.61178e-05
-2.77033e-05
-2.92841e-05
-3.07677e-05
-3.19979e-05
-3.26827e-05
-3.25013e-05
-3.06971e-05
-2.68782e-05
-2.21372e-05
-1.54753e-05
-1.51023e-05
-1.7827e-05
-2.67806e-05
)
;

boundaryField
{
    inlet
    {
        type            calculated;
        value           nonuniform List<scalar> 
30
(
-0.000666667
-0.000666667
-0.000666667
-0.000666667
-0.000666667
-0.000666667
-0.000666667
-0.000666667
-0.000666667
-0.000666667
-0.000666667
-0.000666667
-0.000666667
-0.000666667
-0.000666667
-0.000666667
-0.000666667
-0.000666667
-0.000666667
-0.000666667
-0.000666667
-0.000666667
-0.000666667
-0.000666667
-0.000666667
-0.000666667
-0.000666667
-0.000666667
-0.000666667
-0.000666667
)
;
    }
    outlet
    {
        type            calculated;
        value           nonuniform List<scalar> 0();
    }
    wall
    {
        type            calculated;
        value           uniform 0;
    }
    obstacle
    {
        type            calculated;
        value           uniform 0;
    }
    frontAndBack
    {
        type            empty;
        value           nonuniform List<scalar> 0();
    }
    procBoundary0to1
    {
        type            processor;
        value           nonuniform List<scalar> 
61
(
0.000211243
0.000259679
0.000278049
0.000292575
0.000298311
0.000299607
0.000299318
0.000298657
0.000299012
0.00030008
0.000301737
0.000303815
0.000306195
0.000308829
0.000311727
0.000410179
0.000291821
0.000295316
0.00029924
0.000303696
0.000308794
0.000314705
0.000321634
0.000329909
0.000339898
0.000352258
0.000367623
0.00038577
0.000415386
0.00044499
0.000449974
0.000499407
0.000482219
0.000456418
0.000413477
0.000398061
0.000378292
0.000365666
0.000354961
0.000346436
0.000339352
0.000333388
0.000328257
0.000323809
0.000319881
0.000316399
0.000313258
0.000310382
0.000307744
0.00030527
0.000302941
0.000300742
0.000298809
0.000296834
0.000295481
0.000294846
0.000291627
0.000292186
0.00028077
0.00026861
0.000184451
)
;
    }
}


// ************************************************************************* //
