/*--------------------------------*- C++ -*----------------------------------*\
| =========                 |                                                 |
| \\      /  F ield         | OpenFOAM: The Open Source CFD Toolbox           |
|  \\    /   O peration     | Version:  2312                                  |
|   \\  /    A nd           | Website:  www.openfoam.com                      |
|    \\/     M anipulation  |                                                 |
\*---------------------------------------------------------------------------*/
FoamFile
{
    version     2.0;
    format      ascii;
    arch        "LSB;label=32;scalar=64";
    class       volVectorField;
    location    "68000";
    object      U;
}
// * * * * * * * * * * * * * * * * * * * * * * * * * * * * * * * * * * * * * //

dimensions      [0 1 -1 0 0 0 0];

internalField   nonuniform List<vector> 
2685
(
(0.000129143 -4.01003e-06 0)
(0.000136276 -3.65617e-06 0)
(0.000142979 -3.31146e-06 0)
(0.000149257 -2.97871e-06 0)
(0.000155118 -2.66027e-06 0)
(0.000160574 -2.35802e-06 0)
(0.000165636 -2.07343e-06 0)
(0.00017032 -1.80758e-06 0)
(0.000174641 -1.56117e-06 0)
(0.000178617 -1.33455e-06 0)
(0.000182265 -1.12782e-06 0)
(0.000185603 -9.40748e-07 0)
(0.000188652 -7.72923e-07 0)
(0.000191429 -6.23712e-07 0)
(0.000193954 -4.92328e-07 0)
(0.000196245 -3.77847e-07 0)
(0.00019832 -2.7925e-07 0)
(0.000200197 -1.95442e-07 0)
(0.000201893 -1.25285e-07 0)
(0.000203425 -6.76147e-08 0)
(0.000204807 -2.12626e-08 0)
(0.000206054 1.49269e-08 0)
(0.000207181 4.20833e-08 0)
(0.000208199 6.12982e-08 0)
(0.00020912 7.36155e-08 0)
(0.000209956 8.00238e-08 0)
(0.000210717 8.14507e-08 0)
(0.000211411 7.87577e-08 0)
(0.000212048 7.27379e-08 0)
(0.000212633 6.41135e-08 0)
(0.000213175 5.35355e-08 0)
(0.000213679 4.15841e-08 0)
(0.000214151 2.87695e-08 0)
(0.000214594 1.55346e-08 0)
(0.000215014 2.25752e-09 0)
(0.000215414 -1.07444e-08 0)
(0.000215796 -2.32106e-08 0)
(0.000216163 -3.49325e-08 0)
(0.000216519 -4.57487e-08 0)
(0.000216863 -5.55392e-08 0)
(0.000217199 -6.42207e-08 0)
(0.000217526 -7.17404e-08 0)
(0.000217846 -7.80729e-08 0)
(0.00021816 -8.32144e-08 0)
(0.000218468 -8.71842e-08 0)
(0.00021877 -9.00287e-08 0)
(0.000219068 -9.18211e-08 0)
(0.00021936 -9.26591e-08 0)
(0.000219647 -9.26618e-08 0)
(0.000219928 -9.19667e-08 0)
(0.000220205 -9.07246e-08 0)
(0.000220477 -8.90935e-08 0)
(0.000220743 -8.72315e-08 0)
(0.000221005 -8.52911e-08 0)
(0.000221261 -8.34134e-08 0)
(0.000221512 -8.17233e-08 0)
(0.000221759 -8.03271e-08 0)
(0.000222001 -7.93073e-08 0)
(0.000222239 -7.87243e-08 0)
(0.000222473 -7.86127e-08 0)
(0.000222703 -7.89917e-08 0)
(0.00022293 -7.98641e-08 0)
(0.000223154 -8.12325e-08 0)
(0.000223376 -8.30931e-08 0)
(0.000223595 -8.54441e-08 0)
(0.000223812 -8.82753e-08 0)
(0.000224029 -9.15703e-08 0)
(0.000224243 -9.53035e-08 0)
(0.000224458 -9.94336e-08 0)
(0.000224671 -1.03916e-07 0)
(0.000224884 -1.08678e-07 0)
(0.000225097 -1.13657e-07 0)
(0.00022531 -1.18748e-07 0)
(0.000225522 -1.23874e-07 0)
(0.000225735 -1.28907e-07 0)
(0.000225947 -1.33767e-07 0)
(0.000226159 -1.38309e-07 0)
(0.00022637 -1.4247e-07 0)
(0.00022658 -1.46088e-07 0)
(0.000226789 -1.49121e-07 0)
(0.000226996 -1.51384e-07 0)
(0.000227201 -1.52786e-07 0)
(0.000227402 -1.53164e-07 0)
(0.0002276 -1.52062e-07 0)
(0.000227792 -1.49637e-07 0)
(0.000227977 -1.44153e-07 0)
(0.000228158 -1.36713e-07 0)
(0.000228315 -1.23992e-07 0)
(0.000228508 -1.01866e-07 0)
(0.000414548 -2.75975e-05 0)
(0.000424438 -2.60847e-05 0)
(0.000433889 -2.45809e-05 0)
(0.000442902 -2.30961e-05 0)
(0.000451483 -2.16392e-05 0)
(0.000459638 -2.02181e-05 0)
(0.000467375 -1.88394e-05 0)
(0.000474704 -1.75089e-05 0)
(0.000481637 -1.62312e-05 0)
(0.000488186 -1.501e-05 0)
(0.000494365 -1.3848e-05 0)
(0.000500189 -1.27474e-05 0)
(0.000505672 -1.17092e-05 0)
(0.000510831 -1.07342e-05 0)
(0.000515679 -9.82216e-06 0)
(0.000520234 -8.97252e-06 0)
(0.000524512 -8.18416e-06 0)
(0.000528527 -7.45554e-06 0)
(0.000532296 -6.78477e-06 0)
(0.000535833 -6.16962e-06 0)
(0.000539155 -5.60764e-06 0)
(0.000542274 -5.09619e-06 0)
(0.000545205 -4.63247e-06 0)
(0.000547963 -4.2136e-06 0)
(0.000550558 -3.83665e-06 0)
(0.000553004 -3.49868e-06 0)
(0.000555312 -3.19677e-06 0)
(0.000557493 -2.92806e-06 0)
(0.000559557 -2.68976e-06 0)
(0.000561514 -2.47922e-06 0)
(0.000563371 -2.29387e-06 0)
(0.000565139 -2.13128e-06 0)
(0.000566823 -1.98915e-06 0)
(0.00056843 -1.86532e-06 0)
(0.000569968 -1.75775e-06 0)
(0.00057144 -1.66452e-06 0)
(0.000572853 -1.58387e-06 0)
(0.000574211 -1.51414e-06 0)
(0.000575518 -1.45383e-06 0)
(0.000576778 -1.40155e-06 0)
(0.000577993 -1.35606e-06 0)
(0.000579167 -1.31626e-06 0)
(0.000580302 -1.28117e-06 0)
(0.0005814 -1.24993e-06 0)
(0.000582464 -1.22178e-06 0)
(0.000583495 -1.19607e-06 0)
(0.000584495 -1.17223e-06 0)
(0.000585465 -1.14979e-06 0)
(0.000586407 -1.12838e-06 0)
(0.000587322 -1.10771e-06 0)
(0.00058821 -1.08761e-06 0)
(0.000589075 -1.06797e-06 0)
(0.000589915 -1.04877e-06 0)
(0.000590734 -1.03e-06 0)
(0.000591532 -1.01173e-06 0)
(0.000592311 -9.9399e-07 0)
(0.000593072 -9.76873e-07 0)
(0.000593816 -9.60433e-07 0)
(0.000594544 -9.44736e-07 0)
(0.000595259 -9.29806e-07 0)
(0.00059596 -9.15676e-07 0)
(0.00059665 -9.02336e-07 0)
(0.000597328 -8.89799e-07 0)
(0.000597996 -8.78053e-07 0)
(0.000598654 -8.67101e-07 0)
(0.000599303 -8.56925e-07 0)
(0.000599943 -8.47487e-07 0)
(0.000600576 -8.38742e-07 0)
(0.0006012 -8.30605e-07 0)
(0.000601816 -8.22997e-07 0)
(0.000602425 -8.15824e-07 0)
(0.000603025 -8.08954e-07 0)
(0.000603618 -8.02326e-07 0)
(0.000604202 -7.95717e-07 0)
(0.000604777 -7.89093e-07 0)
(0.000605342 -7.82145e-07 0)
(0.000605897 -7.74742e-07 0)
(0.00060644 -7.66677e-07 0)
(0.000606972 -7.57385e-07 0)
(0.000607489 -7.4731e-07 0)
(0.000607996 -7.34631e-07 0)
(0.000608479 -7.21894e-07 0)
(0.000608961 -7.03549e-07 0)
(0.000609399 -6.88568e-07 0)
(0.000609866 -6.603e-07 0)
(0.000610236 -6.45647e-07 0)
(0.000610717 -5.99476e-07 0)
(0.000610966 -5.90129e-07 0)
(0.000611538 -5.13629e-07 0)
(0.000683356 -4.83352e-05 0)
(0.000690293 -4.60417e-05 0)
(0.000696939 -4.37616e-05 0)
(0.0007033 -4.15088e-05 0)
(0.00070938 -3.92957e-05 0)
(0.000715185 -3.71328e-05 0)
(0.000720724 -3.50294e-05 0)
(0.000726003 -3.2993e-05 0)
(0.000731032 -3.10298e-05 0)
(0.000735819 -2.9145e-05 0)
(0.000740373 -2.73423e-05 0)
(0.000744705 -2.56245e-05 0)
(0.000748824 -2.39933e-05 0)
(0.000752739 -2.24497e-05 0)
(0.000756461 -2.09938e-05 0)
(0.00076 -1.9625e-05 0)
(0.000763365 -1.8342e-05 0)
(0.000766565 -1.71432e-05 0)
(0.00076961 -1.60263e-05 0)
(0.000772509 -1.49887e-05 0)
(0.000775271 -1.40275e-05 0)
(0.000777906 -1.31395e-05 0)
(0.000780421 -1.23212e-05 0)
(0.000782825 -1.15688e-05 0)
(0.000785126 -1.08788e-05 0)
(0.000787333 -1.0247e-05 0)
(0.000789451 -9.66971e-06 0)
(0.000791489 -9.1429e-06 0)
(0.000793453 -8.6627e-06 0)
(0.000795351 -8.22533e-06 0)
(0.000797187 -7.8271e-06 0)
(0.000798967 -7.46445e-06 0)
(0.000800697 -7.13398e-06 0)
(0.000802382 -6.83247e-06 0)
(0.000804026 -6.55684e-06 0)
(0.000805633 -6.30421e-06 0)
(0.000807208 -6.07187e-06 0)
(0.000808753 -5.85731e-06 0)
(0.000810271 -5.6582e-06 0)
(0.000811765 -5.47244e-06 0)
(0.000813236 -5.29812e-06 0)
(0.000814686 -5.13358e-06 0)
(0.000816116 -4.97736e-06 0)
(0.000817526 -4.82825e-06 0)
(0.000818917 -4.68526e-06 0)
(0.000820288 -4.54763e-06 0)
(0.000821638 -4.41483e-06 0)
(0.000822968 -4.28656e-06 0)
(0.000824276 -4.16271e-06 0)
(0.000825561 -4.04338e-06 0)
(0.000826822 -3.92881e-06 0)
(0.00082806 -3.81932e-06 0)
(0.000829272 -3.71529e-06 0)
(0.000830459 -3.61705e-06 0)
(0.000831622 -3.5249e-06 0)
(0.000832759 -3.439e-06 0)
(0.000833872 -3.35944e-06 0)
(0.000834963 -3.28613e-06 0)
(0.000836032 -3.21895e-06 0)
(0.000837082 -3.15764e-06 0)
(0.000838114 -3.1019e-06 0)
(0.000839132 -3.05137e-06 0)
(0.000840137 -3.00568e-06 0)
(0.000841132 -2.96438e-06 0)
(0.000842119 -2.92697e-06 0)
(0.0008431 -2.89295e-06 0)
(0.000844077 -2.86162e-06 0)
(0.000845052 -2.83248e-06 0)
(0.000846027 -2.8045e-06 0)
(0.000847002 -2.77744e-06 0)
(0.000847981 -2.74975e-06 0)
(0.000848961 -2.72182e-06 0)
(0.000849949 -2.69124e-06 0)
(0.000850935 -2.65962e-06 0)
(0.000851935 -2.62307e-06 0)
(0.000852925 -2.58541e-06 0)
(0.000853938 -2.53989e-06 0)
(0.000854926 -2.4948e-06 0)
(0.00085595 -2.43744e-06 0)
(0.000856919 -2.38538e-06 0)
(0.000857955 -2.31321e-06 0)
(0.000858878 -2.25711e-06 0)
(0.000859933 -2.16653e-06 0)
(0.000860767 -2.11189e-06 0)
(0.000861867 -1.99801e-06 0)
(0.000862545 -1.95242e-06 0)
(0.000863746 -1.80918e-06 0)
(0.000864165 -1.78171e-06 0)
(0.000865575 -1.60328e-06 0)
(0.000929791 -5.91029e-05 0)
(0.000931976 -5.63119e-05 0)
(0.000934037 -5.35417e-05 0)
(0.000935977 -5.08088e-05 0)
(0.000937799 -4.81276e-05 0)
(0.000939507 -4.55107e-05 0)
(0.000941106 -4.29686e-05 0)
(0.000942599 -4.05101e-05 0)
(0.000943992 -3.81424e-05 0)
(0.000945289 -3.58709e-05 0)
(0.000946495 -3.37e-05 0)
(0.000947615 -3.16324e-05 0)
(0.000948654 -2.967e-05 0)
(0.000949617 -2.78136e-05 0)
(0.000950508 -2.6063e-05 0)
(0.000951333 -2.44173e-05 0)
(0.000952096 -2.28749e-05 0)
(0.000952802 -2.14337e-05 0)
(0.000953455 -2.00909e-05 0)
(0.00095406 -1.88437e-05 0)
(0.000954622 -1.76887e-05 0)
(0.000955143 -1.66223e-05 0)
(0.00095563 -1.56409e-05 0)
(0.000956084 -1.47403e-05 0)
(0.000956511 -1.39165e-05 0)
(0.000956914 -1.31652e-05 0)
(0.000957297 -1.24821e-05 0)
(0.000957663 -1.18628e-05 0)
(0.000958017 -1.1303e-05 0)
(0.00095836 -1.07983e-05 0)
(0.000958698 -1.03446e-05 0)
(0.000959032 -9.93789e-06 0)
(0.000959366 -9.57418e-06 0)
(0.000959703 -9.24972e-06 0)
(0.000960046 -8.96084e-06 0)
(0.000960397 -8.70394e-06 0)
(0.000960759 -8.47547e-06 0)
(0.000961134 -8.27193e-06 0)
(0.000961525 -8.08989e-06 0)
(0.000961933 -7.92602e-06 0)
(0.00096236 -7.77714e-06 0)
(0.000962807 -7.64023e-06 0)
(0.000963274 -7.51246e-06 0)
(0.000963762 -7.39123e-06 0)
(0.000964271 -7.27415e-06 0)
(0.000964801 -7.15916e-06 0)
(0.000965351 -7.04448e-06 0)
(0.000965919 -6.92875e-06 0)
(0.000966505 -6.81096e-06 0)
(0.000967107 -6.69062e-06 0)
(0.000967722 -6.56762e-06 0)
(0.000968349 -6.44237e-06 0)
(0.000968986 -6.31559e-06 0)
(0.000969629 -6.18853e-06 0)
(0.000970278 -6.0626e-06 0)
(0.00097093 -5.93956e-06 0)
(0.000971583 -5.8212e-06 0)
(0.000972236 -5.70931e-06 0)
(0.000972888 -5.60554e-06 0)
(0.000973538 -5.51117e-06 0)
(0.000974186 -5.42709e-06 0)
(0.000974834 -5.35382e-06 0)
(0.000975485 -5.29116e-06 0)
(0.000976139 -5.23919e-06 0)
(0.000976802 -5.1966e-06 0)
(0.000977473 -5.16388e-06 0)
(0.000978161 -5.13856e-06 0)
(0.000978862 -5.12252e-06 0)
(0.000979589 -5.11168e-06 0)
(0.00098033 -5.11001e-06 0)
(0.000981107 -5.11074e-06 0)
(0.000981899 -5.12068e-06 0)
(0.000982738 -5.12834e-06 0)
(0.000983586 -5.14525e-06 0)
(0.000984503 -5.15179e-06 0)
(0.000985411 -5.1688e-06 0)
(0.00098642 -5.16223e-06 0)
(0.000987385 -5.17151e-06 0)
(0.000988505 -5.13713e-06 0)
(0.00098951 -5.1323e-06 0)
(0.000990761 -5.05483e-06 0)
(0.000991771 -5.03349e-06 0)
(0.00099318 -4.89935e-06 0)
(0.000994128 -4.86484e-06 0)
(0.000995736 -4.66395e-06 0)
(0.000996524 -4.62594e-06 0)
(0.000998394 -4.35339e-06 0)
(0.000998878 -4.32657e-06 0)
(0.00100111 -3.98521e-06 0)
(0.00109721 -5.85637e-05 0)
(0.00109538 -5.57192e-05 0)
(0.0010936 -5.28953e-05 0)
(0.00109188 -5.01091e-05 0)
(0.0010902 -4.73754e-05 0)
(0.00108858 -4.47069e-05 0)
(0.001087 -4.21144e-05 0)
(0.00108547 -3.96074e-05 0)
(0.00108397 -3.71934e-05 0)
(0.00108252 -3.48785e-05 0)
(0.0010811 -3.26671e-05 0)
(0.00107972 -3.05625e-05 0)
(0.00107837 -2.85667e-05 0)
(0.00107706 -2.66805e-05 0)
(0.00107577 -2.49038e-05 0)
(0.0010745 -2.3236e-05 0)
(0.00107327 -2.16755e-05 0)
(0.00107206 -2.02204e-05 0)
(0.00107087 -1.88681e-05 0)
(0.00106971 -1.76154e-05 0)
(0.00106857 -1.64589e-05 0)
(0.00106746 -1.5395e-05 0)
(0.00106637 -1.44198e-05 0)
(0.0010653 -1.35294e-05 0)
(0.00106426 -1.27194e-05 0)
(0.00106324 -1.19855e-05 0)
(0.00106225 -1.13233e-05 0)
(0.00106128 -1.07282e-05 0)
(0.00106034 -1.01959e-05 0)
(0.00105942 -9.72199e-06 0)
(0.00105853 -9.30222e-06 0)
(0.00105767 -8.93248e-06 0)
(0.00105684 -8.60882e-06 0)
(0.00105604 -8.32737e-06 0)
(0.00105527 -8.08441e-06 0)
(0.00105453 -7.87625e-06 0)
(0.00105383 -7.69921e-06 0)
(0.00105317 -7.54962e-06 0)
(0.00105254 -7.42379e-06 0)
(0.00105195 -7.31819e-06 0)
(0.0010514 -7.22941e-06 0)
(0.00105089 -7.1543e-06 0)
(0.00105041 -7.08989e-06 0)
(0.00104998 -7.03344e-06 0)
(0.00104957 -6.98226e-06 0)
(0.0010492 -6.93391e-06 0)
(0.00104886 -6.88598e-06 0)
(0.00104854 -6.83662e-06 0)
(0.00104826 -6.78419e-06 0)
(0.00104799 -6.72787e-06 0)
(0.00104775 -6.66708e-06 0)
(0.00104754 -6.60188e-06 0)
(0.00104735 -6.53243e-06 0)
(0.00104718 -6.4591e-06 0)
(0.00104703 -6.38244e-06 0)
(0.00104691 -6.30312e-06 0)
(0.00104681 -6.22246e-06 0)
(0.00104673 -6.14212e-06 0)
(0.00104667 -6.06461e-06 0)
(0.00104663 -5.99313e-06 0)
(0.00104661 -5.93063e-06 0)
(0.00104661 -5.88128e-06 0)
(0.00104662 -5.84643e-06 0)
(0.00104666 -5.83037e-06 0)
(0.00104672 -5.83083e-06 0)
(0.0010468 -5.85219e-06 0)
(0.00104692 -5.88775e-06 0)
(0.00104706 -5.94347e-06 0)
(0.00104724 -6.00826e-06 0)
(0.00104745 -6.09237e-06 0)
(0.00104772 -6.1792e-06 0)
(0.00104801 -6.28719e-06 0)
(0.00104838 -6.38955e-06 0)
(0.00104875 -6.51923e-06 0)
(0.00104923 -6.62935e-06 0)
(0.0010497 -6.77825e-06 0)
(0.00105032 -6.88348e-06 0)
(0.00105087 -7.04588e-06 0)
(0.00105167 -7.12671e-06 0)
(0.00105229 -7.29296e-06 0)
(0.0010533 -7.32405e-06 0)
(0.00105397 -7.48222e-06 0)
(0.00105524 -7.43602e-06 0)
(0.0010559 -7.57408e-06 0)
(0.0010575 -7.42684e-06 0)
(0.00105807 -7.53328e-06 0)
(0.00106004 -7.27408e-06 0)
(0.0010604 -7.33616e-06 0)
(0.00106283 -6.97807e-06 0)
(0.00116914 -5.07276e-05 0)
(0.00116529 -4.81903e-05 0)
(0.00116161 -4.56658e-05 0)
(0.00115809 -4.31701e-05 0)
(0.00115472 -4.07169e-05 0)
(0.00115149 -3.83185e-05 0)
(0.0011484 -3.59848e-05 0)
(0.00114544 -3.37239e-05 0)
(0.0011426 -3.15428e-05 0)
(0.00113987 -2.94475e-05 0)
(0.00113725 -2.74427e-05 0)
(0.00113473 -2.5532e-05 0)
(0.00113231 -2.3718e-05 0)
(0.00112997 -2.20023e-05 0)
(0.00112771 -2.03857e-05 0)
(0.00112553 -1.88683e-05 0)
(0.00112342 -1.7449e-05 0)
(0.00112137 -1.61266e-05 0)
(0.00111939 -1.48992e-05 0)
(0.00111746 -1.37645e-05 0)
(0.00111559 -1.27202e-05 0)
(0.00111378 -1.17635e-05 0)
(0.00111201 -1.08913e-05 0)
(0.00111029 -1.01002e-05 0)
(0.00110861 -9.38684e-06 0)
(0.00110698 -8.74727e-06 0)
(0.00110539 -8.17734e-06 0)
(0.00110384 -7.67266e-06 0)
(0.00110233 -7.22889e-06 0)
(0.00110087 -6.84197e-06 0)
(0.00109944 -6.50827e-06 0)
(0.00109805 -6.22467e-06 0)
(0.0010967 -5.98849e-06 0)
(0.0010954 -5.79725e-06 0)
(0.00109413 -5.64842e-06 0)
(0.0010929 -5.53908e-06 0)
(0.00109171 -5.4657e-06 0)
(0.00109058 -5.4239e-06 0)
(0.00108949 -5.40848e-06 0)
(0.00108846 -5.41369e-06 0)
(0.00108747 -5.43353e-06 0)
(0.00108654 -5.46225e-06 0)
(0.00108567 -5.49458e-06 0)
(0.00108484 -5.52623e-06 0)
(0.00108406 -5.55369e-06 0)
(0.00108332 -5.57461e-06 0)
(0.00108261 -5.58733e-06 0)
(0.00108194 -5.5913e-06 0)
(0.00108129 -5.58654e-06 0)
(0.00108067 -5.57409e-06 0)
(0.00108006 -5.55538e-06 0)
(0.00107948 -5.53232e-06 0)
(0.00107891 -5.50688e-06 0)
(0.00107836 -5.48066e-06 0)
(0.00107783 -5.45509e-06 0)
(0.00107733 -5.43084e-06 0)
(0.00107685 -5.40873e-06 0)
(0.0010764 -5.38935e-06 0)
(0.00107598 -5.37367e-06 0)
(0.0010756 -5.36397e-06 0)
(0.00107526 -5.36154e-06 0)
(0.00107496 -5.3713e-06 0)
(0.0010747 -5.3935e-06 0)
(0.00107448 -5.43536e-06 0)
(0.0010743 -5.49363e-06 0)
(0.00107417 -5.5775e-06 0)
(0.00107409 -5.67809e-06 0)
(0.00107406 -5.80768e-06 0)
(0.00107408 -5.94973e-06 0)
(0.00107414 -6.12342e-06 0)
(0.00107427 -6.30076e-06 0)
(0.00107443 -6.51544e-06 0)
(0.00107468 -6.71942e-06 0)
(0.00107495 -6.97343e-06 0)
(0.00107533 -7.19366e-06 0)
(0.00107568 -7.48638e-06 0)
(0.00107622 -7.70922e-06 0)
(0.00107665 -8.03842e-06 0)
(0.00107736 -8.24489e-06 0)
(0.00107786 -8.60343e-06 0)
(0.0010788 -8.76834e-06 0)
(0.00107933 -9.14096e-06 0)
(0.00108055 -9.23506e-06 0)
(0.00108107 -9.59469e-06 0)
(0.00108265 -9.59156e-06 0)
(0.00108309 -9.89565e-06 0)
(0.00108508 -9.78431e-06 0)
(0.00108536 -9.97322e-06 0)
(0.00108782 -9.77359e-06 0)
(0.00119642 -4.08647e-05 0)
(0.00119236 -3.87589e-05 0)
(0.00118845 -3.66496e-05 0)
(0.00118469 -3.45512e-05 0)
(0.00118108 -3.24763e-05 0)
(0.0011776 -3.04364e-05 0)
(0.00117425 -2.84425e-05 0)
(0.00117102 -2.65038e-05 0)
(0.00116791 -2.46272e-05 0)
(0.00116489 -2.2818e-05 0)
(0.00116198 -2.10809e-05 0)
(0.00115915 -1.94203e-05 0)
(0.00115641 -1.78391e-05 0)
(0.00115375 -1.63394e-05 0)
(0.00115116 -1.49236e-05 0)
(0.00114864 -1.35935e-05 0)
(0.00114618 -1.23497e-05 0)
(0.00114377 -1.11912e-05 0)
(0.00114143 -1.01172e-05 0)
(0.00113913 -9.12626e-06 0)
(0.00113689 -8.21695e-06 0)
(0.00113469 -7.38801e-06 0)
(0.00113254 -6.63706e-06 0)
(0.00113043 -5.96147e-06 0)
(0.00112836 -5.35864e-06 0)
(0.00112633 -4.82572e-06 0)
(0.00112434 -4.35936e-06 0)
(0.00112239 -3.95566e-06 0)
(0.00112047 -3.61045e-06 0)
(0.0011186 -3.31959e-06 0)
(0.00111676 -3.07939e-06 0)
(0.00111496 -2.88694e-06 0)
(0.0011132 -2.74026e-06 0)
(0.00111147 -2.63818e-06 0)
(0.00110979 -2.57998e-06 0)
(0.00110813 -2.56483e-06 0)
(0.00110652 -2.59109e-06 0)
(0.00110495 -2.65579e-06 0)
(0.00110342 -2.75423e-06 0)
(0.00110195 -2.87996e-06 0)
(0.00110052 -3.02506e-06 0)
(0.00109914 -3.1809e-06 0)
(0.00109782 -3.3387e-06 0)
(0.00109656 -3.49049e-06 0)
(0.00109535 -3.62944e-06 0)
(0.0010942 -3.75058e-06 0)
(0.00109309 -3.85067e-06 0)
(0.00109203 -3.9287e-06 0)
(0.001091 -3.98549e-06 0)
(0.00109001 -4.02383e-06 0)
(0.00108904 -4.0479e-06 0)
(0.0010881 -4.06287e-06 0)
(0.00108719 -4.07439e-06 0)
(0.00108629 -4.08758e-06 0)
(0.00108542 -4.10721e-06 0)
(0.00108458 -4.13651e-06 0)
(0.00108377 -4.17799e-06 0)
(0.001083 -4.23319e-06 0)
(0.00108228 -4.30382e-06 0)
(0.0010816 -4.39216e-06 0)
(0.00108098 -4.49821e-06 0)
(0.00108043 -4.62615e-06 0)
(0.00107994 -4.77386e-06 0)
(0.00107953 -4.94824e-06 0)
(0.0010792 -5.14276e-06 0)
(0.00107894 -5.36768e-06 0)
(0.00107877 -5.60948e-06 0)
(0.00107868 -5.88431e-06 0)
(0.00107868 -6.1678e-06 0)
(0.00107876 -6.48809e-06 0)
(0.00107893 -6.80296e-06 0)
(0.00107918 -7.16395e-06 0)
(0.00107953 -7.49744e-06 0)
(0.00107993 -7.89735e-06 0)
(0.00108046 -8.23612e-06 0)
(0.00108099 -8.6772e-06 0)
(0.00108171 -9.00758e-06 0)
(0.00108235 -9.49408e-06 0)
(0.00108328 -9.80098e-06 0)
(0.00108399 -1.03337e-05 0)
(0.00108518 -1.05987e-05 0)
(0.00108591 -1.11654e-05 0)
(0.00108742 -1.13665e-05 0)
(0.00108812 -1.19305e-05 0)
(0.00109001 -1.20469e-05 0)
(0.00109059 -1.25372e-05 0)
(0.00109294 -1.25623e-05 0)
(0.00109329 -1.28728e-05 0)
(0.00109617 -1.28309e-05 0)
(0.00123976 -3.22991e-05 0)
(0.00123591 -3.04806e-05 0)
(0.00123215 -2.86454e-05 0)
(0.00122847 -2.68062e-05 0)
(0.00122488 -2.49751e-05 0)
(0.00122136 -2.31626e-05 0)
(0.00121791 -2.13773e-05 0)
(0.00121453 -1.96285e-05 0)
(0.00121121 -1.79273e-05 0)
(0.00120795 -1.62837e-05 0)
(0.00120474 -1.47025e-05 0)
(0.00120159 -1.31874e-05 0)
(0.00119848 -1.17445e-05 0)
(0.00119542 -1.03736e-05 0)
(0.00119239 -9.07614e-06 0)
(0.0011894 -7.85613e-06 0)
(0.00118645 -6.71557e-06 0)
(0.00118353 -5.65506e-06 0)
(0.00118065 -4.67389e-06 0)
(0.00117779 -3.77162e-06 0)
(0.00117497 -2.9469e-06 0)
(0.00117218 -2.19747e-06 0)
(0.00116941 -1.52201e-06 0)
(0.00116668 -9.19357e-07 0)
(0.00116397 -3.87872e-07 0)
(0.0011613 7.45336e-08 0)
(0.00115865 4.70339e-07 0)
(0.00115603 8.02507e-07 0)
(0.00115344 1.07456e-06 0)
(0.00115087 1.29044e-06 0)
(0.00114834 1.45419e-06 0)
(0.00114584 1.56947e-06 0)
(0.00114337 1.63914e-06 0)
(0.00114093 1.66495e-06 0)
(0.00113852 1.64755e-06 0)
(0.00113614 1.58682e-06 0)
(0.0011338 1.48268e-06 0)
(0.00113149 1.33583e-06 0)
(0.0011292 1.14877e-06 0)
(0.00112695 9.26353e-07 0)
(0.00112474 6.75966e-07 0)
(0.00112256 4.07025e-07 0)
(0.00112042 1.30304e-07 0)
(0.00111834 -1.43319e-07 0)
(0.0011163 -4.03621e-07 0)
(0.00111431 -6.42265e-07 0)
(0.00111238 -8.53132e-07 0)
(0.00111051 -1.03311e-06 0)
(0.00110868 -1.18199e-06 0)
(0.00110691 -1.30264e-06 0)
(0.00110519 -1.4006e-06 0)
(0.00110351 -1.48338e-06 0)
(0.00110188 -1.56001e-06 0)
(0.00110029 -1.63947e-06 0)
(0.00109876 -1.73075e-06 0)
(0.00109727 -1.84104e-06 0)
(0.00109583 -1.9767e-06 0)
(0.00109445 -2.14204e-06 0)
(0.00109313 -2.33922e-06 0)
(0.00109188 -2.57068e-06 0)
(0.00109071 -2.83606e-06 0)
(0.00108962 -3.13855e-06 0)
(0.00108862 -3.47426e-06 0)
(0.00108771 -3.84884e-06 0)
(0.00108691 -4.25233e-06 0)
(0.00108621 -4.69448e-06 0)
(0.00108562 -5.15768e-06 0)
(0.00108515 -5.66144e-06 0)
(0.00108479 -6.17154e-06 0)
(0.00108456 -6.7252e-06 0)
(0.00108444 -7.26248e-06 0)
(0.00108444 -7.8553e-06 0)
(0.00108456 -8.39891e-06 0)
(0.00108478 -9.02668e-06 0)
(0.00108515 -9.55779e-06 0)
(0.00108556 -1.02249e-05 0)
(0.00108618 -1.07274e-05 0)
(0.00108676 -1.14443e-05 0)
(0.00108765 -1.19037e-05 0)
(0.00108836 -1.26778e-05 0)
(0.00108956 -1.30773e-05 0)
(0.00109034 -1.38968e-05 0)
(0.00109189 -1.4216e-05 0)
(0.00109267 -1.50314e-05 0)
(0.00109463 -1.52509e-05 0)
(0.00109528 -1.59605e-05 0)
(0.00109772 -1.60773e-05 0)
(0.00109813 -1.65268e-05 0)
(0.0011011 -1.6576e-05 0)
(0.0013119 -2.3977e-05 0)
(0.00130787 -2.22834e-05 0)
(0.00130389 -2.05634e-05 0)
(0.00129996 -1.88336e-05 0)
(0.00129607 -1.71052e-05 0)
(0.00129223 -1.53904e-05 0)
(0.00128844 -1.37026e-05 0)
(0.00128467 -1.20434e-05 0)
(0.00128093 -1.04176e-05 0)
(0.00127722 -8.83769e-06 0)
(0.00127354 -7.31424e-06 0)
(0.00126989 -5.85267e-06 0)
(0.00126628 -4.45554e-06 0)
(0.00126269 -3.13152e-06 0)
(0.00125913 -1.88426e-06 0)
(0.00125558 -7.13027e-07 0)
(0.00125206 3.82046e-07 0)
(0.00124856 1.39897e-06 0)
(0.00124508 2.33716e-06 0)
(0.00124162 3.19675e-06 0)
(0.00123818 3.97873e-06 0)
(0.00123476 4.68493e-06 0)
(0.00123136 5.31641e-06 0)
(0.00122798 5.87437e-06 0)
(0.00122461 6.36068e-06 0)
(0.00122127 6.77764e-06 0)
(0.00121794 7.12766e-06 0)
(0.00121464 7.41321e-06 0)
(0.00121135 7.63689e-06 0)
(0.00120808 7.80155e-06 0)
(0.00120484 7.91037e-06 0)
(0.00120161 7.96681e-06 0)
(0.00119841 7.97445e-06 0)
(0.00119522 7.93672e-06 0)
(0.00119206 7.85653e-06 0)
(0.00118893 7.73593e-06 0)
(0.00118581 7.57611e-06 0)
(0.00118271 7.37769e-06 0)
(0.00117963 7.14136e-06 0)
(0.00117657 6.86867e-06 0)
(0.00117352 6.56292e-06 0)
(0.00117049 6.22951e-06 0)
(0.00116747 5.87612e-06 0)
(0.00116447 5.51203e-06 0)
(0.0011615 5.14741e-06 0)
(0.00115857 4.79201e-06 0)
(0.00115567 4.45433e-06 0)
(0.00115281 4.14054e-06 0)
(0.00115001 3.85393e-06 0)
(0.00114727 3.5945e-06 0)
(0.00114458 3.3588e-06 0)
(0.00114196 3.14052e-06 0)
(0.00113941 2.93056e-06 0)
(0.00113692 2.71898e-06 0)
(0.0011345 2.49465e-06 0)
(0.00113216 2.24797e-06 0)
(0.00112989 1.96959e-06 0)
(0.00112771 1.6527e-06 0)
(0.0011256 1.29291e-06 0)
(0.00112359 8.86304e-07 0)
(0.00112166 4.31824e-07 0)
(0.00111983 -7.45193e-08 0)
(0.0011181 -6.29308e-07 0)
(0.00111647 -1.23858e-06 0)
(0.00111494 -1.89153e-06 0)
(0.00111352 -2.59973e-06 0)
(0.00111219 -3.33767e-06 0)
(0.00111099 -4.12738e-06 0)
(0.00110989 -4.92437e-06 0)
(0.00110893 -5.77532e-06 0)
(0.00110807 -6.60042e-06 0)
(0.00110734 -7.49201e-06 0)
(0.00110673 -8.31283e-06 0)
(0.00110625 -9.23649e-06 0)
(0.00110589 -1.00278e-05 0)
(0.00110565 -1.09888e-05 0)
(0.00110556 -1.17307e-05 0)
(0.00110554 -1.27426e-05 0)
(0.00110572 -1.34163e-05 0)
(0.00110588 -1.44867e-05 0)
(0.00110634 -1.50701e-05 0)
(0.00110663 -1.6181e-05 0)
(0.00110738 -1.66489e-05 0)
(0.00110774 -1.77354e-05 0)
(0.0011088 -1.80664e-05 0)
(0.00110914 -1.89996e-05 0)
(0.00111053 -1.91945e-05 0)
(0.00111075 -1.97803e-05 0)
(0.00111248 -1.98875e-05 0)
(0.00137427 -1.48795e-05 0)
(0.00137002 -1.32764e-05 0)
(0.00136583 -1.16355e-05 0)
(0.00136168 -9.97553e-06 0)
(0.00135759 -8.3132e-06 0)
(0.00135355 -6.66112e-06 0)
(0.00134956 -5.02747e-06 0)
(0.00134565 -3.42828e-06 0)
(0.00134178 -1.87412e-06 0)
(0.00133794 -3.64651e-07 0)
(0.00133414 1.09468e-06 0)
(0.00133039 2.49558e-06 0)
(0.00132667 3.83477e-06 0)
(0.00132298 5.1051e-06 0)
(0.00131933 6.3026e-06 0)
(0.00131572 7.42735e-06 0)
(0.00131215 8.47844e-06 0)
(0.0013086 9.45434e-06 0)
(0.00130507 1.03536e-05 0)
(0.00130158 1.11763e-05 0)
(0.00129811 1.19231e-05 0)
(0.00129466 1.2594e-05 0)
(0.00129123 1.31905e-05 0)
(0.00128782 1.37144e-05 0)
(0.00128442 1.41679e-05 0)
(0.00128105 1.45531e-05 0)
(0.00127768 1.48723e-05 0)
(0.00127433 1.51282e-05 0)
(0.001271 1.53235e-05 0)
(0.00126767 1.54608e-05 0)
(0.00126436 1.55431e-05 0)
(0.00126105 1.55732e-05 0)
(0.00125775 1.55538e-05 0)
(0.00125446 1.5488e-05 0)
(0.00125118 1.53786e-05 0)
(0.0012479 1.52285e-05 0)
(0.00124463 1.50403e-05 0)
(0.00124136 1.48166e-05 0)
(0.00123809 1.45598e-05 0)
(0.00123483 1.42722e-05 0)
(0.00123156 1.39565e-05 0)
(0.0012283 1.36155e-05 0)
(0.00122502 1.32532e-05 0)
(0.00122174 1.28742e-05 0)
(0.00121846 1.24841e-05 0)
(0.00121519 1.20887e-05 0)
(0.00121191 1.16933e-05 0)
(0.00120866 1.13024e-05 0)
(0.00120542 1.09184e-05 0)
(0.00120222 1.05421e-05 0)
(0.00119905 1.01713e-05 0)
(0.00119593 9.80232e-06 0)
(0.00119287 9.42837e-06 0)
(0.00118987 9.0421e-06 0)
(0.00118694 8.63417e-06 0)
(0.00118408 8.19666e-06 0)
(0.0011813 7.72156e-06 0)
(0.0011786 7.20393e-06 0)
(0.00117599 6.63916e-06 0)
(0.00117346 6.02532e-06 0)
(0.00117101 5.36295e-06 0)
(0.00116865 4.65043e-06 0)
(0.00116636 3.89221e-06 0)
(0.00116416 3.08204e-06 0)
(0.00116202 2.22976e-06 0)
(0.00115998 1.32039e-06 0)
(0.00115799 3.79002e-07 0)
(0.00115609 -6.22507e-07 0)
(0.00115424 -1.63568e-06 0)
(0.00115249 -2.71626e-06 0)
(0.00115079 -3.77503e-06 0)
(0.0011492 -4.92035e-06 0)
(0.00114764 -5.99273e-06 0)
(0.00114622 -7.19121e-06 0)
(0.00114482 -8.24278e-06 0)
(0.00114358 -9.48601e-06 0)
(0.00114233 -1.04787e-05 0)
(0.00114129 -1.17657e-05 0)
(0.00114017 -1.26673e-05 0)
(0.00113931 -1.39938e-05 0)
(0.00113831 -1.4773e-05 0)
(0.00113761 -1.6111e-05 0)
(0.00113669 -1.67387e-05 0)
(0.00113615 -1.80141e-05 0)
(0.00113525 -1.84708e-05 0)
(0.00113486 -1.9545e-05 0)
(0.00113394 -1.98372e-05 0)
(0.00113372 -2.05034e-05 0)
(0.0011327 -2.06869e-05 0)
(0.00137609 -5.46724e-06 0)
(0.00137215 -3.99958e-06 0)
(0.00136831 -2.51053e-06 0)
(0.00136454 -1.00646e-06 0)
(0.00136086 5.0184e-07 0)
(0.00135727 2.00329e-06 0)
(0.00135377 3.49075e-06 0)
(0.00135034 4.94802e-06 0)
(0.001347 6.36435e-06 0)
(0.00134376 7.73837e-06 0)
(0.00134061 9.06657e-06 0)
(0.00133753 1.03428e-05 0)
(0.00133452 1.15603e-05 0)
(0.00133159 1.27193e-05 0)
(0.00132873 1.38178e-05 0)
(0.00132593 1.48508e-05 0)
(0.00132319 1.58155e-05 0)
(0.00132051 1.67108e-05 0)
(0.00131787 1.75363e-05 0)
(0.00131529 1.82918e-05 0)
(0.00131274 1.89772e-05 0)
(0.00131023 1.95933e-05 0)
(0.00130776 2.01411e-05 0)
(0.00130531 2.06224e-05 0)
(0.00130289 2.10387e-05 0)
(0.00130049 2.1392e-05 0)
(0.00129811 2.16844e-05 0)
(0.00129575 2.19182e-05 0)
(0.00129339 2.20959e-05 0)
(0.00129105 2.222e-05 0)
(0.00128871 2.22933e-05 0)
(0.00128637 2.23184e-05 0)
(0.00128403 2.22981e-05 0)
(0.00128168 2.2235e-05 0)
(0.00127933 2.2132e-05 0)
(0.00127698 2.19917e-05 0)
(0.00127461 2.18167e-05 0)
(0.00127223 2.16095e-05 0)
(0.00126983 2.13727e-05 0)
(0.00126742 2.11087e-05 0)
(0.00126499 2.08199e-05 0)
(0.00126254 2.05088e-05 0)
(0.00126006 2.01783e-05 0)
(0.00125757 1.9831e-05 0)
(0.00125506 1.94699e-05 0)
(0.00125252 1.90975e-05 0)
(0.00124997 1.87158e-05 0)
(0.00124741 1.8326e-05 0)
(0.00124483 1.79278e-05 0)
(0.00124226 1.75197e-05 0)
(0.00123968 1.70982e-05 0)
(0.00123712 1.66591e-05 0)
(0.00123457 1.61959e-05 0)
(0.00123205 1.57031e-05 0)
(0.00122956 1.51734e-05 0)
(0.0012271 1.4602e-05 0)
(0.00122467 1.3983e-05 0)
(0.00122229 1.33146e-05 0)
(0.00121994 1.25939e-05 0)
(0.00121763 1.18222e-05 0)
(0.00121535 1.10008e-05 0)
(0.00121311 1.01317e-05 0)
(0.0012109 9.22101e-06 0)
(0.00120873 8.26708e-06 0)
(0.00120656 7.28196e-06 0)
(0.00120444 6.25516e-06 0)
(0.00120231 5.2073e-06 0)
(0.00120021 4.10972e-06 0)
(0.00119809 3.00688e-06 0)
(0.00119601 1.84208e-06 0)
(0.00119387 6.99325e-07 0)
(0.0011918 -5.28831e-07 0)
(0.00118963 -1.68955e-06 0)
(0.00118758 -2.97144e-06 0)
(0.00118538 -4.11792e-06 0)
(0.00118338 -5.44856e-06 0)
(0.00118114 -6.54886e-06 0)
(0.00117921 -7.91826e-06 0)
(0.00117689 -8.93236e-06 0)
(0.00117506 -1.03178e-05 0)
(0.00117259 -1.12031e-05 0)
(0.0011709 -1.25629e-05 0)
(0.0011682 -1.3289e-05 0)
(0.00116673 -1.45498e-05 0)
(0.00116368 -1.51037e-05 0)
(0.00116253 -1.61422e-05 0)
(0.00115902 -1.6538e-05 0)
(0.00115834 -1.71729e-05 0)
(0.00115423 -1.74672e-05 0)
(0.00129016 2.65389e-06 0)
(0.00128716 3.86784e-06 0)
(0.00128429 5.09393e-06 0)
(0.00128158 6.32783e-06 0)
(0.001279 7.56538e-06 0)
(0.00127657 8.79725e-06 0)
(0.00127427 1.00121e-05 0)
(0.00127211 1.12101e-05 0)
(0.0012701 1.2388e-05 0)
(0.00126822 1.35337e-05 0)
(0.00126647 1.46404e-05 0)
(0.00126484 1.57047e-05 0)
(0.00126333 1.6723e-05 0)
(0.00126194 1.76924e-05 0)
(0.00126065 1.86096e-05 0)
(0.00125946 1.94719e-05 0)
(0.00125836 2.02774e-05 0)
(0.00125736 2.10255e-05 0)
(0.00125643 2.17158e-05 0)
(0.00125558 2.23481e-05 0)
(0.0012548 2.29225e-05 0)
(0.00125407 2.34396e-05 0)
(0.0012534 2.39003e-05 0)
(0.00125278 2.4306e-05 0)
(0.0012522 2.4658e-05 0)
(0.00125165 2.49579e-05 0)
(0.00125113 2.52075e-05 0)
(0.00125064 2.54088e-05 0)
(0.00125016 2.55639e-05 0)
(0.00124969 2.56747e-05 0)
(0.00124923 2.57436e-05 0)
(0.00124877 2.57728e-05 0)
(0.00124831 2.57646e-05 0)
(0.00124784 2.57211e-05 0)
(0.00124736 2.56449e-05 0)
(0.00124686 2.55381e-05 0)
(0.00124634 2.5403e-05 0)
(0.0012458 2.52417e-05 0)
(0.00124524 2.50563e-05 0)
(0.00124464 2.48487e-05 0)
(0.00124402 2.46207e-05 0)
(0.00124336 2.43741e-05 0)
(0.00124267 2.41104e-05 0)
(0.00124194 2.38312e-05 0)
(0.00124118 2.35375e-05 0)
(0.00124037 2.32302e-05 0)
(0.00123954 2.2909e-05 0)
(0.00123866 2.25732e-05 0)
(0.00123776 2.22203e-05 0)
(0.00123683 2.18478e-05 0)
(0.00123587 2.14509e-05 0)
(0.00123488 2.10255e-05 0)
(0.00123388 2.05658e-05 0)
(0.00123285 2.00678e-05 0)
(0.00123181 1.9526e-05 0)
(0.00123075 1.89389e-05 0)
(0.00122966 1.83027e-05 0)
(0.00122855 1.76193e-05 0)
(0.00122741 1.68875e-05 0)
(0.00122624 1.61118e-05 0)
(0.00122503 1.52932e-05 0)
(0.00122377 1.44369e-05 0)
(0.00122247 1.35458e-05 0)
(0.00122112 1.26224e-05 0)
(0.0012197 1.16729e-05 0)
(0.00121823 1.06922e-05 0)
(0.00121668 9.69438e-06 0)
(0.00121509 8.66039e-06 0)
(0.0012134 7.62087e-06 0)
(0.00121168 6.53295e-06 0)
(0.00120984 5.45926e-06 0)
(0.00120799 4.32008e-06 0)
(0.00120598 3.22924e-06 0)
(0.00120403 2.04775e-06 0)
(0.00120182 9.65993e-07 0)
(0.00119976 -2.48002e-07 0)
(0.00119732 -1.29165e-06 0)
(0.00119519 -2.51709e-06 0)
(0.00119247 -3.48091e-06 0)
(0.00119034 -4.68649e-06 0)
(0.00118728 -5.53541e-06 0)
(0.00118522 -6.67878e-06 0)
(0.00118171 -7.38529e-06 0)
(0.00117983 -8.40359e-06 0)
(0.00117575 -8.95883e-06 0)
(0.00117424 -9.76598e-06 0)
(0.00116943 -1.01913e-05 0)
(0.00116853 -1.06704e-05 0)
(0.00116284 -1.10226e-05 0)
(0.00112204 8.01297e-06 0)
(0.00112058 8.87531e-06 0)
(0.00111931 9.75871e-06 0)
(0.00111822 1.06515e-05 0)
(0.00111732 1.15447e-05 0)
(0.0011166 1.24325e-05 0)
(0.00111607 1.33109e-05 0)
(0.00111571 1.41752e-05 0)
(0.00111553 1.50184e-05 0)
(0.00111553 1.58347e-05 0)
(0.00111569 1.66212e-05 0)
(0.00111602 1.73759e-05 0)
(0.0011165 1.80962e-05 0)
(0.00111713 1.87797e-05 0)
(0.0011179 1.94247e-05 0)
(0.0011188 2.00304e-05 0)
(0.00111983 2.05957e-05 0)
(0.00112098 2.11201e-05 0)
(0.00112223 2.16035e-05 0)
(0.00112358 2.20459e-05 0)
(0.00112503 2.24474e-05 0)
(0.00112655 2.28087e-05 0)
(0.00112815 2.31304e-05 0)
(0.00112982 2.34135e-05 0)
(0.00113154 2.36591e-05 0)
(0.0011333 2.38684e-05 0)
(0.00113511 2.40427e-05 0)
(0.00113696 2.41834e-05 0)
(0.00113882 2.42922e-05 0)
(0.00114071 2.43705e-05 0)
(0.00114261 2.44199e-05 0)
(0.00114451 2.44422e-05 0)
(0.00114641 2.44389e-05 0)
(0.00114831 2.44116e-05 0)
(0.00115019 2.43619e-05 0)
(0.00115206 2.42913e-05 0)
(0.00115391 2.42012e-05 0)
(0.00115573 2.4093e-05 0)
(0.00115752 2.3968e-05 0)
(0.00115928 2.38276e-05 0)
(0.00116101 2.36728e-05 0)
(0.00116269 2.35047e-05 0)
(0.00116434 2.3324e-05 0)
(0.00116594 2.3131e-05 0)
(0.0011675 2.29255e-05 0)
(0.00116901 2.27068e-05 0)
(0.00117047 2.24735e-05 0)
(0.00117189 2.22238e-05 0)
(0.00117325 2.19548e-05 0)
(0.00117457 2.16639e-05 0)
(0.00117584 2.13473e-05 0)
(0.00117705 2.10024e-05 0)
(0.00117821 2.06253e-05 0)
(0.00117931 2.0215e-05 0)
(0.00118035 1.97682e-05 0)
(0.00118131 1.92864e-05 0)
(0.0011822 1.87676e-05 0)
(0.001183 1.82157e-05 0)
(0.00118372 1.76294e-05 0)
(0.00118434 1.70146e-05 0)
(0.00118486 1.63702e-05 0)
(0.00118528 1.57024e-05 0)
(0.00118558 1.50099e-05 0)
(0.00118578 1.42975e-05 0)
(0.00118585 1.35645e-05 0)
(0.00118581 1.28117e-05 0)
(0.00118565 1.20422e-05 0)
(0.00118537 1.12485e-05 0)
(0.00118496 1.04433e-05 0)
(0.00118444 9.6053e-06 0)
(0.00118377 8.76569e-06 0)
(0.00118302 7.88124e-06 0)
(0.00118208 7.01438e-06 0)
(0.00118109 6.08766e-06 0)
(0.00117987 5.21161e-06 0)
(0.00117867 4.26431e-06 0)
(0.00117713 3.41392e-06 0)
(0.00117575 2.47726e-06 0)
(0.00117386 1.68819e-06 0)
(0.00117234 7.97282e-07 0)
(0.00117004 9.6611e-08 0)
(0.00116847 -7.09584e-07 0)
(0.00116571 -1.30578e-06 0)
(0.00116422 -1.98637e-06 0)
(0.00116091 -2.48453e-06 0)
(0.00115967 -2.99492e-06 0)
(0.00115572 -3.42229e-06 0)
(0.00115497 -3.71103e-06 0)
(0.00115026 -4.12176e-06 0)
(0.000909147 9.48642e-06 0)
(0.000909923 9.93723e-06 0)
(0.000910884 1.03936e-05 0)
(0.000912036 1.08507e-05 0)
(0.000913379 1.13054e-05 0)
(0.000914913 1.17546e-05 0)
(0.000916635 1.21948e-05 0)
(0.000918545 1.26235e-05 0)
(0.000920638 1.30395e-05 0)
(0.000922912 1.34412e-05 0)
(0.00092536 1.38272e-05 0)
(0.000927976 1.41961e-05 0)
(0.000930753 1.45469e-05 0)
(0.000933684 1.4879e-05 0)
(0.000936762 1.51922e-05 0)
(0.000939978 1.54859e-05 0)
(0.000943323 1.57594e-05 0)
(0.000946789 1.60122e-05 0)
(0.000950366 1.62444e-05 0)
(0.000954046 1.64561e-05 0)
(0.000957821 1.66476e-05 0)
(0.000961679 1.68191e-05 0)
(0.000965614 1.69713e-05 0)
(0.000969616 1.71046e-05 0)
(0.000973675 1.72198e-05 0)
(0.000977785 1.73174e-05 0)
(0.000981937 1.73983e-05 0)
(0.000986122 1.74633e-05 0)
(0.000990334 1.7513e-05 0)
(0.000994565 1.75484e-05 0)
(0.000998808 1.75704e-05 0)
(0.00100306 1.75796e-05 0)
(0.00100731 1.7577e-05 0)
(0.00101155 1.75634e-05 0)
(0.00101578 1.75395e-05 0)
(0.00102 1.75061e-05 0)
(0.00102419 1.74639e-05 0)
(0.00102836 1.74135e-05 0)
(0.0010325 1.73554e-05 0)
(0.00103661 1.72901e-05 0)
(0.00104068 1.72176e-05 0)
(0.00104471 1.71381e-05 0)
(0.0010487 1.70513e-05 0)
(0.00105265 1.69568e-05 0)
(0.00105655 1.68539e-05 0)
(0.0010604 1.67418e-05 0)
(0.00106419 1.66192e-05 0)
(0.00106794 1.64849e-05 0)
(0.00107163 1.63371e-05 0)
(0.00107525 1.61746e-05 0)
(0.00107881 1.59955e-05 0)
(0.00108231 1.57986e-05 0)
(0.00108572 1.55823e-05 0)
(0.00108906 1.53464e-05 0)
(0.00109231 1.50892e-05 0)
(0.00109547 1.48121e-05 0)
(0.00109853 1.45136e-05 0)
(0.00110148 1.41963e-05 0)
(0.00110433 1.38583e-05 0)
(0.00110706 1.35033e-05 0)
(0.00110967 1.31286e-05 0)
(0.00111215 1.27387e-05 0)
(0.00111451 1.23295e-05 0)
(0.00111674 1.19056e-05 0)
(0.00111883 1.14628e-05 0)
(0.00112078 1.10046e-05 0)
(0.00112261 1.0528e-05 0)
(0.00112428 1.00339e-05 0)
(0.00112581 9.5241e-06 0)
(0.00112719 8.99398e-06 0)
(0.00112843 8.45509e-06 0)
(0.00112951 7.89296e-06 0)
(0.00113044 7.3349e-06 0)
(0.00113121 6.75106e-06 0)
(0.0011318 6.19014e-06 0)
(0.00113227 5.60117e-06 0)
(0.00113252 5.05763e-06 0)
(0.0011327 4.48473e-06 0)
(0.00113259 3.97697e-06 0)
(0.00113254 3.44483e-06 0)
(0.00113206 2.98635e-06 0)
(0.00113182 2.51782e-06 0)
(0.00113098 2.10355e-06 0)
(0.00113065 1.71638e-06 0)
(0.00112944 1.32506e-06 0)
(0.00112911 1.03903e-06 0)
(0.00112753 6.40215e-07 0)
(0.00112732 4.79505e-07 0)
(0.00112537 3.49739e-08 0)
(0.000753579 5.07913e-06 0)
(0.000756311 5.14059e-06 0)
(0.000759198 5.20103e-06 0)
(0.000762243 5.25986e-06 0)
(0.000765448 5.31642e-06 0)
(0.000768815 5.37032e-06 0)
(0.000772343 5.42141e-06 0)
(0.000776031 5.46962e-06 0)
(0.000779877 5.51468e-06 0)
(0.000783878 5.55623e-06 0)
(0.000788029 5.59408e-06 0)
(0.000792326 5.6283e-06 0)
(0.000796764 5.659e-06 0)
(0.000801337 5.68627e-06 0)
(0.000806038 5.71004e-06 0)
(0.00081086 5.73073e-06 0)
(0.000815795 5.74882e-06 0)
(0.000820837 5.76467e-06 0)
(0.000825977 5.77861e-06 0)
(0.000831208 5.79095e-06 0)
(0.000836523 5.80198e-06 0)
(0.000841912 5.81197e-06 0)
(0.000847369 5.82116e-06 0)
(0.000852885 5.82981e-06 0)
(0.000858454 5.83811e-06 0)
(0.000864066 5.84627e-06 0)
(0.000869716 5.85445e-06 0)
(0.000875396 5.86278e-06 0)
(0.0008811 5.87138e-06 0)
(0.000886821 5.88032e-06 0)
(0.000892552 5.88964e-06 0)
(0.000898289 5.89936e-06 0)
(0.000904026 5.90945e-06 0)
(0.000909758 5.91987e-06 0)
(0.000915479 5.93055e-06 0)
(0.000921187 5.94137e-06 0)
(0.000926876 5.95219e-06 0)
(0.000932543 5.96285e-06 0)
(0.000938184 5.97313e-06 0)
(0.000943797 5.9828e-06 0)
(0.000949379 5.99158e-06 0)
(0.000954927 5.99917e-06 0)
(0.000960438 6.00519e-06 0)
(0.00096591 6.00922e-06 0)
(0.00097134 6.01076e-06 0)
(0.000976726 6.00926e-06 0)
(0.000982066 6.00409e-06 0)
(0.000987355 5.99462e-06 0)
(0.00099259 5.98011e-06 0)
(0.000997768 5.95994e-06 0)
(0.00100288 5.93338e-06 0)
(0.00100793 5.89998e-06 0)
(0.00101291 5.85901e-06 0)
(0.00101781 5.81033e-06 0)
(0.00102263 5.75329e-06 0)
(0.00102736 5.68805e-06 0)
(0.001032 5.6138e-06 0)
(0.00103653 5.53119e-06 0)
(0.00104096 5.43929e-06 0)
(0.00104528 5.33934e-06 0)
(0.00104949 5.23008e-06 0)
(0.00105356 5.11325e-06 0)
(0.00105753 4.98718e-06 0)
(0.00106135 4.85396e-06 -6.57819e-40)
(0.00106504 4.71161e-06 0)
(0.00106859 4.56228e-06 6.19425e-40)
(0.001072 4.40414e-06 0)
(0.00107525 4.23886e-06 5.76697e-40)
(0.00107837 4.06576e-06 0)
(0.00108129 3.88503e-06 -5.30664e-40)
(0.00108409 3.69865e-06 0)
(0.00108669 3.50397e-06 0)
(0.00108915 3.30774e-06 0)
(0.0010914 3.10269e-06 0)
(0.00109351 2.90216e-06 0)
(0.00109541 2.6928e-06 0)
(0.00109718 2.4951e-06 0)
(0.00109874 2.28915e-06 0)
(0.00110016 2.10012e-06 0)
(0.00110142 1.90523e-06 0)
(0.00110251 1.72693e-06 -2.45847e-40)
(0.0011035 1.55068e-06 0)
(0.00110429 1.38055e-06 0)
(0.00110504 1.23199e-06 0)
(0.00110558 1.06284e-06 0)
(0.00110611 9.50523e-07 0)
(0.00110644 7.68351e-07 0)
(0.00110674 7.03384e-07 0)
(0.00110697 4.93584e-07 0)
(0.000750498 -2.12864e-06 0)
(0.000753282 -2.33599e-06 0)
(0.00075621 -2.55747e-06 0)
(0.000759287 -2.79125e-06 0)
(0.000762516 -3.03524e-06 0)
(0.000765897 -3.2873e-06 0)
(0.000769433 -3.54543e-06 0)
(0.00077312 -3.80774e-06 0)
(0.000776957 -4.07217e-06 0)
(0.000780942 -4.33648e-06 0)
(0.000785071 -4.59859e-06 0)
(0.000789339 -4.85671e-06 0)
(0.000793741 -5.10918e-06 0)
(0.000798272 -5.35447e-06 0)
(0.000802925 -5.59122e-06 0)
(0.000807694 -5.81837e-06 0)
(0.000812574 -6.03456e-06 0)
(0.000817556 -6.23855e-06 0)
(0.000822634 -6.42945e-06 0)
(0.000827799 -6.60656e-06 0)
(0.000833043 -6.76931e-06 0)
(0.000838361 -6.9173e-06 0)
(0.000843743 -7.05027e-06 0)
(0.000849182 -7.1681e-06 0)
(0.000854671 -7.27081e-06 0)
(0.000860203 -7.35855e-06 0)
(0.000865772 -7.43156e-06 0)
(0.000871369 -7.49022e-06 0)
(0.00087699 -7.535e-06 0)
(0.000882628 -7.56644e-06 0)
(0.000888277 -7.58514e-06 0)
(0.000893932 -7.59177e-06 0)
(0.000899589 -7.58704e-06 0)
(0.000905241 -7.57169e-06 0)
(0.000910885 -7.54648e-06 0)
(0.000916517 -7.51215e-06 0)
(0.000922134 -7.46946e-06 0)
(0.000927731 -7.41913e-06 0)
(0.000933307 -7.36188e-06 0)
(0.000938857 -7.29838e-06 0)
(0.00094438 -7.22929e-06 0)
(0.000949874 -7.15519e-06 0)
(0.000955335 -7.07662e-06 0)
(0.000960763 -6.99403e-06 0)
(0.000966154 -6.90779e-06 0)
(0.000971507 -6.81814e-06 0)
(0.00097682 -6.72525e-06 0)
(0.000982089 -6.62916e-06 0)
(0.000987313 -6.52986e-06 0)
(0.000992487 -6.42721e-06 0)
(0.000997608 -6.32114e-06 0)
(0.00100267 -6.2114e-06 0)
(0.00100768 -6.098e-06 0)
(0.00101261 -5.98064e-06 0)
(0.00101748 -5.85953e-06 0)
(0.00102226 -5.73424e-06 0)
(0.00102696 -5.60528e-06 0)
(0.00103158 -5.47217e-06 0)
(0.00103609 -5.33577e-06 0)
(0.00104051 -5.19528e-06 0)
(0.00104482 -5.05198e-06 0)
(0.00104902 -4.90467e-06 0)
(0.00105309 -4.75503e-06 0)
(0.00105706 -4.60136e-06 0)
(0.00106088 -4.44559e-06 6.57819e-40)
(0.00106459 -4.28569e-06 0)
(0.00106814 -4.12355e-06 -6.19425e-40)
(0.00107158 -3.95731e-06 0)
(0.00107484 -3.78826e-06 -5.76697e-40)
(0.00107798 -3.6157e-06 0)
(0.00108092 -3.43937e-06 5.30664e-40)
(0.00108375 -3.26122e-06 0)
(0.00108636 -3.07821e-06 0)
(0.00108885 -2.89679e-06 0)
(0.00109112 -2.70961e-06 0)
(0.00109326 -2.52922e-06 0)
(0.00109519 -2.3428e-06 0)
(0.00109697 -2.1692e-06 0)
(0.00109856 -1.99001e-06 0)
(0.00110001 -1.82759e-06 0)
(0.00110129 -1.6618e-06 0)
(0.0011024 -1.51134e-06 2.45847e-40)
(0.00110341 -1.36472e-06 0)
(0.00110422 -1.22272e-06 0)
(0.00110498 -1.10207e-06 0)
(0.00110553 -9.61093e-07 0)
(0.00110607 -8.7179e-07 0)
(0.00110642 -7.18621e-07 0)
(0.00110672 -6.6774e-07 0)
(0.00110697 -4.89916e-07 0)
(0.000906737 -7.01783e-06 0)
(0.00090782 -7.5839e-06 0)
(0.000909077 -8.17101e-06 0)
(0.000910512 -8.77239e-06 0)
(0.000912124 -9.383e-06 0)
(0.000913912 -9.99848e-06 0)
(0.000915874 -1.06138e-05 0)
(0.000918006 -1.12246e-05 0)
(0.000920304 -1.18276e-05 0)
(0.000922764 -1.24197e-05 0)
(0.000925379 -1.29973e-05 0)
(0.000928142 -1.35573e-05 0)
(0.000931045 -1.40969e-05 0)
(0.000934082 -1.46136e-05 0)
(0.000937244 -1.51052e-05 0)
(0.000940522 -1.55697e-05 0)
(0.000943909 -1.60056e-05 0)
(0.000947397 -1.64119e-05 0)
(0.000950975 -1.67876e-05 0)
(0.000954637 -1.71323e-05 0)
(0.000958373 -1.74454e-05 0)
(0.000962176 -1.7727e-05 0)
(0.000966037 -1.79769e-05 0)
(0.000969948 -1.81956e-05 0)
(0.000973902 -1.83836e-05 0)
(0.000977892 -1.85417e-05 0)
(0.00098191 -1.86706e-05 0)
(0.000985951 -1.87715e-05 0)
(0.000990007 -1.88455e-05 0)
(0.000994073 -1.8894e-05 0)
(0.000998143 -1.89183e-05 0)
(0.00100221 -1.89197e-05 0)
(0.00100628 -1.88998e-05 0)
(0.00101033 -1.88601e-05 0)
(0.00101437 -1.88021e-05 0)
(0.0010184 -1.87272e-05 0)
(0.0010224 -1.86371e-05 0)
(0.00102638 -1.85332e-05 0)
(0.00103033 -1.84168e-05 0)
(0.00103425 -1.82893e-05 0)
(0.00103815 -1.81517e-05 0)
(0.00104201 -1.8005e-05 0)
(0.00104583 -1.78499e-05 0)
(0.00104962 -1.76868e-05 0)
(0.00105337 -1.75159e-05 0)
(0.00105708 -1.73372e-05 0)
(0.00106075 -1.71503e-05 0)
(0.00106438 -1.69545e-05 0)
(0.00106797 -1.6749e-05 0)
(0.0010715 -1.65324e-05 0)
(0.00107499 -1.6304e-05 0)
(0.00107842 -1.6062e-05 0)
(0.0010818 -1.58059e-05 0)
(0.00108511 -1.55341e-05 0)
(0.00108835 -1.52467e-05 0)
(0.00109152 -1.49426e-05 0)
(0.0010946 -1.4623e-05 0)
(0.0010976 -1.42865e-05 0)
(0.0011005 -1.39356e-05 0)
(0.00110331 -1.35685e-05 0)
(0.00110601 -1.31888e-05 0)
(0.0011086 -1.27937e-05 0)
(0.00111108 -1.23876e-05 0)
(0.00111344 -1.19663e-05 0)
(0.00111567 -1.15343e-05 0)
(0.00111778 -1.1087e-05 0)
(0.00111976 -1.06278e-05 0)
(0.00112161 -1.01536e-05 0)
(0.00112331 -9.6649e-06 0)
(0.00112489 -9.16352e-06 0)
(0.00112632 -8.64439e-06 0)
(0.00112761 -8.11897e-06 0)
(0.00112874 -7.57246e-06 0)
(0.00112972 -7.03192e-06 0)
(0.00113055 -6.46741e-06 0)
(0.0011312 -5.92686e-06 0)
(0.00113173 -5.35983e-06 0)
(0.00113203 -4.83817e-06 0)
(0.00113227 -4.28877e-06 0)
(0.00113222 -3.80342e-06 0)
(0.00113221 -3.29525e-06 0)
(0.00113179 -2.85846e-06 0)
(0.0011316 -2.41301e-06 0)
(0.0011308 -2.0192e-06 0)
(0.0011305 -1.65274e-06 0)
(0.00112933 -1.28074e-06 0)
(0.00112903 -1.01131e-06 0)
(0.00112749 -6.31493e-07 0)
(0.00112729 -4.80748e-07 0)
(0.00112537 -5.65757e-08 0)
(0.00112133 -6.40274e-06 0)
(0.00112018 -7.36279e-06 0)
(0.0011192 -8.35059e-06 0)
(0.0011184 -9.36014e-06 0)
(0.00111778 -1.03788e-05 0)
(0.00111734 -1.13975e-05 0)
(0.00111707 -1.24107e-05 0)
(0.00111696 -1.34126e-05 0)
(0.00111702 -1.43952e-05 0)
(0.00111723 -1.53511e-05 0)
(0.00111759 -1.62757e-05 0)
(0.00111809 -1.71659e-05 0)
(0.00111874 -1.80181e-05 0)
(0.0011195 -1.88286e-05 0)
(0.00112039 -1.95949e-05 0)
(0.00112139 -2.03151e-05 0)
(0.0011225 -2.09873e-05 0)
(0.0011237 -2.16104e-05 0)
(0.00112498 -2.21837e-05 0)
(0.00112635 -2.27067e-05 0)
(0.00112778 -2.31792e-05 0)
(0.00112928 -2.36017e-05 0)
(0.00113083 -2.39748e-05 0)
(0.00113242 -2.42993e-05 0)
(0.00113405 -2.45766e-05 0)
(0.00113572 -2.48079e-05 0)
(0.00113741 -2.49951e-05 0)
(0.00113912 -2.514e-05 0)
(0.00114085 -2.52444e-05 0)
(0.00114258 -2.53106e-05 0)
(0.00114431 -2.53407e-05 0)
(0.00114604 -2.5337e-05 0)
(0.00114777 -2.53018e-05 0)
(0.00114948 -2.52375e-05 0)
(0.00115118 -2.51463e-05 0)
(0.00115286 -2.50304e-05 0)
(0.00115452 -2.48921e-05 0)
(0.00115615 -2.47333e-05 0)
(0.00115776 -2.45563e-05 0)
(0.00115934 -2.43628e-05 0)
(0.00116089 -2.41548e-05 0)
(0.0011624 -2.39338e-05 0)
(0.00116388 -2.37014e-05 0)
(0.00116533 -2.34586e-05 0)
(0.00116673 -2.3206e-05 0)
(0.0011681 -2.29439e-05 0)
(0.00116944 -2.26718e-05 0)
(0.00117073 -2.23884e-05 0)
(0.00117199 -2.2092e-05 0)
(0.00117321 -2.178e-05 0)
(0.00117439 -2.14498e-05 0)
(0.00117553 -2.10976e-05 0)
(0.00117663 -2.0721e-05 0)
(0.00117769 -2.03162e-05 0)
(0.0011787 -1.9882e-05 0)
(0.00117965 -1.94155e-05 0)
(0.00118055 -1.8918e-05 0)
(0.00118137 -1.83876e-05 0)
(0.00118213 -1.78279e-05 0)
(0.00118281 -1.72379e-05 0)
(0.0011834 -1.66232e-05 0)
(0.0011839 -1.59824e-05 0)
(0.0011843 -1.53216e-05 0)
(0.0011846 -1.46392e-05 0)
(0.0011848 -1.39396e-05 0)
(0.00118489 -1.3222e-05 0)
(0.00118487 -1.24866e-05 0)
(0.00118473 -1.17362e-05 0)
(0.00118449 -1.09631e-05 0)
(0.00118411 -1.01798e-05 0)
(0.00118363 -9.36446e-06 0)
(0.00118301 -8.5482e-06 0)
(0.0011823 -7.68746e-06 0)
(0.00118141 -6.84431e-06 0)
(0.00118048 -5.94145e-06 0)
(0.0011793 -5.08871e-06 0)
(0.00117816 -4.16465e-06 0)
(0.00117668 -3.33587e-06 0)
(0.00117535 -2.4207e-06 0)
(0.00117351 -1.65026e-06 0)
(0.00117204 -7.78209e-07 0)
(0.00116979 -9.25766e-08 0)
(0.00116827 6.97916e-07 0)
(0.00116555 1.28306e-06 0)
(0.0011641 1.9516e-06 0)
(0.00116082 2.44248e-06 0)
(0.00115961 2.94459e-06 0)
(0.00115569 3.36769e-06 0)
(0.00115496 3.65205e-06 0)
(0.00115028 4.06024e-06 0)
(0.00129227 -1.52854e-06 0)
(0.00128944 -2.84048e-06 0)
(0.00128673 -4.1746e-06 0)
(0.00128416 -5.51798e-06 0)
(0.00128173 -6.86731e-06 0)
(0.00127943 -8.21422e-06 0)
(0.00127726 -9.54545e-06 0)
(0.00127522 -1.08578e-05 0)
(0.00127331 -1.21497e-05 0)
(0.00127153 -1.34082e-05 0)
(0.00126987 -1.46238e-05 0)
(0.00126831 -1.57922e-05 0)
(0.00126686 -1.6909e-05 0)
(0.00126551 -1.79701e-05 0)
(0.00126426 -1.8972e-05 0)
(0.00126309 -1.99113e-05 0)
(0.00126201 -2.07856e-05 0)
(0.00126099 -2.15937e-05 0)
(0.00126005 -2.23353e-05 0)
(0.00125917 -2.30102e-05 0)
(0.00125834 -2.36184e-05 0)
(0.00125756 -2.41606e-05 0)
(0.00125682 -2.46381e-05 0)
(0.00125612 -2.50523e-05 0)
(0.00125545 -2.5405e-05 0)
(0.0012548 -2.56984e-05 0)
(0.00125418 -2.59347e-05 0)
(0.00125358 -2.61164e-05 0)
(0.00125298 -2.62463e-05 0)
(0.00125239 -2.6327e-05 0)
(0.00125181 -2.63614e-05 0)
(0.00125122 -2.63524e-05 0)
(0.00125063 -2.6303e-05 0)
(0.00125003 -2.6216e-05 0)
(0.00124942 -2.60945e-05 0)
(0.0012488 -2.59414e-05 0)
(0.00124816 -2.57594e-05 0)
(0.00124751 -2.55514e-05 0)
(0.00124683 -2.532e-05 0)
(0.00124612 -2.50676e-05 0)
(0.0012454 -2.47965e-05 0)
(0.00124464 -2.4509e-05 0)
(0.00124386 -2.42069e-05 0)
(0.00124305 -2.38923e-05 0)
(0.00124221 -2.35667e-05 0)
(0.00124134 -2.32314e-05 0)
(0.00124044 -2.28873e-05 0)
(0.00123951 -2.25341e-05 0)
(0.00123855 -2.21708e-05 0)
(0.00123758 -2.17952e-05 0)
(0.00123658 -2.14042e-05 0)
(0.00123556 -2.0993e-05 0)
(0.00123452 -2.05574e-05 0)
(0.00123348 -2.0091e-05 0)
(0.00123242 -1.95901e-05 0)
(0.00123134 -1.90487e-05 0)
(0.00123026 -1.84653e-05 0)
(0.00122916 -1.78362e-05 0)
(0.00122804 -1.71629e-05 0)
(0.0012269 -1.64442e-05 0)
(0.00122573 -1.56845e-05 0)
(0.00122452 -1.48845e-05 0)
(0.00122327 -1.40493e-05 0)
(0.00122198 -1.31815e-05 0)
(0.00122064 -1.22832e-05 0)
(0.00121924 -1.13605e-05 0)
(0.0012178 -1.04075e-05 0)
(0.00121627 -9.43848e-06 0)
(0.0012147 -8.43373e-06 0)
(0.00121304 -7.42366e-06 0)
(0.00121135 -6.36497e-06 0)
(0.00120953 -5.32032e-06 0)
(0.00120771 -4.20953e-06 0)
(0.00120573 -3.14621e-06 0)
(0.0012038 -1.99117e-06 0)
(0.00120162 -9.34092e-07 0)
(0.00119958 2.56375e-07 0)
(0.00119717 1.27894e-06 0)
(0.00119506 2.4844e-06 0)
(0.00119238 3.43189e-06 0)
(0.00119026 4.6217e-06 0)
(0.00118723 5.4595e-06 0)
(0.00118519 6.59151e-06 0)
(0.0011817 7.29258e-06 0)
(0.00117984 8.30378e-06 0)
(0.00117577 8.85938e-06 0)
(0.00117427 9.66304e-06 0)
(0.00116948 1.00942e-05 0)
(0.00116858 1.05721e-05 0)
(0.00116291 1.09344e-05 0)
(0.00138073 6.37797e-06 0)
(0.00137681 4.82763e-06 0)
(0.00137299 3.24605e-06 0)
(0.00136926 1.64794e-06 0)
(0.00136558 4.32967e-08 0)
(0.001362 -1.55607e-06 0)
(0.0013585 -3.14199e-06 0)
(0.00135505 -4.69864e-06 0)
(0.00135169 -6.2111e-06 0)
(0.00134841 -7.67689e-06 0)
(0.00134522 -9.09214e-06 0)
(0.0013421 -1.04506e-05 0)
(0.00133904 -1.17447e-05 0)
(0.00133605 -1.29726e-05 0)
(0.00133312 -1.41331e-05 0)
(0.00133024 -1.52212e-05 0)
(0.00132743 -1.62336e-05 0)
(0.00132466 -1.71687e-05 0)
(0.00132194 -1.80263e-05 0)
(0.00131926 -1.88063e-05 0)
(0.00131661 -1.95089e-05 0)
(0.00131401 -2.01349e-05 0)
(0.00131143 -2.06859e-05 0)
(0.00130888 -2.11638e-05 0)
(0.00130636 -2.15709e-05 0)
(0.00130386 -2.19096e-05 0)
(0.00130138 -2.21825e-05 0)
(0.00129891 -2.23926e-05 0)
(0.00129646 -2.25429e-05 0)
(0.00129402 -2.26366e-05 0)
(0.00129158 -2.26771e-05 0)
(0.00128916 -2.26676e-05 0)
(0.00128674 -2.26115e-05 0)
(0.00128432 -2.25121e-05 0)
(0.0012819 -2.23726e-05 0)
(0.00127947 -2.21963e-05 0)
(0.00127705 -2.19861e-05 0)
(0.00127461 -2.17452e-05 0)
(0.00127217 -2.14764e-05 0)
(0.00126972 -2.11824e-05 0)
(0.00126726 -2.08659e-05 0)
(0.00126479 -2.05295e-05 0)
(0.0012623 -2.01759e-05 0)
(0.0012598 -1.98079e-05 0)
(0.00125728 -1.94284e-05 0)
(0.00125474 -1.90402e-05 0)
(0.00125219 -1.86459e-05 0)
(0.00124963 -1.82471e-05 0)
(0.00124706 -1.7845e-05 0)
(0.00124449 -1.74389e-05 0)
(0.00124192 -1.7027e-05 0)
(0.00123935 -1.66054e-05 0)
(0.00123681 -1.61694e-05 0)
(0.00123428 -1.57123e-05 0)
(0.00123178 -1.52281e-05 0)
(0.00122931 -1.47093e-05 0)
(0.00122687 -1.41509e-05 0)
(0.00122447 -1.35468e-05 0)
(0.00122212 -1.2895e-05 0)
(0.00121979 -1.21927e-05 0)
(0.00121751 -1.1441e-05 0)
(0.00121527 -1.06413e-05 0)
(0.00121306 -9.79525e-06 0)
(0.00121087 -8.9089e-06 0)
(0.00120872 -7.98053e-06 0)
(0.00120658 -7.02212e-06 0)
(0.00120448 -6.02222e-06 0)
(0.00120236 -5.00165e-06 0)
(0.00120029 -3.93133e-06 0)
(0.00119818 -2.85594e-06 0)
(0.00119611 -1.71812e-06 0)
(0.00119399 -6.01791e-07 0)
(0.00119192 6.00861e-07 0)
(0.00118976 1.73695e-06 0)
(0.00118771 2.99551e-06 0)
(0.00118552 4.12033e-06 0)
(0.00118352 5.43059e-06 0)
(0.00118128 6.51284e-06 0)
(0.00117935 7.8652e-06 0)
(0.00117702 8.86538e-06 0)
(0.0011752 1.02376e-05 0)
(0.00117272 1.11139e-05 0)
(0.00117103 1.24646e-05 0)
(0.00116832 1.31873e-05 0)
(0.00116685 1.44431e-05 0)
(0.0011638 1.49994e-05 0)
(0.00116264 1.6036e-05 0)
(0.00115912 1.644e-05 0)
(0.00115844 1.70747e-05 0)
(0.00115432 1.73818e-05 0)
(0.00138035 1.58231e-05 0)
(0.00137605 1.41619e-05 0)
(0.00137179 1.24589e-05 0)
(0.00136756 1.07275e-05 0)
(0.00136338 8.98742e-06 0)
(0.00135924 7.25489e-06 0)
(0.00135514 5.53948e-06 0)
(0.00135111 3.85648e-06 0)
(0.00134713 2.22071e-06 0)
(0.00134317 6.33143e-07 0)
(0.00133924 -9.01597e-07 0)
(0.00133536 -2.374e-06 0)
(0.00133151 -3.77979e-06 0)
(0.00132768 -5.11249e-06 0)
(0.00132389 -6.3665e-06 0)
(0.00132014 -7.54119e-06 0)
(0.00131643 -8.63603e-06 0)
(0.00131274 -9.64947e-06 0)
(0.00130909 -1.05803e-05 0)
(0.00130546 -1.14283e-05 0)
(0.00130186 -1.21944e-05 0)
(0.00129829 -1.28793e-05 0)
(0.00129474 -1.34844e-05 0)
(0.00129121 -1.4012e-05 0)
(0.00128771 -1.44645e-05 0)
(0.00128423 -1.48446e-05 0)
(0.00128077 -1.51551e-05 0)
(0.00127734 -1.53992e-05 0)
(0.00127392 -1.55801e-05 0)
(0.00127052 -1.57012e-05 0)
(0.00126714 -1.57657e-05 0)
(0.00126378 -1.57769e-05 0)
(0.00126043 -1.57382e-05 0)
(0.0012571 -1.56529e-05 0)
(0.00125379 -1.55242e-05 0)
(0.00125048 -1.53554e-05 0)
(0.00124719 -1.51496e-05 0)
(0.00124392 -1.49098e-05 0)
(0.00124065 -1.46386e-05 0)
(0.00123739 -1.43386e-05 0)
(0.00123414 -1.40122e-05 0)
(0.00123089 -1.3662e-05 0)
(0.00122765 -1.32912e-05 0)
(0.0012244 -1.29035e-05 0)
(0.00122115 -1.25036e-05 0)
(0.00121791 -1.20971e-05 0)
(0.00121467 -1.16896e-05 0)
(0.00121144 -1.12862e-05 0)
(0.00120822 -1.08911e-05 0)
(0.00120503 -1.05065e-05 0)
(0.00120188 -1.01325e-05 0)
(0.00119876 -9.76659e-06 0)
(0.00119569 -9.40457e-06 0)
(0.00119267 -9.03929e-06 0)
(0.00118972 -8.66305e-06 0)
(0.00118684 -8.26633e-06 0)
(0.00118403 -7.84127e-06 0)
(0.00118129 -7.37962e-06 0)
(0.00117863 -6.87572e-06 0)
(0.00117606 -6.32532e-06 0)
(0.00117356 -5.72663e-06 0)
(0.00117115 -5.08016e-06 0)
(0.00116882 -4.38433e-06 0)
(0.00116656 -3.64357e-06 0)
(0.00116438 -2.85143e-06 0)
(0.00116227 -2.0176e-06 0)
(0.00116024 -1.1276e-06 0)
(0.00115826 -2.06305e-07 0)
(0.00115638 7.75138e-07 0)
(0.00115453 1.76792e-06 0)
(0.00115279 2.82842e-06 0)
(0.00115108 3.86734e-06 0)
(0.00114949 4.99339e-06 0)
(0.00114792 6.04703e-06 0)
(0.0011465 7.22744e-06 0)
(0.00114509 8.26172e-06 0)
(0.00114384 9.48836e-06 0)
(0.00114258 1.0466e-05 0)
(0.00114152 1.17385e-05 0)
(0.00114039 1.2628e-05 0)
(0.00113951 1.39426e-05 0)
(0.0011385 1.47133e-05 0)
(0.00113779 1.60425e-05 0)
(0.00113685 1.66661e-05 0)
(0.0011363 1.79359e-05 0)
(0.00113538 1.83932e-05 0)
(0.00113499 1.94648e-05 0)
(0.00113405 1.97622e-05 0)
(0.00113382 2.04276e-05 0)
(0.00113279 2.06203e-05 0)
(0.00131818 2.51091e-05 0)
(0.00131404 2.33821e-05 0)
(0.00130993 2.16185e-05 0)
(0.00130586 1.98366e-05 0)
(0.00130183 1.80501e-05 0)
(0.00129784 1.62719e-05 0)
(0.00129389 1.45174e-05 0)
(0.00128997 1.2791e-05 0)
(0.00128606 1.10959e-05 0)
(0.00128219 9.44577e-06 0)
(0.00127834 7.85226e-06 0)
(0.00127452 6.32278e-06 0)
(0.00127073 4.86023e-06 0)
(0.00126698 3.47272e-06 0)
(0.00126326 2.16589e-06 0)
(0.00125955 9.39653e-07 0)
(0.00125587 -2.05998e-07 0)
(0.00125222 -1.26946e-06 0)
(0.00124859 -2.24958e-06 0)
(0.00124499 -3.14672e-06 0)
(0.00124142 -3.96169e-06 0)
(0.00123787 -4.69629e-06 0)
(0.00123436 -5.35199e-06 0)
(0.00123086 -5.93033e-06 0)
(0.0012274 -6.43337e-06 0)
(0.00122396 -6.86369e-06 0)
(0.00122055 -7.22414e-06 0)
(0.00121717 -7.51761e-06 0)
(0.00121381 -7.74704e-06 0)
(0.00121049 -7.91544e-06 0)
(0.00120719 -8.02609e-06 0)
(0.00120392 -8.08257e-06 0)
(0.00120068 -8.08873e-06 0)
(0.00119747 -8.04845e-06 0)
(0.00119429 -7.96542e-06 0)
(0.00119113 -7.84266e-06 0)
(0.00118801 -7.68231e-06 0)
(0.00118492 -7.48563e-06 0)
(0.00118184 -7.25327e-06 0)
(0.00117879 -6.98599e-06 0)
(0.00117576 -6.68542e-06 0)
(0.00117275 -6.35496e-06 0)
(0.00116976 -6.00014e-06 0)
(0.00116679 -5.62876e-06 0)
(0.00116384 -5.25013e-06 0)
(0.00116092 -4.87438e-06 0)
(0.00115803 -4.51111e-06 0)
(0.00115518 -4.16857e-06 0)
(0.00115238 -3.85258e-06 0)
(0.00114963 -3.56603e-06 0)
(0.00114694 -3.30852e-06 0)
(0.0011443 -3.07614e-06 0)
(0.00114173 -2.86224e-06 0)
(0.00113922 -2.65742e-06 0)
(0.00113678 -2.45145e-06 0)
(0.00113441 -2.23303e-06 0)
(0.00113211 -1.99223e-06 0)
(0.00112988 -1.71986e-06 0)
(0.00112773 -1.40991e-06 0)
(0.00112566 -1.05758e-06 0)
(0.00112368 -6.58932e-07 0)
(0.00112178 -2.12969e-07 0)
(0.00111997 2.8423e-07 0)
(0.00111826 8.29207e-07 0)
(0.00111665 1.42811e-06 0)
(0.00111514 2.07014e-06 0)
(0.00111373 2.76649e-06 0)
(0.00111242 3.49186e-06 0)
(0.00111123 4.26868e-06 0)
(0.00111013 5.05238e-06 0)
(0.00110917 5.88992e-06 0)
(0.00110831 6.70115e-06 0)
(0.00110758 7.57886e-06 0)
(0.00110697 8.38563e-06 0)
(0.00110648 9.29531e-06 0)
(0.00110612 1.00728e-05 0)
(0.00110587 1.10202e-05 0)
(0.00110577 1.17492e-05 0)
(0.00110574 1.27483e-05 0)
(0.0011059 1.34108e-05 0)
(0.00110606 1.44698e-05 0)
(0.0011065 1.50445e-05 0)
(0.00110679 1.61463e-05 0)
(0.00110752 1.66085e-05 0)
(0.00110787 1.76886e-05 0)
(0.00110892 1.80178e-05 0)
(0.00110925 1.89472e-05 0)
(0.00111063 1.91439e-05 0)
(0.00111084 1.9728e-05 0)
(0.00111255 1.98399e-05 0)
(0.00124579 3.37203e-05 0)
(0.00124178 3.18872e-05 0)
(0.00123785 3.0026e-05 0)
(0.00123401 2.81505e-05 0)
(0.00123024 2.62743e-05 0)
(0.00122655 2.44093e-05 0)
(0.00122291 2.25655e-05 0)
(0.00121935 2.07532e-05 0)
(0.00121584 1.89844e-05 0)
(0.0012124 1.72705e-05 0)
(0.00120901 1.56182e-05 0)
(0.00120568 1.40316e-05 0)
(0.00120239 1.25175e-05 0)
(0.00119916 1.10776e-05 0)
(0.00119597 9.71277e-06 0)
(0.00119281 8.42724e-06 0)
(0.0011897 7.22382e-06 0)
(0.00118663 6.10343e-06 0)
(0.0011836 5.06593e-06 0)
(0.00118061 4.1107e-06 0)
(0.00117766 3.23695e-06 0)
(0.00117474 2.44257e-06 0)
(0.00117186 1.72566e-06 0)
(0.00116901 1.08467e-06 0)
(0.00116621 5.17812e-07 0)
(0.00116344 2.29727e-08 0)
(0.0011607 -4.02281e-07 0)
(0.001158 -7.60758e-07 0)
(0.00115534 -1.05575e-06 0)
(0.00115271 -1.29108e-06 0)
(0.00115012 -1.47099e-06 0)
(0.00114756 -1.59975e-06 0)
(0.00114505 -1.68123e-06 0)
(0.00114257 -1.71844e-06 0)
(0.00114013 -1.71321e-06 0)
(0.00113772 -1.66628e-06 0)
(0.00113535 -1.57761e-06 0)
(0.00113302 -1.44713e-06 0)
(0.00113073 -1.27563e-06 0)
(0.00112846 -1.06577e-06 0)
(0.00112624 -8.22583e-07 0)
(0.00112405 -5.53651e-07 0)
(0.0011219 -2.68529e-07 0)
(0.0011198 2.19189e-08 0)
(0.00111775 3.06805e-07 0)
(0.00111575 5.75991e-07 0)
(0.0011138 8.21302e-07 0)
(0.00111191 1.03685e-06 0)
(0.00111007 1.21981e-06 0)
(0.00110828 1.37027e-06 0)
(0.00110654 1.4914e-06 0)
(0.00110486 1.58903e-06 0)
(0.00110322 1.67091e-06 0)
(0.00110162 1.74629e-06 0)
(0.00110007 1.82424e-06 0)
(0.00109856 1.9139e-06 0)
(0.00109711 2.02256e-06 0)
(0.0010957 2.15643e-06 0)
(0.00109435 2.31918e-06 0)
(0.00109305 2.51336e-06 0)
(0.00109183 2.74144e-06 0)
(0.00109068 3.00292e-06 0)
(0.00108961 3.30099e-06 0)
(0.00108863 3.63162e-06 0)
(0.00108774 4.00044e-06 0)
(0.00108695 4.39724e-06 0)
(0.00108627 4.83252e-06 0)
(0.0010857 5.28826e-06 0)
(0.00108524 5.784e-06 0)
(0.0010849 6.28539e-06 0)
(0.00108467 6.82992e-06 0)
(0.00108456 7.35743e-06 0)
(0.00108456 7.94017e-06 0)
(0.00108469 8.47327e-06 0)
(0.00108491 9.09032e-06 0)
(0.00108528 9.6106e-06 0)
(0.00108569 1.02667e-05 0)
(0.00108631 1.07587e-05 0)
(0.00108689 1.1465e-05 0)
(0.00108778 1.19147e-05 0)
(0.00108849 1.26791e-05 0)
(0.00108968 1.30707e-05 0)
(0.00109045 1.38822e-05 0)
(0.00109199 1.41958e-05 0)
(0.00109276 1.50051e-05 0)
(0.00109472 1.52217e-05 0)
(0.00109537 1.59275e-05 0)
(0.0010978 1.6044e-05 0)
(0.0010982 1.64916e-05 0)
(0.00110117 1.65426e-05 0)
(0.00120245 4.26714e-05 0)
(0.00119819 4.05634e-05 0)
(0.00119407 3.84374e-05 0)
(0.00119011 3.63093e-05 0)
(0.00118629 3.41934e-05 0)
(0.0011826 3.21027e-05 0)
(0.00117904 3.00498e-05 0)
(0.00117561 2.80455e-05 0)
(0.00117229 2.60981e-05 0)
(0.00116908 2.42143e-05 0)
(0.00116597 2.23999e-05 0)
(0.00116295 2.06601e-05 0)
(0.00116002 1.89991e-05 0)
(0.00115718 1.74196e-05 0)
(0.00115441 1.59246e-05 0)
(0.00115172 1.45165e-05 0)
(0.00114909 1.31966e-05 0)
(0.00114654 1.19646e-05 0)
(0.00114404 1.08199e-05 0)
(0.0011416 9.76173e-06 0)
(0.00113922 8.78838e-06 0)
(0.00113689 7.89851e-06 0)
(0.00113462 7.08994e-06 0)
(0.00113239 6.36006e-06 0)
(0.00113022 5.70625e-06 0)
(0.00112809 5.12582e-06 0)
(0.001126 4.61574e-06 0)
(0.00112396 4.17243e-06 0)
(0.00112196 3.79179e-06 0)
(0.00112001 3.46944e-06 0)
(0.0011181 3.20105e-06 0)
(0.00111623 2.98283e-06 0)
(0.00111441 2.81178e-06 0)
(0.00111263 2.68585e-06 0)
(0.00111089 2.60383e-06 0)
(0.00110919 2.56494e-06 0)
(0.00110753 2.56825e-06 0)
(0.00110592 2.61206e-06 0)
(0.00110435 2.69329e-06 0)
(0.00110283 2.80707e-06 0)
(0.00110136 2.9468e-06 0)
(0.00109994 3.10444e-06 0)
(0.00109858 3.27123e-06 0)
(0.00109728 3.43837e-06 0)
(0.00109604 3.5979e-06 0)
(0.00109485 3.74305e-06 0)
(0.00109372 3.86899e-06 0)
(0.00109263 3.97262e-06 0)
(0.00109159 4.05315e-06 0)
(0.00109059 4.11157e-06 0)
(0.00108962 4.15086e-06 0)
(0.00108868 4.17538e-06 0)
(0.00108776 4.19041e-06 0)
(0.00108687 4.20171e-06 0)
(0.001086 4.21442e-06 0)
(0.00108515 4.23333e-06 0)
(0.00108433 4.26145e-06 0)
(0.00108355 4.30148e-06 0)
(0.0010828 4.35556e-06 0)
(0.0010821 4.42495e-06 0)
(0.00108144 4.51176e-06 0)
(0.00108084 4.61598e-06 0)
(0.00108031 4.7417e-06 0)
(0.00107984 4.88672e-06 0)
(0.00107945 5.05793e-06 0)
(0.00107913 5.24872e-06 0)
(0.00107889 5.46944e-06 0)
(0.00107874 5.7064e-06 0)
(0.00107866 5.97592e-06 0)
(0.00107868 6.25348e-06 0)
(0.00107877 6.56743e-06 0)
(0.00107896 6.87538e-06 0)
(0.00107921 7.22916e-06 0)
(0.00107958 7.55501e-06 0)
(0.00107998 7.94708e-06 0)
(0.00108053 8.27787e-06 0)
(0.00108106 8.71084e-06 0)
(0.00108179 9.03339e-06 0)
(0.00108243 9.51197e-06 0)
(0.00108337 9.81174e-06 0)
(0.00108407 1.03372e-05 0)
(0.00108526 1.05963e-05 0)
(0.001086 1.11569e-05 0)
(0.0010875 1.13537e-05 0)
(0.0010882 1.19131e-05 0)
(0.00109008 1.20271e-05 0)
(0.00109066 1.25144e-05 0)
(0.00109301 1.25388e-05 0)
(0.00109336 1.28478e-05 0)
(0.00109623 1.28065e-05 0)
(0.00117466 5.30258e-05 0)
(0.00117061 5.04945e-05 0)
(0.00116673 4.79579e-05 0)
(0.001163 4.54339e-05 0)
(0.00115942 4.29384e-05 0)
(0.00115599 4.04856e-05 0)
(0.0011527 3.80872e-05 0)
(0.00114954 3.57533e-05 0)
(0.00114651 3.34922e-05 0)
(0.00114359 3.13116e-05 0)
(0.00114078 2.92175e-05 0)
(0.00113808 2.72147e-05 0)
(0.00113548 2.53069e-05 0)
(0.00113297 2.34968e-05 0)
(0.00113055 2.1786e-05 0)
(0.00112821 2.01752e-05 0)
(0.00112595 1.86644e-05 0)
(0.00112376 1.72528e-05 0)
(0.00112164 1.5939e-05 0)
(0.00111959 1.4721e-05 0)
(0.00111759 1.35966e-05 0)
(0.00111565 1.25632e-05 0)
(0.00111377 1.16178e-05 0)
(0.00111195 1.07574e-05 0)
(0.00111017 9.97854e-06 0)
(0.00110844 9.27765e-06 0)
(0.00110676 8.65079e-06 0)
(0.00110513 8.09366e-06 0)
(0.00110354 7.60176e-06 0)
(0.001102 7.17063e-06 0)
(0.0011005 6.79612e-06 0)
(0.00109905 6.47453e-06 0)
(0.00109764 6.20272e-06 0)
(0.00109627 5.97795e-06 0)
(0.00109495 5.79773e-06 0)
(0.00109367 5.6595e-06 0)
(0.00109243 5.56033e-06 0)
(0.00109124 5.49659e-06 0)
(0.0010901 5.46379e-06 0)
(0.00108902 5.45665e-06 0)
(0.00108798 5.46934e-06 0)
(0.00108701 5.49579e-06 0)
(0.00108609 5.5302e-06 0)
(0.00108522 5.56732e-06 0)
(0.00108441 5.60288e-06 0)
(0.00108364 5.63341e-06 0)
(0.00108291 5.65665e-06 0)
(0.00108222 5.67102e-06 0)
(0.00108156 5.67606e-06 0)
(0.00108093 5.67192e-06 0)
(0.00108033 5.6597e-06 0)
(0.00107974 5.64094e-06 0)
(0.00107917 5.6176e-06 0)
(0.00107862 5.59172e-06 0)
(0.00107809 5.56492e-06 0)
(0.00107758 5.53869e-06 0)
(0.00107709 5.51368e-06 0)
(0.00107663 5.49071e-06 0)
(0.0010762 5.47036e-06 0)
(0.0010758 5.45355e-06 0)
(0.00107543 5.44253e-06 0)
(0.00107511 5.43855e-06 0)
(0.00107482 5.4465e-06 0)
(0.00107458 5.46656e-06 0)
(0.00107438 5.50597e-06 0)
(0.00107422 5.56141e-06 0)
(0.00107411 5.64212e-06 0)
(0.00107404 5.73914e-06 0)
(0.00107402 5.86485e-06 0)
(0.00107406 6.00261e-06 0)
(0.00107413 6.17176e-06 0)
(0.00107427 6.34421e-06 0)
(0.00107445 6.55383e-06 0)
(0.00107471 6.75251e-06 0)
(0.00107498 7.00115e-06 0)
(0.00107537 7.21598e-06 0)
(0.00107574 7.5033e-06 0)
(0.00107627 7.72099e-06 0)
(0.00107672 8.04508e-06 0)
(0.00107743 8.24701e-06 0)
(0.00107793 8.60102e-06 0)
(0.00107887 8.76234e-06 0)
(0.0010794 9.13125e-06 0)
(0.00108063 9.2229e-06 0)
(0.00108115 9.57979e-06 0)
(0.00108272 9.57543e-06 0)
(0.00108316 9.87774e-06 0)
(0.00108515 9.76628e-06 0)
(0.00108542 9.9543e-06 0)
(0.00108788 9.75533e-06 0)
(0.00110019 6.12479e-05 0)
(0.00109825 5.84177e-05 0)
(0.00109636 5.5587e-05 0)
(0.00109453 5.27752e-05 0)
(0.00109275 4.99994e-05 0)
(0.00109102 4.72745e-05 0)
(0.00108933 4.46134e-05 0)
(0.00108769 4.20275e-05 0)
(0.00108609 3.95261e-05 0)
(0.00108454 3.71172e-05 0)
(0.00108302 3.48067e-05 0)
(0.00108154 3.25992e-05 0)
(0.0010801 3.0498e-05 0)
(0.00107869 2.85053e-05 0)
(0.00107731 2.6622e-05 0)
(0.00107596 2.48482e-05 0)
(0.00107465 2.31834e-05 0)
(0.00107336 2.16261e-05 0)
(0.0010721 2.01743e-05 0)
(0.00107086 1.88253e-05 0)
(0.00106966 1.75762e-05 0)
(0.00106848 1.64235e-05 0)
(0.00106732 1.53636e-05 0)
(0.0010662 1.43926e-05 0)
(0.0010651 1.35065e-05 0)
(0.00106403 1.27011e-05 0)
(0.00106298 1.19719e-05 0)
(0.00106196 1.13145e-05 0)
(0.00106098 1.07242e-05 0)
(0.00106002 1.01967e-05 0)
(0.00105909 9.72755e-06 0)
(0.00105819 9.31246e-06 0)
(0.00105732 8.94732e-06 0)
(0.00105648 8.62814e-06 0)
(0.00105567 8.35106e-06 0)
(0.0010549 8.11231e-06 0)
(0.00105416 7.90818e-06 0)
(0.00105346 7.73493e-06 0)
(0.0010528 7.58884e-06 0)
(0.00105218 7.4662e-06 0)
(0.0010516 7.36341e-06 0)
(0.00105106 7.27706e-06 0)
(0.00105055 7.20397e-06 0)
(0.00105009 7.14118e-06 0)
(0.00104966 7.08596e-06 0)
(0.00104927 7.03563e-06 0)
(0.00104891 6.98778e-06 0)
(0.00104858 6.94004e-06 0)
(0.00104828 6.8906e-06 0)
(0.00104801 6.83789e-06 0)
(0.00104776 6.7811e-06 0)
(0.00104753 6.71971e-06 0)
(0.00104733 6.65381e-06 0)
(0.00104715 6.58357e-06 0)
(0.001047 6.50938e-06 0)
(0.00104687 6.43181e-06 0)
(0.00104676 6.35152e-06 0)
(0.00104667 6.26982e-06 0)
(0.0010466 6.1884e-06 0)
(0.00104656 6.10975e-06 0)
(0.00104653 6.03702e-06 0)
(0.00104652 5.97315e-06 0)
(0.00104653 5.92227e-06 0)
(0.00104656 5.88573e-06 0)
(0.00104661 5.86777e-06 0)
(0.00104668 5.86613e-06 0)
(0.00104678 5.8852e-06 0)
(0.0010469 5.91826e-06 0)
(0.00104705 5.97131e-06 0)
(0.00104725 6.03325e-06 0)
(0.00104747 6.11441e-06 0)
(0.00104774 6.19814e-06 0)
(0.00104804 6.30301e-06 0)
(0.00104842 6.40217e-06 0)
(0.0010488 6.52871e-06 0)
(0.00104929 6.63572e-06 0)
(0.00104976 6.78162e-06 0)
(0.00105038 6.88403e-06 0)
(0.00105094 7.04374e-06 0)
(0.00105173 7.12223e-06 0)
(0.00105236 7.28623e-06 0)
(0.00105337 7.31561e-06 0)
(0.00105404 7.47203e-06 0)
(0.00105531 7.42482e-06 0)
(0.00105597 7.56164e-06 0)
(0.00105756 7.4141e-06 0)
(0.00105813 7.51977e-06 0)
(0.00106011 7.26089e-06 0)
(0.00106046 7.3226e-06 0)
(0.00106288 6.96528e-06 0)
(0.000927832 6.18644e-05 0)
(0.0009301 5.90885e-05 0)
(0.000932242 5.63122e-05 0)
(0.000934262 5.35543e-05 0)
(0.000936162 5.08314e-05 0)
(0.000937946 4.81583e-05 0)
(0.000939617 4.55475e-05 0)
(0.000941181 4.30099e-05 0)
(0.000942641 4.05542e-05 0)
(0.000944002 3.81878e-05 0)
(0.000945269 3.59165e-05 0)
(0.000946447 3.37447e-05 0)
(0.000947541 3.16755e-05 0)
(0.000948555 2.97109e-05 0)
(0.000949495 2.78518e-05 0)
(0.000950366 2.60982e-05 0)
(0.000951172 2.44495e-05 0)
(0.000951918 2.2904e-05 0)
(0.000952609 2.14598e-05 0)
(0.000953249 2.01142e-05 0)
(0.000953842 1.88643e-05 0)
(0.000954393 1.77069e-05 0)
(0.000954906 1.66386e-05 0)
(0.000955385 1.56554e-05 0)
(0.000955834 1.47535e-05 0)
(0.000956257 1.39287e-05 0)
(0.000956657 1.31768e-05 0)
(0.000957038 1.24934e-05 0)
(0.000957404 1.18741e-05 0)
(0.000957758 1.13145e-05 0)
(0.000958103 1.08103e-05 0)
(0.000958443 1.03573e-05 0)
(0.00095878 9.9515e-06 0)
(0.000959118 9.58884e-06 0)
(0.00095946 9.26555e-06 0)
(0.000959809 8.97793e-06 0)
(0.000960166 8.72231e-06 0)
(0.000960535 8.49512e-06 0)
(0.000960918 8.29281e-06 0)
(0.000961317 8.11193e-06 0)
(0.000961734 7.94912e-06 0)
(0.00096217 7.80117e-06 0)
(0.000962625 7.66504e-06 0)
(0.000963102 7.5379e-06 0)
(0.0009636 7.41714e-06 0)
(0.000964118 7.30039e-06 0)
(0.000964658 7.18559e-06 0)
(0.000965217 7.07098e-06 0)
(0.000965795 6.9552e-06 0)
(0.00096639 6.83727e-06 0)
(0.000967001 6.71673e-06 0)
(0.000967625 6.59344e-06 0)
(0.000968261 6.46786e-06 0)
(0.000968906 6.34072e-06 0)
(0.000969558 6.21323e-06 0)
(0.000970216 6.08684e-06 0)
(0.000970876 5.96328e-06 0)
(0.000971538 5.84435e-06 0)
(0.000972198 5.73183e-06 0)
(0.000972858 5.62734e-06 0)
(0.000973515 5.53217e-06 0)
(0.000974172 5.4472e-06 0)
(0.000974827 5.37293e-06 0)
(0.000975485 5.30917e-06 0)
(0.000976146 5.256e-06 0)
(0.000976815 5.2121e-06 0)
(0.000977493 5.17797e-06 0)
(0.000978187 5.15117e-06 0)
(0.000978894 5.13356e-06 0)
(0.000979625 5.1211e-06 0)
(0.000980372 5.11778e-06 0)
(0.000981153 5.11681e-06 0)
(0.000981948 5.12508e-06 0)
(0.000982791 5.13107e-06 0)
(0.000983641 5.14638e-06 0)
(0.00098456 5.15136e-06 0)
(0.000985469 5.16693e-06 0)
(0.000986479 5.15902e-06 0)
(0.000987445 5.16707e-06 0)
(0.000988565 5.13163e-06 0)
(0.00098957 5.12584e-06 0)
(0.00099082 5.04765e-06 0)
(0.000991829 5.02563e-06 0)
(0.000993236 4.89114e-06 0)
(0.000994184 4.85619e-06 0)
(0.000995789 4.65533e-06 0)
(0.000996576 4.61707e-06 0)
(0.000998443 4.34488e-06 0)
(0.000998927 4.31796e-06 0)
(0.00100115 3.97723e-06 0)
(0.00067595 5.06611e-05 0)
(0.000683169 4.83804e-05 0)
(0.000690098 4.6095e-05 0)
(0.00069674 4.38209e-05 0)
(0.000703097 4.15722e-05 0)
(0.000709176 3.93614e-05 0)
(0.000714981 3.71993e-05 0)
(0.000720521 3.50951e-05 0)
(0.000725803 3.30567e-05 0)
(0.000730835 3.10907e-05 0)
(0.000735625 2.92021e-05 0)
(0.000740184 2.73951e-05 0)
(0.000744521 2.56726e-05 0)
(0.000748644 2.40364e-05 0)
(0.000752565 2.24877e-05 0)
(0.000756292 2.10267e-05 0)
(0.000759836 1.96529e-05 0)
(0.000763205 1.83651e-05 0)
(0.00076641 1.71618e-05 0)
(0.000769459 1.60408e-05 0)
(0.000772363 1.49996e-05 0)
(0.00077513 1.40352e-05 0)
(0.000777768 1.31444e-05 0)
(0.000780287 1.23237e-05 0)
(0.000782695 1.15695e-05 0)
(0.000784999 1.0878e-05 0)
(0.000787209 1.02453e-05 0)
(0.00078933 9.66735e-06 0)
(0.000791372 9.14026e-06 0)
(0.000793339 8.6601e-06 0)
(0.000795239 8.22303e-06 0)
(0.000797079 7.82533e-06 0)
(0.000798862 7.46341e-06 0)
(0.000800596 7.13383e-06 0)
(0.000802284 6.83332e-06 0)
(0.000803932 6.55878e-06 0)
(0.000805543 6.30729e-06 0)
(0.000807122 6.07611e-06 0)
(0.000808671 5.8627e-06 0)
(0.000810193 5.66471e-06 0)
(0.000811691 5.48001e-06 0)
(0.000813167 5.30668e-06 0)
(0.000814621 5.14305e-06 0)
(0.000816056 4.98763e-06 0)
(0.000817471 4.83923e-06 0)
(0.000818866 4.69683e-06 0)
(0.000820241 4.55969e-06 0)
(0.000821596 4.42728e-06 0)
(0.000822931 4.29929e-06 0)
(0.000824243 4.17564e-06 0)
(0.000825533 4.05641e-06 0)
(0.000826799 3.94186e-06 0)
(0.000828041 3.83231e-06 0)
(0.000829257 3.72815e-06 0)
(0.000830449 3.62971e-06 0)
(0.000831616 3.53729e-06 0)
(0.000832757 3.45107e-06 0)
(0.000833875 3.37111e-06 0)
(0.000834969 3.29736e-06 0)
(0.000836042 3.22969e-06 0)
(0.000837096 3.16782e-06 0)
(0.000838133 3.11148e-06 0)
(0.000839154 3.0603e-06 0)
(0.000840162 3.0139e-06 0)
(0.00084116 2.97185e-06 0)
(0.00084215 2.93366e-06 0)
(0.000843134 2.89882e-06 0)
(0.000844114 2.86664e-06 0)
(0.000845091 2.83663e-06 0)
(0.000846068 2.80779e-06 0)
(0.000847045 2.77985e-06 0)
(0.000848025 2.7513e-06 0)
(0.000849006 2.72252e-06 0)
(0.000849995 2.69113e-06 0)
(0.000850981 2.65873e-06 0)
(0.000851981 2.62145e-06 0)
(0.000852972 2.58311e-06 0)
(0.000853984 2.53699e-06 0)
(0.000854971 2.49136e-06 0)
(0.000855995 2.43354e-06 0)
(0.000856963 2.38108e-06 0)
(0.000857997 2.30862e-06 0)
(0.000858919 2.25227e-06 0)
(0.000859973 2.16157e-06 0)
(0.000860806 2.1068e-06 0)
(0.000861904 1.99298e-06 0)
(0.000862581 1.94733e-06 0)
(0.00086378 1.80434e-06 0)
(0.000864198 1.77686e-06 0)
(0.000865606 1.59882e-06 0)
(0.000403989 2.91309e-05 0)
(0.000414325 2.76255e-05 0)
(0.000424224 2.61165e-05 0)
(0.000433686 2.46151e-05 0)
(0.000442712 2.31317e-05 0)
(0.000451306 2.16751e-05 0)
(0.000459474 2.02535e-05 0)
(0.000467224 1.88737e-05 0)
(0.000474566 1.75413e-05 0)
(0.000481512 1.62613e-05 0)
(0.000488073 1.50373e-05 0)
(0.000494264 1.38725e-05 0)
(0.000500098 1.27687e-05 0)
(0.000505591 1.17275e-05 0)
(0.000510758 1.07494e-05 0)
(0.000515614 9.83441e-06 0)
(0.000520176 8.98199e-06 0)
(0.000524459 8.19107e-06 0)
(0.000528479 7.46015e-06 0)
(0.000532251 6.78733e-06 0)
(0.000535792 6.17043e-06 0)
(0.000539115 5.60698e-06 0)
(0.000542236 5.09434e-06 0)
(0.000545169 4.62971e-06 0)
(0.000547926 4.21019e-06 0)
(0.000550522 3.83283e-06 0)
(0.000552968 3.49467e-06 0)
(0.000555276 3.19276e-06 0)
(0.000557457 2.92423e-06 0)
(0.000559521 2.68626e-06 0)
(0.000561477 2.47615e-06 0)
(0.000563335 2.29134e-06 0)
(0.000565102 2.12937e-06 0)
(0.000566786 1.98792e-06 0)
(0.000568394 1.86479e-06 0)
(0.000569932 1.75794e-06 0)
(0.000571405 1.66543e-06 0)
(0.000572819 1.58548e-06 0)
(0.000574178 1.51643e-06 0)
(0.000575487 1.45675e-06 0)
(0.000576748 1.40506e-06 0)
(0.000577965 1.3601e-06 0)
(0.000579141 1.32077e-06 0)
(0.000580278 1.28608e-06 0)
(0.000581379 1.25518e-06 0)
(0.000582445 1.22731e-06 0)
(0.000583479 1.20181e-06 0)
(0.000584481 1.17813e-06 0)
(0.000585454 1.15579e-06 0)
(0.000586398 1.13442e-06 0)
(0.000587316 1.11376e-06 0)
(0.000588207 1.09362e-06 0)
(0.000589074 1.07391e-06 0)
(0.000589918 1.0546e-06 0)
(0.000590739 1.03571e-06 0)
(0.00059154 1.01727e-06 0)
(0.000592321 9.99352e-07 0)
(0.000593084 9.82029e-07 0)
(0.000593831 9.65358e-07 0)
(0.000594562 9.49407e-07 0)
(0.000595278 9.34202e-07 0)
(0.000595982 9.19778e-07 0)
(0.000596673 9.06128e-07 0)
(0.000597353 8.93269e-07 0)
(0.000598022 8.81192e-07 0)
(0.000598681 8.69899e-07 0)
(0.000599332 8.59376e-07 0)
(0.000599973 8.49581e-07 0)
(0.000600606 8.40477e-07 0)
(0.000601231 8.31976e-07 0)
(0.000601848 8.24005e-07 0)
(0.000602457 8.16471e-07 0)
(0.000603057 8.09249e-07 0)
(0.00060365 8.02278e-07 0)
(0.000604234 7.95342e-07 0)
(0.000604808 7.8841e-07 0)
(0.000605373 7.81176e-07 0)
(0.000605928 7.73514e-07 0)
(0.00060647 7.65219e-07 0)
(0.000607001 7.55729e-07 0)
(0.000607517 7.45489e-07 0)
(0.000608023 7.3268e-07 0)
(0.000608505 7.19845e-07 0)
(0.000608986 7.01442e-07 0)
(0.000609423 6.86423e-07 0)
(0.000609888 6.58177e-07 0)
(0.000610258 6.43527e-07 0)
(0.000610737 5.97472e-07 0)
(0.000610986 5.88134e-07 0)
(0.000611557 5.11863e-07 0)
(0.000121444 4.37215e-06 0)
(0.000129015 4.01383e-06 0)
(0.000136156 3.66101e-06 0)
(0.000142868 3.31702e-06 0)
(0.000149155 2.9847e-06 0)
(0.000155026 2.66643e-06 0)
(0.000160492 2.36414e-06 0)
(0.000165564 2.07934e-06 0)
(0.000170257 1.81313e-06 0)
(0.000174586 1.56625e-06 0)
(0.000178569 1.3391e-06 0)
(0.000182224 1.13178e-06 0)
(0.000185569 9.44106e-07 0)
(0.000188623 7.75675e-07 0)
(0.000191405 6.25876e-07 0)
(0.000193933 4.93932e-07 0)
(0.000196227 3.78932e-07 0)
(0.000198305 2.79863e-07 0)
(0.000200184 1.95637e-07 0)
(0.000201881 1.25116e-07 0)
(0.000203412 6.71395e-08 0)
(0.000204794 2.05372e-08 0)
(0.000206041 -1.58484e-08 0)
(0.000207167 -4.31498e-08 0)
(0.000208184 -6.24623e-08 0)
(0.000209105 -7.48337e-08 0)
(0.00020994 -8.12572e-08 0)
(0.000210699 -8.26642e-08 0)
(0.000211392 -7.9921e-08 0)
(0.000212027 -7.38247e-08 0)
(0.000212612 -6.51017e-08 0)
(0.000213153 -5.44073e-08 0)
(0.000213656 -4.2325e-08 0)
(0.000214127 -2.93689e-08 0)
(0.00021457 -1.5985e-08 0)
(0.00021499 -2.5544e-09 0)
(0.000215389 1.06026e-08 0)
(0.000215772 2.32229e-08 0)
(0.00021614 3.50953e-08 0)
(0.000216496 4.60563e-08 0)
(0.000216841 5.5984e-08 0)
(0.000217178 6.47932e-08 0)
(0.000217506 7.243e-08 0)
(0.000217827 7.8868e-08 0)
(0.000218143 8.4104e-08 0)
(0.000218452 8.81577e-08 0)
(0.000218756 9.10757e-08 0)
(0.000219055 9.29314e-08 0)
(0.000219348 9.3823e-08 0)
(0.000219637 9.387e-08 0)
(0.000219921 9.32104e-08 0)
(0.000220199 9.19953e-08 0)
(0.000220472 9.03829e-08 0)
(0.00022074 8.85316e-08 0)
(0.000221003 8.65935e-08 0)
(0.000221261 8.47097e-08 0)
(0.000221514 8.30052e-08 0)
(0.000221763 8.15862e-08 0)
(0.000222006 8.05355e-08 0)
(0.000222246 7.99145e-08 0)
(0.000222481 7.97592e-08 0)
(0.000222712 8.00902e-08 0)
(0.000222941 8.0912e-08 0)
(0.000223166 8.2228e-08 0)
(0.000223388 8.40338e-08 0)
(0.000223608 8.63273e-08 0)
(0.000223827 8.90972e-08 0)
(0.000224044 9.23268e-08 0)
(0.000224259 9.59902e-08 0)
(0.000224474 1.00046e-07 0)
(0.000224688 1.04451e-07 0)
(0.000224901 1.09133e-07 0)
(0.000225114 1.1403e-07 0)
(0.000225327 1.19039e-07 0)
(0.00022554 1.24085e-07 0)
(0.000225752 1.29039e-07 0)
(0.000225964 1.33823e-07 0)
(0.000226176 1.38294e-07 0)
(0.000226387 1.42388e-07 0)
(0.000226597 1.45947e-07 0)
(0.000226805 1.48927e-07 0)
(0.000227012 1.51145e-07 0)
(0.000227216 1.5251e-07 0)
(0.000227417 1.52859e-07 0)
(0.000227614 1.51738e-07 0)
(0.000227805 1.49299e-07 0)
(0.00022799 1.43816e-07 0)
(0.00022817 1.3638e-07 0)
(0.000228327 1.23683e-07 0)
(0.000228519 1.01588e-07 0)
)
;

boundaryField
{
    inlet
    {
        type            fixedValue;
        value           nonuniform List<vector> 0();
    }
    outlet
    {
        type            zeroGradient;
    }
    wall
    {
        type            noSlip;
    }
    obstacle
    {
        type            noSlip;
    }
    frontAndBack
    {
        type            empty;
    }
    procBoundary3to2
    {
        type            processor;
        value           nonuniform List<vector> 
31
(
(0.000121578 -4.36976e-06 0)
(0.00040422 -2.91079e-05 0)
(0.000676127 -5.06263e-05 0)
(0.00092748 -6.18961e-05 0)
(0.0010991 -6.14096e-05 0)
(0.00117316 -5.32602e-05 0)
(0.00120065 -4.29519e-05 0)
(0.00124372 -3.40868e-05 0)
(0.00131598 -2.56278e-05 0)
(0.00137856 -1.64372e-05 0)
(0.00138014 -6.89413e-06 0)
(0.00129328 1.4703e-06 0)
(0.00112367 7.1719e-06 0)
(0.000908553 9.04632e-06 0)
(0.000750996 5.01709e-06 0)
(0.000750996 5.01709e-06 0)
(0.000747855 -1.93716e-06 0)
(0.000905828 -6.47938e-06 0)
(0.00112266 -5.47237e-06 0)
(0.00129522 -2.57343e-07 0)
(0.00138473 7.87868e-06 0)
(0.0013847 1.74314e-05 0)
(0.00132237 2.67822e-05 0)
(0.00124989 3.55093e-05 0)
(0.00120688 4.47446e-05 0)
(0.00117888 5.5532e-05 0)
(0.00110218 6.40559e-05 0)
(0.000925438 6.46191e-05 0)
(0.00066844 5.29196e-05 0)
(0.000393222 3.06202e-05 0)
(0.000113445 4.73217e-06 0)
)
;
    }
}


// ************************************************************************* //
