/*--------------------------------*- C++ -*----------------------------------*\
| =========                 |                                                 |
| \\      /  F ield         | OpenFOAM: The Open Source CFD Toolbox           |
|  \\    /   O peration     | Version:  2312                                  |
|   \\  /    A nd           | Website:  www.openfoam.com                      |
|    \\/     M anipulation  |                                                 |
\*---------------------------------------------------------------------------*/
FoamFile
{
    version     2.0;
    format      ascii;
    arch        "LSB;label=32;scalar=64";
    class       volVectorField;
    location    "69000";
    object      U;
}
// * * * * * * * * * * * * * * * * * * * * * * * * * * * * * * * * * * * * * //

dimensions      [0 1 -1 0 0 0 0];

internalField   nonuniform List<vector> 
2685
(
(0.000670894 -1.95467e-05 0)
(0.000672316 -7.52848e-06 0)
(0.00064593 1.94308e-06 0)
(0.000619158 1.1092e-05 0)
(0.000593187 1.92013e-05 0)
(0.000565778 2.56582e-05 0)
(0.000535306 3.04772e-05 0)
(0.000501645 3.40021e-05 0)
(0.000465487 3.65885e-05 0)
(0.000427612 3.84249e-05 0)
(0.000388487 3.95623e-05 0)
(0.000348356 3.99838e-05 0)
(0.000307449 3.96472e-05 0)
(0.000266096 3.84479e-05 0)
(0.000224745 3.6268e-05 0)
(0.000183892 3.27604e-05 0)
(0.00014434 2.69823e-05 0)
(0.000107221 1.79571e-05 0)
(7.37709e-05 5.90422e-06 0)
(4.499e-05 -7.62726e-06 0)
(2.13296e-05 -2.08395e-05 0)
(2.7611e-06 -3.23584e-05 0)
(-1.03812e-05 -4.13782e-05 0)
(-1.89375e-05 -4.79405e-05 0)
(-2.3663e-05 -5.17759e-05 0)
(-2.55601e-05 -5.27688e-05 0)
(-2.5056e-05 -5.09116e-05 0)
(-2.3018e-05 -4.6863e-05 0)
(-2.01461e-05 -4.1212e-05 0)
(-1.71225e-05 -3.43934e-05 0)
(-1.44083e-05 -2.68482e-05 0)
(-1.23409e-05 -1.90833e-05 0)
(-1.11827e-05 -1.15831e-05 0)
(-1.09679e-05 -4.74418e-06 0)
(-1.16536e-05 1.11242e-06 0)
(-1.32647e-05 5.78755e-06 0)
(-1.58464e-05 9.23433e-06 0)
(-1.93111e-05 1.15225e-05 0)
(-2.34472e-05 1.28203e-05 0)
(-2.80668e-05 1.33192e-05 0)
(-3.30318e-05 1.32137e-05 0)
(-3.82562e-05 1.2694e-05 0)
(-4.36902e-05 1.19294e-05 0)
(-4.93035e-05 1.10579e-05 0)
(-5.50756e-05 1.01843e-05 0)
(-6.09907e-05 9.38297e-06 0)
(-6.70349e-05 8.70071e-06 0)
(-7.3191e-05 8.15545e-06 0)
(-7.94266e-05 7.71874e-06 0)
(-8.56839e-05 7.36149e-06 0)
(-9.18833e-05 7.05985e-06 0)
(-9.79349e-05 6.78706e-06 0)
(-0.000103744 6.51588e-06 0)
(-0.000109215 6.22165e-06 0)
(-0.000114249 5.88518e-06 0)
(-0.00011875 5.4936e-06 0)
(-0.000122622 5.03953e-06 0)
(-0.000125778 4.52145e-06 0)
(-0.000128139 3.94583e-06 0)
(-0.00012964 3.32507e-06 0)
(-0.00013022 2.64067e-06 0)
(-0.000129857 1.88185e-06 0)
(-0.000128542 1.07139e-06 0)
(-0.000126253 2.27633e-07 0)
(-0.000122988 -6.3232e-07 0)
(-0.000118759 -1.49177e-06 0)
(-0.000113595 -2.33452e-06 0)
(-0.000107535 -3.14539e-06 0)
(-0.000100629 -3.91071e-06 0)
(-9.29393e-05 -4.61869e-06 0)
(-8.45331e-05 -5.25954e-06 0)
(-7.54857e-05 -5.82561e-06 0)
(-6.58766e-05 -6.31125e-06 0)
(-5.57885e-05 -6.71303e-06 0)
(-4.53057e-05 -7.02892e-06 0)
(-3.45091e-05 -7.25933e-06 0)
(-2.34787e-05 -7.40843e-06 0)
(-1.22897e-05 -7.48182e-06 0)
(-1.00974e-06 -7.49037e-06 0)
(1.02717e-05 -7.44362e-06 0)
(2.14754e-05 -7.3423e-06 0)
(3.25473e-05 -7.19129e-06 0)
(4.34322e-05 -6.99609e-06 0)
(5.40799e-05 -6.76196e-06 0)
(6.44462e-05 -6.49385e-06 0)
(7.44929e-05 -6.19639e-06 0)
(8.41877e-05 -5.87468e-06 0)
(9.3504e-05 -5.53432e-06 0)
(0.000102421 -5.18084e-06 0)
(0.000110922 -4.8195e-06 0)
(0.00127049 5.72365e-05 0)
(0.001251 6.73652e-05 0)
(0.00123588 7.66577e-05 0)
(0.00122032 8.59112e-05 0)
(0.00120275 9.47188e-05 0)
(0.00118306 0.0001027 0)
(0.00116153 0.000109765 0)
(0.00113844 0.000115995 0)
(0.00111398 0.000121495 0)
(0.00108824 0.000126328 0)
(0.00106128 0.000130475 0)
(0.00103315 0.000133904 0)
(0.00100391 0.000136515 0)
(0.000973674 0.000138208 0)
(0.000942501 0.000138805 0)
(0.000910504 0.000138134 0)
(0.000877669 0.000135981 0)
(0.000843947 0.000132122 0)
(0.000809066 0.000126519 0)
(0.000772381 0.000119149 0)
(0.000733758 0.000110412 0)
(0.000692467 0.000100396 0)
(0.000649661 8.97337e-05 0)
(0.000605043 7.86034e-05 0)
(0.000559442 6.74168e-05 0)
(0.000513702 5.65312e-05 0)
(0.000469042 4.64238e-05 0)
(0.000425987 3.74793e-05 0)
(0.000384782 2.97888e-05 0)
(0.000345892 2.32403e-05 0)
(0.000309787 1.76912e-05 0)
(0.000276749 1.30274e-05 0)
(0.000246885 9.18664e-06 0)
(0.000220222 6.25127e-06 0)
(0.000196553 4.33958e-06 0)
(0.000175566 3.444e-06 0)
(0.000157454 3.53425e-06 0)
(0.000142089 4.30934e-06 0)
(0.00012893 5.33581e-06 0)
(0.000117653 6.49694e-06 0)
(0.000107915 7.82708e-06 0)
(9.94438e-05 9.33598e-06 0)
(9.20209e-05 1.09651e-05 0)
(8.54639e-05 1.26262e-05 0)
(7.96202e-05 1.42344e-05 0)
(7.4361e-05 1.57193e-05 0)
(6.9566e-05 1.70301e-05 0)
(6.51021e-05 1.81196e-05 0)
(6.09517e-05 1.89208e-05 0)
(5.71267e-05 1.93371e-05 0)
(5.36755e-05 1.93106e-05 0)
(5.06431e-05 1.88302e-05 0)
(4.80862e-05 1.79026e-05 0)
(4.60742e-05 1.65424e-05 0)
(4.46824e-05 1.4774e-05 0)
(4.39852e-05 1.26295e-05 0)
(4.40546e-05 1.01465e-05 0)
(4.49631e-05 7.36902e-06 0)
(4.67494e-05 4.35888e-06 0)
(4.94116e-05 1.14429e-06 0)
(5.29197e-05 -2.21726e-06 0)
(5.73419e-05 -5.68819e-06 0)
(6.27324e-05 -9.21161e-06 0)
(6.9079e-05 -1.27293e-05 0)
(7.63626e-05 -1.61889e-05 0)
(8.45544e-05 -1.95445e-05 0)
(9.36154e-05 -2.27549e-05 0)
(0.000103497 -2.57836e-05 0)
(0.00011414 -2.85987e-05 0)
(0.000125481 -3.11736e-05 0)
(0.000137448 -3.34867e-05 0)
(0.000149968 -3.55221e-05 0)
(0.000162964 -3.72683e-05 0)
(0.000176356 -3.87183e-05 0)
(0.000190066 -3.98701e-05 0)
(0.000204014 -4.07249e-05 0)
(0.000218118 -4.12904e-05 0)
(0.000232301 -4.15791e-05 0)
(0.000246496 -4.16129e-05 0)
(0.000260646 -4.14182e-05 0)
(0.000274694 -4.10099e-05 0)
(0.000288584 -4.04049e-05 0)
(0.00030227 -3.96226e-05 0)
(0.000315706 -3.86831e-05 0)
(0.000328856 -3.76074e-05 0)
(0.000341684 -3.64163e-05 0)
(0.000354158 -3.51294e-05 0)
(0.000366251 -3.37644e-05 0)
(0.000377942 -3.23378e-05 0)
(0.000389214 -3.08653e-05 0)
(0.00152231 6.7204e-05 0)
(0.00150902 7.92235e-05 0)
(0.00149933 9.08181e-05 0)
(0.00149021 0.000101791 0)
(0.00148012 0.000112235 0)
(0.00146869 0.000122212 0)
(0.00145603 0.0001317 0)
(0.00144245 0.000140633 0)
(0.00142815 0.00014892 0)
(0.00141325 0.000156481 0)
(0.00139772 0.000163233 0)
(0.00138153 0.00016909 0)
(0.00136459 0.000173961 0)
(0.00134683 0.00017772 0)
(0.00132819 0.000180257 0)
(0.00130856 0.00018141 0)
(0.00128792 0.000181094 0)
(0.00126605 0.0001792 0)
(0.00124301 0.000175814 0)
(0.00121849 0.000171118 0)
(0.00119265 0.000165504 0)
(0.00116523 0.000159385 0)
(0.00113657 0.000153198 0)
(0.00110661 0.000147279 0)
(0.00107566 0.000141814 0)
(0.00104434 0.000136953 0)
(0.0010128 0.000132631 0)
(0.000980947 0.000128649 0)
(0.000948674 0.000124802 0)
(0.00091594 0.000120872 0)
(0.000882975 0.00011669 0)
(0.000849984 0.000112103 0)
(0.000817249 0.000107038 0)
(0.000784874 0.000101481 0)
(0.000752969 9.54668e-05 0)
(0.000721682 8.90941e-05 0)
(0.000691028 8.24103e-05 0)
(0.000661329 7.55974e-05 0)
(0.000632552 6.88222e-05 0)
(0.000605027 6.22823e-05 0)
(0.000579038 5.6142e-05 0)
(0.000554726 5.05016e-05 0)
(0.000532163 4.54071e-05 0)
(0.000511397 4.08657e-05 0)
(0.000492482 3.68545e-05 0)
(0.000475453 3.33491e-05 0)
(0.000460253 3.03043e-05 0)
(0.000446918 2.7604e-05 0)
(0.000435564 2.51397e-05 0)
(0.000426017 2.28088e-05 0)
(0.000418097 2.04925e-05 0)
(0.00041171 1.80853e-05 0)
(0.000406775 1.55028e-05 0)
(0.000403192 1.26682e-05 0)
(0.000400863 9.53557e-06 0)
(0.000399699 6.10704e-06 0)
(0.000399637 2.38458e-06 0)
(0.000400592 -1.63941e-06 0)
(0.000402404 -5.97305e-06 0)
(0.000405111 -1.06025e-05 0)
(0.000408756 -1.54533e-05 0)
(0.000413232 -2.04323e-05 0)
(0.000418474 -2.54523e-05 0)
(0.000424438 -3.04349e-05 0)
(0.000431075 -3.53178e-05 0)
(0.000438332 -4.00457e-05 0)
(0.000446151 -4.45616e-05 0)
(0.000454478 -4.88088e-05 0)
(0.000463257 -5.27389e-05 0)
(0.000472433 -5.63144e-05 0)
(0.000481953 -5.95073e-05 0)
(0.00049176 -6.22973e-05 0)
(0.000501798 -6.46704e-05 0)
(0.000512013 -6.66194e-05 0)
(0.000522353 -6.81435e-05 0)
(0.000532767 -6.92486e-05 0)
(0.000543206 -6.99469e-05 0)
(0.000553625 -7.02546e-05 0)
(0.000563985 -7.01929e-05 0)
(0.000574249 -6.97896e-05 0)
(0.000584381 -6.90741e-05 0)
(0.000594349 -6.80756e-05 0)
(0.000604125 -6.68233e-05 0)
(0.000613681 -6.53461e-05 0)
(0.000622997 -6.36722e-05 0)
(0.000632051 -6.183e-05 0)
(0.00064083 -5.98477e-05 0)
(0.000649325 -5.77522e-05 0)
(0.00065753 -5.55686e-05 0)
(0.000665439 -5.33202e-05 0)
(0.00163662 9.08865e-05 0)
(0.0016274 0.000103772 0)
(0.00161973 0.000116264 0)
(0.00161284 0.000127998 0)
(0.00160606 0.000139026 0)
(0.00159901 0.00014947 0)
(0.00159157 0.000159409 0)
(0.00158377 0.00016884 0)
(0.00157569 0.000177701 0)
(0.00156738 0.000185903 0)
(0.00155889 0.000193365 0)
(0.00155016 0.000200009 0)
(0.00154117 0.000205776 0)
(0.00153179 0.000210606 0)
(0.00152198 0.000214454 0)
(0.00151162 0.000217277 0)
(0.00150066 0.000219052 0)
(0.00148897 0.000219782 0)
(0.00147651 0.000219495 0)
(0.00146316 0.000218277 0)
(0.00144884 0.000216227 0)
(0.00143351 0.000213503 0)
(0.00141714 0.000210231 0)
(0.00139985 0.000206544 0)
(0.00138163 0.000202512 0)
(0.00136269 0.000198165 0)
(0.00134302 0.000193483 0)
(0.00132263 0.000188456 0)
(0.00130171 0.000183118 0)
(0.00128044 0.000177535 0)
(0.00125897 0.000171771 0)
(0.00123743 0.000165892 0)
(0.00121589 0.000159923 0)
(0.00119443 0.000153904 0)
(0.001173 0.000147846 0)
(0.0011517 0.000141792 0)
(0.00113044 0.000135742 0)
(0.00110943 0.0001297 0)
(0.00108882 0.000123713 0)
(0.00106866 0.000117787 0)
(0.00104892 0.000111888 0)
(0.0010296 0.00010597 0)
(0.00101074 9.9997e-05 0)
(0.00099244 9.39625e-05 0)
(0.000974828 8.78616e-05 0)
(0.000958033 8.17027e-05 0)
(0.00094215 7.54921e-05 0)
(0.000927277 6.9228e-05 0)
(0.000913504 6.28973e-05 0)
(0.00090088 5.64728e-05 0)
(0.000889442 4.99476e-05 0)
(0.000879191 4.33347e-05 0)
(0.000870131 3.66163e-05 0)
(0.000862268 2.98038e-05 0)
(0.00085554 2.29154e-05 0)
(0.000849891 1.59308e-05 0)
(0.000845317 8.90405e-06 0)
(0.000841655 1.86075e-06 0)
(0.000838874 -5.22061e-06 0)
(0.000837034 -1.22167e-05 0)
(0.000836047 -1.91394e-05 0)
(0.000835814 -2.60051e-05 0)
(0.000836259 -3.27509e-05 0)
(0.000837303 -3.92861e-05 0)
(0.000838863 -4.5538e-05 0)
(0.000840874 -5.14596e-05 0)
(0.000843287 -5.7015e-05 0)
(0.000846056 -6.21676e-05 0)
(0.000849129 -6.68805e-05 0)
(0.000852454 -7.11213e-05 0)
(0.000855984 -7.48663e-05 0)
(0.000859679 -7.81009e-05 0)
(0.000863502 -8.08179e-05 0)
(0.000867419 -8.30169e-05 0)
(0.000871397 -8.47044e-05 0)
(0.000875408 -8.58924e-05 0)
(0.000879425 -8.65989e-05 0)
(0.000883418 -8.68473e-05 0)
(0.00088736 -8.66629e-05 0)
(0.000891228 -8.60714e-05 0)
(0.000895007 -8.51022e-05 0)
(0.000898688 -8.37908e-05 0)
(0.000902263 -8.21759e-05 0)
(0.000905723 -8.02955e-05 0)
(0.000909063 -7.81856e-05 0)
(0.000912276 -7.58805e-05 0)
(0.000915356 -7.34131e-05 0)
(0.000918302 -7.08155e-05 0)
(0.000921112 -6.81182e-05 0)
(0.000923784 -6.53492e-05 0)
(0.00161902 0.000108841 0)
(0.00161233 0.000119331 0)
(0.00160653 0.000129979 0)
(0.00160135 0.000140553 0)
(0.00159651 0.000150885 0)
(0.00159176 0.000160871 0)
(0.00158699 0.000170445 0)
(0.00158219 0.000179552 0)
(0.00157743 0.000188144 0)
(0.00157276 0.000196165 0)
(0.00156824 0.000203563 0)
(0.00156387 0.00021028 0)
(0.00155963 0.00021627 0)
(0.00155545 0.000221489 0)
(0.0015513 0.000225903 0)
(0.00154707 0.000229489 0)
(0.00154271 0.000232231 0)
(0.00153812 0.000234129 0)
(0.00153324 0.000235198 0)
(0.00152799 0.00023547 0)
(0.00152229 0.000235 0)
(0.00151608 0.000233856 0)
(0.00150929 0.000232123 0)
(0.0015019 0.000229866 0)
(0.00149394 0.000227156 0)
(0.00148546 0.000224038 0)
(0.00147654 0.00022057 0)
(0.00146723 0.000216822 0)
(0.00145762 0.000212855 0)
(0.00144779 0.000208699 0)
(0.0014378 0.000204352 0)
(0.00142771 0.000199804 0)
(0.00141752 0.000195035 0)
(0.00140724 0.000190022 0)
(0.00139685 0.000184747 0)
(0.00138635 0.000179199 0)
(0.00137574 0.000173392 0)
(0.00136504 0.000167325 0)
(0.00135428 0.000160998 0)
(0.00134345 0.000154402 0)
(0.00133254 0.000147543 0)
(0.00132163 0.000140448 0)
(0.00131081 0.000133158 0)
(0.00130017 0.000125716 0)
(0.00128978 0.00011816 0)
(0.00127971 0.000110514 0)
(0.00126998 0.000102795 0)
(0.00126064 9.50028e-05 0)
(0.00125171 8.71378e-05 0)
(0.00124322 7.9189e-05 0)
(0.00123518 7.11506e-05 0)
(0.00122761 6.30228e-05 0)
(0.00122049 5.48018e-05 0)
(0.00121384 4.64999e-05 0)
(0.00120763 3.81202e-05 0)
(0.00120182 2.96921e-05 0)
(0.00119644 2.12463e-05 0)
(0.0011914 1.28042e-05 0)
(0.00118672 4.45535e-06 0)
(0.00118236 -3.79446e-06 0)
(0.00117819 -1.18732e-05 0)
(0.00117421 -1.96963e-05 0)
(0.00117052 -2.72613e-05 0)
(0.00116712 -3.45535e-05 0)
(0.0011639 -4.15205e-05 0)
(0.00116082 -4.80969e-05 0)
(0.00115782 -5.42297e-05 0)
(0.00115491 -5.98833e-05 0)
(0.00115208 -6.50308e-05 0)
(0.00114931 -6.96489e-05 0)
(0.0011466 -7.37178e-05 0)
(0.00114393 -7.72253e-05 0)
(0.00114128 -8.0168e-05 0)
(0.00113867 -8.2551e-05 0)
(0.00113609 -8.43859e-05 0)
(0.00113353 -8.56905e-05 0)
(0.001131 -8.6487e-05 0)
(0.0011285 -8.68024e-05 0)
(0.00112605 -8.6666e-05 0)
(0.00112363 -8.61081e-05 0)
(0.00112126 -8.51619e-05 0)
(0.00111893 -8.38628e-05 0)
(0.00111663 -8.22468e-05 0)
(0.00111438 -8.03507e-05 0)
(0.00111217 -7.82118e-05 0)
(0.00111001 -7.58667e-05 0)
(0.00110791 -7.33511e-05 0)
(0.00110585 -7.06986e-05 0)
(0.00110386 -6.79411e-05 0)
(0.00110192 -6.51083e-05 0)
(0.00163469 0.000123541 0)
(0.0016266 0.00013402 0)
(0.0016192 0.000144556 0)
(0.00161187 0.000155053 0)
(0.00160425 0.000165331 0)
(0.00159627 0.000175222 0)
(0.00158799 0.000184601 0)
(0.00157956 0.000193383 0)
(0.00157114 0.000201521 0)
(0.00156286 0.000208983 0)
(0.00155483 0.000215741 0)
(0.0015471 0.000221774 0)
(0.00153971 0.000227061 0)
(0.00153268 0.000231586 0)
(0.00152603 0.000235342 0)
(0.00151973 0.000238327 0)
(0.0015138 0.000240549 0)
(0.0015082 0.000242026 0)
(0.00150292 0.000242785 0)
(0.00149791 0.000242863 0)
(0.00149313 0.000242306 0)
(0.00148853 0.000241168 0)
(0.00148407 0.000239513 0)
(0.00147971 0.000237414 0)
(0.00147546 0.000234942 0)
(0.00147131 0.00023216 0)
(0.00146731 0.000229118 0)
(0.00146346 0.00022585 0)
(0.00145978 0.000222377 0)
(0.00145626 0.0002187 0)
(0.00145289 0.000214809 0)
(0.00144964 0.000210677 0)
(0.00144649 0.000206279 0)
(0.00144337 0.000201592 0)
(0.00144026 0.000196599 0)
(0.00143714 0.000191291 0)
(0.00143399 0.000185672 0)
(0.0014308 0.000179753 0)
(0.00142757 0.000173544 0)
(0.00142428 0.000167073 0)
(0.00142092 0.000160378 0)
(0.0014175 0.000153498 0)
(0.00141404 0.000146456 0)
(0.00141055 0.000139264 0)
(0.00140703 0.000131923 0)
(0.00140349 0.000124429 0)
(0.00139993 0.000116777 0)
(0.00139632 0.000108964 0)
(0.00139269 0.000100993 0)
(0.00138901 9.2866e-05 0)
(0.0013853 8.45895e-05 0)
(0.00138154 7.61776e-05 0)
(0.00137772 6.7642e-05 0)
(0.00137384 5.90122e-05 0)
(0.00136987 5.03089e-05 0)
(0.00136583 4.15693e-05 0)
(0.00136167 3.28352e-05 0)
(0.0013574 2.41373e-05 0)
(0.00135303 1.55462e-05 0)
(0.0013485 7.08392e-06 0)
(0.00134396 -1.18111e-06 0)
(0.00133924 -9.16475e-06 0)
(0.00133419 -1.68124e-05 0)
(0.0013289 -2.40915e-05 0)
(0.00132346 -3.09852e-05 0)
(0.0013179 -3.74657e-05 0)
(0.00131218 -4.34951e-05 0)
(0.00130631 -4.90388e-05 0)
(0.00130028 -5.40729e-05 0)
(0.00129415 -5.8582e-05 0)
(0.00128792 -6.25551e-05 0)
(0.00128162 -6.59858e-05 0)
(0.00127528 -6.88738e-05 0)
(0.0012689 -7.12261e-05 0)
(0.00126253 -7.30563e-05 0)
(0.00125618 -7.43827e-05 0)
(0.00124989 -7.52282e-05 0)
(0.00124367 -7.56186e-05 0)
(0.00123754 -7.55837e-05 0)
(0.00123153 -7.51578e-05 0)
(0.00122565 -7.43758e-05 0)
(0.00121991 -7.32712e-05 0)
(0.00121433 -7.18761e-05 0)
(0.00120891 -7.02236e-05 0)
(0.00120367 -6.83477e-05 0)
(0.0011986 -6.6282e-05 0)
(0.00119371 -6.40585e-05 0)
(0.00118901 -6.17075e-05 0)
(0.00118448 -5.92572e-05 0)
(0.00118014 -5.67339e-05 0)
(0.00175728 0.000137555 0)
(0.00174761 0.000150537 0)
(0.00173843 0.000163011 0)
(0.00172896 0.000174943 0)
(0.00171876 0.000186289 0)
(0.00170772 0.000196995 0)
(0.00169591 0.000206997 0)
(0.00168351 0.000216233 0)
(0.0016707 0.000224651 0)
(0.00165764 0.000232213 0)
(0.00164444 0.000238894 0)
(0.00163119 0.000244676 0)
(0.00161795 0.000249553 0)
(0.00160478 0.000253524 0)
(0.00159174 0.0002566 0)
(0.00157888 0.000258797 0)
(0.00156627 0.00026014 0)
(0.00155397 0.000260663 0)
(0.00154202 0.000260407 0)
(0.00153048 0.000259423 0)
(0.00151938 0.000257769 0)
(0.00150876 0.000255513 0)
(0.00149865 0.000252725 0)
(0.00148908 0.000249482 0)
(0.00148009 0.000245857 0)
(0.00147171 0.000241918 0)
(0.00146395 0.000237715 0)
(0.00145683 0.000233284 0)
(0.00145034 0.000228648 0)
(0.00144448 0.000223818 0)
(0.00143922 0.000218803 0)
(0.00143454 0.000213605 0)
(0.0014304 0.000208224 0)
(0.00142675 0.000202664 0)
(0.00142355 0.000196935 0)
(0.00142077 0.000191046 0)
(0.00141838 0.000185005 0)
(0.00141634 0.00017882 0)
(0.00141461 0.000172495 0)
(0.00141315 0.000166038 0)
(0.00141192 0.000159455 0)
(0.00141087 0.000152752 0)
(0.00140994 0.000145929 0)
(0.0014091 0.000138982 0)
(0.0014083 0.000131906 0)
(0.00140751 0.000124696 0)
(0.00140669 0.000117352 0)
(0.00140581 0.000109878 0)
(0.00140484 0.000102283 0)
(0.00140377 9.45764e-05 0)
(0.00140256 8.67743e-05 0)
(0.00140118 7.88874e-05 0)
(0.00139962 7.09428e-05 0)
(0.00139783 6.29571e-05 0)
(0.0013958 5.49599e-05 0)
(0.0013935 4.6984e-05 0)
(0.00139092 3.90481e-05 0)
(0.00138804 3.12089e-05 0)
(0.00138485 2.3472e-05 0)
(0.00138134 1.58976e-05 0)
(0.00137751 8.50352e-06 0)
(0.00137337 1.28778e-06 0)
(0.00136893 -5.65936e-06 0)
(0.00136415 -1.22868e-05 0)
(0.001359 -1.8564e-05 0)
(0.00135354 -2.44598e-05 0)
(0.00134779 -2.99481e-05 0)
(0.00134182 -3.50043e-05 0)
(0.00133562 -3.96088e-05 0)
(0.00132925 -4.37486e-05 0)
(0.00132274 -4.74169e-05 0)
(0.00131612 -5.06116e-05 0)
(0.00130944 -5.33346e-05 0)
(0.00130271 -5.55923e-05 0)
(0.00129598 -5.73961e-05 0)
(0.00128927 -5.87618e-05 0)
(0.00128261 -5.9709e-05 0)
(0.00127604 -6.02605e-05 0)
(0.00126958 -6.04413e-05 0)
(0.00126325 -6.02786e-05 0)
(0.00125706 -5.98006e-05 0)
(0.00125104 -5.9036e-05 0)
(0.00124519 -5.80145e-05 0)
(0.00123952 -5.67655e-05 0)
(0.00123403 -5.53176e-05 0)
(0.00122873 -5.36977e-05 0)
(0.00122361 -5.19319e-05 0)
(0.00121869 -5.00446e-05 0)
(0.00121395 -4.80595e-05 0)
(0.0012094 -4.59984e-05 0)
(0.0017961 0.000152471 0)
(0.00179034 0.000167208 0)
(0.00178515 0.000181333 0)
(0.00177991 0.000194759 0)
(0.00177417 0.000207461 0)
(0.0017677 0.000219422 0)
(0.00176045 0.000230614 0)
(0.00175249 0.00024099 0)
(0.0017439 0.000250499 0)
(0.00173478 0.000259087 0)
(0.0017252 0.000266709 0)
(0.00171518 0.00027333 0)
(0.00170475 0.000278926 0)
(0.00169392 0.000283484 0)
(0.00168272 0.000287004 0)
(0.00167119 0.000289497 0)
(0.00165935 0.000290983 0)
(0.00164729 0.000291495 0)
(0.00163505 0.000291075 0)
(0.0016227 0.000289774 0)
(0.00161031 0.000287652 0)
(0.00159795 0.000284775 0)
(0.00158569 0.000281216 0)
(0.00157361 0.000277049 0)
(0.00156177 0.000272347 0)
(0.00155024 0.000267176 0)
(0.00153907 0.000261598 0)
(0.0015283 0.000255666 0)
(0.001518 0.000249427 0)
(0.00150819 0.000242926 0)
(0.00149892 0.000236202 0)
(0.0014902 0.000229291 0)
(0.00148205 0.000222227 0)
(0.00147448 0.000215041 0)
(0.0014675 0.000207764 0)
(0.00146109 0.000200422 0)
(0.00145524 0.000193033 0)
(0.00144993 0.000185611 0)
(0.00144515 0.000178162 0)
(0.00144085 0.00017069 0)
(0.001437 0.000163195 0)
(0.00143356 0.000155676 0)
(0.00143048 0.000148135 0)
(0.00142772 0.000140572 0)
(0.00142523 0.000132991 0)
(0.00142298 0.000125396 0)
(0.00142093 0.000117792 0)
(0.00141904 0.000110184 0)
(0.00141727 0.000102577 0)
(0.00141557 9.49776e-05 0)
(0.0014139 8.7392e-05 0)
(0.00141223 7.98283e-05 0)
(0.00141052 7.22975e-05 0)
(0.00140872 6.48116e-05 0)
(0.0014068 5.73879e-05 0)
(0.00140474 5.00423e-05 0)
(0.0014025 4.27974e-05 0)
(0.00140006 3.56732e-05 0)
(0.00139739 2.86953e-05 0)
(0.0013945 2.1888e-05 0)
(0.00139135 1.52739e-05 0)
(0.00138796 8.88415e-06 0)
(0.0013843 2.72935e-06 0)
(0.00138035 -3.16449e-06 0)
(0.00137618 -8.76644e-06 0)
(0.00137182 -1.40491e-05 0)
(0.00136726 -1.89905e-05 0)
(0.0013625 -2.35677e-05 0)
(0.00135757 -2.77596e-05 0)
(0.00135249 -3.15516e-05 0)
(0.0013473 -3.49372e-05 0)
(0.00134202 -3.79162e-05 0)
(0.00133667 -4.04904e-05 0)
(0.00133128 -4.26646e-05 0)
(0.00132588 -4.44471e-05 0)
(0.00132048 -4.58499e-05 0)
(0.00131511 -4.68883e-05 0)
(0.00130978 -4.75799e-05 0)
(0.00130452 -4.79449e-05 0)
(0.00129934 -4.80053e-05 0)
(0.00129424 -4.77846e-05 0)
(0.00128924 -4.73062e-05 0)
(0.00128435 -4.65939e-05 0)
(0.00127956 -4.56709e-05 0)
(0.00127488 -4.45597e-05 0)
(0.00127032 -4.32819e-05 0)
(0.00126588 -4.18585e-05 0)
(0.00126154 -4.03101e-05 0)
(0.00125733 -3.86567e-05 0)
(0.00125322 -3.69177e-05 0)
(0.00162782 0.000157742 0)
(0.00162949 0.000172497 0)
(0.00163199 0.000186947 0)
(0.00163486 0.000200919 0)
(0.00163769 0.000214304 0)
(0.0016402 0.000227035 0)
(0.0016423 0.000239064 0)
(0.00164397 0.000250345 0)
(0.00164523 0.000260832 0)
(0.00164611 0.00027047 0)
(0.00164661 0.000279201 0)
(0.00164671 0.000286973 0)
(0.00164637 0.000293741 0)
(0.00164555 0.000299475 0)
(0.00164422 0.000304156 0)
(0.00164237 0.000307778 0)
(0.00163998 0.00031035 0)
(0.00163706 0.000311887 0)
(0.00163363 0.00031242 0)
(0.0016297 0.000311986 0)
(0.00162532 0.00031063 0)
(0.0016205 0.000308406 0)
(0.00161531 0.000305372 0)
(0.00160977 0.000301585 0)
(0.00160395 0.000297106 0)
(0.0015979 0.000291994 0)
(0.00159165 0.00028631 0)
(0.00158526 0.000280117 0)
(0.00157878 0.000273474 0)
(0.00157227 0.00026644 0)
(0.00156577 0.000259072 0)
(0.00155935 0.000251423 0)
(0.00155305 0.000243541 0)
(0.0015469 0.000235472 0)
(0.00154094 0.000227257 0)
(0.00153519 0.00021893 0)
(0.00152968 0.000210523 0)
(0.00152441 0.000202062 0)
(0.00151939 0.000193568 0)
(0.00151463 0.000185061 0)
(0.00151013 0.000176556 0)
(0.00150588 0.000168068 0)
(0.00150188 0.000159612 0)
(0.00149811 0.000151199 0)
(0.00149456 0.000142841 0)
(0.00149122 0.000134549 0)
(0.00148807 0.000126328 0)
(0.00148509 0.000118186 0)
(0.00148224 0.000110126 0)
(0.00147952 0.000102155 0)
(0.00147687 9.42775e-05 0)
(0.00147429 8.64992e-05 0)
(0.00147174 7.88289e-05 0)
(0.0014692 7.12744e-05 0)
(0.00146664 6.38488e-05 0)
(0.00146403 5.65623e-05 0)
(0.00146136 4.94316e-05 0)
(0.0014586 4.24705e-05 0)
(0.00145573 3.5696e-05 0)
(0.00145275 2.91284e-05 0)
(0.00144964 2.27803e-05 0)
(0.00144639 1.66803e-05 0)
(0.00144298 1.08354e-05 0)
(0.00143943 5.27829e-06 0)
(0.00143569 3.0647e-08 0)
(0.00143179 -4.90424e-06 0)
(0.00142776 -9.5129e-06 0)
(0.00142364 -1.37797e-05 0)
(0.00141942 -1.76988e-05 0)
(0.00141511 -2.12646e-05 0)
(0.00141071 -2.44736e-05 0)
(0.00140624 -2.7324e-05 0)
(0.0014017 -2.98158e-05 0)
(0.00139713 -3.19513e-05 0)
(0.00139252 -3.37359e-05 0)
(0.00138789 -3.51784e-05 0)
(0.00138325 -3.62905e-05 0)
(0.00137861 -3.70861e-05 0)
(0.00137398 -3.75809e-05 0)
(0.00136938 -3.77924e-05 0)
(0.0013648 -3.77382e-05 0)
(0.00136026 -3.74365e-05 0)
(0.00135576 -3.69066e-05 0)
(0.00135131 -3.6168e-05 0)
(0.00134691 -3.52408e-05 0)
(0.00134256 -3.41448e-05 0)
(0.00133827 -3.28996e-05 0)
(0.00133404 -3.1524e-05 0)
(0.00132986 -3.00371e-05 0)
(0.00132574 -2.84566e-05 0)
(0.00129873 0.000145807 0)
(0.00130683 0.000159877 0)
(0.00131614 0.000173873 0)
(0.00132613 0.000187565 0)
(0.00133641 0.000200797 0)
(0.00134679 0.000213477 0)
(0.00135717 0.000225557 0)
(0.00136758 0.000237003 0)
(0.00137802 0.000247778 0)
(0.00138848 0.000257831 0)
(0.00139892 0.000267104 0)
(0.00140928 0.000275541 0)
(0.00141949 0.000283089 0)
(0.00142947 0.000289708 0)
(0.00143918 0.000295371 0)
(0.00144855 0.000300059 0)
(0.00145752 0.000303766 0)
(0.00146607 0.000306497 0)
(0.00147416 0.000308261 0)
(0.00148176 0.000309079 0)
(0.00148885 0.000308977 0)
(0.00149541 0.000307986 0)
(0.00150144 0.000306146 0)
(0.00150692 0.000303498 0)
(0.00151187 0.000300087 0)
(0.00151628 0.000295963 0)
(0.00152019 0.000291181 0)
(0.00152361 0.0002858 0)
(0.00152658 0.000279877 0)
(0.00152912 0.000273472 0)
(0.00153127 0.000266642 0)
(0.00153307 0.00025944 0)
(0.00153453 0.000251918 0)
(0.0015357 0.000244121 0)
(0.00153659 0.000236094 0)
(0.00153725 0.000227877 0)
(0.00153768 0.000219507 0)
(0.00153792 0.000211019 0)
(0.00153798 0.000202447 0)
(0.00153789 0.000193819 0)
(0.00153766 0.000185163 0)
(0.00153731 0.000176504 0)
(0.00153684 0.000167862 0)
(0.00153628 0.000159257 0)
(0.00153562 0.000150705 0)
(0.00153486 0.000142221 0)
(0.00153402 0.000133816 0)
(0.00153309 0.000125502 0)
(0.00153206 0.000117287 0)
(0.00153093 0.000109184 0)
(0.0015297 0.0001012 0)
(0.00152835 9.33459e-05 0)
(0.00152689 8.56311e-05 0)
(0.0015253 7.80677e-05 0)
(0.00152358 7.06655e-05 0)
(0.00152171 6.34376e-05 0)
(0.0015197 5.63958e-05 0)
(0.00151752 4.95533e-05 0)
(0.00151518 4.29244e-05 0)
(0.00151267 3.65212e-05 0)
(0.00150998 3.03611e-05 0)
(0.00150712 2.44538e-05 0)
(0.00150409 1.88199e-05 0)
(0.00150088 1.34687e-05 0)
(0.0014975 8.42049e-06 0)
(0.00149396 3.69387e-06 0)
(0.00149029 -6.97408e-07 0)
(0.00148646 -4.7526e-06 0)
(0.00148247 -8.467e-06 0)
(0.00147835 -1.18407e-05 0)
(0.00147412 -1.48761e-05 0)
(0.00146979 -1.75768e-05 0)
(0.00146538 -1.99474e-05 0)
(0.0014609 -2.1992e-05 0)
(0.00145636 -2.37149e-05 0)
(0.00145177 -2.5122e-05 0)
(0.00144713 -2.62224e-05 0)
(0.00144247 -2.7028e-05 0)
(0.00143778 -2.75517e-05 0)
(0.00143309 -2.78073e-05 0)
(0.0014284 -2.78096e-05 0)
(0.00142372 -2.75747e-05 0)
(0.00141906 -2.71207e-05 0)
(0.00141443 -2.64652e-05 0)
(0.00140982 -2.56261e-05 0)
(0.00140526 -2.46214e-05 0)
(0.00140073 -2.34695e-05 0)
(0.00139626 -2.21882e-05 0)
(0.00139183 -2.07956e-05 0)
(0.00138746 -1.93092e-05 0)
(0.000897223 0.00012188 0)
(0.000908964 0.000135176 0)
(0.000922032 0.000148358 0)
(0.000935878 0.000161182 0)
(0.000950233 0.000173529 0)
(0.000965013 0.000185367 0)
(0.000980237 0.000196691 0)
(0.000995936 0.000207492 0)
(0.00101211 0.000217735 0)
(0.00102873 0.000227374 0)
(0.00104574 0.000236354 0)
(0.00106306 0.000244623 0)
(0.00108063 0.000252136 0)
(0.00109837 0.000258856 0)
(0.00111621 0.000264757 0)
(0.00113406 0.000269818 0)
(0.00115187 0.000274028 0)
(0.00116956 0.000277379 0)
(0.00118706 0.000279873 0)
(0.0012043 0.000281515 0)
(0.00122123 0.000282318 0)
(0.0012378 0.000282299 0)
(0.00125394 0.000281484 0)
(0.00126963 0.000279904 0)
(0.00128482 0.000277599 0)
(0.0012995 0.000274611 0)
(0.00131364 0.000270986 0)
(0.00132724 0.000266772 0)
(0.00134027 0.000262015 0)
(0.00135274 0.000256764 0)
(0.00136464 0.000251066 0)
(0.00137597 0.000244966 0)
(0.00138674 0.000238509 0)
(0.00139695 0.000231737 0)
(0.0014066 0.000224691 0)
(0.00141572 0.000217411 0)
(0.0014243 0.000209935 0)
(0.00143236 0.0002023 0)
(0.00143992 0.00019454 0)
(0.00144698 0.000186687 0)
(0.00145356 0.000178769 0)
(0.00145968 0.000170814 0)
(0.00146533 0.000162844 0)
(0.00147055 0.000154882 0)
(0.00147532 0.000146946 0)
(0.00147968 0.000139054 0)
(0.00148361 0.000131222 0)
(0.00148714 0.000123467 0)
(0.00149027 0.0001158 0)
(0.00149301 0.000108236 0)
(0.00149536 0.000100788 0)
(0.00149733 9.34673e-05 0)
(0.00149893 8.62863e-05 0)
(0.00150016 7.92566e-05 0)
(0.00150102 7.23902e-05 0)
(0.00150152 6.56988e-05 0)
(0.00150166 5.91946e-05 0)
(0.00150146 5.28895e-05 0)
(0.00150091 4.6796e-05 0)
(0.00150003 4.0926e-05 0)
(0.00149882 3.52922e-05 0)
(0.00149729 2.99062e-05 0)
(0.00149545 2.47797e-05 0)
(0.00149332 1.99241e-05 0)
(0.0014909 1.53484e-05 0)
(0.00148822 1.10621e-05 0)
(0.00148528 7.07004e-06 0)
(0.00148211 3.37489e-06 0)
(0.00147873 -1.20009e-08 0)
(0.00147513 -3.08505e-06 0)
(0.00147133 -5.8417e-06 0)
(0.00146734 -8.28333e-06 0)
(0.0014632 -1.04165e-05 0)
(0.00145894 -1.2249e-05 0)
(0.00145457 -1.37915e-05 0)
(0.00145012 -1.50509e-05 0)
(0.00144559 -1.60352e-05 0)
(0.001441 -1.67544e-05 0)
(0.00143637 -1.72198e-05 0)
(0.00143171 -1.7444e-05 0)
(0.00142705 -1.74412e-05 0)
(0.00142239 -1.72258e-05 0)
(0.00141774 -1.6812e-05 0)
(0.00141313 -1.62144e-05 0)
(0.00140855 -1.54483e-05 0)
(0.00140403 -1.45301e-05 0)
(0.00139957 -1.34764e-05 0)
(0.00139518 -1.23041e-05 0)
(0.00139086 -1.10298e-05 0)
(0.00138663 -9.66843e-06 0)
(0.000466618 9.48998e-05 0)
(0.000479926 0.000106891 0)
(0.000494377 0.000118392 0)
(0.000509627 0.0001294 0)
(0.000525607 0.000139978 0)
(0.000542409 0.000150136 0)
(0.000560056 0.000159899 0)
(0.000578547 0.000169243 0)
(0.000597843 0.000178131 0)
(0.000617894 0.000186517 0)
(0.000638646 0.000194358 0)
(0.000660036 0.000201613 0)
(0.000682003 0.000208252 0)
(0.000704473 0.000214247 0)
(0.000727374 0.000219576 0)
(0.000750626 0.000224221 0)
(0.00077415 0.00022817 0)
(0.000797863 0.000231414 0)
(0.000821684 0.00023395 0)
(0.000845533 0.000235779 0)
(0.000869332 0.000236912 0)
(0.000893007 0.000237365 0)
(0.000916488 0.000237157 0)
(0.00093971 0.000236314 0)
(0.00096261 0.000234863 0)
(0.000985134 0.000232836 0)
(0.00100723 0.000230265 0)
(0.00102885 0.000227183 0)
(0.00104996 0.000223625 0)
(0.00107051 0.000219626 0)
(0.00109047 0.000215223 0)
(0.00110982 0.000210454 0)
(0.00112854 0.000205354 0)
(0.0011466 0.00019996 0)
(0.00116398 0.000194307 0)
(0.00118069 0.000188427 0)
(0.0011967 0.000182354 0)
(0.00121201 0.000176118 0)
(0.00122663 0.00016975 0)
(0.00124055 0.000163277 0)
(0.00125376 0.000156726 0)
(0.00126628 0.000150118 0)
(0.00127811 0.000143478 0)
(0.00128924 0.000136824 0)
(0.00129969 0.000130177 0)
(0.00130947 0.000123554 0)
(0.00131858 0.00011697 0)
(0.00132703 0.000110441 0)
(0.00133483 0.000103982 0)
(0.00134199 9.76059e-05 0)
(0.00134852 9.13245e-05 0)
(0.00135443 8.515e-05 0)
(0.00135973 7.90941e-05 0)
(0.00136444 7.31677e-05 0)
(0.00136855 6.73823e-05 0)
(0.0013721 6.17481e-05 0)
(0.00137509 5.62768e-05 0)
(0.00137753 5.09781e-05 0)
(0.00137944 4.58634e-05 0)
(0.00138084 4.09424e-05 0)
(0.00138175 3.62253e-05 0)
(0.00138218 3.17218e-05 0)
(0.00138215 2.74403e-05 0)
(0.00138168 2.33897e-05 0)
(0.0013808 1.95765e-05 0)
(0.00137953 1.60076e-05 0)
(0.0013779 1.26873e-05 0)
(0.00137592 9.62075e-06 0)
(0.00137363 6.80646e-06 0)
(0.00137105 4.24726e-06 0)
(0.00136821 1.94833e-06 0)
(0.00136512 -8.7646e-08 0)
(0.00136181 -1.86138e-06 0)
(0.00135831 -3.37968e-06 0)
(0.00135464 -4.64858e-06 0)
(0.00135084 -5.67755e-06 0)
(0.00134693 -6.47598e-06 0)
(0.00134294 -7.05281e-06 0)
(0.0013389 -7.41798e-06 0)
(0.00133481 -7.5826e-06 0)
(0.00133072 -7.55913e-06 0)
(0.00132663 -7.35885e-06 0)
(0.00132257 -6.9928e-06 0)
(0.00131856 -6.4742e-06 0)
(0.00131461 -5.8174e-06 0)
(0.00131073 -5.03688e-06 0)
(0.00130693 -4.14704e-06 0)
(0.00130324 -3.16115e-06 0)
(0.00129965 -2.09231e-06 0)
(0.00129619 -9.53557e-07 0)
(1.26133e-05 6.75037e-05 0)
(3.01925e-05 7.71098e-05 0)
(4.35275e-05 8.5833e-05 0)
(5.9269e-05 9.43599e-05 0)
(7.6478e-05 0.000102568 0)
(9.46155e-05 0.000110596 0)
(0.000113982 0.000118285 0)
(0.000134396 0.000125622 0)
(0.000155881 0.000132546 0)
(0.000178354 0.000139046 0)
(0.000201771 0.000145101 0)
(0.000226067 0.000150699 0)
(0.000251172 0.000155824 0)
(0.000277014 0.000160463 0)
(0.000303509 0.000164602 0)
(0.000330583 0.000168234 0)
(0.000358142 0.000171346 0)
(0.000386103 0.000173936 0)
(0.000414383 0.000176017 0)
(0.000442886 0.00017754 0)
(0.000471536 0.000178572 0)
(0.000500246 0.000179106 0)
(0.000528932 0.000179151 0)
(0.000557511 0.000178726 0)
(0.000585906 0.000177849 0)
(0.000614042 0.00017654 0)
(0.00064185 0.000174822 0)
(0.000669263 0.000172711 0)
(0.000696223 0.000170231 0)
(0.000722678 0.000167406 0)
(0.000748578 0.000164265 0)
(0.000773875 0.000160835 0)
(0.000798528 0.000157144 0)
(0.000822496 0.000153221 0)
(0.000845743 0.000149092 0)
(0.000868243 0.000144784 0)
(0.000889975 0.000140323 0)
(0.000910917 0.000135731 0)
(0.000931055 0.000131031 0)
(0.000950373 0.000126244 0)
(0.000968862 0.000121391 0)
(0.000986515 0.000116489 0)
(0.00100333 0.000111557 0)
(0.0010193 0.00010661 0)
(0.00103442 0.000101664 0)
(0.00104871 9.67328e-05 0)
(0.00106217 9.18296e-05 0)
(0.00107479 8.69666e-05 0)
(0.0010866 8.21551e-05 0)
(0.00109759 7.74057e-05 0)
(0.00110778 7.27286e-05 0)
(0.00111719 6.81335e-05 0)
(0.00112582 6.36298e-05 0)
(0.00113369 5.92263e-05 0)
(0.00114081 5.4932e-05 0)
(0.00114721 5.07554e-05 0)
(0.0011529 4.67049e-05 0)
(0.00115791 4.27886e-05 0)
(0.00116224 3.90143e-05 0)
(0.00116594 3.53898e-05 0)
(0.00116901 3.19221e-05 0)
(0.0011715 2.86183e-05 0)
(0.00117341 2.54844e-05 0)
(0.00117478 2.25265e-05 0)
(0.00117565 1.97493e-05 0)
(0.00117604 1.71573e-05 0)
(0.00117598 1.47534e-05 0)
(0.0011755 1.25402e-05 0)
(0.00117464 1.05182e-05 0)
(0.00117342 8.68709e-06 0)
(0.00117189 7.04534e-06 0)
(0.00117006 5.59084e-06 0)
(0.00116798 4.32308e-06 0)
(0.00116569 3.24046e-06 0)
(0.00116321 2.3421e-06 0)
(0.00116056 1.62129e-06 0)
(0.0011578 1.07026e-06 0)
(0.00115494 6.81852e-07 0)
(0.00115202 4.47723e-07 0)
(0.00114906 3.59005e-07 0)
(0.00114609 4.08766e-07 0)
(0.00114315 5.87648e-07 0)
(0.00114025 8.83831e-07 0)
(0.00113741 1.28571e-06 0)
(0.00113464 1.78255e-06 0)
(0.00113198 2.36475e-06 0)
(0.00112944 3.02321e-06 0)
(0.00112703 3.74796e-06 0)
(0.00112476 4.52802e-06 0)
(0.00112264 5.35435e-06 0)
(-0.000444951 4.19312e-05 0)
(-0.000426294 4.61036e-05 0)
(-0.000415597 5.28735e-05 0)
(-0.000397672 5.76929e-05 0)
(-0.000381537 6.33981e-05 0)
(-0.000362105 6.83126e-05 0)
(-0.000342293 7.33168e-05 0)
(-0.000320585 7.79224e-05 0)
(-0.000297888 8.23341e-05 0)
(-0.000273832 8.64521e-05 0)
(-0.000248709 9.02882e-05 0)
(-0.000222489 9.38366e-05 0)
(-0.000195298 9.70748e-05 0)
(-0.000167198 0.000100009 0)
(-0.00013828 0.000102621 0)
(-0.00010863 0.000104916 0)
(-7.83387e-05 0.000106882 0)
(-4.75e-05 0.000108524 0)
(-1.62605e-05 0.000109839 0)
(1.54472e-05 0.000110825 0)
(4.75083e-05 0.000111488 0)
(7.96643e-05 0.000111835 0)
(0.000111904 0.000111875 0)
(0.000144145 0.000111618 0)
(0.000176299 0.000111074 0)
(0.000208296 0.000110257 0)
(0.000240029 0.000109172 0)
(0.000271404 0.000107831 0)
(0.000302381 0.000106258 0)
(0.000332908 0.000104484 0)
(0.00036292 0.000102522 0)
(0.000392361 0.000100391 0)
(0.000421179 9.81075e-05 0)
(0.000449328 9.56904e-05 0)
(0.000476761 9.31576e-05 0)
(0.000503439 9.05252e-05 0)
(0.000529326 8.78079e-05 0)
(0.000554392 8.5019e-05 0)
(0.00057861 8.21714e-05 0)
(0.00060196 7.92772e-05 0)
(0.000624424 7.63482e-05 0)
(0.000645989 7.33953e-05 0)
(0.000666645 7.04289e-05 0)
(0.000686386 6.74585e-05 0)
(0.000705208 6.4493e-05 0)
(0.000723111 6.15409e-05 0)
(0.000740097 5.86097e-05 0)
(0.000756169 5.57068e-05 0)
(0.000771336 5.28389e-05 0)
(0.000785606 5.00125e-05 0)
(0.000798991 4.72336e-05 0)
(0.000811503 4.45081e-05 0)
(0.000823158 4.18416e-05 0)
(0.000833972 3.92394e-05 0)
(0.000843964 3.67067e-05 0)
(0.000853154 3.42484e-05 0)
(0.000861565 3.18694e-05 0)
(0.00086922 2.95743e-05 0)
(0.000876143 2.73675e-05 0)
(0.000882363 2.52532e-05 0)
(0.000887906 2.32353e-05 0)
(0.000892803 2.13175e-05 0)
(0.000897083 1.95029e-05 0)
(0.000900781 1.77944e-05 0)
(0.000903927 1.61939e-05 0)
(0.000906557 1.47037e-05 0)
(0.000908706 1.33253e-05 0)
(0.00091041 1.20597e-05 0)
(0.000911703 1.0907e-05 0)
(0.000912623 9.86693e-06 0)
(0.000913205 8.93886e-06 0)
(0.000913487 8.12198e-06 0)
(0.000913504 7.41462e-06 0)
(0.00091329 6.81539e-06 0)
(0.000912883 6.31914e-06 0)
(0.000912315 5.92322e-06 0)
(0.000911621 5.62456e-06 0)
(0.000910833 5.41835e-06 0)
(0.000909982 5.29965e-06 0)
(0.000909103 5.26435e-06 0)
(0.000908225 5.30615e-06 0)
(0.000907369 5.41639e-06 0)
(0.000906555 5.5874e-06 0)
(0.000905808 5.81353e-06 0)
(0.000905151 6.08979e-06 0)
(0.000904602 6.41076e-06 0)
(0.000904177 6.77059e-06 0)
(0.000903893 7.1633e-06 0)
(0.00090376 7.58406e-06 0)
(0.000903791 8.0282e-06 0)
(-0.000790015 1.60073e-05 0)
(-0.000775083 1.7976e-05 0)
(-0.000763573 1.99684e-05 0)
(-0.000746425 2.18003e-05 0)
(-0.000730735 2.36968e-05 0)
(-0.000711046 2.53844e-05 0)
(-0.000691644 2.70904e-05 0)
(-0.000669333 2.86058e-05 0)
(-0.000646659 3.00775e-05 0)
(-0.00062181 3.13892e-05 0)
(-0.000596275 3.26126e-05 0)
(-0.000569082 3.3699e-05 0)
(-0.000541088 3.46735e-05 0)
(-0.000511815 3.55228e-05 0)
(-0.000481758 3.62491e-05 0)
(-0.000450724 3.68519e-05 0)
(-0.000419003 3.73265e-05 0)
(-0.000386561 3.76803e-05 0)
(-0.000353583 3.79169e-05 0)
(-0.000320101 3.80641e-05 0)
(-0.000286255 3.80545e-05 0)
(-0.000252133 3.79413e-05 0)
(-0.000217839 3.77244e-05 0)
(-0.000183457 3.74086e-05 0)
(-0.000149074 3.70011e-05 0)
(-0.000114756 3.65124e-05 0)
(-8.05891e-05 3.59511e-05 0)
(-4.66566e-05 3.53349e-05 0)
(-1.30484e-05 3.4676e-05 0)
(2.01364e-05 3.39746e-05 1.89291e-38)
(5.28361e-05 3.32351e-05 0)
(8.49994e-05 3.24633e-05 0)
(0.000116561 3.16632e-05 0)
(0.000147467 3.08374e-05 0)
(0.00017767 2.99886e-05 0)
(0.000207127 2.91202e-05 0)
(0.0002358 2.82358e-05 0)
(0.000263656 2.73389e-05 0)
(0.000290667 2.6433e-05 0)
(0.000316809 2.55217e-05 0)
(0.00034206 2.4608e-05 0)
(0.000366406 2.36951e-05 0)
(0.000389835 2.27856e-05 0)
(0.000412338 2.1882e-05 0)
(0.000433911 2.09865e-05 0)
(0.000454551 2.01011e-05 0)
(0.00047426 1.92277e-05 0)
(0.000493043 1.83681e-05 0)
(0.000510905 1.75237e-05 0)
(0.000527856 1.6696e-05 0)
(0.000543907 1.58864e-05 0)
(0.000559072 1.50961e-05 0)
(0.000573367 1.43264e-05 0)
(0.000586809 1.35783e-05 0)
(0.000599418 1.28531e-05 0)
(0.000611215 1.21518e-05 0)
(0.000622222 1.14755e-05 -6.95946e-39)
(0.000632465 1.08252e-05 0)
(0.00064197 1.02021e-05 0)
(0.000650763 9.607e-06 0)
(0.000658874 9.04097e-06 0)
(0.000666333 8.50491e-06 0)
(0.000673171 7.99967e-06 7.42816e-39)
(0.000679419 7.52606e-06 0)
(0.000685112 7.085e-06 0)
(0.000690284 6.67682e-06 -7.47175e-39)
(0.000694971 6.30151e-06 0)
(0.000699205 5.95917e-06 -7.42891e-39)
(0.000703023 5.64965e-06 0)
(0.00070646 5.37279e-06 0)
(0.00070955 5.12819e-06 7.26389e-39)
(0.000712328 4.91503e-06 0)
(0.000714829 4.73281e-06 0)
(0.000717087 4.58071e-06 0)
(0.000719136 4.45743e-06 0)
(0.000721008 4.36267e-06 0)
(0.000722735 4.29508e-06 6.62939e-39)
(0.000724348 4.25269e-06 0)
(0.000725875 4.23586e-06 0)
(0.00072734 4.2409e-06 0)
(0.000728768 4.26088e-06 0)
(0.000730189 4.2934e-06 0)
(0.000731627 4.3387e-06 0)
(0.000733104 4.3961e-06 0)
(0.000734638 4.46362e-06 0)
(0.000736247 4.53912e-06 0)
(0.000737948 4.62078e-06 0)
(0.000739755 4.70702e-06 4.84661e-39)
(0.00074168 4.79632e-06 0)
(0.000743734 4.88714e-06 0)
(-0.000790375 -9.15036e-06 0)
(-0.000775219 -1.10114e-05 0)
(-0.00076346 -1.29336e-05 0)
(-0.000746079 -1.47649e-05 0)
(-0.000730144 -1.67148e-05 0)
(-0.000710189 -1.8533e-05 0)
(-0.000690542 -2.04092e-05 0)
(-0.000667952 -2.21752e-05 0)
(-0.000645025 -2.39344e-05 0)
(-0.0006199 -2.56014e-05 0)
(-0.000594109 -2.72178e-05 0)
(-0.000566648 -2.87488e-05 0)
(-0.0005384 -3.02028e-05 0)
(-0.000508874 -3.15701e-05 0)
(-0.000478575 -3.28444e-05 0)
(-0.000447307 -3.40236e-05 0)
(-0.000415366 -3.50948e-05 0)
(-0.000382718 -3.60568e-05 0)
(-0.000349545 -3.69019e-05 0)
(-0.000315895 -3.7635e-05 0)
(-0.000281899 -3.82495e-05 0)
(-0.000247642 -3.87425e-05 0)
(-0.000213225 -3.91174e-05 0)
(-0.000178739 -3.93718e-05 0)
(-0.000144273 -3.95073e-05 0)
(-0.0001099 -3.95295e-05 0)
(-7.56943e-05 -3.94476e-05 0)
(-4.17451e-05 -3.92748e-05 0)
(-8.14631e-06 -3.90201e-05 0)
(2.5007e-05 -3.86838e-05 -1.89291e-38)
(5.76564e-05 -3.82642e-05 0)
(8.97424e-05 -3.77675e-05 0)
(0.000121202 -3.7197e-05 0)
(0.000151983 -3.65556e-05 0)
(0.000182037 -3.58472e-05 0)
(0.000211322 -3.50768e-05 0)
(0.000239801 -3.42495e-05 0)
(0.000267443 -3.33711e-05 0)
(0.00029422 -3.24474e-05 0)
(0.000320111 -3.1484e-05 0)
(0.000345097 -3.04865e-05 0)
(0.000369164 -2.94603e-05 0)
(0.000392302 -2.84106e-05 0)
(0.000414505 -2.73423e-05 0)
(0.000435769 -2.62602e-05 0)
(0.000456095 -2.51687e-05 0)
(0.000475486 -2.40722e-05 0)
(0.000493947 -2.29746e-05 0)
(0.000511487 -2.18798e-05 0)
(0.000528118 -2.07912e-05 0)
(0.000543851 -1.97122e-05 0)
(0.000558704 -1.86458e-05 0)
(0.000572692 -1.75949e-05 0)
(0.000585835 -1.65622e-05 0)
(0.000598154 -1.55501e-05 0)
(0.000609672 -1.45609e-05 0)
(0.000620413 -1.35968e-05 6.95946e-39)
(0.000630402 -1.26596e-05 0)
(0.000639668 -1.17513e-05 0)
(0.000648238 -1.08734e-05 0)
(0.000656142 -1.00275e-05 0)
(0.000663412 -9.21489e-06 0)
(0.000670079 -8.43668e-06 -7.42816e-39)
(0.000676177 -7.69384e-06 0)
(0.000681739 -6.98695e-06 0)
(0.000686797 -6.31689e-06 7.47175e-39)
(0.000691388 -5.68465e-06 0)
(0.000695545 -5.09077e-06 7.42891e-39)
(0.000699305 -4.53567e-06 0)
(0.000702703 -4.01961e-06 0)
(0.000705773 -3.54261e-06 -7.26389e-39)
(0.00070855 -3.10492e-06 0)
(0.000711069 -2.70675e-06 0)
(0.000713364 -2.34806e-06 0)
(0.000715467 -2.02936e-06 0)
(0.00071741 -1.7508e-06 0)
(0.000719225 -1.51155e-06 -6.62939e-39)
(0.000720943 -1.31176e-06 0)
(0.000722587 -1.15256e-06 0)
(0.000724181 -1.02983e-06 0)
(0.000725753 -9.38093e-07 0)
(0.000727331 -8.76953e-07 0)
(0.000728939 -8.47419e-07 0)
(0.000730594 -8.48957e-07 0)
(0.000732314 -8.80033e-07 0)
(0.000734117 -9.39205e-07 0)
(0.000736017 -1.02521e-06 0)
(0.000738027 -1.13669e-06 -4.84661e-39)
(0.00074016 -1.27204e-06 0)
(-0.000446553 -3.59015e-05 0)
(-0.000427445 -3.99754e-05 0)
(-0.000416279 -4.67472e-05 0)
(-0.000397844 -5.15889e-05 0)
(-0.000381216 -5.73551e-05 0)
(-0.000361215 -6.2437e-05 0)
(-0.000340871 -6.76186e-05 0)
(-0.000318577 -7.24873e-05 0)
(-0.000295312 -7.71946e-05 0)
(-0.000270666 -8.16656e-05 0)
(-0.000244959 -8.58935e-05 0)
(-0.000218153 -8.98752e-05 0)
(-0.000190382 -9.35801e-05 0)
(-0.00016171 -9.70108e-05 0)
(-0.000132232 -0.000100143 0)
(-0.000102038 -0.000102975 0)
(-7.12292e-05 -0.000105492 0)
(-3.99029e-05 -0.00010769 0)
(-8.12702e-06 -0.000109557 0)
(2.40399e-05 -0.00011109 0)
(5.64524e-05 -0.000112285 0)
(8.89833e-05 -0.000113145 0)
(0.000121561 -0.000113678 0)
(0.000154098 -0.000113889 0)
(0.000186506 -0.000113785 0)
(0.00021871 -0.000113375 0)
(0.000250612 -0.000112664 0)
(0.000282102 -0.000111657 0)
(0.000313139 -0.000110379 0)
(0.000343675 -0.000108857 0)
(0.000373643 -0.000107108 0)
(0.000402989 -0.00010515 0)
(0.000431662 -0.000103 0)
(0.000459611 -0.000100679 0)
(0.000486794 -9.82039e-05 0)
(0.000513171 -9.55918e-05 0)
(0.000538709 -9.28588e-05 0)
(0.00056338 -9.00202e-05 0)
(0.000587161 -8.7091e-05 0)
(0.000610032 -8.4086e-05 0)
(0.00063198 -8.10196e-05 0)
(0.000652995 -7.79057e-05 0)
(0.000673071 -7.47576e-05 0)
(0.000692203 -7.15878e-05 0)
(0.000710392 -6.84079e-05 0)
(0.000727641 -6.52291e-05 0)
(0.000743956 -6.20617e-05 0)
(0.000759345 -5.89152e-05 0)
(0.000773818 -5.57987e-05 0)
(0.000787389 -5.27208e-05 0)
(0.000800072 -4.96892e-05 0)
(0.000811883 -4.67116e-05 0)
(0.000822842 -4.37949e-05 0)
(0.000832969 -4.09457e-05 0)
(0.000842286 -3.81702e-05 0)
(0.000850816 -3.54743e-05 0)
(0.000858584 -3.28634e-05 0)
(0.000865617 -3.03428e-05 0)
(0.000871943 -2.7917e-05 0)
(0.000877592 -2.55907e-05 0)
(0.000882594 -2.33679e-05 0)
(0.000886982 -2.12521e-05 0)
(0.000890788 -1.92467e-05 0)
(0.000894047 -1.73546e-05 0)
(0.000896794 -1.55783e-05 0)
(0.000899065 -1.39193e-05 0)
(0.000900896 -1.23781e-05 0)
(0.000902324 -1.09554e-05 0)
(0.000903386 -9.65119e-06 0)
(0.00090412 -8.46506e-06 0)
(0.000904562 -7.39672e-06 0)
(0.000904748 -6.44541e-06 0)
(0.000904713 -5.60852e-06 0)
(0.000904495 -4.88496e-06 0)
(0.000904126 -4.27177e-06 0)
(0.000903642 -3.76591e-06 0)
(0.000903077 -3.36455e-06 0)
(0.000902458 -3.06396e-06 0)
(0.000901819 -2.86043e-06 0)
(0.000901195 -2.74887e-06 0)
(0.000900607 -2.72321e-06 0)
(0.000900073 -2.77742e-06 0)
(0.000899613 -2.90643e-06 0)
(0.000899251 -3.10574e-06 0)
(0.000899006 -3.37068e-06 0)
(0.000898892 -3.69597e-06 0)
(0.000898923 -4.07594e-06 0)
(0.00089911 -4.50482e-06 0)
(0.000899463 -4.97664e-06 0)
(1.02292e-05 -6.264e-05 0)
(2.81868e-05 -7.22244e-05 0)
(4.19337e-05 -8.09995e-05 0)
(5.81521e-05 -8.96142e-05 0)
(7.58253e-05 -9.79593e-05 0)
(9.4481e-05 -0.000106164 0)
(0.000114369 -0.000114076 0)
(0.000135325 -0.000121679 0)
(0.000157357 -0.000128912 0)
(0.000180386 -0.000135759 0)
(0.000204362 -0.000142198 0)
(0.000229218 -0.000148209 0)
(0.00025488 -0.000153775 0)
(0.000281272 -0.000158876 0)
(0.000308308 -0.000163493 0)
(0.000335912 -0.000167615 0)
(0.00036398 -0.000171218 0)
(0.000392437 -0.000174303 0)
(0.000421188 -0.000176863 0)
(0.000450133 -0.000178881 0)
(0.000479192 -0.000180369 0)
(0.000508281 -0.000181333 0)
(0.000537311 -0.000181783 0)
(0.000566198 -0.000181732 0)
(0.000594861 -0.000181196 0)
(0.000623224 -0.000180193 0)
(0.000651213 -0.000178741 0)
(0.000678762 -0.000176857 0)
(0.000705809 -0.000174562 0)
(0.000732303 -0.00017188 0)
(0.000758193 -0.000168838 0)
(0.000783432 -0.000165467 0)
(0.000807977 -0.000161795 0)
(0.000831789 -0.000157851 0)
(0.000854837 -0.000153665 0)
(0.000877096 -0.000149265 0)
(0.000898543 -0.000144679 0)
(0.000919161 -0.000139932 0)
(0.000938935 -0.000135051 0)
(0.000957855 -0.00013006 0)
(0.000975912 -0.000124981 0)
(0.000993102 -0.000119837 0)
(0.00100942 -0.000114647 0)
(0.00102488 -0.000109433 0)
(0.00103947 -0.000104211 0)
(0.0010532 -9.89989e-05 0)
(0.00106609 -9.38123e-05 0)
(0.00107813 -8.86659e-05 0)
(0.00108934 -8.35732e-05 0)
(0.00109974 -7.85472e-05 0)
(0.00110933 -7.35997e-05 0)
(0.00111813 -6.87421e-05 0)
(0.00112615 -6.39852e-05 0)
(0.00113343 -5.93391e-05 0)
(0.00113996 -5.48138e-05 0)
(0.00114578 -5.04184e-05 0)
(0.0011509 -4.61621e-05 0)
(0.00115534 -4.20533e-05 0)
(0.00115914 -3.81002e-05 0)
(0.00116231 -3.43104e-05 0)
(0.00116488 -3.06913e-05 0)
(0.00116688 -2.7249e-05 0)
(0.00116834 -2.39903e-05 0)
(0.00116928 -2.09197e-05 0)
(0.00116974 -1.80423e-05 0)
(0.00116975 -1.53614e-05 0)
(0.00116935 -1.28801e-05 0)
(0.00116856 -1.0599e-05 0)
(0.00116742 -8.5186e-06 0)
(0.00116596 -6.63797e-06 0)
(0.00116421 -4.95541e-06 0)
(0.00116222 -3.47103e-06 0)
(0.00116002 -2.18626e-06 0)
(0.00115763 -1.0977e-06 0)
(0.0011551 -2.00727e-07 0)
(0.00115245 5.11178e-07 0)
(0.00114972 1.04594e-06 0)
(0.00114693 1.41095e-06 0)
(0.00114413 1.61499e-06 0)
(0.00114133 1.66519e-06 0)
(0.00113856 1.56881e-06 0)
(0.00113585 1.33708e-06 0)
(0.00113321 9.82328e-07 0)
(0.00113067 5.1568e-07 0)
(0.00112824 -5.27815e-08 0)
(0.00112595 -7.13395e-07 0)
(0.00112379 -1.45623e-06 0)
(0.0011218 -2.27129e-06 0)
(0.00111997 -3.14964e-06 0)
(0.000464291 -9.0682e-05 0)
(0.000477939 -0.000102706 0)
(0.000492736 -0.000114295 0)
(0.000508354 -0.00012545 0)
(0.000524725 -0.000136217 0)
(0.000541932 -0.000146603 0)
(0.000560001 -0.000156629 0)
(0.000578928 -0.000166273 0)
(0.00059867 -0.000175496 0)
(0.000619176 -0.000184251 0)
(0.000640385 -0.000192488 0)
(0.000662236 -0.000200165 0)
(0.000684661 -0.000207245 0)
(0.000707585 -0.000213694 0)
(0.000730931 -0.000219487 0)
(0.000754617 -0.000224599 0)
(0.000778558 -0.000229011 0)
(0.00080267 -0.000232711 0)
(0.000826866 -0.000235688 0)
(0.000851063 -0.00023794 0)
(0.000875178 -0.00023947 0)
(0.000899135 -0.00024029 0)
(0.000922863 -0.000240417 0)
(0.000946294 -0.000239873 0)
(0.000969365 -0.000238683 0)
(0.000992018 -0.000236877 0)
(0.0010142 -0.000234485 0)
(0.00103587 -0.00023154 0)
(0.00105697 -0.000228075 0)
(0.00107748 -0.000224126 0)
(0.00109736 -0.000219731 0)
(0.00111659 -0.000214929 0)
(0.00113514 -0.000209757 0)
(0.001153 -0.000204254 0)
(0.00117015 -0.000198456 0)
(0.00118659 -0.000192402 0)
(0.0012023 -0.000186126 0)
(0.0012173 -0.000179663 0)
(0.00123157 -0.000173046 0)
(0.00124511 -0.000166308 0)
(0.00125794 -0.000159475 0)
(0.00127006 -0.000152577 0)
(0.00128147 -0.000145637 0)
(0.00129219 -0.00013868 0)
(0.00130221 -0.000131727 0)
(0.00131156 -0.000124799 0)
(0.00132024 -0.000117915 0)
(0.00132826 -0.000111091 0)
(0.00133564 -0.000104345 0)
(0.00134238 -9.76913e-05 0)
(0.0013485 -9.11435e-05 0)
(0.00135401 -8.47152e-05 0)
(0.00135892 -7.8419e-05 0)
(0.00136325 -7.22668e-05 0)
(0.001367 -6.62706e-05 0)
(0.0013702 -6.04415e-05 0)
(0.00137285 -5.47909e-05 0)
(0.00137498 -4.93294e-05 0)
(0.00137659 -4.40678e-05 0)
(0.00137771 -3.90163e-05 0)
(0.00137835 -3.41846e-05 0)
(0.00137853 -2.95818e-05 0)
(0.00137827 -2.52172e-05 0)
(0.0013776 -2.10974e-05 0)
(0.00137653 -1.72307e-05 0)
(0.00137509 -1.36211e-05 0)
(0.00137331 -1.02733e-05 0)
(0.0013712 -7.19167e-06 0)
(0.00136881 -4.37343e-06 0)
(0.00136614 -1.82399e-06 0)
(0.00136323 4.49561e-07 0)
(0.00136008 2.44783e-06 0)
(0.00135674 4.17443e-06 0)
(0.00135322 5.63678e-06 0)
(0.00134957 6.84294e-06 0)
(0.00134581 7.80105e-06 0)
(0.00134197 8.51971e-06 0)
(0.00133806 9.0087e-06 0)
(0.00133412 9.27842e-06 0)
(0.00133017 9.3405e-06 0)
(0.00132622 9.20731e-06 0)
(0.0013223 8.8903e-06 0)
(0.00131844 8.40232e-06 0)
(0.00131464 7.75791e-06 0)
(0.00131091 6.97192e-06 0)
(0.00130728 6.05883e-06 0)
(0.00130375 5.03397e-06 0)
(0.00130033 3.9122e-06 0)
(0.00129703 2.70546e-06 0)
(0.000894917 -0.000118383 0)
(0.000906951 -0.000131761 0)
(0.000920338 -0.000145071 0)
(0.000934517 -0.000158066 0)
(0.000949219 -0.000170623 0)
(0.000964361 -0.000182707 0)
(0.000979961 -0.000194312 0)
(0.000996046 -0.000205425 0)
(0.00101261 -0.000216012 0)
(0.00102963 -0.000226022 0)
(0.00104704 -0.000235396 0)
(0.00106477 -0.000244077 0)
(0.00108273 -0.000252014 0)
(0.00110085 -0.000259167 0)
(0.00111906 -0.0002655 0)
(0.00113727 -0.00027099 0)
(0.00115541 -0.000275618 0)
(0.0011734 -0.000279374 0)
(0.00119118 -0.000282253 0)
(0.00120867 -0.000284256 0)
(0.00122581 -0.00028539 0)
(0.00124254 -0.00028567 0)
(0.00125882 -0.000285115 0)
(0.00127459 -0.000283755 0)
(0.00128984 -0.000281628 0)
(0.00130452 -0.000278775 0)
(0.00131862 -0.000275241 0)
(0.00133214 -0.000271073 0)
(0.00134505 -0.000266322 0)
(0.00135737 -0.000261034 0)
(0.00136908 -0.00025526 0)
(0.00138018 -0.000249047 0)
(0.0013907 -0.000242443 0)
(0.00140063 -0.000235492 0)
(0.00140999 -0.000228239 0)
(0.00141878 -0.000220727 0)
(0.00142703 -0.000212999 0)
(0.00143474 -0.000205095 0)
(0.00144195 -0.000197051 0)
(0.00144865 -0.000188904 0)
(0.00145487 -0.000180686 0)
(0.00146062 -0.000172426 0)
(0.00146593 -0.00016415 0)
(0.00147079 -0.000155883 0)
(0.00147523 -0.000147648 0)
(0.00147926 -0.000139463 0)
(0.00148289 -0.000131347 0)
(0.00148613 -0.000123316 0)
(0.00148898 -0.000115387 0)
(0.00149146 -0.000107574 0)
(0.00149358 -9.98908e-05 0)
(0.00149533 -9.23501e-05 0)
(0.00149673 -8.49646e-05 0)
(0.00149778 -7.77466e-05 0)
(0.00149848 -7.07081e-05 0)
(0.00149885 -6.38612e-05 0)
(0.00149888 -5.72179e-05 0)
(0.00149857 -5.07902e-05 0)
(0.00149795 -4.459e-05 0)
(0.00149701 -3.86296e-05 0)
(0.00149575 -3.29205e-05 0)
(0.0014942 -2.74746e-05 0)
(0.00149235 -2.23023e-05 0)
(0.00149023 -1.74157e-05 0)
(0.00148783 -1.28205e-05 0)
(0.00148519 -8.53076e-06 0)
(0.0014823 -4.54699e-06 0)
(0.00147919 -8.74495e-07 0)
(0.00147587 2.47431e-06 0)
(0.00147234 5.49508e-06 0)
(0.00146861 8.18973e-06 0)
(0.00146472 1.05626e-05 0)
(0.00146069 1.26216e-05 0)
(0.00145654 1.43738e-05 0)
(0.0014523 1.58263e-05 0)
(0.00144797 1.69869e-05 0)
(0.00144357 1.7864e-05 0)
(0.00143912 1.84682e-05 0)
(0.00143462 1.88117e-05 0)
(0.00143011 1.89082e-05 0)
(0.00142559 1.8772e-05 0)
(0.00142108 1.84177e-05 0)
(0.00141659 1.78597e-05 0)
(0.00141213 1.71134e-05 0)
(0.00140771 1.61959e-05 0)
(0.00140335 1.51247e-05 0)
(0.00139905 1.39169e-05 0)
(0.00139481 1.25902e-05 0)
(0.00139065 1.11632e-05 0)
(0.00129655 -0.000142878 0)
(0.00130493 -0.000157071 0)
(0.00131455 -0.000171234 0)
(0.00132487 -0.000185134 0)
(0.0013355 -0.00019861 0)
(0.00134623 -0.000211566 0)
(0.00135699 -0.000223951 0)
(0.00136776 -0.000235729 0)
(0.00137857 -0.000246858 0)
(0.00138938 -0.000257285 0)
(0.00140017 -0.000266948 0)
(0.00141087 -0.000275782 0)
(0.0014214 -0.000283731 0)
(0.00143169 -0.000290749 0)
(0.00144167 -0.000296801 0)
(0.00145128 -0.000301867 0)
(0.00146047 -0.000305933 0)
(0.0014692 -0.000308999 0)
(0.00147742 -0.000311073 0)
(0.00148511 -0.000312169 0)
(0.00149225 -0.000312311 0)
(0.00149882 -0.000311529 0)
(0.00150482 -0.000309857 0)
(0.00151023 -0.000307337 0)
(0.00151506 -0.000304014 0)
(0.00151932 -0.000299936 0)
(0.00152303 -0.00029516 0)
(0.00152623 -0.000289744 0)
(0.00152894 -0.000283749 0)
(0.00153119 -0.000277238 0)
(0.00153304 -0.000270268 0)
(0.0015345 -0.000262899 0)
(0.00153563 -0.000255182 0)
(0.00153644 -0.000247168 0)
(0.00153699 -0.000238905 0)
(0.00153729 -0.000230435 0)
(0.00153737 -0.000221801 0)
(0.00153726 -0.000213041 0)
(0.00153699 -0.00020419 0)
(0.00153657 -0.000195282 0)
(0.00153603 -0.000186345 0)
(0.00153539 -0.000177407 0)
(0.00153466 -0.000168491 0)
(0.00153385 -0.000159619 0)
(0.00153296 -0.000150809 0)
(0.00153201 -0.000142076 0)
(0.00153099 -0.000133435 0)
(0.00152991 -0.000124896 0)
(0.00152876 -0.000116472 0)
(0.00152753 -0.000108172 0)
(0.00152623 -0.000100006 0)
(0.00152484 -9.19851e-05 0)
(0.00152336 -8.41188e-05 0)
(0.00152177 -7.64188e-05 0)
(0.00152007 -6.88949e-05 0)
(0.00151825 -6.15603e-05 0)
(0.0015163 -5.44259e-05 0)
(0.00151421 -4.75054e-05 0)
(0.00151197 -4.08113e-05 0)
(0.00150958 -3.43572e-05 0)
(0.00150704 -2.81575e-05 0)
(0.00150433 -2.22251e-05 0)
(0.00150146 -1.65757e-05 0)
(0.00149843 -1.12223e-05 0)
(0.00149524 -6.18643e-06 0)
(0.00149189 -1.48355e-06 0)
(0.00148841 2.87619e-06 0)
(0.00148477 6.8911e-06 0)
(0.00148099 1.05572e-05 0)
(0.00147708 1.38768e-05 0)
(0.00147306 1.68545e-05 0)
(0.00146895 1.94925e-05 0)
(0.00146475 2.17917e-05 0)
(0.00146048 2.37552e-05 0)
(0.00145614 2.53881e-05 0)
(0.00145173 2.66984e-05 0)
(0.00144728 2.7696e-05 0)
(0.00144279 2.83926e-05 0)
(0.00143828 2.88016e-05 0)
(0.00143375 2.89369e-05 0)
(0.00142921 2.8814e-05 0)
(0.00142467 2.84506e-05 0)
(0.00142014 2.7865e-05 0)
(0.00141562 2.70751e-05 0)
(0.00141112 2.60998e-05 0)
(0.00140665 2.49581e-05 0)
(0.00140221 2.36692e-05 0)
(0.00139781 2.22524e-05 0)
(0.00139344 2.07263e-05 0)
(0.00162666 -0.000155483 0)
(0.00162863 -0.000170397 0)
(0.00163145 -0.000185044 0)
(0.00163465 -0.000199248 0)
(0.00163781 -0.000212894 0)
(0.00164066 -0.000225911 0)
(0.0016431 -0.000238247 0)
(0.00164509 -0.000249854 0)
(0.00164665 -0.00026068 0)
(0.00164782 -0.000270666 0)
(0.00164859 -0.00027975 0)
(0.00164892 -0.000287873 0)
(0.00164879 -0.000294986 0)
(0.00164814 -0.000301053 0)
(0.00164695 -0.00030605 0)
(0.00164519 -0.000309969 0)
(0.00164285 -0.000312811 0)
(0.00163994 -0.000314592 0)
(0.00163646 -0.000315335 0)
(0.00163245 -0.000315078 0)
(0.00162794 -0.000313864 0)
(0.00162296 -0.000311746 0)
(0.00161755 -0.00030878 0)
(0.00161178 -0.000305027 0)
(0.00160568 -0.000300546 0)
(0.00159933 -0.000295399 0)
(0.00159276 -0.000289648 0)
(0.00158602 -0.000283356 0)
(0.00157919 -0.000276587 0)
(0.00157232 -0.000269404 0)
(0.00156546 -0.000261866 0)
(0.00155867 -0.000254027 0)
(0.00155201 -0.000245942 0)
(0.00154551 -0.000237658 0)
(0.00153922 -0.000229217 0)
(0.00153315 -0.000220659 0)
(0.00152733 -0.000212018 0)
(0.00152178 -0.00020332 0)
(0.0015165 -0.000194592 0)
(0.00151151 -0.000185852 0)
(0.00150679 -0.00017712 0)
(0.00150236 -0.000168412 0)
(0.00149819 -0.000159743 0)
(0.00149429 -0.000151127 0)
(0.00149063 -0.000142576 0)
(0.00148721 -0.0001341 0)
(0.00148399 -0.000125708 0)
(0.00148097 -0.000117407 0)
(0.00147811 -0.000109201 0)
(0.00147538 -0.000101096 0)
(0.00147277 -9.3097e-05 0)
(0.00147023 -8.52106e-05 0)
(0.00146775 -7.74449e-05 0)
(0.0014653 -6.98077e-05 0)
(0.00146284 -6.23116e-05 0)
(0.00146036 -5.49663e-05 0)
(0.00145783 -4.77886e-05 0)
(0.00145523 -4.07902e-05 0)
(0.00145254 -3.39902e-05 0)
(0.00144974 -2.74047e-05 0)
(0.00144684 -2.10493e-05 0)
(0.0014438 -1.49501e-05 0)
(0.00144062 -9.11434e-06 0)
(0.00143728 -3.57613e-06 0)
(0.00143378 1.64956e-06 0)
(0.00143013 6.55776e-06 0)
(0.00142636 1.1132e-05 0)
(0.0014225 1.53591e-05 0)
(0.00141855 1.92369e-05 0)
(0.00141451 2.2759e-05 0)
(0.00141037 2.59182e-05 0)
(0.00140615 2.87118e-05 0)
(0.00140187 3.11407e-05 0)
(0.00139753 3.32085e-05 0)
(0.00139315 3.49209e-05 0)
(0.00138874 3.62873e-05 0)
(0.00138431 3.73197e-05 0)
(0.00137987 3.80317e-05 0)
(0.00137542 3.84395e-05 0)
(0.00137098 3.85605e-05 0)
(0.00136655 3.84128e-05 0)
(0.00136214 3.80151e-05 0)
(0.00135776 3.73874e-05 0)
(0.00135341 3.65497e-05 0)
(0.00134909 3.55226e-05 0)
(0.00134482 3.43261e-05 0)
(0.00134057 3.29798e-05 0)
(0.00133637 3.1504e-05 0)
(0.00133221 2.9918e-05 0)
(0.00179725 -0.000150866 0)
(0.00179177 -0.00016579 0)
(0.00178684 -0.000180124 0)
(0.00178187 -0.000193779 0)
(0.0017764 -0.000206729 0)
(0.00177019 -0.000218953 0)
(0.00176318 -0.000230419 0)
(0.00175541 -0.00024108 0)
(0.001747 -0.000250876 0)
(0.00173802 -0.000259751 0)
(0.00172855 -0.000267656 0)
(0.0017186 -0.00027455 0)
(0.0017082 -0.000280406 0)
(0.00169736 -0.000285208 0)
(0.00168611 -0.000288951 0)
(0.00167447 -0.000291643 0)
(0.00166251 -0.000293304 0)
(0.00165026 -0.000293962 0)
(0.00163781 -0.00029366 0)
(0.00162522 -0.000292447 0)
(0.00161256 -0.000290383 0)
(0.0015999 -0.000287536 0)
(0.00158733 -0.000283977 0)
(0.00157492 -0.000279784 0)
(0.00156274 -0.000275031 0)
(0.00155087 -0.000269787 0)
(0.00153936 -0.000264115 0)
(0.00152826 -0.000258071 0)
(0.00151763 -0.000251706 0)
(0.00150751 -0.000245064 0)
(0.00149793 -0.000238188 0)
(0.00148892 -0.000231116 0)
(0.00148051 -0.000223885 0)
(0.00147269 -0.000216528 0)
(0.00146548 -0.000209076 0)
(0.00145886 -0.000201557 0)
(0.00145282 -0.000193991 0)
(0.00144735 -0.00018639 0)
(0.00144241 -0.000178765 0)
(0.00143798 -0.000171118 0)
(0.00143401 -0.000163452 0)
(0.00143046 -0.000155767 0)
(0.00142729 -0.000148066 0)
(0.00142445 -0.000140349 0)
(0.0014219 -0.000132622 0)
(0.0014196 -0.00012489 0)
(0.00141751 -0.000117158 0)
(0.00141559 -0.000109432 0)
(0.0014138 -0.000101717 0)
(0.00141209 -9.40219e-05 0)
(0.00141044 -8.63518e-05 0)
(0.00140879 -7.87158e-05 0)
(0.00140711 -7.11247e-05 0)
(0.00140535 -6.35907e-05 0)
(0.0014035 -5.61308e-05 0)
(0.00140151 -4.87603e-05 0)
(0.00139937 -4.15018e-05 0)
(0.00139704 -3.43736e-05 0)
(0.0013945 -2.74019e-05 0)
(0.00139174 -2.06074e-05 0)
(0.00138875 -1.40145e-05 0)
(0.00138552 -7.64896e-06 0)
(0.00138204 -1.52244e-06 0)
(0.00137829 4.33906e-06 0)
(0.00137434 9.909e-06 0)
(0.00137019 1.51545e-05 0)
(0.00136585 2.00551e-05 0)
(0.00136132 2.45885e-05 0)
(0.00135662 2.87341e-05 0)
(0.00135179 3.24779e-05 0)
(0.00134683 3.58143e-05 0)
(0.00134179 3.87428e-05 0)
(0.00133668 4.12661e-05 0)
(0.00133152 4.33896e-05 0)
(0.00132635 4.51212e-05 0)
(0.00132117 4.64726e-05 0)
(0.001316 4.74586e-05 0)
(0.00131087 4.8097e-05 0)
(0.00130579 4.84082e-05 0)
(0.00130078 4.84142e-05 0)
(0.00129584 4.81381e-05 0)
(0.00129098 4.76034e-05 0)
(0.0012862 4.68337e-05 0)
(0.00128152 4.58524e-05 0)
(0.00127693 4.46819e-05 0)
(0.00127244 4.33439e-05 0)
(0.00126805 4.18599e-05 0)
(0.00126375 4.02507e-05 0)
(0.00125955 3.85368e-05 0)
(0.00176049 -0.000136434 0)
(0.001751 -0.000149599 0)
(0.001742 -0.000162266 0)
(0.00173268 -0.000174398 0)
(0.00172261 -0.000185953 0)
(0.00171167 -0.000196873 0)
(0.00169994 -0.000207094 0)
(0.00168757 -0.00021655 0)
(0.00167477 -0.000225185 0)
(0.00166168 -0.000232958 0)
(0.00164842 -0.00023984 0)
(0.00163507 -0.000245812 0)
(0.00162171 -0.000250864 0)
(0.00160838 -0.000254996 0)
(0.00159516 -0.000258214 0)
(0.0015821 -0.000260535 0)
(0.00156927 -0.000261983 0)
(0.00155674 -0.000262591 0)
(0.00154454 -0.000262402 0)
(0.00153275 -0.000261464 0)
(0.0015214 -0.000259839 0)
(0.00151052 -0.000257591 0)
(0.00150016 -0.000254796 0)
(0.00149035 -0.000251528 0)
(0.00148112 -0.000247865 0)
(0.00147252 -0.000243872 0)
(0.00146455 -0.000239604 0)
(0.00145723 -0.000235096 0)
(0.00145055 -0.000230372 0)
(0.00144451 -0.000225445 0)
(0.00143909 -0.000220322 0)
(0.00143424 -0.000215008 0)
(0.00142994 -0.000209503 0)
(0.00142615 -0.000203813 0)
(0.00142282 -0.000197947 0)
(0.00141991 -0.000191916 0)
(0.00141739 -0.000185728 0)
(0.00141522 -0.000179392 0)
(0.00141336 -0.000172913 0)
(0.00141178 -0.0001663 0)
(0.00141043 -0.000159561 0)
(0.00140925 -0.000152702 0)
(0.00140821 -0.000145727 0)
(0.00140725 -0.000138634 0)
(0.00140634 -0.000131417 0)
(0.00140543 -0.000124077 0)
(0.00140451 -0.000116612 0)
(0.00140353 -0.00010903 0)
(0.00140248 -0.000101339 0)
(0.00140133 -9.355e-05 0)
(0.00140005 -8.56799e-05 0)
(0.00139862 -7.77397e-05 0)
(0.00139702 -6.97569e-05 0)
(0.0013952 -6.17469e-05 0)
(0.00139316 -5.37406e-05 0)
(0.00139087 -4.57679e-05 0)
(0.00138832 -3.78488e-05 0)
(0.00138548 -3.00377e-05 0)
(0.00138235 -2.23374e-05 0)
(0.00137893 -1.48135e-05 0)
(0.00137519 -7.46538e-06 0)
(0.00137117 -3.07345e-07 0)
(0.00136687 6.57367e-06 0)
(0.00136223 1.31355e-05 0)
(0.00135723 1.93425e-05 0)
(0.00135193 2.51689e-05 0)
(0.00134636 3.05898e-05 0)
(0.00134057 3.55816e-05 0)
(0.00133457 4.01246e-05 0)
(0.0013284 4.42063e-05 0)
(0.00132209 4.78201e-05 0)
(0.00131568 5.09643e-05 0)
(0.0013092 5.36407e-05 0)
(0.00130267 5.58559e-05 0)
(0.00129614 5.76206e-05 0)
(0.00128962 5.89504e-05 0)
(0.00128315 5.98644e-05 0)
(0.00127676 6.03851e-05 0)
(0.00127047 6.05368e-05 0)
(0.00126429 6.03464e-05 0)
(0.00125825 5.9842e-05 0)
(0.00125236 5.90519e-05 0)
(0.00124663 5.80052e-05 0)
(0.00124107 5.67311e-05 0)
(0.00123567 5.52579e-05 0)
(0.00123044 5.36127e-05 0)
(0.00122539 5.18212e-05 0)
(0.00122052 4.99081e-05 0)
(0.00121581 4.78969e-05 0)
(0.00163735 -0.000122756 0)
(0.00162936 -0.000133358 0)
(0.00162205 -0.000144028 0)
(0.00161479 -0.000154669 0)
(0.00160723 -0.0001651 0)
(0.00159927 -0.000175149 0)
(0.001591 -0.000184687 0)
(0.00158255 -0.00019363 0)
(0.0015741 -0.000201926 0)
(0.00156577 -0.000209541 0)
(0.00155767 -0.000216448 0)
(0.00154986 -0.000222622 0)
(0.00154239 -0.000228042 0)
(0.00153527 -0.000232691 0)
(0.00152851 -0.00023656 0)
(0.00152211 -0.000239647 0)
(0.00151607 -0.000241961 0)
(0.00151037 -0.000243516 0)
(0.00150498 -0.000244343 0)
(0.00149986 -0.000244476 0)
(0.00149497 -0.000243962 0)
(0.00149026 -0.000242854 0)
(0.00148569 -0.000241215 0)
(0.00148122 -0.000239117 0)
(0.00147686 -0.000236633 0)
(0.0014726 -0.000233823 0)
(0.00146847 -0.000230739 0)
(0.0014645 -0.000227413 0)
(0.0014607 -0.000223866 0)
(0.00145704 -0.000220101 0)
(0.00145353 -0.000216107 0)
(0.00145014 -0.00021186 0)
(0.00144683 -0.000207335 0)
(0.00144355 -0.000202509 0)
(0.00144028 -0.000197368 0)
(0.00143699 -0.000191904 0)
(0.00143368 -0.000186123 0)
(0.00143032 -0.000180039 0)
(0.00142692 -0.000173664 0)
(0.00142346 -0.000167026 0)
(0.00141994 -0.000160166 0)
(0.00141637 -0.000153123 0)
(0.00141275 -0.000145925 0)
(0.00140912 -0.000138586 0)
(0.00140547 -0.000131109 0)
(0.0014018 -0.000123491 0)
(0.00139813 -0.000115732 0)
(0.00139442 -0.000107828 0)
(0.00139071 -9.97844e-05 0)
(0.00138697 -9.16034e-05 0)
(0.0013832 -8.32914e-05 0)
(0.00137941 -7.48626e-05 0)
(0.00137557 -6.63277e-05 0)
(0.0013717 -5.77161e-05 0)
(0.00136774 -4.9046e-05 0)
(0.00136374 -4.03548e-05 0)
(0.00135962 -3.16804e-05 0)
(0.00135542 -2.30535e-05 0)
(0.00135112 -1.4541e-05 0)
(0.0013467 -6.16317e-06 0)
(0.00134227 2.00483e-06 0)
(0.00133765 9.88836e-06 0)
(0.00133272 1.74361e-05 0)
(0.00132757 2.46181e-05 0)
(0.00132228 3.14183e-05 0)
(0.00131687 3.78102e-05 0)
(0.00131131 4.37564e-05 0)
(0.00130559 4.92232e-05 0)
(0.00129973 5.4187e-05 0)
(0.00129375 5.86325e-05 0)
(0.00128769 6.2549e-05 0)
(0.00128156 6.59302e-05 0)
(0.00127537 6.8776e-05 0)
(0.00126915 7.10931e-05 0)
(0.00126293 7.28945e-05 0)
(0.00125673 7.41981e-05 0)
(0.00125057 7.50262e-05 0)
(0.00124448 7.54041e-05 0)
(0.00123847 7.53605e-05 0)
(0.00123257 7.49288e-05 0)
(0.00122679 7.41435e-05 0)
(0.00122115 7.30377e-05 0)
(0.00121565 7.16432e-05 0)
(0.0012103 6.99923e-05 0)
(0.00120512 6.81185e-05 0)
(0.0012001 6.60551e-05 0)
(0.00119526 6.38338e-05 0)
(0.00119058 6.14844e-05 0)
(0.00118607 5.90351e-05 0)
(0.00162002 -0.000108351 0)
(0.00161344 -0.00011892 0)
(0.00160774 -0.000129662 0)
(0.00160267 -0.000140344 0)
(0.00159793 -0.000150793 0)
(0.00159327 -0.000160903 0)
(0.00158858 -0.000170604 0)
(0.00158386 -0.000179842 0)
(0.00157916 -0.000188565 0)
(0.00157454 -0.000196718 0)
(0.00157007 -0.000204245 0)
(0.00156574 -0.000211088 0)
(0.00156153 -0.000217198 0)
(0.00155737 -0.000222531 0)
(0.00155322 -0.000227051 0)
(0.00154898 -0.000230732 0)
(0.0015446 -0.000233558 0)
(0.00153998 -0.000235528 0)
(0.00153505 -0.000236657 0)
(0.00152973 -0.000236975 0)
(0.00152395 -0.000236536 0)
(0.00151764 -0.00023541 0)
(0.00151074 -0.000233678 0)
(0.00150323 -0.000231405 0)
(0.00149514 -0.000228662 0)
(0.0014865 -0.000225494 0)
(0.00147742 -0.000221959 0)
(0.00146793 -0.000218128 0)
(0.00145815 -0.000214061 0)
(0.00144812 -0.000209791 0)
(0.00143793 -0.000205318 0)
(0.00142763 -0.00020063 0)
(0.00141723 -0.000195712 0)
(0.00140675 -0.000190541 0)
(0.00139616 -0.000185102 0)
(0.00138548 -0.000179388 0)
(0.00137468 -0.000173413 0)
(0.00136381 -0.000167182 0)
(0.0013529 -0.000160695 0)
(0.00134193 -0.000153947 0)
(0.00133091 -0.000146946 0)
(0.00131991 -0.00013972 0)
(0.00130901 -0.000132308 0)
(0.0012983 -0.000124757 0)
(0.00128788 -0.000117103 0)
(0.00127778 -0.000109373 0)
(0.00126805 -0.000101584 0)
(0.00125873 -9.3738e-05 0)
(0.00124983 -8.58363e-05 0)
(0.00124138 -7.78686e-05 0)
(0.00123341 -6.98294e-05 0)
(0.00122592 -6.17179e-05 0)
(0.0012189 -5.35306e-05 0)
(0.00121235 -4.52784e-05 0)
(0.00120625 -3.69627e-05 0)
(0.00120057 -2.86131e-05 0)
(0.00119532 -2.02551e-05 0)
(0.00119041 -1.19134e-05 0)
(0.00118587 -3.669e-06 0)
(0.00118164 4.47549e-06 0)
(0.0011776 1.24354e-05 0)
(0.00117377 2.01455e-05 0)
(0.00117023 2.76043e-05 0)
(0.00116696 3.4793e-05 0)
(0.00116388 4.16596e-05 0)
(0.00116092 4.81415e-05 0)
(0.00115805 5.41876e-05 0)
(0.00115526 5.97629e-05 0)
(0.00115254 6.48408e-05 0)
(0.00114988 6.93979e-05 0)
(0.00114727 7.34151e-05 0)
(0.00114469 7.68801e-05 0)
(0.00114214 7.97893e-05 0)
(0.0011396 8.21475e-05 0)
(0.00113709 8.39655e-05 0)
(0.0011346 8.52604e-05 0)
(0.00113213 8.60539e-05 0)
(0.00112969 8.63721e-05 0)
(0.00112727 8.62437e-05 0)
(0.0011249 8.56982e-05 0)
(0.00112256 8.4768e-05 0)
(0.00112025 8.34875e-05 0)
(0.00111796 8.18923e-05 0)
(0.00111572 8.00183e-05 0)
(0.00111351 7.79021e-05 0)
(0.00111135 7.55798e-05 0)
(0.00110923 7.30865e-05 0)
(0.00110716 7.04556e-05 0)
(0.00110514 6.77186e-05 0)
(0.00163799 -9.0613e-05 0)
(0.00162886 -0.000103592 0)
(0.00162129 -0.000116185 0)
(0.0016145 -0.000128024 0)
(0.00160781 -0.000139161 0)
(0.00160086 -0.000149716 0)
(0.0015935 -0.00015977 0)
(0.00158577 -0.000169315 0)
(0.00157773 -0.000178289 0)
(0.00156947 -0.000186601 0)
(0.00156099 -0.000194168 0)
(0.00155227 -0.00020091 0)
(0.00154326 -0.000206767 0)
(0.00153385 -0.000211675 0)
(0.00152399 -0.000215591 0)
(0.00151355 -0.00021847 0)
(0.0015025 -0.000220287 0)
(0.00149069 -0.000221047 0)
(0.00147809 -0.000220775 0)
(0.00146457 -0.000219557 0)
(0.00145007 -0.000217493 0)
(0.00143454 -0.000214741 0)
(0.00141796 -0.000211425 0)
(0.00140045 -0.000207681 0)
(0.001382 -0.000203576 0)
(0.00136281 -0.000199142 0)
(0.0013429 -0.000194362 0)
(0.00132227 -0.000189228 0)
(0.00130111 -0.000183776 0)
(0.0012796 -0.000178077 0)
(0.00125791 -0.000172191 0)
(0.00123617 -0.000166188 0)
(0.00121444 -0.000160093 0)
(0.00119281 -0.000153947 0)
(0.00117123 -0.000147763 0)
(0.00114982 -0.000141583 0)
(0.00112846 -0.00013541 0)
(0.00110739 -0.000129249 0)
(0.00108674 -0.000123147 0)
(0.00106658 -0.000117112 0)
(0.00104687 -0.000111117 0)
(0.00102761 -0.000105117 0)
(0.00100885 -9.90791e-05 0)
(0.000990681 -9.29944e-05 0)
(0.000973218 -8.68585e-05 0)
(0.000956589 -8.06788e-05 0)
(0.000940886 -7.44611e-05 0)
(0.0009262 -6.82028e-05 0)
(0.000912615 -6.18923e-05 0)
(0.000900181 -5.55e-05 0)
(0.00088893 -4.90168e-05 0)
(0.000878861 -4.24547e-05 0)
(0.000869973 -3.57951e-05 0)
(0.000862275 -2.90485e-05 0)
(0.0008557 -2.2231e-05 0)
(0.000850193 -1.53222e-05 0)
(0.000845749 -8.37706e-06 0)
(0.000842205 -1.4149e-06 0)
(0.000839541 5.57541e-06 0)
(0.0008378 1.24806e-05 0)
(0.000836902 1.93226e-05 0)
(0.000836745 2.61058e-05 0)
(0.000837255 3.27673e-05 0)
(0.000838354 3.92209e-05 0)
(0.000839961 4.53966e-05 0)
(0.000842009 5.12488e-05 0)
(0.000844452 5.67421e-05 0)
(0.000847241 6.18403e-05 0)
(0.000850326 6.65069e-05 0)
(0.000853655 7.07101e-05 0)
(0.000857184 7.44258e-05 0)
(0.000860871 7.76395e-05 0)
(0.000864681 8.03437e-05 0)
(0.000868579 8.25375e-05 0)
(0.000872535 8.42268e-05 0)
(0.000876518 8.5423e-05 0)
(0.000880504 8.61433e-05 0)
(0.000884464 8.64103e-05 0)
(0.000888371 8.6249e-05 0)
(0.000892201 8.56843e-05 0)
(0.000895941 8.47448e-05 0)
(0.00089958 8.34646e-05 0)
(0.000903112 8.18819e-05 0)
(0.000906528 8.0034e-05 0)
(0.000909823 7.79564e-05 0)
(0.00091299 7.56829e-05 0)
(0.000916024 7.32461e-05 0)
(0.000918923 7.06774e-05 0)
(0.000921686 6.80068e-05 0)
(0.00152434 -6.71275e-05 0)
(0.0015111 -7.92307e-05 0)
(0.00150146 -9.09088e-05 0)
(0.00149238 -0.000101966 0)
(0.00148232 -0.000112497 0)
(0.00147092 -0.000122561 0)
(0.00145826 -0.000132136 0)
(0.00144466 -0.000141154 0)
(0.00143032 -0.000149521 0)
(0.00141537 -0.000157156 0)
(0.00139977 -0.000163971 0)
(0.00138349 -0.00016988 0)
(0.00136644 -0.000174789 0)
(0.00134854 -0.000178574 0)
(0.00132976 -0.000181122 0)
(0.00130995 -0.000182274 0)
(0.00128912 -0.000181944 0)
(0.00126704 -0.000180029 0)
(0.00124376 -0.000176617 0)
(0.001219 -0.00017189 0)
(0.00119291 -0.000166241 0)
(0.00116523 -0.00016008 0)
(0.00113631 -0.000153843 0)
(0.0011061 -0.00014786 0)
(0.00107491 -0.000142322 0)
(0.00104336 -0.000137377 0)
(0.00101159 -0.000132959 0)
(0.000979519 -0.000128875 0)
(0.000947053 -0.000124922 0)
(0.000914158 -0.000120888 0)
(0.000881063 -0.00011661 0)
(0.000847986 -0.000111941 0)
(0.000815198 -0.000106809 0)
(0.000782827 -0.000101207 0)
(0.000750953 -9.51607e-05 0)
(0.000719766 -8.87776e-05 0)
(0.000689217 -8.20961e-05 0)
(0.00065968 -7.5295e-05 0)
(0.0006311 -6.85365e-05 0)
(0.000603775 -6.20118e-05 0)
(0.000577987 -5.58814e-05 0)
(0.000553879 -5.02439e-05 0)
(0.000531516 -4.51437e-05 0)
(0.000510945 -4.05877e-05 0)
(0.000492211 -3.65525e-05 0)
(0.000475352 -3.30113e-05 0)
(0.000460314 -2.99235e-05 0)
(0.000447109 -2.71799e-05 0)
(0.000435864 -2.4673e-05 0)
(0.000426422 -2.23048e-05 0)
(0.000418598 -1.99611e-05 0)
(0.000412296 -1.7538e-05 0)
(0.000407435 -1.49522e-05 0)
(0.000403919 -1.21269e-05 0)
(0.000401649 -9.01522e-06 0)
(0.000400539 -5.61855e-06 0)
(0.000400524 -1.93777e-06 0)
(0.000401505 2.03698e-06 0)
(0.000403342 6.31351e-06 0)
(0.000406083 1.08768e-05 0)
(0.000409749 1.56558e-05 0)
(0.000414235 2.05606e-05 0)
(0.00041948 2.5509e-05 0)
(0.00042544 3.04242e-05 0)
(0.000432065 3.52442e-05 0)
(0.000439301 3.99148e-05 0)
(0.000447093 4.43798e-05 0)
(0.000455386 4.85835e-05 0)
(0.000464125 5.24776e-05 0)
(0.000473257 5.60246e-05 0)
(0.000482727 5.91965e-05 0)
(0.00049248 6.19725e-05 0)
(0.000502463 6.43387e-05 0)
(0.000512621 6.62871e-05 0)
(0.000522901 6.78165e-05 0)
(0.000533255 6.89323e-05 0)
(0.000543635 6.96459e-05 0)
(0.000553997 6.99725e-05 0)
(0.000564301 6.99326e-05 0)
(0.00057451 6.95531e-05 0)
(0.00058459 6.88628e-05 0)
(0.000594509 6.78905e-05 0)
(0.000604239 6.66649e-05 0)
(0.000613754 6.52143e-05 0)
(0.000623031 6.35663e-05 0)
(0.000632051 6.17489e-05 0)
(0.000640799 5.979e-05 0)
(0.000649267 5.7716e-05 0)
(0.000657448 5.5552e-05 0)
(0.00127201 -5.73e-05 0)
(0.00125254 -6.74777e-05 0)
(0.00123745 -7.68153e-05 0)
(0.00122189 -8.61183e-05 0)
(0.0012043 -9.49797e-05 0)
(0.00118458 -0.000103016 0)
(0.00116301 -0.000110134 0)
(0.00113986 -0.000116413 0)
(0.00111531 -0.000121958 0)
(0.00108948 -0.000126827 0)
(0.0010624 -0.000130999 0)
(0.00103414 -0.000134443 0)
(0.00100476 -0.000137054 0)
(0.000974359 -0.000138733 0)
(0.000943008 -0.0001393 0)
(0.000910812 -0.000138584 0)
(0.000877762 -0.000136371 0)
(0.000843805 -0.000132445 0)
(0.000808679 -0.000126772 0)
(0.000771751 -0.000119334 0)
(0.000732897 -0.000110531 0)
(0.000691401 -0.000100457 0)
(0.000648429 -8.97428e-05 0)
(0.000603659 -7.8566e-05 0)
(0.000557952 -6.73449e-05 0)
(0.000512156 -5.64431e-05 0)
(0.00046747 -4.63324e-05 0)
(0.000424425 -3.73956e-05 0)
(0.000383257 -2.97231e-05 0)
(0.000344422 -2.32054e-05 0)
(0.000308386 -1.77021e-05 0)
(0.000275425 -1.30948e-05 0)
(0.000245644 -9.31292e-06 0)
(0.000219062 -6.4283e-06 0)
(0.000195462 -4.54461e-06 0)
(0.000174553 -3.64876e-06 0)
(0.000156467 -3.71011e-06 0)
(0.000141151 -4.4611e-06 0)
(0.000128027 -5.4578e-06 0)
(0.000116786 -6.56987e-06 0)
(0.000107088 -7.83239e-06 0)
(9.86563e-05 -9.26406e-06 0)
(9.12765e-05 -1.08143e-05 0)
(8.47676e-05 -1.23995e-05 0)
(7.89791e-05 -1.39374e-05 0)
(7.37846e-05 -1.53589e-05 0)
(6.90675e-05 -1.66138e-05 0)
(6.46944e-05 -1.76587e-05 0)
(6.06469e-05 -1.84309e-05 0)
(5.6931e-05 -1.88351e-05 0)
(5.35939e-05 -1.88093e-05 0)
(5.06784e-05 -1.834e-05 0)
(4.82383e-05 -1.74329e-05 0)
(4.63397e-05 -1.61011e-05 0)
(4.50554e-05 -1.43678e-05 0)
(4.44581e-05 -1.22637e-05 0)
(4.46182e-05 -9.82524e-06 0)
(4.56079e-05 -7.09602e-06 0)
(4.74543e-05 -4.13261e-06 0)
(5.01629e-05 -9.68326e-07 0)
(5.37055e-05 2.34333e-06 0)
(5.81515e-05 5.76683e-06 0)
(6.3554e-05 9.2446e-06 0)
(6.98993e-05 1.27193e-05 0)
(7.71691e-05 1.61394e-05 0)
(8.53362e-05 1.94594e-05 0)
(9.43626e-05 2.26387e-05 0)
(0.000104201 2.56411e-05 0)
(0.000114794 2.84348e-05 0)
(0.000126079 3.09931e-05 0)
(0.000137986 3.32945e-05 0)
(0.000150443 3.53225e-05 0)
(0.000163374 3.70658e-05 0)
(0.000176701 3.85175e-05 0)
(0.000190346 3.96746e-05 0)
(0.000204231 4.05378e-05 0)
(0.000218277 4.11139e-05 0)
(0.000232403 4.14164e-05 0)
(0.000246545 4.14632e-05 0)
(0.000260648 4.12838e-05 0)
(0.000274651 4.08918e-05 0)
(0.000288503 4.03035e-05 0)
(0.000302154 3.95378e-05 0)
(0.000315561 3.86145e-05 0)
(0.000328686 3.75541e-05 0)
(0.000341494 3.63772e-05 0)
(0.000353953 3.51035e-05 0)
(0.000366037 3.37505e-05 0)
(0.000377722 3.23347e-05 0)
(0.000672172 1.94281e-05 0)
(0.000673631 7.40517e-06 0)
(0.000647193 -2.06599e-06 0)
(0.00062033 -1.12215e-05 0)
(0.00059426 -1.93456e-05 0)
(0.00056675 -2.58192e-05 0)
(0.000536163 -3.06521e-05 0)
(0.00050237 -3.41858e-05 0)
(0.000466064 -3.6774e-05 0)
(0.000428031 -3.86033e-05 0)
(0.000388745 -3.97237e-05 0)
(0.000348452 -4.01178e-05 0)
(0.000307388 -3.9742e-05 0)
(0.000265892 -3.84891e-05 0)
(0.000224418 -3.62407e-05 0)
(0.000183471 -3.26534e-05 0)
(0.000143859 -2.67985e-05 0)
(0.000106711 -1.77231e-05 0)
(7.32557e-05 -5.66656e-06 0)
(4.44821e-05 7.82298e-06 0)
(2.08283e-05 2.09608e-05 0)
(2.27064e-06 3.23888e-05 0)
(-1.08703e-05 4.13221e-05 0)
(-1.94439e-05 4.78051e-05 0)
(-2.41938e-05 5.15742e-05 0)
(-2.61191e-05 5.25172e-05 0)
(-2.56589e-05 5.06373e-05 0)
(-2.36691e-05 4.65842e-05 0)
(-2.08484e-05 4.09476e-05 0)
(-1.7876e-05 3.41602e-05 0)
(-1.52136e-05 2.66581e-05 0)
(-1.31998e-05 1.89421e-05 0)
(-1.2099e-05 1.14903e-05 0)
(-1.19344e-05 4.69374e-06 0)
(-1.26689e-05 -1.12407e-06 0)
(-1.43244e-05 -5.77006e-06 0)
(-1.6942e-05 -9.20079e-06 0)
(-2.04333e-05 -1.14821e-05 0)
(-2.45895e-05 -1.27785e-05 0)
(-2.92201e-05 -1.32817e-05 0)
(-3.41838e-05 -1.3184e-05 0)
(-3.93919e-05 -1.26729e-05 0)
(-4.47936e-05 -1.19156e-05 0)
(-5.03585e-05 -1.10482e-05 0)
(-5.60663e-05 -1.01742e-05 0)
(-6.19017e-05 -9.36758e-06 0)
(-6.78514e-05 -8.67502e-06 0)
(-7.38997e-05 -8.11599e-06 0)
(-8.0017e-05 -7.66529e-06 0)
(-8.61493e-05 -7.29376e-06 0)
(-9.22203e-05 -6.97861e-06 0)
(-9.81426e-05 -6.69425e-06 0)
(-0.000103824 -6.41427e-06 0)
(-0.00010917 -6.11449e-06 0)
(-0.000114085 -5.77581e-06 0)
(-0.000118473 -5.38532e-06 0)
(-0.000122243 -4.93553e-06 0)
(-0.000125307 -4.42498e-06 0)
(-0.00012759 -3.86053e-06 0)
(-0.000129027 -3.25048e-06 0)
(-0.000129555 -2.57792e-06 0)
(-0.000129154 -1.83068e-06 0)
(-0.000127816 -1.03304e-06 0)
(-0.000125517 -2.02435e-07 0)
(-0.000122254 6.44607e-07 0)
(-0.000118039 1.49183e-06 0)
(-0.000112898 2.32341e-06 0)
(-0.00010687 3.12437e-06 0)
(-0.000100004 3.88121e-06 0)
(-9.23595e-05 4.58226e-06 0)
(-8.40039e-05 5.21785e-06 0)
(-7.50105e-05 5.78031e-06 0)
(-6.54579e-05 6.26378e-06 0)
(-5.54272e-05 6.66434e-06 0)
(-4.50008e-05 6.98025e-06 0)
(-3.42594e-05 7.21197e-06 0)
(-2.32813e-05 7.36325e-06 0)
(-1.21466e-05 7.44012e-06 0)
(-9.15424e-07 7.44988e-06 0)
(1.0327e-05 7.40643e-06 0)
(2.14922e-05 7.30876e-06 0)
(3.25302e-05 7.16147e-06 0)
(4.3386e-05 6.97006e-06 0)
(5.40094e-05 6.73976e-06 0)
(6.43559e-05 6.47552e-06 0)
(7.43872e-05 6.1819e-06 0)
(8.40709e-05 5.86383e-06 0)
(9.33799e-05 5.52678e-06 0)
(0.000102293 5.17625e-06 0)
)
;

boundaryField
{
    inlet
    {
        type            fixedValue;
        value           nonuniform List<vector> 0();
    }
    outlet
    {
        type            zeroGradient;
    }
    wall
    {
        type            noSlip;
    }
    obstacle
    {
        type            noSlip;
    }
    frontAndBack
    {
        type            empty;
    }
    procBoundary2to1
    {
        type            processor;
        value           nonuniform List<vector> 
30
(
(0.000614359 -5.10395e-05 0)
(0.00130038 3.81118e-05 0)
(0.00154163 5.60923e-05 0)
(0.00164781 7.87286e-05 0)
(0.00162668 9.87335e-05 0)
(0.00164409 0.000113023 0)
(0.00176828 0.000124137 0)
(0.00180284 0.000137356 0)
(0.00162723 0.000142918 0)
(0.00129221 0.000131899 0)
(0.000887416 0.000108828 0)
(0.00045543 8.38556e-05 0)
(9.36914e-06 5.78687e-05 0)
(-0.000446905 3.45423e-05 0)
(-0.000796944 1.41523e-05 0)
(-0.000797516 -7.50004e-06 0)
(-0.000448899 -2.8822e-05 0)
(6.29309e-06 -5.30843e-05 0)
(0.00045278 -7.97122e-05 0)
(0.000884847 -0.000105302 0)
(0.00128976 -0.000128891 0)
(0.00162578 -0.000140538 0)
(0.00180372 -0.000135592 0)
(0.0017713 -0.000122848 0)
(0.00164666 -0.000112128 0)
(0.00162756 -9.81795e-05 0)
(0.00164907 -7.83712e-05 0)
(0.0015436 -5.59306e-05 0)
(0.00130183 -3.81057e-05 0)
(0.000615699 5.09357e-05 0)
)
;
    }
    procBoundary2to3
    {
        type            processor;
        value           nonuniform List<vector> 
31
(
(0.000118998 -4.45515e-06 0)
(0.000400056 -2.93619e-05 0)
(0.000673048 -5.10288e-05 0)
(0.00092632 -6.25348e-05 0)
(0.00110003 -6.22275e-05 0)
(0.00117598 -5.4162e-05 0)
(0.00120502 -4.3882e-05 0)
(0.00124921 -3.51115e-05 0)
(0.00132167 -2.67995e-05 0)
(0.00138314 -1.77453e-05 0)
(0.00138248 -8.23539e-06 0)
(0.00129285 2.41158e-07 0)
(0.00112069 6.21846e-06 0)
(0.000903996 8.49096e-06 0)
(0.000745928 4.97801e-06 0)
(0.000742424 -1.42944e-06 0)
(0.000742424 -1.42944e-06 0)
(0.000899991 -5.48674e-06 0)
(0.00111832 -4.08145e-06 0)
(0.00129386 1.4276e-06 0)
(0.00138657 9.65223e-06 0)
(0.00138912 1.91093e-05 0)
(0.00132809 2.824e-05 0)
(0.00125544 3.67384e-05 0)
(0.00121128 4.58097e-05 0)
(0.00118174 5.6512e-05 0)
(0.00110317 6.49049e-05 0)
(0.000924313 6.52626e-05 0)
(0.000665335 5.3321e-05 0)
(0.000388992 3.08716e-05 0)
(0.000110793 4.81748e-06 0)
)
;
    }
}


// ************************************************************************* //
