/*--------------------------------*- C++ -*----------------------------------*\
| =========                 |                                                 |
| \\      /  F ield         | OpenFOAM: The Open Source CFD Toolbox           |
|  \\    /   O peration     | Version:  2312                                  |
|   \\  /    A nd           | Website:  www.openfoam.com                      |
|    \\/     M anipulation  |                                                 |
\*---------------------------------------------------------------------------*/
FoamFile
{
    version     2.0;
    format      ascii;
    arch        "LSB;label=32;scalar=64";
    class       volVectorField;
    location    "194000";
    object      U;
}
// * * * * * * * * * * * * * * * * * * * * * * * * * * * * * * * * * * * * * //

dimensions      [0 1 -1 0 0 0 0];

internalField   nonuniform List<vector> 
2685
(
(0.000279738 -7.91109e-06 0)
(0.000279441 -7.9943e-06 0)
(0.00027817 -7.09228e-06 0)
(0.000276019 -5.53603e-06 0)
(0.000273343 -3.72814e-06 0)
(0.00027052 -1.96796e-06 0)
(0.00026773 -4.46293e-07 0)
(0.000264868 7.03876e-07 0)
(0.000261679 1.48405e-06 0)
(0.000258039 1.95487e-06 0)
(0.000254021 2.20573e-06 0)
(0.000249779 2.37947e-06 0)
(0.000245464 2.55676e-06 0)
(0.000241168 2.72553e-06 0)
(0.000236954 2.85224e-06 0)
(0.000232879 2.89344e-06 0)
(0.000228989 2.81939e-06 0)
(0.000225316 2.62587e-06 0)
(0.000221885 2.33069e-06 0)
(0.000218714 1.96779e-06 0)
(0.000215809 1.58146e-06 0)
(0.000213161 1.21949e-06 0)
(0.000210744 9.27492e-07 0)
(0.000208513 7.44414e-07 0)
(0.000206407 6.98116e-07 0)
(0.00020435 7.99884e-07 0)
(0.000202258 1.03808e-06 0)
(0.000200049 1.37623e-06 0)
(0.000197648 1.75725e-06 0)
(0.000194993 2.11462e-06 0)
(0.000192041 2.39494e-06 0)
(0.000188793 2.57376e-06 0)
(0.00018528 2.64866e-06 0)
(0.000181533 2.64623e-06 0)
(0.000177575 2.61157e-06 0)
(0.000173424 2.59081e-06 0)
(0.000169071 2.61356e-06 0)
(0.000164479 2.70035e-06 0)
(0.000159611 2.8572e-06 0)
(0.000154443 3.07155e-06 0)
(0.000148969 3.31831e-06 0)
(0.000143207 3.56684e-06 0)
(0.000137196 3.78637e-06 0)
(0.000131001 3.94943e-06 0)
(0.000124707 4.03429e-06 0)
(0.000118419 4.02829e-06 0)
(0.000112254 3.92756e-06 0)
(0.000106335 3.73444e-06 0)
(0.000100785 3.45496e-06 0)
(9.57173e-05 3.09733e-06 0)
(9.12362e-05 2.67179e-06 0)
(8.74242e-05 2.19112e-06 0)
(8.43374e-05 1.67083e-06 0)
(8.20003e-05 1.12853e-06 0)
(8.04044e-05 5.82385e-07 0)
(7.95124e-05 4.92368e-08 0)
(7.92646e-05 -4.57513e-07 0)
(7.95852e-05 -9.28437e-07 0)
(8.03863e-05 -1.35176e-06 0)
(8.15812e-05 -1.73791e-06 0)
(8.30915e-05 -2.08203e-06 0)
(8.48437e-05 -2.37854e-06 0)
(8.67706e-05 -2.62611e-06 0)
(8.88123e-05 -2.8252e-06 0)
(9.09164e-05 -2.97739e-06 0)
(9.30379e-05 -3.08477e-06 0)
(9.51384e-05 -3.14916e-06 0)
(9.71856e-05 -3.1708e-06 0)
(9.91519e-05 -3.14788e-06 0)
(0.000101013 -3.07596e-06 0)
(0.000102745 -2.94955e-06 0)
(0.000104323 -2.7631e-06 0)
(0.000105718 -2.51352e-06 0)
(0.000106892 -2.1994e-06 0)
(0.000107813 -1.82446e-06 0)
(0.00010845 -1.39504e-06 0)
(0.000108784 -9.23397e-07 0)
(0.000108814 -4.21475e-07 0)
(0.000108567 8.25152e-08 0)
(0.000108075 5.63249e-07 0)
(0.000107405 9.82757e-07 0)
(0.000106621 1.3224e-06 0)
(0.000105851 1.52609e-06 0)
(0.000105169 1.60007e-06 0)
(0.000104795 1.46948e-06 0)
(0.000104682 1.19035e-06 0)
(0.000105363 5.58254e-07 0)
(0.000105961 -1.05388e-07 0)
(0.00010928 -1.47286e-06 0)
(0.000602277 7.07207e-06 0)
(0.000606306 1.16408e-05 0)
(0.000607864 1.56787e-05 0)
(0.000606324 1.77719e-05 0)
(0.000602025 1.74967e-05 0)
(0.000595958 1.56337e-05 0)
(0.000588892 1.36431e-05 0)
(0.000581336 1.2722e-05 0)
(0.000573607 1.30715e-05 0)
(0.000565884 1.4184e-05 0)
(0.000558467 1.53771e-05 0)
(0.00055149 1.61842e-05 0)
(0.000544728 1.64638e-05 0)
(0.000537973 1.62852e-05 0)
(0.000531195 1.57324e-05 0)
(0.000524455 1.49448e-05 0)
(0.000517881 1.40622e-05 0)
(0.000511608 1.31732e-05 0)
(0.000505722 1.23166e-05 0)
(0.000500254 1.15038e-05 0)
(0.000495183 1.0741e-05 0)
(0.000490448 1.00413e-05 0)
(0.000485955 9.42922e-06 0)
(0.000481575 8.9404e-06 0)
(0.000477154 8.61677e-06 0)
(0.000472508 8.49756e-06 0)
(0.000467444 8.60876e-06 0)
(0.000461795 8.95432e-06 0)
(0.000455464 9.51209e-06 0)
(0.000448467 1.02366e-05 0)
(0.00044095 1.10765e-05 0)
(0.000433107 1.19887e-05 0)
(0.000425137 1.29341e-05 0)
(0.000417211 1.3892e-05 0)
(0.000409408 1.48728e-05 0)
(0.000401674 1.59041e-05 0)
(0.000393886 1.69991e-05 0)
(0.000385915 1.81508e-05 0)
(0.000377632 1.93327e-05 0)
(0.000368942 2.04985e-05 0)
(0.000359814 2.15855e-05 0)
(0.000350282 2.25243e-05 0)
(0.000340438 2.32466e-05 0)
(0.000330412 2.36878e-05 0)
(0.000320366 2.37906e-05 0)
(0.000310476 2.35089e-05 0)
(0.000300909 2.2811e-05 0)
(0.000291817 2.16793e-05 0)
(0.000283334 2.01143e-05 0)
(0.000275573 1.81399e-05 0)
(0.000268633 1.5809e-05 0)
(0.000262591 1.32062e-05 0)
(0.000257492 1.04447e-05 0)
(0.000253346 7.65414e-06 0)
(0.000250124 4.96209e-06 0)
(0.000247759 2.4758e-06 0)
(0.000246162 2.70383e-07 0)
(0.000245245 -1.61381e-06 0)
(0.000244874 -3.16704e-06 0)
(0.000244949 -4.38424e-06 0)
(0.000245432 -5.29117e-06 0)
(0.000246252 -5.92291e-06 0)
(0.000247338 -6.3146e-06 0)
(0.000248636 -6.501e-06 0)
(0.000250103 -6.51564e-06 0)
(0.000251703 -6.38908e-06 0)
(0.000253417 -6.14889e-06 0)
(0.000255228 -5.81665e-06 0)
(0.000257131 -5.40878e-06 0)
(0.000259117 -4.93228e-06 0)
(0.000261167 -4.39129e-06 0)
(0.00026325 -3.78275e-06 0)
(0.000265331 -3.10979e-06 0)
(0.000267357 -2.36821e-06 0)
(0.000269288 -1.5684e-06 0)
(0.000271064 -7.18675e-07 0)
(0.000272674 1.30853e-07 0)
(0.000274052 9.4738e-07 0)
(0.000275244 1.64403e-06 0)
(0.000276176 2.17692e-06 0)
(0.000277056 2.43243e-06 0)
(0.000277711 2.38393e-06 0)
(0.000278641 1.88843e-06 0)
(0.00027933 1.02694e-06 0)
(0.000280911 -3.56994e-07 0)
(0.000281829 -1.89308e-06 0)
(0.000284956 -4.21402e-06 0)
(0.000285761 -5.8947e-06 0)
(0.000291779 -9.78549e-06 0)
(0.000881259 -2.81344e-05 0)
(0.000863701 -2.17623e-05 0)
(0.000843307 -9.54532e-06 0)
(0.000822484 3.78794e-06 0)
(0.000805766 1.44993e-05 0)
(0.000796834 2.18734e-05 0)
(0.000796212 2.76761e-05 0)
(0.000800433 3.32036e-05 0)
(0.000804303 3.73199e-05 0)
(0.000804105 3.83335e-05 0)
(0.000798764 3.6443e-05 0)
(0.000789498 3.36531e-05 0)
(0.000778401 3.17914e-05 0)
(0.000766959 3.11392e-05 0)
(0.000756066 3.10576e-05 0)
(0.000746379 3.07924e-05 0)
(0.000738126 2.9973e-05 0)
(0.000731262 2.8576e-05 0)
(0.0007257 2.67384e-05 0)
(0.000721397 2.46922e-05 0)
(0.000718325 2.26999e-05 0)
(0.000716403 2.10143e-05 0)
(0.000715443 1.98709e-05 0)
(0.00071512 1.94842e-05 0)
(0.000714984 2.00258e-05 0)
(0.000714518 2.15942e-05 0)
(0.00071322 2.4153e-05 0)
(0.000710663 2.74637e-05 0)
(0.000706541 3.10869e-05 0)
(0.000700692 3.44554e-05 0)
(0.000693119 3.70294e-05 0)
(0.000683976 3.84898e-05 0)
(0.000673538 3.88595e-05 0)
(0.000662147 3.84796e-05 0)
(0.000650146 3.78641e-05 0)
(0.000637821 3.75121e-05 0)
(0.000625363 3.77676e-05 0)
(0.000612858 3.87468e-05 0)
(0.000600306 4.03464e-05 0)
(0.000587659 4.23081e-05 0)
(0.000574866 4.43013e-05 0)
(0.000561904 4.60012e-05 0)
(0.000548798 4.71414e-05 0)
(0.000535615 4.75441e-05 0)
(0.000522445 4.71266e-05 0)
(0.000509392 4.58796e-05 0)
(0.000496584 4.38473e-05 0)
(0.000484179 4.11165e-05 0)
(0.000472386 3.77925e-05 0)
(0.000461453 3.3978e-05 0)
(0.00045164 2.97799e-05 0)
(0.000443178 2.53253e-05 0)
(0.000436227 2.07698e-05 0)
(0.000430847 1.62874e-05 0)
(0.000426987 1.20448e-05 0)
(0.000424509 8.17083e-06 0)
(0.00042322 4.73916e-06 0)
(0.000422909 1.76365e-06 0)
(0.000423421 -7.87128e-07 0)
(0.000424594 -2.93892e-06 0)
(0.000426253 -4.74258e-06 0)
(0.000428311 -6.24458e-06 0)
(0.000430714 -7.47997e-06 0)
(0.000433418 -8.47733e-06 0)
(0.000436391 -9.27169e-06 0)
(0.000439607 -9.89892e-06 0)
(0.00044305 -1.04061e-05 0)
(0.000446705 -1.08264e-05 0)
(0.000450574 -1.1185e-05 0)
(0.000454629 -1.14636e-05 0)
(0.000458872 -1.16358e-05 0)
(0.000463238 -1.16327e-05 0)
(0.000467736 -1.14061e-05 0)
(0.000472226 -1.08911e-05 0)
(0.000476735 -1.00901e-05 0)
(0.00048096 -9.00786e-06 0)
(0.000485019 -7.72387e-06 0)
(0.000488464 -6.29488e-06 0)
(0.000491728 -4.91545e-06 0)
(0.000494137 -3.61339e-06 0)
(0.000496584 -2.75478e-06 0)
(0.000498011 -2.17999e-06 0)
(0.000500077 -2.51396e-06 0)
(0.000500939 -3.14933e-06 0)
(0.000503459 -5.03969e-06 0)
(0.000504355 -6.86919e-06 0)
(0.000508479 -1.01791e-05 0)
(0.000509217 -1.21726e-05 0)
(0.000515835 -1.69372e-05 0)
(0.00120977 7.81778e-05 0)
(0.00119101 9.79719e-05 0)
(0.001167 0.000114335 0)
(0.00113855 0.000111828 0)
(0.00110847 8.5127e-05 0)
(0.0010788 4.44694e-05 0)
(0.00104847 8.96258e-06 0)
(0.00101485 -6.46266e-06 0)
(0.000978519 4.56262e-07 0)
(0.000945139 2.02309e-05 0)
(0.000921289 4.12831e-05 0)
(0.000908375 5.73787e-05 0)
(0.000901515 6.65912e-05 0)
(0.00089468 6.84637e-05 0)
(0.000884958 6.43135e-05 0)
(0.000872634 5.70677e-05 0)
(0.000859609 4.92196e-05 0)
(0.00084758 4.17677e-05 0)
(0.000837634 3.48223e-05 0)
(0.000830425 2.8269e-05 0)
(0.000826257 2.21464e-05 0)
(0.000825207 1.67373e-05 0)
(0.000827154 1.25288e-05 0)
(0.000831708 1.00893e-05 0)
(0.000838191 9.84359e-06 0)
(0.000845688 1.19811e-05 0)
(0.000853153 1.63615e-05 0)
(0.00085964 2.25598e-05 0)
(0.000864472 2.99766e-05 0)
(0.000867232 3.79222e-05 0)
(0.000867688 4.56626e-05 0)
(0.000865718 5.25816e-05 0)
(0.000861294 5.82563e-05 0)
(0.000854544 6.25266e-05 0)
(0.000845784 6.55142e-05 0)
(0.000835467 6.7565e-05 0)
(0.0008241 6.91243e-05 0)
(0.000812152 7.05937e-05 0)
(0.000799992 7.22234e-05 0)
(0.000787865 7.40721e-05 0)
(0.000775897 7.60347e-05 0)
(0.000764129 7.79095e-05 0)
(0.000752543 7.94697e-05 0)
(0.000741088 8.05117e-05 0)
(0.00072971 8.08625e-05 0)
(0.000718373 8.03484e-05 0)
(0.000707087 7.87672e-05 0)
(0.000695933 7.58862e-05 0)
(0.000685046 7.14841e-05 0)
(0.000674606 6.54358e-05 0)
(0.000664821 5.7803e-05 0)
(0.000655897 4.88769e-05 0)
(0.000648006 3.91647e-05 0)
(0.000641271 2.92963e-05 0)
(0.000635764 1.9885e-05 0)
(0.000631519 1.13971e-05 0)
(0.000628533 4.0847e-06 0)
(0.000626795 -2.01811e-06 0)
(0.0006263 -6.94822e-06 0)
(0.000627027 -1.08639e-05 0)
(0.000628904 -1.39471e-05 0)
(0.000631832 -1.6361e-05 0)
(0.00063567 -1.82528e-05 0)
(0.00064022 -1.97342e-05 0)
(0.000645285 -2.09079e-05 0)
(0.000650636 -2.18486e-05 0)
(0.000656173 -2.26359e-05 0)
(0.000661764 -2.32929e-05 0)
(0.000667554 -2.38407e-05 0)
(0.000673509 -2.42175e-05 0)
(0.000679967 -2.43987e-05 0)
(0.000686776 -2.42259e-05 0)
(0.000694275 -2.36291e-05 0)
(0.000701939 -2.24204e-05 0)
(0.00071003 -2.0713e-05 0)
(0.000717804 -1.84089e-05 0)
(0.000725605 -1.58675e-05 0)
(0.000732563 -1.29508e-05 0)
(0.000739024 -1.02823e-05 0)
(0.000744148 -7.59635e-06 0)
(0.000748411 -5.66609e-06 0)
(0.000751168 -4.2424e-06 0)
(0.000753414 -4.19277e-06 0)
(0.000754207 -5.06521e-06 0)
(0.000755356 -7.42754e-06 0)
(0.000755085 -1.049e-05 0)
(0.000757088 -1.49007e-05 0)
(0.000756752 -1.8702e-05 0)
(0.000761744 -2.47412e-05 0)
(0.00132708 3.72863e-05 0)
(0.00134698 6.08056e-05 0)
(0.00136862 9.21444e-05 0)
(0.00138839 0.000118484 0)
(0.00140126 0.000131593 0)
(0.00140158 0.00014058 0)
(0.00138329 0.000161207 0)
(0.00134504 0.000190621 0)
(0.0012936 0.000203607 0)
(0.00123786 0.000180086 0)
(0.0011819 0.000129372 0)
(0.00112527 8.14648e-05 0)
(0.00106896 5.87852e-05 0)
(0.00101811 6.10111e-05 0)
(0.000978486 7.32832e-05 0)
(0.000950905 8.26728e-05 0)
(0.000931034 8.40193e-05 0)
(0.000914492 7.74233e-05 0)
(0.000899638 6.53372e-05 0)
(0.000886824 5.0458e-05 0)
(0.000877193 3.46907e-05 0)
(0.000871846 1.93262e-05 0)
(0.000871496 5.63076e-06 0)
(0.000876171 -4.87146e-06 0)
(0.000885215 -1.07972e-05 0)
(0.000897389 -1.13546e-05 0)
(0.000910987 -6.63291e-06 0)
(0.00092427 2.42581e-06 0)
(0.00093574 1.43791e-05 0)
(0.000944206 2.77317e-05 0)
(0.000949016 4.1231e-05 0)
(0.000950066 5.39099e-05 0)
(0.000947522 6.50903e-05 0)
(0.000941761 7.4354e-05 0)
(0.000933317 8.15515e-05 0)
(0.000922816 8.68125e-05 0)
(0.000910904 9.04971e-05 0)
(0.000898185 9.30742e-05 0)
(0.000885166 9.49751e-05 0)
(0.000872244 9.64874e-05 0)
(0.000859698 9.77228e-05 0)
(0.000847712 9.86499e-05 0)
(0.000836395 9.91544e-05 0)
(0.000825813 9.90914e-05 0)
(0.000816018 9.83146e-05 0)
(0.000807065 9.66727e-05 0)
(0.000799021 9.40085e-05 0)
(0.000791954 9.01618e-05 0)
(0.000785907 8.50064e-05 0)
(0.000780899 7.84922e-05 0)
(0.000776909 7.07027e-05 0)
(0.000773904 6.18673e-05 0)
(0.00077185 5.23499e-05 0)
(0.000770775 4.25635e-05 0)
(0.000770727 3.28832e-05 0)
(0.000771821 2.35632e-05 0)
(0.000774145 1.47396e-05 0)
(0.000777995 6.54946e-06 0)
(0.000783579 -1.04281e-06 0)
(0.000790808 -8.05873e-06 0)
(0.000799592 -1.44433e-05 0)
(0.000809746 -2.00441e-05 0)
(0.000821109 -2.47054e-05 0)
(0.000833319 -2.82489e-05 0)
(0.00084617 -3.07145e-05 0)
(0.000859145 -3.21924e-05 0)
(0.000872085 -3.31302e-05 0)
(0.000884412 -3.38474e-05 0)
(0.00089616 -3.49092e-05 0)
(0.000906823 -3.63952e-05 0)
(0.00091659 -3.85222e-05 0)
(0.000925115 -4.07647e-05 0)
(0.000932624 -4.29644e-05 0)
(0.000939213 -4.43385e-05 0)
(0.000944873 -4.47542e-05 0)
(0.000950413 -4.36063e-05 0)
(0.000955108 -4.09889e-05 0)
(0.00096055 -3.67949e-05 0)
(0.000964984 -3.14109e-05 0)
(0.000970352 -2.52302e-05 0)
(0.000974076 -1.91721e-05 0)
(0.000978104 -1.36801e-05 0)
(0.000979517 -9.82495e-06 0)
(0.000980862 -7.907e-06 0)
(0.000980196 -8.26564e-06 0)
(0.000979463 -1.18409e-05 0)
(0.000981193 -1.60949e-05 0)
(0.000979535 -2.25441e-05 0)
(0.00098827 -2.9084e-05 0)
(0.00135568 -3.10617e-06 0)
(0.00137942 1.35312e-05 0)
(0.00140512 3.7159e-05 0)
(0.00143196 6.02964e-05 0)
(0.00145641 7.72063e-05 0)
(0.0014757 9.51246e-05 0)
(0.00149142 0.000127256 0)
(0.00150692 0.000172499 0)
(0.00152234 0.000213578 0)
(0.00153126 0.000242126 0)
(0.00152079 0.0002696 0)
(0.00148104 0.000300443 0)
(0.00141657 0.000312658 0)
(0.00134013 0.000283918 0)
(0.00125985 0.000224056 0)
(0.00118036 0.00016478 0)
(0.00110762 0.0001262 0)
(0.00104733 0.000105514 0)
(0.00100146 9.07434e-05 0)
(0.000967981 7.38844e-05 0)
(0.000943671 5.26394e-05 0)
(0.000926635 2.79096e-05 0)
(0.000916681 2.21258e-06 0)
(0.00091396 -2.09948e-05 0)
(0.000917921 -3.78735e-05 0)
(0.000927146 -4.55587e-05 0)
(0.000939317 -4.31217e-05 0)
(0.000951682 -3.16321e-05 0)
(0.000961901 -1.35008e-05 0)
(0.000968514 8.42378e-06 0)
(0.000970864 3.16862e-05 0)
(0.000968976 5.42643e-05 0)
(0.000963364 7.46264e-05 0)
(0.00095475 9.17778e-05 0)
(0.000943895 0.000105268 0)
(0.000931491 0.000115153 0)
(0.000918122 0.00012188 0)
(0.00090425 0.000126092 0)
(0.000890231 0.000128444 0)
(0.00087632 0.000129469 0)
(0.000862693 0.000129524 0)
(0.000849459 0.000128797 0)
(0.000836683 0.000127342 0)
(0.000824412 0.000125109 0)
(0.000812698 0.000121975 0)
(0.000801618 0.00011776 0)
(0.000791274 0.000112263 0)
(0.0007818 0.000105288 0)
(0.000773325 9.67164e-05 0)
(0.000766021 8.65231e-05 0)
(0.000760032 7.48356e-05 0)
(0.000755569 6.18948e-05 0)
(0.000752834 4.80693e-05 0)
(0.000752103 3.37424e-05 0)
(0.00075359 1.93073e-05 0)
(0.000757529 5.0775e-06 0)
(0.000764323 -8.60002e-06 0)
(0.000774027 -2.14538e-05 0)
(0.00078646 -3.33646e-05 0)
(0.000801591 -4.41521e-05 0)
(0.000819381 -5.37455e-05 0)
(0.000839518 -6.1892e-05 0)
(0.00086186 -6.85899e-05 0)
(0.000885948 -7.35056e-05 0)
(0.000911629 -7.68129e-05 0)
(0.00093834 -7.81985e-05 0)
(0.000965833 -7.81834e-05 0)
(0.00099347 -7.65372e-05 0)
(0.00102067 -7.40838e-05 0)
(0.001047 -7.04766e-05 0)
(0.00107127 -6.64755e-05 0)
(0.00109402 -6.15844e-05 0)
(0.00111312 -5.6392e-05 0)
(0.00113084 -5.08364e-05 0)
(0.00114371 -4.54173e-05 0)
(0.0011562 -4.08157e-05 0)
(0.00116366 -3.665e-05 0)
(0.00117205 -3.36766e-05 0)
(0.00117659 -2.99587e-05 0)
(0.00118224 -2.63485e-05 0)
(0.00118597 -2.10181e-05 0)
(0.00119062 -1.52105e-05 0)
(0.00119334 -8.63024e-06 0)
(0.00119945 -5.89921e-06 0)
(0.00119947 -1.62065e-06 0)
(0.00120534 -1.01352e-05 0)
(0.00120332 -1.41075e-05 0)
(0.00120411 -2.83686e-05 0)
(0.00120366 -4.56343e-05 0)
(0.00142594 -6.36568e-05 0)
(0.00145362 -4.88102e-05 0)
(0.00148186 -2.73234e-05 0)
(0.00151055 -1.40067e-06 0)
(0.0015372 2.52771e-05 0)
(0.00155946 5.4352e-05 0)
(0.00157795 9.12532e-05 0)
(0.00159525 0.00013457 0)
(0.0016114 0.000175592 0)
(0.0016226 0.000212379 0)
(0.00162742 0.00025308 0)
(0.00162983 0.000299726 0)
(0.00163185 0.000342941 0)
(0.00162589 0.000377736 0)
(0.00159838 0.000405196 0)
(0.00154197 0.000413471 0)
(0.00146223 0.000383609 0)
(0.00137137 0.00031827 0)
(0.00128053 0.000242436 0)
(0.00119814 0.000176615 0)
(0.00112906 0.000123515 0)
(0.00107437 7.67376e-05 0)
(0.00103286 3.20274e-05 0)
(0.00100344 -9.16285e-06 0)
(0.000985286 -4.1546e-05 0)
(0.000976498 -5.97359e-05 0)
(0.000974095 -6.12146e-05 0)
(0.000974572 -4.73264e-05 0)
(0.000974749 -2.22551e-05 0)
(0.000972797 8.84793e-06 0)
(0.000968101 4.1231e-05 0)
(0.000960671 7.14154e-05 0)
(0.000951075 9.72863e-05 0)
(0.000940051 0.000117897 0)
(0.000928188 0.000133197 0)
(0.000915839 0.000143754 0)
(0.000903148 0.000150468 0)
(0.000890108 0.000154332 0)
(0.000876645 0.00015623 0)
(0.000862665 0.000156841 0)
(0.000848098 0.00015659 0)
(0.000832921 0.000155674 0)
(0.000817165 0.0001541 0)
(0.000800934 0.000151735 0)
(0.000784388 0.000148353 0)
(0.000767771 0.000143674 0)
(0.000751356 0.000137431 0)
(0.000735496 0.000129359 0)
(0.000720536 0.000119304 0)
(0.000706901 0.000107153 0)
(0.000694961 9.2969e-05 0)
(0.000685171 7.68646e-05 0)
(0.000677894 5.91127e-05 0)
(0.000673556 4.00153e-05 0)
(0.000672451 1.99949e-05 0)
(0.000675029 -4.53981e-07 0)
(0.000681615 -2.10203e-05 0)
(0.00069222 -4.13827e-05 0)
(0.000706932 -6.11874e-05 0)
(0.000725597 -7.98285e-05 0)
(0.00074813 -9.71202e-05 0)
(0.000774165 -0.000112336 0)
(0.000803462 -0.000125586 0)
(0.00083552 -0.000135987 0)
(0.000869887 -0.000144153 0)
(0.000906145 -0.000149014 0)
(0.000943335 -0.000151803 0)
(0.000981548 -0.000151268 0)
(0.00101878 -0.000149093 0)
(0.00105633 -0.000144012 0)
(0.00109062 -0.000137579 0)
(0.00112506 -0.000129239 0)
(0.00115418 -0.000119408 0)
(0.00118395 -0.000109521 0)
(0.00120678 -9.76562e-05 0)
(0.00123165 -8.80311e-05 0)
(0.00124736 -7.56199e-05 0)
(0.00126767 -6.69351e-05 0)
(0.00127685 -5.5739e-05 0)
(0.00129223 -4.65335e-05 0)
(0.00129927 -4.05564e-05 0)
(0.00130981 -2.99984e-05 0)
(0.00131837 -2.96782e-05 0)
(0.00132788 -2.46599e-05 0)
(0.00133788 -1.80725e-05 0)
(0.00134816 -2.53306e-05 0)
(0.00135937 -1.47992e-05 0)
(0.00136514 -2.2747e-05 0)
(0.00137406 -3.18148e-05 0)
(0.00151701 -0.000126344 0)
(0.00155206 -0.00010873 0)
(0.00158512 -8.53159e-05 0)
(0.00161631 -5.67037e-05 0)
(0.00164495 -2.44336e-05 0)
(0.00166917 1.15089e-05 0)
(0.00168834 5.25692e-05 0)
(0.00170457 9.83911e-05 0)
(0.00171947 0.000145782 0)
(0.00173143 0.000193441 0)
(0.00173892 0.000243243 0)
(0.00174299 0.000294465 0)
(0.00174393 0.000342567 0)
(0.00173974 0.000385631 0)
(0.00173043 0.000425402 0)
(0.00171796 0.00046172 0)
(0.00169823 0.000489325 0)
(0.00165974 0.000496984 0)
(0.0015954 0.000471963 0)
(0.00151066 0.000412161 0)
(0.00141778 0.000330357 0)
(0.00132711 0.000242877 0)
(0.00124477 0.000159287 0)
(0.00117418 8.40854e-05 0)
(0.00111728 2.22221e-05 0)
(0.00107462 -1.98354e-05 0)
(0.00104476 -3.76433e-05 0)
(0.00102441 -3.19899e-05 0)
(0.00100979 -8.62505e-06 0)
(0.000997566 2.45387e-05 0)
(0.000985621 6.02078e-05 0)
(0.000973338 9.33106e-05 0)
(0.000960762 0.000121165 0)
(0.000948035 0.000142959 0)
(0.000935153 0.0001591 0)
(0.000921889 0.00017063 0)
(0.000907867 0.000178778 0)
(0.000892669 0.000184659 0)
(0.000875944 0.000189105 0)
(0.000857459 0.000192621 0)
(0.000837125 0.000195397 0)
(0.00081499 0.000197386 0)
(0.000791223 0.000198355 0)
(0.00076612 0.000197955 0)
(0.000740073 0.000195766 0)
(0.000713601 0.00019133 0)
(0.000687272 0.000184237 0)
(0.000661771 0.000174087 0)
(0.000637748 0.000160682 0)
(0.000615981 0.00014386 0)
(0.000597106 0.000123756 0)
(0.000581833 0.00010053 0)
(0.000570646 7.46312e-05 0)
(0.000564116 4.65355e-05 0)
(0.00056259 1.68777e-05 0)
(0.000565995 -1.35792e-05 0)
(0.000574081 -4.44117e-05 0)
(0.000586984 -7.47893e-05 0)
(0.000604794 -0.0001044 0)
(0.000627375 -0.000132138 0)
(0.00065447 -0.000158173 0)
(0.000685925 -0.000180955 0)
(0.000721164 -0.000201383 0)
(0.000760195 -0.000217264 0)
(0.000801885 -0.000230482 0)
(0.00084681 -0.000238164 0)
(0.000892566 -0.000243047 0)
(0.00094113 -0.000242186 0)
(0.000987775 -0.000238361 0)
(0.00103712 -0.000229741 0)
(0.00108071 -0.000217989 0)
(0.00112774 -0.000203675 0)
(0.00116448 -0.000186308 0)
(0.00120597 -0.000168518 0)
(0.00123382 -0.000149754 0)
(0.00126697 -0.000130249 0)
(0.00128612 -0.000113502 0)
(0.00131009 -9.76687e-05 0)
(0.00132261 -8.04456e-05 0)
(0.00133769 -7.5056e-05 0)
(0.00134871 -5.61793e-05 0)
(0.00135425 -5.61961e-05 0)
(0.00136949 -4.58616e-05 0)
(0.00136683 -4.6796e-05 0)
(0.00138625 -4.34966e-05 0)
(0.0013825 -5.37161e-05 0)
(0.0014034 -5.02852e-05 0)
(0.00140395 -5.47943e-05 0)
(0.00142611 -6.5692e-05 0)
(0.00159555 -0.000218133 0)
(0.00163531 -0.000195843 0)
(0.00167253 -0.000166765 0)
(0.001707 -0.00013109 0)
(0.00173815 -8.98727e-05 0)
(0.00176519 -4.38057e-05 0)
(0.00178807 7.12128e-06 0)
(0.00180705 6.20555e-05 0)
(0.00182163 0.000118897 0)
(0.00183105 0.000176328 0)
(0.00183541 0.00023415 0)
(0.00183596 0.000291179 0)
(0.00183376 0.000345692 0)
(0.00182862 0.00039676 0)
(0.00182009 0.000443417 0)
(0.00180854 0.000484965 0)
(0.00179433 0.000522381 0)
(0.00177578 0.000554599 0)
(0.00174775 0.000573179 0)
(0.00170341 0.000565899 0)
(0.00163923 0.000526489 0)
(0.00155834 0.000458322 0)
(0.00146822 0.000370135 0)
(0.00137683 0.000272194 0)
(0.00129128 0.000176712 0)
(0.00121735 9.77561e-05 0)
(0.00115831 4.69659e-05 0)
(0.00111385 2.83492e-05 0)
(0.00108065 3.70327e-05 0)
(0.00105461 6.27666e-05 0)
(0.0010326 9.5121e-05 0)
(0.00101274 0.000126623 0)
(0.00099404 0.000153473 0)
(0.000975951 0.000174761 0)
(0.00095795 0.000191232 0)
(0.00093943 0.000204246 0)
(0.000919761 0.000215102 0)
(0.000898383 0.00022474 0)
(0.000874887 0.000233647 0)
(0.000849043 0.000241943 0)
(0.000820806 0.000249447 0)
(0.000790308 0.000255793 0)
(0.000757862 0.000260446 0)
(0.00072398 0.000262777 0)
(0.000689325 0.000262081 0)
(0.000654765 0.000257633 0)
(0.00062121 0.000248835 0)
(0.000589716 0.00023516 0)
(0.00056115 0.000216468 0)
(0.000536455 0.000192646 0)
(0.000516191 0.000164112 0)
(0.000501026 0.000131221 0)
(0.000491139 9.47482e-05 0)
(0.000486911 5.54732e-05 0)
(0.000488343 1.42057e-05 0)
(0.000495152 -2.82449e-05 0)
(0.000506823 -7.12457e-05 0)
(0.000523459 -0.000113278 0)
(0.000544584 -0.000154564 0)
(0.000570412 -0.000192839 0)
(0.000599937 -0.000229611 0)
(0.000634088 -0.000261373 0)
(0.000670972 -0.000291208 0)
(0.000712645 -0.000314151 0)
(0.000755669 -0.000334943 0)
(0.000804123 -0.00034737 0)
(0.000851589 -0.000357149 0)
(0.00090564 -0.000358241 0)
(0.000955366 -0.000355748 0)
(0.00101256 -0.000345324 0)
(0.00106176 -0.000330801 0)
(0.00111824 -0.000310727 0)
(0.00116353 -0.000284817 0)
(0.00121412 -0.000260644 0)
(0.00125316 -0.000225898 0)
(0.00129192 -0.00020305 0)
(0.00132449 -0.000166603 0)
(0.00134801 -0.000147678 0)
(0.00137419 -0.000115362 0)
(0.00138465 -0.000103505 0)
(0.0014042 -7.9049e-05 0)
(0.00140627 -7.39506e-05 0)
(0.00142279 -6.16894e-05 0)
(0.0014186 -6.02322e-05 0)
(0.00143734 -5.74439e-05 0)
(0.00143012 -6.28229e-05 0)
(0.00144915 -6.92078e-05 0)
(0.00144631 -7.15275e-05 0)
(0.00146813 -8.67701e-05 0)
(0.00167593 -0.000310659 0)
(0.00171612 -0.000282129 0)
(0.00175279 -0.000245983 0)
(0.00178568 -0.000202473 0)
(0.00181449 -0.000152563 0)
(0.00183895 -9.73559e-05 0)
(0.00185949 -3.73958e-05 0)
(0.00187623 2.62706e-05 0)
(0.00188828 9.19408e-05 0)
(0.00189552 0.000158109 0)
(0.00189873 0.000224204 0)
(0.00189844 0.000289508 0)
(0.00189466 0.000353033 0)
(0.00188702 0.000413553 0)
(0.00187512 0.00046833 0)
(0.00185921 0.000514528 0)
(0.001841 0.00055356 0)
(0.0018224 0.00059013 0)
(0.00180241 0.000624276 0)
(0.00177584 0.000647053 0)
(0.00173658 0.000646407 0)
(0.00168159 0.00061567 0)
(0.00161171 0.000555465 0)
(0.00153046 0.000470883 0)
(0.00144349 0.000371087 0)
(0.00135811 0.000271074 0)
(0.00128143 0.000189007 0)
(0.00121782 0.000138189 0)
(0.00116761 0.000120838 0)
(0.00112817 0.000129103 0)
(0.00109601 0.000151129 0)
(0.00106821 0.000176893 0)
(0.00104282 0.0002007 0)
(0.00101862 0.000220768 0)
(0.000994686 0.000237606 0)
(0.000970228 0.000252509 0)
(0.000944532 0.000266617 0)
(0.000916993 0.000280576 0)
(0.000887193 0.000294491 0)
(0.000854929 0.000308075 0)
(0.000820264 0.000320708 0)
(0.000783545 0.000331558 0)
(0.0007454 0.000339577 0)
(0.000706737 0.000343637 0)
(0.000668615 0.000342611 0)
(0.000632286 0.000335501 0)
(0.000598839 0.000321662 0)
(0.000569484 0.000300647 0)
(0.000544908 0.000272697 0)
(0.000525974 0.000238016 0)
(0.0005128 0.0001976 0)
(0.000505774 0.000152245 0)
(0.000504622 0.000103076 0)
(0.000509365 5.14464e-05 0)
(0.000518953 -2.11758e-06 0)
(0.000533199 -5.58909e-05 0)
(0.000551612 -0.000110007 0)
(0.000574281 -0.000161613 0)
(0.000599671 -0.000212785 0)
(0.000629033 -0.000258864 0)
(0.00065974 -0.000304422 0)
(0.000694599 -0.000342624 0)
(0.000729417 -0.000380205 0)
(0.000769006 -0.000408764 0)
(0.000807217 -0.000436093 0)
(0.000851172 -0.000453756 0)
(0.000892503 -0.000467942 0)
(0.000940534 -0.000474379 0)
(0.000985138 -0.000472072 0)
(0.00103613 -0.000467099 0)
(0.00108419 -0.000446839 0)
(0.00113526 -0.000430033 0)
(0.00118523 -0.000393319 0)
(0.00123238 -0.000366788 0)
(0.00127972 -0.000318364 0)
(0.00131876 -0.000286502 0)
(0.0013585 -0.000235994 0)
(0.00138526 -0.000205236 0)
(0.0014157 -0.000160781 0)
(0.00142857 -0.000138424 0)
(0.00145124 -0.000104704 0)
(0.00145222 -9.18605e-05 0)
(0.00147027 -7.54622e-05 0)
(0.00146302 -7.16674e-05 0)
(0.00148101 -7.07399e-05 0)
(0.00147148 -7.23207e-05 0)
(0.00149005 -8.71655e-05 0)
(0.00148314 -8.99797e-05 0)
(0.00150497 -0.000115588 0)
(0.00170704 -0.000402388 0)
(0.00174458 -0.000366059 0)
(0.00177827 -0.000321336 0)
(0.001808 -0.000268744 0)
(0.00183373 -0.0002094 0)
(0.0018554 -0.000144734 0)
(0.00187306 -7.55321e-05 0)
(0.00188735 -2.51435e-06 0)
(0.00189816 7.28073e-05 0)
(0.00190478 0.000148706 0)
(0.00190739 0.000223737 0)
(0.0019062 0.000296732 0)
(0.00190145 0.000366885 0)
(0.00189349 0.000434153 0)
(0.00188214 0.000497377 0)
(0.00186656 0.000552597 0)
(0.0018468 0.000596863 0)
(0.00182496 0.000633383 0)
(0.00180306 0.000668386 0)
(0.00178 0.000701744 0)
(0.00175158 0.000724107 0)
(0.00171336 0.000724029 0)
(0.00166287 0.000694944 0)
(0.00160007 0.000635717 0)
(0.00152737 0.000550056 0)
(0.00144968 0.000448891 0)
(0.00137349 0.000350648 0)
(0.00130468 0.000274449 0)
(0.00124641 0.00023068 0)
(0.0011986 0.000217412 0)
(0.00115904 0.000224669 0)
(0.00112505 0.000241481 0)
(0.00109442 0.000260423 0)
(0.00106555 0.000278408 0)
(0.00103728 0.000295255 0)
(0.00100868 0.000311924 0)
(0.000979015 0.000329275 0)
(0.000947728 0.000347597 0)
(0.000914556 0.000366489 0)
(0.000879539 0.000385041 0)
(0.000843082 0.000401899 0)
(0.000805918 0.000415508 0)
(0.000769039 0.000424163 0)
(0.00073368 0.000426279 0)
(0.000701005 0.000420544 0)
(0.000672336 0.000405981 0)
(0.000648453 0.000382362 0)
(0.000630375 0.000349634 0)
(0.0006182 0.000308785 0)
(0.000612411 0.000260606 0)
(0.00061256 0.000206573 0)
(0.000618538 0.000148325 0)
(0.000629641 8.67378e-05 0)
(0.000645277 2.42438e-05 0)
(0.000664299 -3.96758e-05 0)
(0.000687273 -0.000101275 0)
(0.000712756 -0.000163007 0)
(0.000741646 -0.000219801 0)
(0.0007714 -0.000276553 0)
(0.000804009 -0.000326311 0)
(0.000836372 -0.000375578 0)
(0.000871139 -0.000417203 0)
(0.000904877 -0.000456678 0)
(0.0009405 -0.000489576 0)
(0.000974754 -0.000517124 0)
(0.00101021 -0.000540829 0)
(0.00104454 -0.000554449 0)
(0.00107935 -0.00056809 0)
(0.00111395 -0.000565972 0)
(0.00114874 -0.000567654 0)
(0.00118484 -0.000547971 0)
(0.00122082 -0.000534924 0)
(0.00125967 -0.000496666 0)
(0.00129613 -0.000468257 0)
(0.00133645 -0.000413841 0)
(0.00136966 -0.000374155 0)
(0.0014075 -0.00031208 0)
(0.0014318 -0.000269515 0)
(0.00146292 -0.000211945 0)
(0.00147476 -0.000176955 0)
(0.00149739 -0.000134434 0)
(0.00149781 -0.000111461 0)
(0.00151469 -9.03337e-05 0)
(0.00150656 -8.06263e-05 0)
(0.00152166 -8.19547e-05 0)
(0.00151119 -8.02441e-05 0)
(0.00152762 -0.000101675 0)
(0.00152008 -0.000103127 0)
(0.00153913 -0.000139154 0)
(0.00168967 -0.000483976 0)
(0.0017197 -0.000438981 0)
(0.00174618 -0.000385423 0)
(0.00176919 -0.000324117 0)
(0.00178888 -0.000256354 0)
(0.00180537 -0.000183708 0)
(0.00181871 -0.000107116 0)
(0.00182917 -2.70134e-05 0)
(0.0018371 5.52871e-05 0)
(0.00184241 0.000138325 0)
(0.00184489 0.000220775 0)
(0.00184455 0.000301235 0)
(0.00184143 0.000378531 0)
(0.00183558 0.000452807 0)
(0.00182677 0.000523987 0)
(0.00181432 0.000588404 0)
(0.00179794 0.00064085 0)
(0.00177863 0.000681735 0)
(0.00175807 0.000718007 0)
(0.00173687 0.000754202 0)
(0.00171359 0.000785647 0)
(0.00168536 0.0008023 0)
(0.00164925 0.00079568 0)
(0.00160355 0.000760483 0)
(0.00154846 0.000694725 0)
(0.00148642 0.000603676 0)
(0.00142166 0.000502833 0)
(0.00135902 0.000412994 0)
(0.0013024 0.000349912 0)
(0.00125349 0.00031754 0)
(0.00121183 0.000309546 0)
(0.00117566 0.000315861 0)
(0.00114309 0.000328395 0)
(0.00111258 0.000343106 0)
(0.00108303 0.000359093 0)
(0.00105366 0.000376803 0)
(0.00102395 0.000396554 0)
(0.000993593 0.000417991 0)
(0.000962625 0.00043992 0)
(0.000931361 0.000460632 0)
(0.000900429 0.000478042 0)
(0.000870739 0.000490009 0)
(0.000843239 0.000494533 0)
(0.000819097 0.000489895 0)
(0.000799057 0.000475095 0)
(0.000784134 0.000449448 0)
(0.000774485 0.000413445 0)
(0.000770694 0.000367636 0)
(0.000772314 0.000313458 0)
(0.000779355 0.000252724 0)
(0.000791073 0.000186627 0)
(0.000807119 0.000118136 0)
(0.000826408 4.7131e-05 0)
(0.000848898 -2.25345e-05 0)
(0.000873615 -9.28158e-05 0)
(0.000901401 -0.000158833 0)
(0.000930147 -0.000224434 0)
(0.000960983 -0.000284352 0)
(0.000992419 -0.000342584 0)
(0.00102526 -0.000395115 0)
(0.00105862 -0.000443593 0)
(0.00109266 -0.000487477 0)
(0.00112696 -0.000524424 0)
(0.00116103 -0.000558292 0)
(0.00119476 -0.000582213 0)
(0.0012274 -0.000605133 0)
(0.00125861 -0.000614774 0)
(0.00128758 -0.000626591 0)
(0.00131422 -0.000622261 0)
(0.00133731 -0.000623603 0)
(0.00135909 -0.000605732 0)
(0.00137719 -0.000595424 0)
(0.00139726 -0.000561391 0)
(0.00141387 -0.000535831 0)
(0.00143576 -0.000483533 0)
(0.00145252 -0.000442192 0)
(0.00147643 -0.000376311 0)
(0.00149072 -0.000326147 0)
(0.0015134 -0.000259077 0)
(0.00152061 -0.000212476 0)
(0.00153834 -0.000159734 0)
(0.00153622 -0.000126593 0)
(0.00154936 -9.91017e-05 0)
(0.00153974 -8.2619e-05 0)
(0.00155114 -8.4434e-05 0)
(0.00153907 -8.02792e-05 0)
(0.00155263 -0.000109222 0)
(0.00154399 -0.000110443 0)
(0.00156124 -0.000159087 0)
(0.0016155 -0.000541797 0)
(0.00163677 -0.000489708 0)
(0.0016556 -0.000429364 0)
(0.00167214 -0.000361725 0)
(0.00168649 -0.000287993 0)
(0.00169858 -0.000209498 0)
(0.00170812 -0.000127228 0)
(0.00171521 -4.19938e-05 0)
(0.00172046 4.49786e-05 0)
(0.00172421 0.00013239 0)
(0.00172635 0.000219259 0)
(0.00172671 0.000304318 0)
(0.00172511 0.000386481 0)
(0.00172145 0.000466042 0)
(0.00171554 0.000543102 0)
(0.00170724 0.000614035 0)
(0.00169649 0.000673024 0)
(0.00168344 0.000719115 0)
(0.00166849 0.000758494 0)
(0.001652 0.000797196 0)
(0.00163376 0.000833842 0)
(0.00161256 0.000860831 0)
(0.00158676 0.000869372 0)
(0.00155508 0.000851623 0)
(0.00151713 0.000802269 0)
(0.00147355 0.000723165 0)
(0.00142605 0.000626861 0)
(0.00137743 0.000533009 0)
(0.00133088 0.000459148 0)
(0.00128876 0.000413212 0)
(0.00125182 0.000392769 0)
(0.00121933 0.000389841 0)
(0.00118999 0.000396495 0)
(0.00116255 0.000407896 0)
(0.00113626 0.00042222 0)
(0.00111069 0.000439236 0)
(0.00108578 0.000458742 0)
(0.0010616 0.000479891 0)
(0.00103839 0.000500967 0)
(0.00101661 0.000519728 0)
(0.000996745 0.000533684 0)
(0.000979538 0.00054037 0)
(0.00096548 0.00053784 0)
(0.00095536 0.00052443 0)
(0.0009493 0.000499581 0)
(0.000947867 0.000463082 0)
(0.000950705 0.000415763 0)
(0.000957929 0.000359081 0)
(0.000968846 0.000294331 0)
(0.000983367 0.000224438 0)
(0.00100061 0.000149975 0)
(0.00102063 7.47316e-05 0)
(0.00104219 -2.14842e-06 0)
(0.00106567 -7.65363e-05 0)
(0.00108992 -0.000150415 0)
(0.00111599 -0.000220293 0)
(0.00114277 -0.000288241 0)
(0.00117108 -0.000351897 0)
(0.00120011 -0.000411698 0)
(0.00123041 -0.000467508 0)
(0.00126135 -0.000517144 0)
(0.00129314 -0.000562968 0)
(0.00132548 -0.000600177 0)
(0.00135775 -0.000634044 0)
(0.00139027 -0.000656573 0)
(0.00142165 -0.000676707 0)
(0.00145266 -0.000681876 0)
(0.00148118 -0.00068577 0)
(0.00150783 -0.000672403 0)
(0.00152918 -0.00066176 0)
(0.00154706 -0.000634196 0)
(0.00155733 -0.000614764 0)
(0.00156516 -0.000576756 0)
(0.00156561 -0.000549062 0)
(0.00156753 -0.000498915 0)
(0.00156322 -0.000459663 0)
(0.00156496 -0.000396507 0)
(0.00155987 -0.000346899 0)
(0.00156377 -0.000278484 0)
(0.00155768 -0.000228059 0)
(0.00156212 -0.000170395 0)
(0.00155276 -0.000131996 0)
(0.00155692 -0.000100533 0)
(0.00154445 -8.09284e-05 0)
(0.00155053 -8.37838e-05 0)
(0.00153845 -8.01978e-05 0)
(0.00155027 -0.000116561 0)
(0.00154287 -0.000119746 0)
(0.00156149 -0.000180304 0)
(0.00148739 -0.000580315 0)
(0.00150044 -0.000524312 0)
(0.00151254 -0.000460536 0)
(0.00152365 -0.000389714 0)
(0.00153358 -0.000312443 0)
(0.00154208 -0.000229584 0)
(0.00154898 -0.000142592 0)
(0.00155422 -5.33577e-05 0)
(0.00155806 3.65623e-05 0)
(0.00156079 0.000126566 0)
(0.00156263 0.000216327 0)
(0.00156365 0.000304725 0)
(0.00156364 0.000390684 0)
(0.00156213 0.000474352 0)
(0.00155895 0.00055531 0)
(0.00155462 0.000629743 0)
(0.00154974 0.000692519 0)
(0.00154413 0.000743243 0)
(0.00153701 0.000787504 0)
(0.0015279 0.000830549 0)
(0.00151688 0.000871435 0)
(0.00150396 0.000903786 0)
(0.00148884 0.000919501 0)
(0.00147106 0.000910656 0)
(0.00145015 0.000871388 0)
(0.00142576 0.000802177 0)
(0.00139794 0.000713085 0)
(0.00136767 0.000621268 0)
(0.00133686 0.000543581 0)
(0.00130759 0.000489773 0)
(0.00128116 0.000460464 0)
(0.00125767 0.000450119 0)
(0.00123648 0.00045164 0)
(0.00121678 0.000459751 0)
(0.00119818 0.000471714 0)
(0.00118062 0.000486525 0)
(0.00116441 0.00050351 0)
(0.00114991 0.000521536 0)
(0.0011375 0.000538742 0)
(0.00112761 0.000552693 0)
(0.00112045 0.000560886 0)
(0.00111644 0.000560807 0)
(0.00111559 0.000550689 0)
(0.00111819 0.000529115 0)
(0.00112395 0.000495754 0)
(0.00113296 0.000450953 0)
(0.00114465 0.000395599 0)
(0.00115895 0.000331777 0)
(0.00117519 0.000260655 0)
(0.00119342 0.000185451 0)
(0.00121277 0.000106602 0)
(0.00123362 2.75045e-05 0)
(0.00125512 -5.23112e-05 0)
(0.00127846 -0.000129784 0)
(0.00130237 -0.000205996 0)
(0.00132805 -0.000278716 0)
(0.00135422 -0.000348612 0)
(0.00138197 -0.000414511 0)
(0.0014101 -0.000475882 0)
(0.0014392 -0.000533121 0)
(0.00146856 -0.000583943 0)
(0.00149779 -0.000630377 0)
(0.00152731 -0.0006679 0)
(0.0015553 -0.00070081 0)
(0.00158316 -0.00072252 0)
(0.00160808 -0.000740649 0)
(0.00163227 -0.000744776 0)
(0.00165251 -0.000745289 0)
(0.00167172 -0.000727517 0)
(0.00168529 -0.000707485 0)
(0.00169684 -0.000668586 0)
(0.0017004 -0.000633847 0)
(0.00170101 -0.000581827 0)
(0.00169246 -0.000540063 0)
(0.00168201 -0.000480704 0)
(0.00166317 -0.000435138 0)
(0.00164631 -0.000370525 0)
(0.00162311 -0.00032177 0)
(0.00160644 -0.000255148 0)
(0.00158402 -0.000207207 0)
(0.00157094 -0.000150142 0)
(0.00155086 -0.000113785 0)
(0.00154258 -8.28712e-05 0)
(0.00152586 -6.69588e-05 0)
(0.00152516 -7.38602e-05 0)
(0.00151405 -7.67666e-05 0)
(0.00152409 -0.000121877 0)
(0.00151936 -0.000130906 0)
(0.00153947 -0.000203151 0)
(0.00133137 -0.000598323 0)
(0.00133633 -0.000541767 0)
(0.00134126 -0.000477023 0)
(0.00134599 -0.00040464 0)
(0.0013504 -0.000325514 0)
(0.00135435 -0.000240791 0)
(0.00135778 -0.000151921 0)
(0.0013605 -6.04734e-05 0)
(0.00136257 3.20961e-05 0)
(0.00136415 0.000124485 0)
(0.00136535 0.000215724 0)
(0.00136613 0.000305407 0)
(0.00136644 0.000393766 0)
(0.00136646 0.000480589 0)
(0.00136705 0.000563248 0)
(0.0013693 0.000636838 0)
(0.00137323 0.000698173 0)
(0.00137718 0.000749559 0)
(0.00137907 0.000796929 0)
(0.00137811 0.000843842 0)
(0.00137491 0.000888084 0)
(0.0013706 0.000923326 0)
(0.00136602 0.000941989 0)
(0.00136156 0.000936671 0)
(0.00135703 0.00090213 0)
(0.00135153 0.000839061 0)
(0.00134392 0.000756461 0)
(0.00133359 0.000669362 0)
(0.00132115 0.000592873 0)
(0.00130804 0.000536734 0)
(0.00129572 0.000503169 0)
(0.00128484 0.00048858 0)
(0.00127536 0.000486888 0)
(0.00126688 0.000492664 0)
(0.0012592 0.000502384 0)
(0.00125254 0.000514293 0)
(0.00124736 0.000527377 0)
(0.00124427 0.00054049 0)
(0.0012437 0.00055202 0)
(0.00124604 0.000559742 0)
(0.00125132 0.000561427 0)
(0.00125964 0.000554767 0)
(0.00127066 0.00053817 0)
(0.00128427 0.000510518 0)
(0.00129994 0.000471562 0)
(0.00131749 0.000421916 0)
(0.00133623 0.000362458 0)
(0.00135608 0.000295306 0)
(0.00137635 0.000221603 0)
(0.00139728 0.000144161 0)
(0.001418 6.35486e-05 0)
(0.00143984 -1.73066e-05 0)
(0.0014621 -9.84133e-05 0)
(0.00148584 -0.000177529 0)
(0.00150964 -0.000255311 0)
(0.00153495 -0.000329988 0)
(0.00156046 -0.000401814 0)
(0.00158712 -0.000469562 0)
(0.00161391 -0.000532459 0)
(0.00164095 -0.000590305 0)
(0.00166808 -0.000641317 0)
(0.00169428 -0.000686847 0)
(0.00172085 -0.000723319 0)
(0.00174527 -0.000753234 4.0159e-38)
(0.00176969 -0.000771018 0)
(0.00178988 -0.000782067 -3.28174e-38)
(0.00180859 -0.000778716 0)
(0.00182058 -0.000769476 -2.63014e-38)
(0.00182966 -0.000743443 0)
(0.00183009 -0.000713499 2.06719e-38)
(0.00182726 -0.000666348 0)
(0.00181481 -0.000620957 0)
(0.00179972 -0.000559298 0)
(0.00177528 -0.000505605 0)
(0.00174956 -0.000435931 0)
(0.00171578 -0.000380532 0)
(0.00168316 -0.000310028 0)
(0.00164512 -0.000258997 0)
(0.00161166 -0.000193138 0)
(0.00157563 -0.000149991 0)
(0.00154689 -9.70996e-05 1.09929e-39)
(0.00151765 -6.95386e-05 0)
(0.00149792 -4.50452e-05 0)
(0.00147931 -4.18826e-05 0)
(0.001473 -5.81472e-05 0)
(0.00146632 -7.57417e-05 0)
(0.00147482 -0.000130594 0)
(0.00147546 -0.000149901 0)
(0.00149548 -0.000229619 0)
(0.00115468 -0.00064607 0)
(0.00115018 -0.000598948 0)
(0.00114669 -0.000543234 0)
(0.00114419 -0.000479122 0)
(0.00114263 -0.000407109 0)
(0.00114197 -0.000328084 0)
(0.00114206 -0.000243263 0)
(0.00114287 -0.000154149 0)
(0.0011444 -6.23754e-05 0)
(0.00114648 3.05314e-05 0)
(0.00114893 0.000123417 0)
(0.00115185 0.000215373 0)
(0.00115541 0.000305556 0)
(0.00115999 0.000392842 0)
(0.00116626 0.000475357 0)
(0.00117481 0.000550691 0)
(0.00118524 0.000617444 0)
(0.00119578 0.000677052 0)
(0.00120411 0.000733313 0)
(0.00120917 0.000789091 0)
(0.00121187 0.000843294 0)
(0.00121435 0.000891016 0)
(0.00121871 0.000925812 0)
(0.00122627 0.000941343 0)
(0.00123739 0.000932182 0)
(0.00125126 0.000895571 0)
(0.00126589 0.000834093 0)
(0.00127887 0.000756559 0)
(0.00128848 0.000675717 0)
(0.00129453 0.000603884 0)
(0.0012981 0.00054934 0)
(0.00130076 0.00051474 0)
(0.00130368 0.000497996 0)
(0.00130729 0.000494309 0)
(0.00131152 0.000498551 0)
(0.00131621 0.000506668 0)
(0.00132149 0.000516105 0)
(0.00132779 0.000525385 0)
(0.00133575 0.000533366 0)
(0.00134594 0.000538843 0)
(0.00135876 0.000540152 0)
(0.0013743 0.000535571 0)
(0.00139242 0.000523235 0)
(0.00141271 0.000501792 0)
(0.00143476 0.000470291 0)
(0.00145788 0.000428509 0)
(0.0014817 0.000376957 0)
(0.00150554 0.000316441 0)
(0.00152935 0.000248674 0)
(0.00155248 0.000174838 0)
(0.00157533 9.7076e-05 0)
(0.00159749 1.61489e-05 0)
(0.00162018 -6.54809e-05 0)
(0.0016421 -0.000147633 0)
(0.00166452 -0.000228319 0)
(0.00168607 -0.000307721 0)
(0.00170815 -0.000383938 0)
(0.00172935 -0.000457024 0)
(0.00175092 -0.000525596 0)
(0.00177202 -0.000589509 0)
(0.0017932 -0.000647756 0)
(0.00181405 -0.000699142 0)
(0.00183367 -0.000743816 0)
(0.00185318 -0.00077927 0)
(0.00187015 -0.000806506 -4.0159e-38)
(0.00188707 -0.000821493 0)
(0.00189934 -0.000826997 3.28174e-38)
(0.0019104 -0.000816612 0)
(0.00191363 -0.000795257 2.63014e-38)
(0.0019135 -0.00075493 0)
(0.00190289 -0.000706414 -2.06719e-38)
(0.00188845 -0.000641478 0)
(0.00186265 -0.000576977 0)
(0.00183363 -0.000500254 0)
(0.00179359 -0.000432338 0)
(0.00175237 -0.000353381 0)
(0.00170303 -0.000290525 0)
(0.00165608 -0.000216766 0)
(0.00160528 -0.000165475 0)
(0.00155972 -0.000102126 0)
(0.00151466 -6.6374e-05 0)
(0.00147656 -2.11743e-05 -1.09929e-39)
(0.0014441 -8.85544e-06 0)
(0.00142011 2.91023e-06 0)
(0.00140606 -1.49791e-05 0)
(0.00139949 -4.486e-05 0)
(0.00140151 -8.15133e-05 0)
(0.00140838 -0.000143602 0)
(0.00141551 -0.00017308 0)
(0.00143013 -0.000252714 0)
(0.000976704 -0.000618368 0)
(0.000960192 -0.000574936 0)
(0.000946139 -0.000523332 0)
(0.000934751 -0.000463626 0)
(0.000926077 -0.000396169 0)
(0.000920086 -0.000321635 0)
(0.000916612 -0.000241061 0)
(0.000915384 -0.000155787 0)
(0.000916104 -6.74213e-05 0)
(0.000918924 2.23256e-05 0)
(0.000924003 0.000111991 0)
(0.000930889 0.000200473 0)
(0.000939292 0.000286696 0)
(0.000949125 0.000369654 0)
(0.000960162 0.000448521 0)
(0.0009718 0.000522956 0)
(0.000983019 0.000593407 0)
(0.00099288 0.000660804 0)
(0.00100138 0.000725404 0)
(0.00100989 0.000785615 0)
(0.00102063 0.000837925 0)
(0.00103572 0.000877947 0)
(0.0010564 0.000901452 0)
(0.00108288 0.000904797 0)
(0.00111426 0.000885523 0)
(0.00114851 0.000843717 0)
(0.00118274 0.000783443 0)
(0.00121411 0.00071255 0)
(0.00124082 0.000640818 0)
(0.00126266 0.000577193 0)
(0.00128072 0.000527827 0)
(0.0012967 0.000495092 0)
(0.0013121 0.000478 0)
(0.00132778 0.000473185 0)
(0.00134398 0.000476401 0)
(0.0013606 0.000483636 0)
(0.00137751 0.000491802 0)
(0.00139487 0.000498809 0)
(0.00141302 0.000503227 0)
(0.00143243 0.000503996 0)
(0.0014535 0.000499972 0)
(0.00147646 0.000490056 0)
(0.00150124 0.000473012 0)
(0.00152757 0.000447909 0)
(0.00155498 0.000414023 0)
(0.00158291 0.000371191 0)
(0.00161084 0.000319711 0)
(0.00163811 0.000260253 0)
(0.00166457 0.000193963 0)
(0.00168969 0.00012204 0)
(0.00171369 4.61387e-05 0)
(0.00173645 -3.25486e-05 0)
(0.00175847 -0.000112599 0)
(0.0017787 -0.000193227 0)
(0.0017985 -0.000272681 0)
(0.00181692 -0.00035109 0)
(0.00183546 -0.000426735 0)
(0.00185235 -0.000499099 0)
(0.00186858 -0.000566446 0)
(0.001883 -0.00062906 0)
(0.00189731 -0.000685466 0)
(0.0019109 -0.000735408 0)
(0.00192382 -0.000778166 0)
(0.00193587 -0.000811679 0)
(0.0019448 -0.000834307 0)
(0.00195119 -0.000842679 0)
(0.00195082 -0.000837855 0)
(0.00194683 -0.00081592 0)
(0.00193326 -0.000780182 0)
(0.00191515 -0.00072628 0)
(0.00188547 -0.00066265 0)
(0.00185216 -0.000584362 0)
(0.00180795 -0.000504233 0)
(0.00176288 -0.000413712 0)
(0.00170828 -0.000330878 0)
(0.00165581 -0.000242351 0)
(0.00159679 -0.000172716 0)
(0.00154353 -9.86711e-05 0)
(0.00148788 -5.0682e-05 0)
(0.00143973 5.36419e-06 0)
(0.00139476 2.89493e-05 0)
(0.00135923 5.96263e-05 0)
(0.00133433 4.90681e-05 0)
(0.00131733 4.17018e-05 0)
(0.00131502 -2.04302e-06 0)
(0.00131293 -4.46792e-05 0)
(0.00132417 -9.82685e-05 0)
(0.00132736 -0.00016025 0)
(0.00133878 -0.000195799 0)
(0.00134272 -0.000267289 0)
(0.000811969 -0.000563147 0)
(0.000782763 -0.000525595 0)
(0.000756629 -0.000480633 0)
(0.000733958 -0.0004281 0)
(0.000715036 -0.000368104 0)
(0.000700042 -0.000301079 0)
(0.000688995 -0.000227816 0)
(0.000681748 -0.00014941 0)
(0.000677899 -6.71671e-05 0)
(0.000677129 1.75254e-05 0)
(0.000679748 0.000103211 0)
(0.000685505 0.000188598 0)
(0.000693791 0.000272631 0)
(0.000704199 0.000354414 0)
(0.00071639 0.000433199 0)
(0.000730136 0.000508359 0)
(0.000745478 0.000579229 0)
(0.000762944 0.000644845 0)
(0.000783605 0.000703654 0)
(0.000808802 0.000753489 0)
(0.000839662 0.000791868 0)
(0.000876694 0.000816395 0)
(0.000919637 0.000825025 0)
(0.000967455 0.000816263 0)
(0.00101832 0.000789784 0)
(0.00106971 0.000747204 0)
(0.00111887 0.000692613 0)
(0.00116349 0.00063201 0)
(0.00120236 0.000572151 0)
(0.00123555 0.000519023 0)
(0.00126423 0.000476905 0)
(0.00129006 0.000447764 0)
(0.00131466 0.000431401 0)
(0.00133919 0.000425801 0)
(0.00136422 0.000427932 0)
(0.00138988 0.000434396 0)
(0.00141601 0.0004421 0)
(0.00144251 0.000448538 0)
(0.00146931 0.000451859 0)
(0.00149656 0.000450752 0)
(0.00152439 0.000444185 0)
(0.001553 0.000431392 0)
(0.00158231 0.000411678 0)
(0.00161223 0.000384564 0)
(0.00164232 0.000349627 0)
(0.00167233 0.000306868 0)
(0.00170169 0.000256613 0)
(0.00172999 0.000199473 0)
(0.0017568 0.000136019 0)
(0.00178179 6.73198e-05 0)
(0.00180539 -4.98676e-06 0)
(0.0018272 -7.99767e-05 0)
(0.00184691 -0.00015697 0)
(0.00186417 -0.000234352 0)
(0.0018794 -0.000310552 0)
(0.00189206 -0.000385711 0)
(0.00190374 -0.000458745 0)
(0.00191367 -0.000528728 0)
(0.00192293 -0.000594593 0)
(0.0019299 -0.000656679 0)
(0.00193576 -0.00071229 0)
(0.00193867 -0.000760405 0)
(0.00193966 -0.000799707 0)
(0.00193773 -0.000828867 0)
(0.00193194 -0.000844225 0)
(0.00192063 -0.000843143 0)
(0.00190103 -0.000824889 0)
(0.00187475 -0.000787011 0)
(0.00183849 -0.000731111 0)
(0.00179795 -0.000656873 0)
(0.00174837 -0.000572532 0)
(0.00169746 -0.000478288 0)
(0.00163742 -0.000384754 0)
(0.00157889 -0.00028682 0)
(0.00151442 -0.000198868 0)
(0.00145753 -0.000111355 0)
(0.00139874 -4.41059e-05 0)
(0.0013503 2.2262e-05 0)
(0.00130244 6.13541e-05 0)
(0.00126717 0.000102537 0)
(0.00123725 0.000106435 0)
(0.00121946 0.000113932 0)
(0.00121211 7.71424e-05 0)
(0.00121009 5.01982e-05 0)
(0.00122039 -1.30347e-05 0)
(0.00122274 -5.91989e-05 0)
(0.00123858 -0.000119787 0)
(0.00123475 -0.000171876 0)
(0.00124664 -0.000207744 0)
(0.00123638 -0.000265563 0)
(0.00068484 -0.000482597 0)
(0.000645434 -0.000450836 0)
(0.000608911 -0.000412708 0)
(0.000575803 -0.000367988 0)
(0.000546614 -0.000316649 0)
(0.000521794 -0.000258916 0)
(0.000501687 -0.000195302 0)
(0.000486516 -0.0001266 0)
(0.000476352 -5.38023e-05 0)
(0.000471207 2.2036e-05 0)
(0.000471052 9.96831e-05 0)
(0.00047558 0.000177659 0)
(0.000484678 0.000254657 0)
(0.000498247 0.000329456 0)
(0.00051627 0.000400888 0)
(0.000538856 0.000467798 0)
(0.000566272 0.000528984 0)
(0.000598904 0.000583153 0)
(0.000637152 0.000628906 0)
(0.000681221 0.000664814 0)
(0.000730958 0.000689541 0)
(0.000785748 0.000701954 0)
(0.00084451 0.000701261 0)
(0.000905696 0.000687201 0)
(0.000967343 0.00066048 0)
(0.00102725 0.000623058 0)
(0.00108334 0.000578267 0)
(0.00113411 0.000530297 0)
(0.00117895 0.000483582 0)
(0.00121813 0.000441964 0)
(0.0012527 0.000408298 0)
(0.00128407 0.000384092 0)
(0.0013137 0.000369562 0)
(0.00134284 0.00036365 0)
(0.00137231 0.000364407 0)
(0.00140249 0.000369334 0)
(0.00143341 0.000375875 0)
(0.00146495 0.00038164 0)
(0.00149689 0.00038465 0)
(0.00152904 0.000383361 0)
(0.00156125 0.000376591 0)
(0.00159351 0.000363546 0)
(0.00162567 0.00034377 0)
(0.00165755 0.000316988 0)
(0.00168882 0.000282891 0)
(0.00171932 0.000241623 0)
(0.0017485 0.000193814 0)
(0.00177603 0.000139998 0)
(0.00180144 8.03873e-05 0)
(0.00182499 1.62127e-05 0)
(0.00184627 -5.08869e-05 0)
(0.00186462 -0.000120666 0)
(0.0018802 -0.000192589 0)
(0.00189326 -0.000264752 0)
(0.0019035 -0.000336066 0)
(0.00191051 -0.000406696 0)
(0.00191431 -0.000475168 0)
(0.00191446 -0.000539459 0)
(0.00191243 -0.00059985 0)
(0.00190857 -0.000657422 0)
(0.00190302 -0.000708805 0)
(0.00189161 -0.000750966 0)
(0.00187308 -0.000781436 0)
(0.00184527 -0.000798034 0)
(0.00180873 -0.000795716 0)
(0.00176238 -0.000774233 0)
(0.00170849 -0.000735286 0)
(0.00164945 -0.000680884 0)
(0.00158559 -0.000612427 0)
(0.00151977 -0.000530459 0)
(0.00145096 -0.000438906 0)
(0.00138681 -0.000338311 0)
(0.00132402 -0.000238778 0)
(0.00127167 -0.000141971 0)
(0.00122157 -6.0783e-05 0)
(0.00118425 1.19447e-05 0)
(0.00114925 6.34433e-05 0)
(0.00112749 0.000110052 0)
(0.00110716 0.000130203 0)
(0.00109948 0.000147973 0)
(0.0010948 0.00013053 0)
(0.00110009 0.0001163 0)
(0.00110937 6.39783e-05 0)
(0.00111923 2.86544e-05 0)
(0.00113427 -3.79395e-05 0)
(0.00113602 -7.65474e-05 0)
(0.00114933 -0.000133517 0)
(0.00113635 -0.000170117 0)
(0.00114529 -0.000203464 0)
(0.00112058 -0.000246079 0)
(0.000619345 -0.000387399 0)
(0.00057601 -0.00036102 0)
(0.000535235 -0.000329484 0)
(0.000497621 -0.000292587 0)
(0.000463778 -0.000250295 0)
(0.000434321 -0.000202748 0)
(0.000409841 -0.000150296 0)
(0.000390882 -9.35055e-05 0)
(0.000377968 -3.31252e-05 0)
(0.000371334 2.99708e-05 0)
(0.000370761 9.44234e-05 0)
(0.000376168 0.000159036 0)
(0.000387777 0.000222597 0)
(0.000405664 0.0002839 0)
(0.000429852 0.000341763 0)
(0.000460326 0.000395044 0)
(0.000497017 0.000442635 0)
(0.000539754 0.000483489 0)
(0.00058821 0.000516628 0)
(0.000641831 0.000541192 0)
(0.000699824 0.00055648 0)
(0.000761132 0.000562009 0)
(0.000824465 0.000557622 0)
(0.000888301 0.000543637 0)
(0.000950987 0.000521062 0)
(0.00101088 0.000491646 0)
(0.00106661 0.000457831 0)
(0.00111728 0.000422389 0)
(0.0011626 0.000388136 0)
(0.00120285 0.00035751 0)
(0.00123885 0.000332428 0)
(0.00127168 0.000313962 0)
(0.00130262 0.000302353 0)
(0.00133277 0.000297 0)
(0.00136295 0.000296762 0)
(0.00139371 0.000299974 0)
(0.00142536 0.000304648 0)
(0.00145795 0.000308782 0)
(0.00149122 0.000310729 0)
(0.00152482 0.000309008 0)
(0.00155858 0.000302259 0)
(0.00159227 0.000289663 0)
(0.0016254 0.000271007 0)
(0.00165767 0.000245987 0)
(0.00168894 0.000214216 0)
(0.0017189 0.000176047 0)
(0.0017469 0.000132227 0)
(0.00177283 8.28305e-05 0)
(0.00179662 2.82327e-05 0)
(0.0018181 -2.98514e-05 0)
(0.00183622 -9.05778e-05 0)
(0.0018507 -0.00015398 0)
(0.00186147 -0.00021891 0)
(0.00186818 -0.000283179 0)
(0.00187094 -0.000346605 0)
(0.00187077 -0.000409761 0)
(0.00186743 -0.000470834 0)
(0.0018595 -0.000527532 0)
(0.00184559 -0.000580116 0)
(0.00182471 -0.000627567 0)
(0.00179569 -0.000664378 0)
(0.00175573 -0.000686652 0)
(0.00170311 -0.000693819 0)
(0.00163686 -0.000684718 0)
(0.00155964 -0.000656052 0)
(0.00147348 -0.000611087 0)
(0.00138411 -0.000555091 0)
(0.00129727 -0.000491333 0)
(0.0012187 -0.000418551 0)
(0.0011514 -0.000340199 0)
(0.00109529 -0.000261841 0)
(0.00105242 -0.000187506 0)
(0.00101924 -0.000120246 0)
(0.000998822 -5.69112e-05 0)
(0.000983705 -2.59122e-06 0)
(0.000979091 4.8795e-05 0)
(0.000975584 8.55902e-05 0)
(0.000980981 0.000117333 0)
(0.000985396 0.000126224 0)
(0.000998222 0.000130135 0)
(0.00100953 0.000104939 0)
(0.00102563 8.29198e-05 0)
(0.00103934 3.2051e-05 0)
(0.0010498 8.16684e-08 0)
(0.00106037 -5.69073e-05 0)
(0.00105679 -8.32053e-05 0)
(0.00106312 -0.000130556 0)
(0.00104152 -0.000152038 0)
(0.00104594 -0.000181017 0)
(0.00100895 -0.000208766 0)
(0.000608302 -0.000294281 0)
(0.000567812 -0.000272317 0)
(0.000529641 -0.000246532 0)
(0.000494381 -0.000216725 0)
(0.000462636 -0.000182889 0)
(0.000435039 -0.00014517 0)
(0.000412212 -0.000103873 0)
(0.000394812 -5.945e-05 0)
(0.00038351 -1.25378e-05 0)
(0.000378129 3.59536e-05 0)
(0.000378615 8.51885e-05 0)
(0.000385594 0.000134322 0)
(0.000399249 0.000182411 0)
(0.000419571 0.000228489 0)
(0.000446432 0.000271602 0)
(0.000479584 0.000310838 0)
(0.000518652 0.000345339 0)
(0.000563128 0.000374339 0)
(0.000612367 0.000397169 0)
(0.000665577 0.000413303 0)
(0.000721834 0.000422374 0)
(0.000780081 0.000424238 0)
(0.000839151 0.000419037 0)
(0.000897799 0.000407284 0)
(0.000954786 0.000389922 0)
(0.00100898 0.000368291 0)
(0.00105949 0.000344061 0)
(0.00110576 0.000319065 0)
(0.00114765 0.000295141 0)
(0.0011854 0.000273842 0)
(0.00121963 0.000256276 0)
(0.00125112 0.000243015 0)
(0.00128075 0.00023431 0)
(0.00130928 0.000230041 0)
(0.00133749 0.000229526 0)
(0.00136611 0.000231344 0)
(0.00139556 0.000234014 0)
(0.00142578 0.000236417 0)
(0.00145665 0.000237357 0)
(0.00148824 0.00023502 0)
(0.00152045 0.000228081 0)
(0.00155263 0.000216324 0)
(0.00158424 0.000199494 0)
(0.00161534 0.000176588 0)
(0.00164556 0.000147545 0)
(0.00167378 0.000113516 0)
(0.00169939 7.46165e-05 0)
(0.00172314 3.01599e-05 0)
(0.00174492 -1.84402e-05 0)
(0.00176295 -6.88721e-05 0)
(0.00177679 -0.0001218 0)
(0.00178787 -0.000177864 0)
(0.00179588 -0.000234604 0)
(0.0017989 -0.00028968 0)
(0.00179597 -0.000343691 0)
(0.00178755 -0.000396364 0)
(0.00177363 -0.000445346 0)
(0.0017537 -0.000489124 0)
(0.00172542 -0.00052628 0)
(0.00168318 -0.000551512 0)
(0.00161968 -0.000556421 0)
(0.00153356 -0.000537762 0)
(0.00143317 -0.000502598 0)
(0.00133105 -0.000461973 0)
(0.00123792 -0.00042107 0)
(0.00115882 -0.000382373 0)
(0.00109396 -0.000347411 0)
(0.00104099 -0.000317696 0)
(0.000998213 -0.000288681 0)
(0.000965158 -0.000255894 0)
(0.000940641 -0.00021546 0)
(0.000924813 -0.000168497 0)
(0.000914646 -0.000117584 0)
(0.000911823 -6.53476e-05 0)
(0.000912224 -1.69056e-05 0)
(0.000918708 2.80416e-05 0)
(0.000924868 6.09533e-05 0)
(0.000936751 8.69655e-05 0)
(0.000947103 9.34128e-05 0)
(0.000962163 9.3707e-05 0)
(0.000973538 7.10817e-05 0)
(0.000986149 5.10795e-05 0)
(0.000994076 9.74539e-06 0)
(0.00099761 -1.41603e-05 0)
(0.00100006 -5.80808e-05 0)
(0.000989614 -7.34709e-05 0)
(0.000988899 -0.000109779 0)
(0.000961341 -0.000119399 0)
(0.000961433 -0.000142516 0)
(0.000916675 -0.000157599 0)
(0.000622134 -0.000212329 0)
(0.0005884 -0.000194819 0)
(0.000556664 -0.000174637 0)
(0.000527463 -0.000151604 0)
(0.00050133 -0.00012573 0)
(0.000478785 -9.71734e-05 0)
(0.000460367 -6.62217e-05 0)
(0.000446569 -3.32771e-05 0)
(0.000437639 1.11905e-06 0)
(0.000434104 3.62605e-05 0)
(0.000436377 7.17456e-05 0)
(0.000444448 0.000106951 0)
(0.000458376 0.000141176 0)
(0.000478111 0.000173712 0)
(0.000503474 0.000203861 0)
(0.000534159 0.000230968 0)
(0.000569738 0.000254439 0)
(0.000609662 0.000273763 0)
(0.000653277 0.000288529 0)
(0.000699829 0.00029845 0)
(0.000748482 0.000303382 0)
(0.000798329 0.000303365 0)
(0.000848428 0.00029865 0)
(0.000897835 0.000289734 0)
(0.000945673 0.000277365 0)
(0.00099119 0.000262521 0)
(0.00103384 0.000246344 0)
(0.00107331 0.000229997 0)
(0.00110959 0.000214502 0)
(0.0011429 0.000200661 0)
(0.00117366 0.000189152 0)
(0.00120234 0.000180552 0)
(0.00122957 0.000175114 0)
(0.00125605 0.000172409 0)
(0.00128247 0.000171479 0)
(0.00130916 0.000171551 0)
(0.00133616 0.000172352 0)
(0.00136362 0.000173048 0)
(0.00139194 0.000171798 0)
(0.00142116 0.00016717 0)
(0.00145055 0.000159397 0)
(0.00147952 0.000148436 0)
(0.0015084 0.000132557 0)
(0.00153744 0.00011092 0)
(0.00156541 8.55476e-05 0)
(0.00159087 5.72102e-05 0)
(0.00161405 2.30885e-05 0)
(0.00163611 -1.74903e-05 0)
(0.00165666 -6.00884e-05 0)
(0.00167349 -0.000102524 0)
(0.00168516 -0.000147963 0)
(0.00169259 -0.000196734 0)
(0.00169616 -0.000243659 0)
(0.00169483 -0.000286931 0)
(0.00168799 -0.000329478 0)
(0.00167551 -0.00037019 0)
(0.00165276 -0.000403478 0)
(0.00161068 -0.000422981 0)
(0.00154433 -0.00042068 0)
(0.00146036 -0.000392267 0)
(0.00137375 -0.000347256 0)
(0.00129759 -0.000305493 0)
(0.00123655 -0.000283028 0)
(0.00118855 -0.000282809 0)
(0.0011487 -0.000294624 0)
(0.00111339 -0.000304848 0)
(0.00108009 -0.000302881 0)
(0.00104805 -0.000286872 0)
(0.00101642 -0.000258561 0)
(0.000987135 -0.000223167 0)
(0.000960959 -0.000183344 0)
(0.000941073 -0.000142083 0)
(0.000926463 -0.000100172 0)
(0.000919504 -5.88038e-05 0)
(0.000916572 -2.01891e-05 0)
(0.00092025 1.51021e-05 0)
(0.000925146 4.19188e-05 0)
(0.000934696 6.26956e-05 0)
(0.00094238 6.86959e-05 0)
(0.000952243 6.93022e-05 0)
(0.000957702 5.22049e-05 0)
(0.000962514 3.74073e-05 0)
(0.000962628 5.94086e-06 0)
(0.000958551 -1.07529e-05 0)
(0.000953997 -4.36736e-05 0)
(0.000938632 -5.1918e-05 0)
(0.000933194 -7.82378e-05 0)
(0.000903796 -8.0175e-05 0)
(0.000901283 -9.61585e-05 0)
(0.00085583 -0.000101212 0)
(0.000647884 -0.000143142 0)
(0.000620473 -0.00012878 0)
(0.000594565 -0.000112892 0)
(0.000570705 -9.52887e-05 0)
(0.000549422 -7.59532e-05 0)
(0.000531215 -5.5014e-05 0)
(0.000516547 -3.26908e-05 0)
(0.000505817 -9.29478e-06 0)
(0.000499321 1.47396e-05 0)
(0.000497419 3.91305e-05 0)
(0.000500416 6.33771e-05 0)
(0.000508392 8.70348e-05 0)
(0.000521361 0.000109655 0)
(0.000539233 0.000130789 0)
(0.000561812 0.000150001 0)
(0.000588793 0.000166888 0)
(0.000619768 0.000181093 0)
(0.00065423 0.000192326 0)
(0.00069158 0.000200376 0)
(0.000731138 0.000205129 0)
(0.000772168 0.000206581 0)
(0.000813899 0.000204852 0)
(0.000855566 0.0002002 0)
(0.00089645 0.000193029 0)
(0.000935923 0.000183886 0)
(0.000973485 0.000173413 0)
(0.0010088 0.000162292 0)
(0.00104168 0.000151196 0)
(0.00107216 0.000140792 0)
(0.00110038 0.000131746 0)
(0.00112666 0.000124583 0)
(0.00115141 0.000119434 0)
(0.00117512 0.000116011 0)
(0.00119823 0.000114018 0)
(0.00122105 0.000113474 0)
(0.00124384 0.000114247 0)
(0.00126709 0.000115192 0)
(0.00129131 0.00011444 0)
(0.00131642 0.000111152 0)
(0.00134175 0.000106021 0)
(0.00136708 9.8964e-05 0)
(0.00139335 8.75423e-05 0)
(0.00142126 7.01775e-05 0)
(0.00144942 4.94503e-05 0)
(0.00147497 2.88131e-05 0)
(0.00149656 5.8003e-06 0)
(0.00151558 -2.53452e-05 0)
(0.00153419 -6.32512e-05 0)
(0.00155208 -9.94265e-05 0)
(0.00156658 -0.00013175 0)
(0.00157578 -0.000167205 0)
(0.00158067 -0.000207497 0)
(0.0015823 -0.000244395 0)
(0.00157669 -0.000274479 0)
(0.00155527 -0.000301833 0)
(0.00151374 -0.00031941 0)
(0.00145776 -0.00030919 0)
(0.00139835 -0.000269449 0)
(0.00134473 -0.000224883 0)
(0.0013022 -0.000202712 0)
(0.00127174 -0.000209785 0)
(0.00125007 -0.000233908 0)
(0.00123136 -0.000257251 0)
(0.00121016 -0.000267489 0)
(0.00118278 -0.000261042 0)
(0.0011492 -0.000242232 0)
(0.00111149 -0.000217211 0)
(0.00107365 -0.000191639 0)
(0.00103777 -0.000166892 0)
(0.00100672 -0.000143693 0)
(0.000980095 -0.00012027 0)
(0.000960024 -9.64907e-05 0)
(0.00094439 -7.11519e-05 0)
(0.000935579 -4.46275e-05 0)
(0.000930001 -1.78849e-05 0)
(0.000930415 8.4698e-06 0)
(0.000931498 3.02452e-05 0)
(0.000936657 4.85208e-05 0)
(0.000939535 5.61228e-05 0)
(0.000943924 5.97428e-05 0)
(0.000943687 4.92636e-05 0)
(0.000942434 4.0335e-05 0)
(0.000936797 1.75821e-05 0)
(0.000927588 6.2072e-06 0)
(0.00091837 -1.82878e-05 0)
(0.000900758 -2.33923e-05 0)
(0.000892466 -4.2075e-05 0)
(0.000865463 -4.09302e-05 0)
(0.000861486 -5.09119e-05 0)
(0.000823312 -4.90674e-05 0)
(0.000684459 -9.08578e-05 0)
(0.000666652 -7.83861e-05 0)
(0.000649413 -6.5678e-05 0)
(0.000633226 -5.25296e-05 0)
(0.000618623 -3.88427e-05 0)
(0.000606129 -2.46318e-05 0)
(0.00059625 -1.00033e-05 0)
(0.000589265 4.83804e-06 0)
(0.000585656 1.9703e-05 0)
(0.000585896 3.43962e-05 0)
(0.000590097 4.8654e-05 0)
(0.00059835 6.22322e-05 0)
(0.000610642 7.48966e-05 0)
(0.000626847 8.64249e-05 0)
(0.000646729 9.6612e-05 0)
(0.000669956 0.000105284 0)
(0.000696117 0.000112313 0)
(0.000724727 0.000117633 0)
(0.000755233 0.000121232 0)
(0.000787025 0.000123132 0)
(0.000819467 0.000123384 0)
(0.000851939 0.000122068 0)
(0.000883878 0.000119305 0)
(0.000914802 0.000115272 0)
(0.000944326 0.000110227 0)
(0.000972176 0.000104514 0)
(0.000998206 9.85334e-05 0)
(0.00102242 9.2666e-05 0)
(0.001045 8.71802e-05 0)
(0.00106626 8.2224e-05 0)
(0.00108656 7.79078e-05 0)
(0.0011062 7.44171e-05 0)
(0.00112538 7.20044e-05 0)
(0.00114425 7.07119e-05 0)
(0.00116315 6.99931e-05 0)
(0.00118249 6.88077e-05 0)
(0.0012024 6.64639e-05 0)
(0.00122231 6.33804e-05 0)
(0.00124145 6.02913e-05 0)
(0.00126012 5.60653e-05 0)
(0.00128021 4.72786e-05 0)
(0.00130358 3.18424e-05 0)
(0.00132951 1.30079e-05 0)
(0.00135484 -2.87545e-06 0)
(0.00137687 -1.49348e-05 0)
(0.00139536 -3.14784e-05 0)
(0.00141215 -6.09565e-05 0)
(0.00142897 -9.96705e-05 0)
(0.00144567 -0.000134086 0)
(0.00145854 -0.000158181 0)
(0.00145998 -0.00018085 0)
(0.00144411 -0.000208979 0)
(0.00141356 -0.000230509 0)
(0.00137763 -0.000226457 0)
(0.00134337 -0.000197123 0)
(0.00131243 -0.000165803 0)
(0.00128532 -0.000155926 0)
(0.00126429 -0.000171297 0)
(0.00125005 -0.000198309 0)
(0.00123949 -0.000219736 0)
(0.00122711 -0.00022537 0)
(0.00120867 -0.000215258 0)
(0.00118306 -0.000196482 0)
(0.00115245 -0.000176985 0)
(0.00112007 -0.00016056 0)
(0.00108913 -0.000147235 0)
(0.00106084 -0.000134846 0)
(0.00103598 -0.000122358 0)
(0.00101348 -0.000108674 0)
(0.000993908 -9.43876e-05 0)
(0.000975797 -7.89345e-05 0)
(0.000960903 -6.29876e-05 0)
(0.000947352 -4.57518e-05 0)
(0.000938011 -2.75505e-05 0)
(0.000929925 -8.58943e-06 0)
(0.00092664 1.07668e-05 0)
(0.00092348 2.79713e-05 0)
(0.000924606 4.36953e-05 0)
(0.000923751 5.25226e-05 0)
(0.000925286 5.90536e-05 0)
(0.000922565 5.51115e-05 0)
(0.000919829 5.1993e-05 0)
(0.000912498 3.76289e-05 0)
(0.000902797 3.06111e-05 0)
(0.000891849 1.28654e-05 0)
(0.000875109 8.54217e-06 0)
(0.000864564 -5.97528e-06 0)
(0.000841305 -5.28919e-06 0)
(0.000835113 -1.33241e-05 0)
(0.000804777 -9.53854e-06 0)
(0.000704945 -6.45184e-05 0)
(0.000696758 -5.19152e-05 0)
(0.000689223 -3.9622e-05 0)
(0.000682467 -2.7763e-05 0)
(0.000676727 -1.64211e-05 0)
(0.00067231 -5.674e-06 0)
(0.000669471 4.3804e-06 0)
(0.000668574 1.36569e-05 0)
(0.000669983 2.21792e-05 0)
(0.000673881 2.98748e-05 0)
(0.000680409 3.67356e-05 0)
(0.000689618 4.27921e-05 0)
(0.000701449 4.80937e-05 0)
(0.000715747 5.26802e-05 0)
(0.000732288 5.65598e-05 0)
(0.000750826 5.97151e-05 0)
(0.000771123 6.21284e-05 0)
(0.000792917 6.38151e-05 0)
(0.000815831 6.48331e-05 0)
(0.00083935 6.52505e-05 0)
(0.000862893 6.5095e-05 0)
(0.000885907 6.43434e-05 0)
(0.000907962 6.29682e-05 0)
(0.000928813 6.1002e-05 0)
(0.000948397 5.85569e-05 0)
(0.000966793 5.5761e-05 0)
(0.00098416 5.26855e-05 0)
(0.00100067 4.93297e-05 0)
(0.00101649 4.57521e-05 0)
(0.00103185 4.22267e-05 0)
(0.00104698 3.92368e-05 0)
(0.00106222 3.72024e-05 0)
(0.00107806 3.60638e-05 0)
(0.00109489 3.52097e-05 0)
(0.00111273 3.40401e-05 0)
(0.00113092 3.27364e-05 0)
(0.00114828 3.21346e-05 0)
(0.00116407 3.22158e-05 0)
(0.00117922 3.03094e-05 0)
(0.00119606 2.16438e-05 0)
(0.00121654 3.36703e-06 0)
(0.00124007 -2.12587e-05 0)
(0.00126382 -4.36462e-05 0)
(0.00128435 -5.68239e-05 0)
(0.00129894 -6.32229e-05 0)
(0.00130559 -7.39849e-05 0)
(0.00130259 -9.78349e-05 0)
(0.00129041 -0.000129965 0)
(0.00127319 -0.000153564 0)
(0.00125653 -0.000154187 0)
(0.00124268 -0.000133739 0)
(0.00122869 -0.000110686 0)
(0.00121097 -0.000105358 0)
(0.00119072 -0.000123725 0)
(0.00117278 -0.000154738 0)
(0.00116045 -0.000181244 0)
(0.00115222 -0.000191861 0)
(0.00114333 -0.00018577 0)
(0.0011297 -0.000170378 0)
(0.00111061 -0.000154829 0)
(0.00108828 -0.000144162 0)
(0.00106594 -0.000138142 0)
(0.00104569 -0.000133875 0)
(0.00102805 -0.000128758 0)
(0.00101214 -0.00012146 0)
(0.000997212 -0.000111964 0)
(0.000982435 -0.000100559 0)
(0.000968104 -8.81508e-05 0)
(0.00095382 -7.49377e-05 0)
(0.000940528 -6.1716e-05 0)
(0.000927378 -4.81385e-05 0)
(0.000915948 -3.47591e-05 0)
(0.000904672 -2.08586e-05 0)
(0.000896111 -6.87416e-06 0)
(0.000887538 7.42061e-06 0)
(0.00088289 2.16908e-05 0)
(0.000878138 3.46779e-05 0)
(0.000877867 4.67263e-05 0)
(0.000876033 5.45332e-05 0)
(0.000877943 6.11427e-05 0)
(0.00087641 6.09582e-05 0)
(0.000876855 6.15298e-05 0)
(0.00087291 5.42277e-05 0)
(0.000868683 5.15113e-05 0)
(0.000861692 4.08026e-05 0)
(0.00085146 3.83226e-05 0)
(0.000843457 2.83944e-05 0)
(0.000827362 2.81256e-05 0)
(0.000821723 2.20076e-05 0)
(0.000799901 2.35896e-05 0)
(0.000723866 -5.24328e-05 0)
(0.000719659 -4.30391e-05 0)
(0.000716975 -3.3591e-05 0)
(0.000715598 -2.4501e-05 0)
(0.000715409 -1.60542e-05 0)
(0.000716348 -8.44999e-06 0)
(0.000718459 -1.81939e-06 0)
(0.000721905 3.79392e-06 0)
(0.000726837 8.34119e-06 0)
(0.000733325 1.18688e-05 0)
(0.000741404 1.45279e-05 0)
(0.000751079 1.65308e-05 0)
(0.000762278 1.8103e-05 0)
(0.00077486 1.94033e-05 0)
(0.000788653 2.04566e-05 0)
(0.000803503 2.11877e-05 0)
(0.000819309 2.15718e-05 0)
(0.000836018 2.17902e-05 0)
(0.000853524 2.2225e-05 0)
(0.00087153 2.32599e-05 0)
(0.000889549 2.50108e-05 0)
(0.000907098 2.71886e-05 0)
(0.000923918 2.92091e-05 0)
(0.000939996 3.04616e-05 0)
(0.000955405 3.05007e-05 0)
(0.0009701 2.92231e-05 0)
(0.0009839 2.68326e-05 0)
(0.000996742 2.3652e-05 0)
(0.00100892 1.99376e-05 0)
(0.00102115 1.57299e-05 0)
(0.00103436 1.08641e-05 0)
(0.00104916 5.15624e-06 0)
(0.00106522 -1.2451e-06 0)
(0.00108116 -7.41542e-06 0)
(0.00109495 -1.15092e-05 0)
(0.00110484 -1.17234e-05 0)
(0.00111052 -8.5498e-06 0)
(0.0011134 -6.13775e-06 0)
(0.0011153 -1.05731e-05 0)
(0.00111708 -2.52952e-05 0)
(0.00111811 -4.73097e-05 0)
(0.00111692 -6.77482e-05 0)
(0.00111297 -7.69956e-05 0)
(0.00110731 -7.10676e-05 0)
(0.00110149 -5.44175e-05 0)
(0.00109567 -3.77744e-05 0)
(0.00108794 -3.22347e-05 0)
(0.00107585 -4.3243e-05 0)
(0.00105934 -6.78011e-05 0)
(0.00104206 -9.67409e-05 0)
(0.00102875 -0.0001206 0)
(0.0010215 -0.000134283 0)
(0.00101816 -0.000137699 0)
(0.00101381 -0.0001342 0)
(0.00100439 -0.000128792 0)
(0.000989234 -0.000125741 0)
(0.000970686 -0.000126378 0)
(0.000952157 -0.000129031 0)
(0.000935992 -0.000131025 0)
(0.000922515 -0.000130556 0)
(0.000910628 -0.000127054 0)
(0.000899051 -0.000120821 0)
(0.000887072 -0.000112544 0)
(0.000874641 -0.000102955 0)
(0.000862036 -9.2588e-05 0)
(0.000849686 -8.17418e-05 0)
(0.000837859 -7.05254e-05 0)
(0.000826883 -5.91034e-05 0)
(0.000816714 -4.74585e-05 0)
(0.000807677 -3.58703e-05 0)
(0.000799381 -2.41793e-05 0)
(0.000792497 -1.2765e-05 0)
(0.000786133 -1.30079e-06 0)
(0.000781753 9.69215e-06 0)
(0.000777788 2.0534e-05 0)
(0.000776916 3.06536e-05 0)
(0.000775947 3.9724e-05 0)
(0.000778812 4.7547e-05 0)
(0.000780293 5.29359e-05 0)
(0.000785741 5.72672e-05 0)
(0.000788011 5.79327e-05 0)
(0.000793691 5.89663e-05 0)
(0.000794847 5.56991e-05 0)
(0.000798367 5.50492e-05 0)
(0.000797596 4.98737e-05 0)
(0.000797474 4.92505e-05 0)
(0.000795426 4.43385e-05 0)
(0.000791245 4.46058e-05 0)
(0.000789506 4.15589e-05 0)
(0.000781659 4.25695e-05 0)
(0.00075856 -4.16736e-05 0)
(0.000753954 -3.61403e-05 0)
(0.000751178 -2.98813e-05 0)
(0.000750143 -2.34373e-05 0)
(0.000750721 -1.72448e-05 0)
(0.000752765 -1.16569e-05 0)
(0.00075616 -6.945e-06 0)
(0.000760802 -3.33489e-06 0)
(0.000766631 -9.75396e-07 0)
(0.000773681 1.19783e-07 0)
(0.000781934 1.28963e-07 0)
(0.000791256 -5.97595e-07 0)
(0.000801451 -1.66352e-06 0)
(0.000812288 -2.8219e-06 0)
(0.000823602 -4.1215e-06 0)
(0.000835427 -5.85642e-06 0)
(0.000847983 -8.25921e-06 0)
(0.000861437 -1.11053e-05 0)
(0.00087561 -1.36087e-05 0)
(0.000889878 -1.48413e-05 0)
(0.000903305 -1.4456e-05 0)
(0.000914896 -1.30084e-05 0)
(0.000924018 -1.1463e-05 0)
(0.000930532 -1.04087e-05 0)
(0.000934815 -9.5948e-06 0)
(0.000937721 -8.4156e-06 0)
(0.000939988 -6.86126e-06 0)
(0.000942097 -6.0429e-06 0)
(0.00094429 -7.72968e-06 0)
(0.000946531 -1.30089e-05 0)
(0.00094845 -2.0961e-05 0)
(0.000949416 -2.84087e-05 0)
(0.000948736 -3.11823e-05 0)
(0.000945955 -2.63946e-05 0)
(0.000941256 -1.43316e-05 0)
(0.000935301 1.3632e-06 0)
(0.000929109 1.54628e-05 0)
(0.000923721 2.32861e-05 0)
(0.000919095 2.24904e-05 0)
(0.000913838 1.37122e-05 0)
(0.000906107 -1.41841e-07 0)
(0.000895265 -1.53001e-05 0)
(0.000882678 -2.8524e-05 0)
(0.000871135 -3.81257e-05 0)
(0.000863305 -4.44896e-05 0)
(0.000860011 -4.9594e-05 0)
(0.000859436 -5.54473e-05 0)
(0.000858261 -6.26883e-05 0)
(0.000853353 -7.05693e-05 0)
(0.000843138 -7.80375e-05 0)
(0.000828419 -8.45973e-05 0)
(0.000811504 -9.02921e-05 0)
(0.000794591 -9.52849e-05 0)
(0.000778968 -9.94889e-05 0)
(0.000764878 -0.000102538 0)
(0.000751754 -0.000104112 0)
(0.000738754 -0.00010406 0)
(0.000725306 -0.000102447 0)
(0.000711416 -9.95472e-05 0)
(0.000697503 -9.57032e-05 0)
(0.000684045 -9.11318e-05 0)
(0.000671376 -8.58811e-05 0)
(0.000659688 -7.99219e-05 0)
(0.000649065 -7.32452e-05 0)
(0.000639537 -6.58895e-05 0)
(0.000631093 -5.79527e-05 0)
(0.000623736 -4.95531e-05 0)
(0.000617465 -4.08363e-05 0)
(0.000612289 -3.19284e-05 0)
(0.000608215 -2.2979e-05 0)
(0.000605234 -1.40585e-05 0)
(0.000603375 -5.32969e-06 0)
(0.000602599 3.20532e-06 0)
(0.000603217 1.13108e-05 0)
(0.00060489 1.89987e-05 0)
(0.00060817 2.58908e-05 0)
(0.000612032 3.2008e-05 0)
(0.000617796 3.69958e-05 0)
(0.000623122 4.08337e-05 0)
(0.00063066 4.35814e-05 0)
(0.000636183 4.48997e-05 0)
(0.000644356 4.57966e-05 0)
(0.000648849 4.50596e-05 0)
(0.000656598 4.51119e-05 0)
(0.000659521 4.32525e-05 0)
(0.000666189 4.34925e-05 0)
(0.000667782 4.15239e-05 0)
(0.000673217 4.25181e-05 0)
(0.000674036 4.1266e-05 0)
(0.000678803 4.30544e-05 0)
(0.000756647 -2.90027e-05 0)
(0.000753738 -2.79522e-05 0)
(0.000751735 -2.64264e-05 0)
(0.000750613 -2.46872e-05 0)
(0.000750304 -2.29456e-05 0)
(0.000750717 -2.14128e-05 0)
(0.000751769 -2.03652e-05 0)
(0.000753391 -2.01369e-05 0)
(0.000755462 -2.0958e-05 0)
(0.00075781 -2.27798e-05 0)
(0.0007603 -2.51997e-05 0)
(0.000762807 -2.75665e-05 0)
(0.000765185 -2.93393e-05 0)
(0.000767302 -3.04779e-05 0)
(0.000769019 -3.15328e-05 0)
(0.000770093 -3.32384e-05 0)
(0.000770165 -3.57677e-05 0)
(0.000768944 -3.81851e-05 0)
(0.000766381 -3.86228e-05 0)
(0.000762674 -3.51882e-05 0)
(0.000758202 -2.71445e-05 0)
(0.000753394 -1.55159e-05 0)
(0.00074844 -2.7726e-06 0)
(0.000743252 8.32165e-06 0)
(0.000737925 1.58159e-05 0)
(0.000732779 1.89417e-05 0)
(0.000728169 1.81488e-05 0)
(0.00072426 1.47328e-05 0)
(0.000720705 1.0285e-05 0)
(0.000716709 6.26125e-06 0)
(0.00071142 3.70129e-06 0)
(0.000704438 3.10788e-06 0)
(0.000696214 4.43289e-06 0)
(0.000688006 7.16385e-06 0)
(0.000681337 1.04215e-05 0)
(0.000677538 1.30536e-05 0)
(0.000676974 1.39461e-05 0)
(0.000678673 1.23299e-05 0)
(0.000680916 8.14001e-06 0)
(0.000682027 2.02214e-06 0)
(0.000680835 -4.93505e-06 0)
(0.000676779 -1.156e-05 0)
(0.000669958 -1.69488e-05 0)
(0.00066115 -2.07968e-05 0)
(0.000651333 -2.35642e-05 0)
(0.000641258 -2.62318e-05 0)
(0.000631249 -2.9797e-05 0)
(0.000621117 -3.47147e-05 0)
(0.000610459 -4.08114e-05 0)
(0.000599036 -4.74059e-05 0)
(0.00058677 -5.36932e-05 0)
(0.000573725 -5.9132e-05 0)
(0.0005601 -6.35174e-05 0)
(0.000546155 -6.6881e-05 0)
(0.000532132 -6.93904e-05 0)
(0.000518229 -7.12005e-05 0)
(0.000504589 -7.23575e-05 0)
(0.000491304 -7.27852e-05 0)
(0.000478436 -7.2353e-05 0)
(0.000466061 -7.09645e-05 0)
(0.000454269 -6.85951e-05 0)
(0.000443154 -6.52894e-05 0)
(0.000432819 -6.11405e-05 0)
(0.000423366 -5.62726e-05 0)
(0.0004149 -5.082e-05 0)
(0.000407502 -4.49149e-05 0)
(0.00040124 -3.86805e-05 0)
(0.000396157 -3.22352e-05 0)
(0.000392285 -2.56841e-05 0)
(0.000389626 -1.9133e-05 0)
(0.000388191 -1.26674e-05 0)
(0.00038796 -6.38194e-06 0)
(0.000388892 -3.34738e-07 0)
(0.000390923 5.37439e-06 0)
(0.000394052 1.06454e-05 0)
(0.00039821 1.53671e-05 0)
(0.000403249 1.94813e-05 0)
(0.000409138 2.29159e-05 0)
(0.00041547 2.56439e-05 0)
(0.000422499 2.76791e-05 0)
(0.000429281 2.90536e-05 0)
(0.000436861 2.98911e-05 0)
(0.000443237 3.0247e-05 0)
(0.000451064 3.04078e-05 0)
(0.000456377 3.0182e-05 0)
(0.000464545 3.03878e-05 0)
(0.000468445 2.99211e-05 0)
(0.000477322 3.08153e-05 0)
(0.000479657 3.04146e-05 0)
(0.000490126 3.22717e-05 0)
(0.00059109 -2.54535e-05 0)
(0.000584074 -2.36413e-05 0)
(0.000577352 -2.12017e-05 0)
(0.000571028 -1.84437e-05 0)
(0.000565145 -1.56778e-05 0)
(0.000559702 -1.31688e-05 0)
(0.000554609 -1.11417e-05 0)
(0.000549707 -9.75777e-06 0)
(0.000544796 -9.048e-06 0)
(0.000539627 -8.88986e-06 0)
(0.000533992 -9.07494e-06 0)
(0.000527841 -9.35642e-06 0)
(0.00052128 -9.47634e-06 0)
(0.000514479 -9.22339e-06 0)
(0.000507549 -8.48866e-06 0)
(0.000500472 -7.27134e-06 0)
(0.000493141 -5.63719e-06 0)
(0.000485456 -3.6738e-06 0)
(0.000477534 -1.42579e-06 0)
(0.0004699 1.09213e-06 0)
(0.000463402 3.82378e-06 0)
(0.000458894 6.55112e-06 0)
(0.000456868 8.89983e-06 0)
(0.000457274 1.05317e-05 0)
(0.000459507 1.12577e-05 0)
(0.000462606 1.11354e-05 0)
(0.000465635 1.04026e-05 0)
(0.000467914 9.35459e-06 0)
(0.00046914 8.26478e-06 0)
(0.000469347 7.34429e-06 0)
(0.000468791 6.78277e-06 0)
(0.00046787 6.79748e-06 0)
(0.000467011 7.58099e-06 0)
(0.00046657 9.16204e-06 0)
(0.000466763 1.13081e-05 0)
(0.000467614 1.35629e-05 0)
(0.000468928 1.52717e-05 0)
(0.00047035 1.58977e-05 0)
(0.000471429 1.51854e-05 0)
(0.000471621 1.31775e-05 0)
(0.000470466 1.01375e-05 0)
(0.000467886 6.44189e-06 0)
(0.000464117 2.48832e-06 0)
(0.000459467 -1.43532e-06 0)
(0.000454198 -5.22414e-06 0)
(0.000448391 -8.93501e-06 0)
(0.000441887 -1.2687e-05 0)
(0.000434434 -1.65864e-05 0)
(0.000425803 -2.0613e-05 0)
(0.000415899 -2.46564e-05 0)
(0.000404761 -2.85672e-05 0)
(0.000392519 -3.21867e-05 0)
(0.000379369 -3.53816e-05 0)
(0.000365531 -3.80636e-05 0)
(0.000351204 -4.01852e-05 0)
(0.000336562 -4.17276e-05 0)
(0.000321765 -4.26891e-05 0)
(0.000306984 -4.30792e-05 0)
(0.000292407 -4.29107e-05 0)
(0.000278234 -4.21992e-05 0)
(0.000264651 -4.09728e-05 0)
(0.00025181 -3.92663e-05 0)
(0.000239847 -3.71172e-05 0)
(0.000228882 -3.45684e-05 0)
(0.000219016 -3.16699e-05 0)
(0.000210328 -2.84794e-05 0)
(0.000202874 -2.50597e-05 0)
(0.000196691 -2.14772e-05 0)
(0.000191798 -1.77975e-05 0)
(0.000188193 -1.40859e-05 0)
(0.000185862 -1.04029e-05 0)
(0.000184773 -6.8096e-06 0)
(0.00018489 -3.36303e-06 0)
(0.000186108 -1.07544e-07 0)
(0.000188332 2.91775e-06 0)
(0.000191498 5.65571e-06 0)
(0.000195516 8.0607e-06 0)
(0.000200245 1.00978e-05 0)
(0.000205554 1.17468e-05 0)
(0.000211313 1.30256e-05 0)
(0.000217358 1.39362e-05 0)
(0.000223645 1.4567e-05 0)
(0.000229926 1.49204e-05 0)
(0.000236425 1.51531e-05 0)
(0.000242549 1.52391e-05 0)
(0.000249303 1.53743e-05 0)
(0.000254839 1.55053e-05 0)
(0.000262535 1.58663e-05 0)
(0.000266555 1.61602e-05 0)
(0.000277223 1.7342e-05 0)
(0.000228034 1.04387e-06 0)
(0.00022276 1.0426e-06 0)
(0.000217976 9.55039e-07 0)
(0.000213767 7.98278e-07 0)
(0.000210151 5.91732e-07 0)
(0.000207088 3.57043e-07 0)
(0.000204479 1.10464e-07 0)
(0.000202197 -1.49985e-07 0)
(0.000200087 -4.34724e-07 0)
(0.000198003 -7.40049e-07 0)
(0.000195843 -1.05266e-06 0)
(0.000193555 -1.36492e-06 0)
(0.000191147 -1.677e-06 0)
(0.000188676 -1.99494e-06 0)
(0.000186237 -2.32406e-06 0)
(0.000183928 -2.64945e-06 0)
(0.000181824 -2.91618e-06 0)
(0.000180027 -3.02351e-06 0)
(0.000178694 -2.80876e-06 0)
(0.000178024 -2.12713e-06 0)
(0.000178168 -9.16003e-07 0)
(0.000179219 7.20521e-07 0)
(0.000181193 2.56293e-06 0)
(0.000184008 4.3248e-06 0)
(0.000187458 5.74508e-06 0)
(0.000191277 6.68993e-06 0)
(0.000195226 7.15102e-06 0)
(0.000199116 7.22889e-06 0)
(0.000202807 7.07204e-06 0)
(0.00020624 6.81213e-06 0)
(0.000209456 6.55125e-06 0)
(0.000212577 6.34561e-06 0)
(0.000215785 6.20625e-06 0)
(0.000219277 6.11346e-06 0)
(0.000223214 6.03177e-06 0)
(0.000227657 5.92007e-06 0)
(0.000232513 5.74222e-06 0)
(0.000237537 5.47362e-06 0)
(0.000242386 5.09364e-06 0)
(0.000246736 4.59692e-06 0)
(0.000250336 4.04326e-06 0)
(0.000253017 3.51977e-06 0)
(0.000254714 3.06847e-06 0)
(0.000255443 2.67048e-06 0)
(0.000255213 2.27293e-06 0)
(0.00025405 1.76815e-06 0)
(0.000251956 1.09152e-06 0)
(0.00024885 2.13622e-07 0)
(0.000244648 -8.46304e-07 0)
(0.000239288 -2.04073e-06 0)
(0.000232751 -3.31404e-06 0)
(0.000225069 -4.61257e-06 0)
(0.000216321 -5.89023e-06 0)
(0.000206621 -7.11258e-06 0)
(0.000196105 -8.25281e-06 0)
(0.000184918 -9.28446e-06 0)
(0.000173213 -1.01779e-05 0)
(0.000161139 -1.09026e-05 0)
(0.000148848 -1.14338e-05 0)
(0.00013649 -1.17603e-05 0)
(0.000124232 -1.18853e-05 0)
(0.000112251 -1.18169e-05 0)
(0.000100717 -1.15652e-05 0)
(8.97776e-05 -1.11445e-05 0)
(7.95653e-05 -1.05726e-05 0)
(7.01922e-05 -9.86976e-06 0)
(6.17508e-05 -9.05806e-06 0)
(5.43125e-05 -8.1605e-06 0)
(4.79283e-05 -7.20017e-06 0)
(4.26283e-05 -6.19989e-06 0)
(3.84233e-05 -5.18156e-06 0)
(3.53044e-05 -4.16668e-06 0)
(3.32455e-05 -3.17609e-06 0)
(3.2204e-05 -2.23378e-06 0)
(3.21043e-05 -1.34062e-06 0)
(3.28473e-05 -5.13179e-07 0)
(3.43403e-05 2.25864e-07 0)
(3.64886e-05 8.61984e-07 0)
(3.9187e-05 1.38749e-06 0)
(4.23252e-05 1.80161e-06 0)
(4.57973e-05 2.10801e-06 0)
(4.95096e-05 2.32215e-06 0)
(5.33745e-05 2.45384e-06 0)
(5.73444e-05 2.53683e-06 0)
(6.13497e-05 2.56898e-06 0)
(6.54294e-05 2.61613e-06 0)
(6.94718e-05 2.6228e-06 0)
(7.37711e-05 2.75169e-06 0)
(7.75309e-05 2.68175e-06 0)
(8.38722e-05 3.09038e-06 0)
)
;

boundaryField
{
    inlet
    {
        type            fixedValue;
        value           nonuniform List<vector> 0();
    }
    outlet
    {
        type            zeroGradient;
    }
    wall
    {
        type            noSlip;
    }
    obstacle
    {
        type            noSlip;
    }
    frontAndBack
    {
        type            empty;
    }
    procBoundary3to2
    {
        type            processor;
        value           nonuniform List<vector> 
31
(
(0.000279335 -6.63052e-06 0)
(0.000597228 3.4158e-06 0)
(0.000897038 -2.53906e-05 0)
(0.00122364 6.74112e-05 0)
(0.00130944 2.5144e-05 0)
(0.0013325 -1.28502e-05 0)
(0.00139777 -7.35579e-05 0)
(0.00148008 -0.000139022 0)
(0.0015536 -0.000234153 0)
(0.00163272 -0.000331482 0)
(0.00166596 -0.000429806 0)
(0.00165611 -0.000519593 0)
(0.00159165 -0.000584731 0)
(0.00147331 -0.000627792 0)
(0.00132646 -0.000646503 0)
(0.00132646 -0.000646503 0)
(0.00116017 -0.000684706 0)
(0.000995395 -0.000653838 0)
(0.000843799 -0.000593691 0)
(0.000726598 -0.000508395 0)
(0.000664653 -0.000409036 0)
(0.000650529 -0.000312868 0)
(0.000657346 -0.000227573 0)
(0.000676243 -0.000156361 0)
(0.000702455 -0.000103357 0)
(0.000713829 -7.71966e-05 0)
(0.000729913 -6.11908e-05 0)
(0.000765038 -4.58594e-05 0)
(0.000760434 -2.92939e-05 0)
(0.000598228 -2.64037e-05 0)
(0.000233653 9.49193e-07 0)
)
;
    }
}


// ************************************************************************* //
