/*--------------------------------*- C++ -*----------------------------------*\
| =========                 |                                                 |
| \\      /  F ield         | OpenFOAM: The Open Source CFD Toolbox           |
|  \\    /   O peration     | Version:  2312                                  |
|   \\  /    A nd           | Website:  www.openfoam.com                      |
|    \\/     M anipulation  |                                                 |
\*---------------------------------------------------------------------------*/
FoamFile
{
    version     2.0;
    format      ascii;
    arch        "LSB;label=32;scalar=64";
    class       surfaceScalarField;
    location    "184000";
    object      phi;
}
// * * * * * * * * * * * * * * * * * * * * * * * * * * * * * * * * * * * * * //

dimensions      [0 3 -1 0 0 0 0];

oriented        oriented;

internalField   nonuniform List<scalar> 
5250
(
0.000157061
3.32739e-06
0.000153857
3.20406e-06
0.000150321
3.53603e-06
0.0001466
3.72135e-06
0.000143065
3.53448e-06
0.000140004
3.06142e-06
0.00013755
2.45354e-06
0.000135739
1.81179e-06
0.000134551
1.18709e-06
0.000133943
6.08423e-07
0.000133861
8.21819e-08
0.000134199
-3.37896e-07
0.0001349
-7.01517e-07
0.000135901
-1.0008e-06
0.000137134
-1.23269e-06
0.000138534
-1.39994e-06
0.000140029
-1.49566e-06
0.000141548
-1.51905e-06
0.000143036
-1.48788e-06
0.000144447
-1.41096e-06
0.000145726
-1.27854e-06
0.000146799
-1.07321e-06
0.000147591
-7.9169e-07
0.000148052
-4.61158e-07
0.000148192
-1.40491e-07
0.000148119
7.31073e-08
0.000148003
1.16486e-07
0.0001481
-9.76667e-08
0.000148633
-5.32751e-07
0.00014981
-1.17669e-06
0.000151774
-1.96428e-06
0.000154599
-2.82508e-06
0.000158288
-3.68862e-06
0.000162776
-4.48778e-06
0.000167949
-5.17363e-06
0.000173668
-5.7189e-06
0.000179765
-6.0971e-06
0.000186046
-6.28033e-06
0.000192362
-6.31639e-06
0.000198498
-6.13563e-06
0.000204069
-5.57186e-06
0.000208663
-4.59404e-06
0.000211885
-3.222e-06
0.000213516
-1.63095e-06
0.000213554
-3.78384e-08
0.000212747
8.06998e-07
0.000211495
1.25228e-06
0.000210163
1.33178e-06
0.000208952
1.21126e-06
0.000207867
1.08449e-06
0.000206717
1.15065e-06
0.000205116
1.60076e-06
0.000202323
2.79338e-06
0.000197965
4.35809e-06
0.000191842
6.12275e-06
0.000184083
7.75861e-06
0.000175109
8.97469e-06
0.000165468
9.64017e-06
0.000155706
9.76258e-06
0.000146323
9.38286e-06
0.000137318
9.00444e-06
0.000128767
8.55184e-06
0.000120836
7.93038e-06
0.00011371
7.12617e-06
0.000107506
6.20415e-06
0.000102212
5.29381e-06
9.78351e-05
4.37703e-06
9.44068e-05
3.42834e-06
9.18963e-05
2.51048e-06
9.02608e-05
1.6355e-06
8.94499e-05
8.10848e-07
8.94253e-05
2.46744e-08
8.99566e-05
-5.31351e-07
9.09793e-05
-1.02271e-06
9.23795e-05
-1.40016e-06
9.40278e-05
-1.64834e-06
9.57971e-05
-1.76933e-06
9.75709e-05
-1.77373e-06
9.92247e-05
-1.65382e-06
0.000100683
-1.45806e-06
0.000101927
-1.24383e-06
0.000102993
-1.06685e-06
0.000103964
-9.70248e-07
0.000104935
-9.71132e-07
0.000105991
-1.05581e-06
0.000107178
-1.18704e-06
0.000108495
-1.31772e-06
0.000109899
-1.40332e-06
0.000111309
-1.40995e-06
-1.31484e-06
0.000564557
2.50601e-05
0.000544576
2.31845e-05
0.00052677
2.13416e-05
0.000510982
1.95093e-05
0.000496918
1.75988e-05
0.000484412
1.55678e-05
0.00047341
1.34552e-05
0.000463889
1.13331e-05
0.000455801
9.2751e-06
0.00044907
7.33886e-06
0.000443593
5.56002e-06
0.000439308
3.94663e-06
0.000436153
2.45339e-06
0.000434055
1.09773e-06
0.000432918
-9.64783e-08
0.000432581
-1.0623e-06
0.000432953
-1.86801e-06
0.000433965
-2.53109e-06
0.000435571
-3.09417e-06
0.00043776
-3.59929e-06
0.000440568
-4.08714e-06
0.000444087
-4.59166e-06
0.000448434
-5.13944e-06
0.000453719
-5.74559e-06
0.000460006
-6.42767e-06
0.000467333
-7.25404e-06
0.000475661
-8.21168e-06
0.000484785
-9.22094e-06
0.000494551
-1.0299e-05
0.000504783
-1.14091e-05
0.000515309
-1.24899e-05
0.000525953
-1.3469e-05
0.000536536
-1.42716e-05
0.000546863
-1.4815e-05
0.000556709
-1.50191e-05
0.000565809
-1.48196e-05
0.000573873
-1.41609e-05
0.000580581
-1.29879e-05
0.000585528
-1.12641e-05
0.000588365
-8.97242e-06
0.000588861
-6.06795e-06
0.00058704
-2.77237e-06
0.000582919
8.98449e-07
0.000576393
4.89565e-06
0.0005678
8.55432e-06
0.000557076
1.15309e-05
0.000544607
1.37219e-05
0.000530651
1.52876e-05
0.000515434
1.64288e-05
0.00049921
1.73078e-05
0.000482495
1.78661e-05
0.000465552
1.85431e-05
0.000448289
2.00571e-05
0.000430681
2.19657e-05
0.000413289
2.35152e-05
0.000397138
2.39088e-05
0.000383263
2.285e-05
0.000372143
2.07607e-05
0.000363327
1.8578e-05
0.000355205
1.75052e-05
0.000346929
1.72806e-05
0.000337898
1.75829e-05
0.000328007
1.78205e-05
0.000317759
1.7375e-05
0.000307931
1.60321e-05
0.000299307
1.39175e-05
0.000292332
1.13516e-05
0.00028694
8.82087e-06
0.000283105
6.34588e-06
0.000280776
3.9639e-06
0.000279839
1.74752e-06
0.000280132
-2.67768e-07
0.000281726
-2.12593e-06
0.000284263
-3.55945e-06
0.000287465
-4.60162e-06
0.000291079
-5.26272e-06
0.000294856
-5.54664e-06
0.000298548
-5.46523e-06
0.000301959
-5.06518e-06
0.000304917
-4.41591e-06
0.000307284
-3.61092e-06
0.000308986
-2.76869e-06
0.000310017
-2.00153e-06
0.000310429
-1.38264e-06
0.000310307
-9.34253e-07
0.000309757
-6.36544e-07
0.000308882
-4.42621e-07
0.000307768
-2.90088e-07
0.000306471
-1.13029e-07
1.76083e-07
0.000804171
4.25149e-05
0.000785682
4.16734e-05
0.000766875
4.01488e-05
0.000748222
3.81616e-05
0.000729958
3.58638e-05
0.000712207
3.33179e-05
0.000695123
3.05394e-05
0.000678905
2.75511e-05
0.000663696
2.44844e-05
0.000649577
2.14575e-05
0.000636622
1.8515e-05
0.000624884
1.56852e-05
0.00061435
1.29868e-05
0.000604992
1.0456e-05
0.000596761
8.13465e-06
0.000589652
6.046e-06
0.000583611
4.17386e-06
0.00057861
2.47003e-06
0.000574649
8.66559e-07
0.000571829
-7.79649e-07
0.000570243
-2.50085e-06
0.000569952
-4.30109e-06
0.000571021
-6.2085e-06
0.000573484
-8.20863e-06
0.000577356
-1.02995e-05
0.000582572
-1.24698e-05
0.000589021
-1.46611e-05
0.000596645
-1.68444e-05
0.000605401
-1.90551e-05
0.00061522
-2.1228e-05
0.00062601
-2.32803e-05
0.000637664
-2.51229e-05
0.000650066
-2.66731e-05
0.0006631
-2.78494e-05
0.000676654
-2.85734e-05
0.000690615
-2.87803e-05
0.000704879
-2.84248e-05
0.000719362
-2.74709e-05
0.000733996
-2.58979e-05
0.000748763
-2.374e-05
0.000763793
-2.10975e-05
0.000779001
-1.79808e-05
0.00079417
-1.42707e-05
0.000809112
-1.00456e-05
0.000823115
-5.44887e-06
0.000835102
-4.56215e-07
0.000844724
4.09988e-06
0.000850926
9.08564e-06
0.000852915
1.44398e-05
0.000850066
2.01566e-05
0.000841359
2.65731e-05
0.000825976
3.39266e-05
0.000804692
4.13405e-05
0.000778264
4.83939e-05
0.000747603
5.41766e-05
0.000713762
5.77498e-05
0.000678014
5.85981e-05
0.000641967
5.68077e-05
0.000607554
5.29909e-05
0.000575754
4.93046e-05
0.000546329
4.67058e-05
0.000519577
4.43349e-05
0.00049643
4.09673e-05
0.0004777
3.61054e-05
0.000463323
3.04092e-05
0.000452106
2.51345e-05
0.00044284
2.06172e-05
0.000434923
1.67378e-05
0.000428001
1.32683e-05
0.000422122
9.84246e-06
0.000417562
6.30781e-06
0.000414573
2.72112e-06
0.000413117
-6.69815e-07
0.000413246
-3.68819e-06
0.00041509
-6.44558e-06
0.00041861
-8.78311e-06
0.000423662
-1.05984e-05
0.000430005
-1.18082e-05
0.0004373
-1.236e-05
0.000445133
-1.22491e-05
0.000453025
-1.15029e-05
0.000460489
-1.02322e-05
0.000467129
-8.64196e-06
0.000472672
-6.92607e-06
0.000476964
-5.22566e-06
0.000479945
-3.6182e-06
0.00048163
-2.12737e-06
0.000482075
-7.35254e-07
0.000481441
5.20899e-07
1.70332e-06
0.000900119
5.63828e-05
0.000885591
5.62017e-05
0.00087032
5.54203e-05
0.000854354
5.41277e-05
0.000837796
5.24218e-05
0.000820771
5.0342e-05
0.00080339
4.79209e-05
0.000785737
4.52039e-05
0.000767991
4.22304e-05
0.000750412
3.90365e-05
0.000733245
3.56827e-05
0.000716672
3.22579e-05
0.000700808
2.88505e-05
0.000685734
2.55299e-05
0.000671529
2.23395e-05
0.000658292
1.92833e-05
0.00064616
1.63065e-05
0.000635317
1.3313e-05
0.000625962
1.02208e-05
0.000618184
6.99854e-06
0.000612024
3.65912e-06
0.000607481
2.42681e-07
0.000604657
-3.38469e-06
0.000603448
-6.99984e-06
0.000603814
-1.06658e-05
0.000605777
-1.44323e-05
0.000609421
-1.83053e-05
0.000614766
-2.21895e-05
0.000621704
-2.59926e-05
0.000630116
-2.96402e-05
0.000639889
-3.30536e-05
0.000650917
-3.61506e-05
0.000663097
-3.8853e-05
0.000676328
-4.10808e-05
0.000690518
-4.27636e-05
0.000705583
-4.38449e-05
0.000721443
-4.42846e-05
0.000738031
-4.40594e-05
0.000755306
-4.31728e-05
0.000773214
-4.1648e-05
0.000791629
-3.95124e-05
0.000810465
-3.68165e-05
0.000829887
-3.36934e-05
0.00085007
-3.02287e-05
0.000871093
-2.64713e-05
0.000893039
-2.24024e-05
0.000915074
-1.79346e-05
0.000937008
-1.28489e-05
0.0009584
-6.9517e-06
0.00097873
-1.74156e-07
0.000996622
8.68163e-06
0.00101226
1.82911e-05
0.00102509
2.85105e-05
0.001034
3.94821e-05
0.00103746
5.07182e-05
0.00103361
6.15998e-05
0.0010208
7.14088e-05
0.000997989
7.96156e-05
0.000964587
8.63922e-05
0.000921917
9.19752e-05
0.000873333
9.52897e-05
0.000822206
9.54623e-05
0.000771455
9.1718e-05
0.000723264
8.42964e-05
0.000679115
7.45583e-05
0.000640099
6.41507e-05
0.000606251
5.4465e-05
0.000577526
4.54624e-05
0.000554112
3.66824e-05
0.000535911
2.80434e-05
0.000522341
1.98779e-05
0.00051247
1.25924e-05
0.000505543
6.25696e-06
0.000501205
6.49592e-07
0.000498754
-3.99475e-06
0.000498161
-8.18972e-06
0.000499439
-1.18765e-05
0.000502569
-1.49384e-05
0.000507358
-1.71485e-05
0.00051337
-1.82615e-05
0.000520029
-1.81619e-05
0.000526783
-1.69857e-05
0.000533207
-1.50669e-05
0.000539037
-1.27558e-05
0.000544092
-1.02802e-05
0.0005482
-7.72609e-06
0.000551183
-5.11052e-06
0.000552915
-2.46706e-06
0.000553287
1.48428e-07
2.7377e-06
0.000930122
7.3966e-05
0.000912514
7.38092e-05
0.000894869
7.30656e-05
0.000877264
7.17323e-05
0.000859725
6.99613e-05
0.000842173
6.78941e-05
0.000824594
6.54999e-05
0.000807063
6.27348e-05
0.000789598
5.96952e-05
0.000772139
5.64952e-05
0.000754663
5.31585e-05
0.000737238
4.96828e-05
0.000719991
4.60978e-05
0.000703095
4.24262e-05
0.000686796
3.86385e-05
0.000671413
3.46665e-05
0.000657273
3.04464e-05
0.00064461
2.59757e-05
0.000633492
2.13392e-05
0.000623816
1.66746e-05
0.000615426
1.20483e-05
0.000608278
7.39135e-06
0.000602261
2.63157e-06
0.000597686
-2.42481e-06
0.000594776
-7.75558e-06
0.000593674
-1.33303e-05
0.000594411
-1.90423e-05
0.000596892
-2.46699e-05
0.000600961
-3.00625e-05
0.000606509
-3.51877e-05
0.000613478
-4.00227e-05
0.000621849
-4.45217e-05
0.000631624
-4.86284e-05
0.00064281
-5.22661e-05
0.000655392
-5.53456e-05
0.000669314
-5.77674e-05
0.000684474
-5.94442e-05
0.000700736
-6.03215e-05
0.000717982
-6.04193e-05
0.000736193
-5.98582e-05
0.000755478
-5.87979e-05
0.000776006
-5.73449e-05
0.000797942
-5.56288e-05
0.000821446
-5.37324e-05
0.00084664
-5.16659e-05
0.000873583
-4.93447e-05
0.000902215
-4.65667e-05
0.000932368
-4.30024e-05
0.000963692
-3.82751e-05
0.000995529
-3.20115e-05
0.00102804
-2.38317e-05
0.00105999
-1.36584e-05
0.00109001
-1.51044e-06
0.00111748
1.20104e-05
0.0011408
2.74049e-05
0.00115867
4.37228e-05
0.00116978
6.03038e-05
0.00117298
7.64129e-05
0.00116813
9.12441e-05
0.00115606
0.000104051
0.00113688
0.000114464
0.00111051
0.000121829
0.00107687
0.000125359
0.00103625
0.000124919
0.000989646
0.000121163
0.000938775
0.000115021
0.000886259
0.000106981
0.000834954
9.67684e-05
0.000787025
8.46105e-05
0.000743763
7.13057e-05
0.000705791
5.78505e-05
0.000673359
4.50234e-05
0.000646309
3.33071e-05
0.000624131
2.28283e-05
0.000606592
1.35439e-05
0.00059307
5.33244e-06
0.000583243
-2.04946e-06
0.000576804
-8.49947e-06
0.000573488
-1.38326e-05
0.000572772
-1.75457e-05
0.000573787
-1.91764e-05
0.000575615
-1.88139e-05
0.000577612
-1.70643e-05
0.000579463
-1.46064e-05
0.000581034
-1.18509e-05
0.000582212
-8.90475e-06
0.000582792
-5.69062e-06
0.00058238
-2.05483e-06
0.000580489
2.03902e-06
6.6758e-06
0.000967783
9.30254e-05
0.000947411
9.4181e-05
0.000926007
9.447e-05
0.000903695
9.40434e-05
0.000880958
9.2699e-05
0.000858533
9.03192e-05
0.000836661
8.73711e-05
0.000815145
8.42514e-05
0.000794029
8.08108e-05
0.000773587
7.69377e-05
0.000753861
7.28841e-05
0.000734743
6.8801e-05
0.000716301
6.45391e-05
0.000698725
6.00023e-05
0.000682077
5.52869e-05
0.000666328
5.04155e-05
0.000651524
4.52504e-05
0.000637711
3.97882e-05
0.000624658
3.43927e-05
0.000611856
2.94768e-05
0.000599126
2.47782e-05
0.000587102
1.94154e-05
0.000576841
1.28929e-05
0.000569015
5.40118e-06
0.000563583
-2.324e-06
0.0005601
-9.8478e-06
0.000557788
-1.67296e-05
0.000555879
-2.2761e-05
0.00055425
-2.84338e-05
0.00055336
-3.42972e-05
0.000553944
-4.06069e-05
0.0005567
-4.7278e-05
0.000562098
-5.40264e-05
0.000570326
-6.04942e-05
0.000581306
-6.63254e-05
0.000594737
-7.11984e-05
0.000610165
-7.48719e-05
0.000627078
-7.72343e-05
0.000645
-7.83414e-05
0.00066357
-7.84282e-05
0.000682625
-7.78537e-05
0.00070232
-7.7039e-05
0.00072304
-7.63492e-05
0.000745346
-7.60382e-05
0.000769833
-7.61528e-05
0.000797052
-7.65642e-05
0.000827383
-7.6897e-05
0.000861011
-7.66304e-05
0.000897823
-7.50878e-05
0.000937406
-7.15943e-05
0.000979212
-6.56382e-05
0.00102244
-5.6891e-05
0.00106615
-4.52119e-05
0.00110881
-3.06495e-05
0.00114957
-1.33583e-05
0.00118676
6.53135e-06
0.00121913
2.79377e-05
0.00124552
5.00184e-05
0.00126447
7.22932e-05
0.00127456
9.3964e-05
0.00127492
0.000114103
0.00126517
0.00013158
0.00124536
0.000145172
0.00121638
0.000153896
0.00118034
0.000157202
0.00114006
0.000155304
0.0010979
0.000149141
0.00105497
0.0001397
0.00101157
0.000128003
0.000967826
0.000115053
0.000924231
0.000101445
0.000881665
8.75898e-05
0.000841089
7.3883e-05
0.000803516
6.0401e-05
0.000769707
4.73537e-05
0.000739567
3.54717e-05
0.000712534
2.49843e-05
0.000688899
1.51346e-05
0.000669367
5.69946e-06
0.000653965
-2.14293e-06
0.000641568
-6.77927e-06
0.000631082
-8.32858e-06
0.00062246
-8.44198e-06
0.000616199
-8.34575e-06
0.000612196
-7.84806e-06
0.000609153
-5.86098e-06
0.000604907
-1.44526e-06
0.000597627
5.22507e-06
0.000585961
1.37054e-05
2.27552e-05
0.000965994
0.000106376
0.000951359
0.000108816
0.000935035
0.000110794
0.000917232
0.000111847
0.0008977
0.000112231
0.000875879
0.00011214
0.000852406
0.000110844
0.000828718
0.000107939
0.000805264
0.000104265
0.000781763
0.000100438
0.000758701
9.59464e-05
0.000736844
9.0658e-05
0.000715898
8.54849e-05
0.000695201
8.06994e-05
0.000675213
7.52745e-05
0.000656883
6.87463e-05
0.000639688
6.24448e-05
0.000621681
5.77956e-05
0.000601799
5.42747e-05
0.000581502
4.97734e-05
0.00056402
4.22606e-05
0.000551868
3.15675e-05
0.000544187
2.05735e-05
0.000536783
1.28052e-05
0.000525774
8.68508e-06
0.000510128
5.79853e-06
0.000491729
1.66908e-06
0.00047448
-5.5124e-06
0.000460729
-1.46827e-05
0.000452479
-2.60472e-05
0.000450655
-3.87826e-05
0.000455322
-5.19453e-05
0.000465947
-6.46508e-05
0.000481624
-7.61712e-05
0.000501266
-8.59677e-05
0.000523723
-9.36554e-05
0.000547822
-9.89712e-05
0.000572415
-0.000101827
0.000596462
-0.000102388
0.000619202
-0.000101169
0.000640326
-9.8978e-05
0.000660048
-9.67603e-05
0.000679051
-9.53522e-05
0.000698333
-9.53203e-05
0.000719036
-9.68563e-05
0.000742261
-9.97895e-05
0.000768915
-0.00010355
0.000799604
-0.00010732
0.000834534
-0.000110018
0.000873609
-0.000110669
0.000916304
-0.000108333
0.000961811
-0.000102397
0.00100907
-9.2472e-05
0.00105693
-7.85106e-05
0.00110429
-6.0721e-05
0.00115028
-3.94586e-05
0.00119343
-1.521e-05
0.00123229
1.1157e-05
0.00126553
3.90519e-05
0.00129193
6.75678e-05
0.00131045
9.55883e-05
0.00132027
0.000121753
0.00132064
0.000144802
0.00131099
0.000163551
0.00129118
0.000177013
0.00126182
0.000184662
0.00122484
0.000186117
0.00118313
0.000181415
0.00113937
0.00017176
0.0010957
0.000158723
0.00105366
0.000143485
0.00101365
0.000127598
0.000975225
0.00011231
0.000938239
9.73878e-05
0.000902792
8.28004e-05
0.000868439
6.98248e-05
0.000834775
5.86482e-05
0.000802416
4.74936e-05
0.000772349
3.57663e-05
0.000744601
2.56053e-05
0.000718929
1.88924e-05
0.000695983
1.46179e-05
0.000677009
1.05315e-05
0.000662267
6.39588e-06
0.000649908
4.51116e-06
0.000636604
7.44308e-06
0.000619236
1.59225e-05
0.000596169
2.82927e-05
0.000568348
4.15259e-05
5.27563e-05
0.000932414
0.000127393
0.00091368
0.00012755
0.000897145
0.000127329
0.000881372
0.00012762
0.00086554
0.000128062
0.000849894
0.000127786
0.000833626
0.000127112
0.000815165
0.0001264
0.000794574
0.000124857
0.00077314
0.000121872
0.000750938
0.000118148
0.000727339
0.000114257
0.000703562
0.000109262
0.000681748
0.000102513
0.000661051
9.59716e-05
0.000637626
9.21714e-05
0.000610107
8.9964e-05
0.000582961
8.49417e-05
0.000562413
7.48224e-05
0.000549597
6.2589e-05
0.000538803
5.30551e-05
0.000522365
4.80051e-05
0.000496598
4.63404e-05
0.00046354
4.58638e-05
0.000428634
4.35904e-05
0.00039747
3.69628e-05
0.000374636
2.45032e-05
0.000362439
6.68521e-06
0.000361563
-1.38076e-05
0.000371452
-3.59356e-05
0.000390326
-5.76566e-05
0.000415928
-7.75476e-05
0.000446089
-9.4812e-05
0.000479024
-0.000109106
0.000513425
-0.000120368
0.000548383
-0.000128613
0.000583161
-0.00013375
0.000616926
-0.000135592
0.000648638
-0.0001341
0.000677184
-0.000129714
0.000701715
-0.00012351
0.000721998
-0.000117043
0.000738598
-0.000111952
0.000752802
-0.000109525
0.000766363
-0.000110417
0.000781113
-0.00011454
0.000798661
-0.000121098
0.000820101
-0.00012876
0.000845993
-0.00013591
0.000876265
-0.000140941
0.000910437
-0.000142505
0.000947724
-0.000139685
0.000987257
-0.000132004
0.00102814
-0.000119391
0.00106954
-0.000102118
0.0011107
-8.06201e-05
0.00115101
-5.55208e-05
0.00118971
-2.75418e-05
0.00122565
3.10352e-06
0.00125773
3.54962e-05
0.00128506
6.8256e-05
0.00130634
0.000100476
0.00131997
0.000131166
0.00132468
0.000158847
0.00131962
0.000182068
0.00130443
0.000199857
0.00127959
0.000210958
0.00124662
0.000214379
0.0012078
0.000210586
0.00116592
0.000200598
0.00112363
0.000185778
0.00108249
0.000168733
0.00104328
0.000151527
0.00100639
0.000134278
0.000971573
0.000117613
0.000938078
0.000103321
0.000905462
9.12634e-05
0.000873574
7.93825e-05
0.000841841
6.7499e-05
0.000809743
5.77031e-05
0.000778088
5.05475e-05
0.00074887
4.38363e-05
0.00072326
3.61409e-05
0.000699983
2.96727e-05
0.000675917
2.85776e-05
0.000648277
3.50826e-05
0.000616503
4.76968e-05
0.000582345
6.24505e-05
0.000548572
7.52989e-05
8.3749e-05
0.000959049
0.000169412
0.000920013
0.000166586
0.000884628
0.000162714
0.000854072
0.000158176
0.000829635
0.000152499
0.000809258
0.000148163
0.0007896
0.00014677
0.000770048
0.000145951
0.000751337
0.000143568
0.000732672
0.000140537
0.000712795
0.000138026
0.000692081
0.000134971
0.000671154
0.000130189
0.000648511
0.000125156
0.000622171
0.000122312
0.000593673
0.000120669
0.00056824
0.000115397
0.000549557
0.000103625
0.000534658
8.97208e-05
0.00051542
8.18269e-05
0.000485135
8.33407e-05
0.000443329
8.98109e-05
0.000396829
9.28404e-05
0.000355905
8.67877e-05
0.000328093
7.1403e-05
0.000315928
4.9127e-05
0.000317841
2.25909e-05
0.000330862
-6.33644e-06
0.000352723
-3.56684e-05
0.000380648
-6.38605e-05
0.000412756
-8.97643e-05
0.000447558
-0.00011235
0.000483679
-0.000130933
0.000519954
-0.000145381
0.000555726
-0.00015614
0.000590871
-0.000163758
0.000625588
-0.000168467
0.000659944
-0.000169949
0.000693463
-0.000167619
0.000725046
-0.000161297
0.000753322
-0.000151786
0.000777227
-0.000140949
0.000796507
-0.000131232
0.000811912
-0.000124929
0.000825031
-0.000123536
0.000837864
-0.000127373
0.000852305
-0.000135539
0.000869706
-0.00014616
0.000890684
-0.000156888
0.000915168
-0.000165426
0.00094262
-0.000169956
0.000972247
-0.000169312
0.0010032
-0.000162959
0.0010347
-0.000150888
0.00106614
-0.000133557
0.0010972
-0.000111685
0.0011277
-8.60197e-05
0.00115722
-5.70607e-05
0.0011856
-2.52821e-05
0.00121232
8.78214e-06
0.0012366
4.39748e-05
0.00125744
7.96347e-05
0.00127371
0.000114897
0.0012844
0.00014816
0.00128828
0.00017818
0.00128429
0.000203856
0.00127195
0.00022329
0.00125119
0.000235143
0.00122244
0.000239331
0.00118748
0.000235567
0.00114891
0.000224344
0.00110925
0.000208388
0.00107061
0.000190173
0.00103419
0.000170697
0.000999966
0.000151834
0.000967494
0.000135793
0.00093658
0.000122177
0.000906622
0.00010934
0.000876293
9.78286e-05
0.000844841
8.91545e-05
0.00081313
8.2259e-05
0.000782582
7.43841e-05
0.000753273
6.545e-05
0.000723548
5.93974e-05
0.000691541
6.05855e-05
0.000656789
6.98345e-05
0.000620573
8.39126e-05
0.000585049
9.79745e-05
0.00055209
0.000108258
0.000113208
0.00102826
0.00021367
0.000978599
0.000216245
0.000926667
0.000214645
0.000877491
0.000207353
0.000832003
0.000197987
0.00079036
0.000189807
0.000756684
0.000180445
0.000732385
0.00017025
0.000712016
0.000163937
0.00069095
0.000161604
0.000670224
0.000158752
0.000650643
0.000154552
0.000628416
0.000152415
0.000600864
0.000152708
0.000572738
0.000150438
0.000551863
0.000141545
0.000538638
0.000128621
0.000523104
0.00011916
0.000493998
0.000118827
0.000449665
0.00012616
0.000399303
0.000133702
0.000355161
0.000133953
0.000324503
0.000123499
0.000308271
0.000103019
0.000304347
7.53274e-05
0.000310058
4.34155e-05
0.000323144
9.50557e-06
0.000341341
-2.45337e-05
0.000363671
-5.79989e-05
0.000389591
-8.978e-05
0.000418613
-0.000118786
0.000450059
-0.000143796
0.000482834
-0.000163708
0.000515512
-0.00017806
0.000546778
-0.000187406
0.000576089
-0.000193069
0.000603866
-0.000196244
0.000631059
-0.000197141
0.000658401
-0.000194961
0.000685893
-0.000188789
0.000712825
-0.000178718
0.00073826
-0.000166384
0.000761615
-0.000154587
0.000783035
-0.000146348
0.00080337
-0.000143872
0.000823839
-0.000147842
0.000845554
-0.000157253
0.000869177
-0.000169783
0.000894799
-0.00018251
0.000922031
-0.000192658
0.000950177
-0.000198102
0.000978425
-0.00019756
0.00100604
-0.000190571
0.0010325
-0.000177356
0.00105756
-0.000158609
0.00108108
-0.000135204
0.00110302
-0.00010796
0.00112352
-7.75644e-05
0.00114293
-4.46885e-05
0.00116177
-1.00648e-05
0.00117877
2.69816e-05
0.00119394
6.44574e-05
0.00120715
0.000101689
0.00121759
0.000137725
0.00122382
0.000171951
0.00122481
0.000202858
0.00121985
0.00022825
0.00120793
0.000247067
0.00118873
0.000258528
0.0011633
0.000261004
0.00113306
0.000254582
0.00109962
0.000241821
0.00106509
0.000224711
0.00103115
0.000204629
0.000998583
0.000184406
0.000967907
0.000166469
0.000939442
0.000150642
0.000912329
0.000136453
0.000884934
0.000125224
0.000856527
0.000117562
0.000827722
0.000111064
0.000799058
0.000103048
0.000769821
9.46863e-05
0.000738609
9.06098e-05
0.000704731
9.44632e-05
0.000668943
0.000105623
0.000632997
0.000119858
0.000598626
0.000132346
0.000566781
0.000140103
0.00014251
0.00103278
0.000239892
0.00099733
0.000251694
0.000955822
0.000256153
0.000909048
0.000254126
0.000858662
0.000248373
0.00081184
0.000236629
0.000772141
0.000220144
0.000734991
0.000207401
0.000698436
0.000200492
0.00066675
0.000193289
0.00064074
0.000184762
0.000614814
0.000180477
0.000586345
0.000180885
0.000560723
0.00017833
0.000543414
0.000167748
0.000530658
0.000154301
0.000511389
0.00014789
0.00047768
0.000152868
0.000432085
0.000164422
0.00038491
0.000173335
0.00034603
0.000172582
0.000320016
0.000159968
0.000306565
0.000136949
0.000303158
0.000106426
0.000307258
7.12281e-05
0.000317218
3.34551e-05
0.000331571
-4.84799e-06
0.000349489
-4.24511e-05
0.000370716
-7.92258e-05
0.000395072
-0.000114136
0.000422443
-0.000146158
0.000452565
-0.000173918
0.000484616
-0.000195759
0.000516918
-0.000210362
0.00054722
-0.000217708
0.000573651
-0.000219499
0.000595713
-0.000218306
0.000614483
-0.00021591
0.000631845
-0.000212323
0.000649436
-0.000206381
0.000668063
-0.000197345
0.000687823
-0.000186144
0.000708605
-0.000175369
0.00073047
-0.000168213
0.000753714
-0.000167116
0.000778684
-0.000172812
0.000805517
-0.000184087
0.000834003
-0.000198269
0.000863577
-0.000212084
0.000893439
-0.00022252
0.000922699
-0.000227362
0.000950541
-0.000225403
0.000976377
-0.000216406
0.000999872
-0.000200851
0.00102092
-0.000179657
0.0010396
-0.000153879
0.00105612
-0.000124485
0.00107083
-9.22698e-05
0.00108407
-5.79319e-05
0.00109602
-2.20163e-05
0.00110699
1.60113e-05
0.00111699
5.4462e-05
0.0011259
9.27738e-05
0.00113303
0.000130592
0.00113791
0.000167078
0.00114023
0.000200538
0.00113888
0.000229599
0.00113256
0.000253388
0.00112112
0.000269963
0.00110482
0.000277306
0.00108355
0.000275849
0.00105824
0.000267137
0.00103104
0.000251906
0.00100364
0.000232035
0.000976775
0.000211268
0.000951188
0.000192056
0.000927207
0.000174623
0.000903978
0.000159682
0.000880314
0.000148888
0.000855996
0.00014188
0.000831451
0.000135609
0.000806453
0.000128045
0.000779865
0.000121274
0.000750698
0.000119778
0.000719092
0.000126069
0.000686282
0.000138432
0.000653794
0.000152347
0.000622649
0.000163491
0.00059309
0.000169662
0.000170767
0.000959072
0.000245287
0.000945051
0.000265715
0.0009214
0.000279804
0.000887729
0.000287798
0.000848482
0.00028762
0.000806348
0.000278762
0.000759063
0.00026743
0.000710082
0.000256382
0.000669356
0.000241217
0.000639169
0.000223477
0.000611764
0.000212167
0.000583045
0.000209196
0.000558425
0.000205505
0.000542579
0.000194176
0.000530143
0.000180185
0.000510057
0.000174386
0.000476487
0.00018146
0.00043354
0.000195815
0.000390821
0.000207141
0.000356427
0.00020773
0.000333706
0.000195303
0.000322143
0.00017153
0.000319616
0.000139477
0.000324034
0.000102009
0.000333895
6.1367e-05
0.0003482
1.91497e-05
0.000365642
-2.22904e-05
0.000386216
-6.30243e-05
0.000409007
-0.000102017
0.000433369
-0.000138497
0.000458967
-0.000171756
0.000485847
-0.000200799
0.000514158
-0.000224069
0.00054347
-0.000239674
0.000572186
-0.000246424
0.000597851
-0.000245165
0.000618488
-0.000238942
0.000633896
-0.000231319
0.000645769
-0.000224196
0.000656594
-0.000217206
0.000668369
-0.00020912
0.000682023
-0.000199797
0.000697664
-0.000191011
0.000715149
-0.000185698
0.000734429
-0.000186397
0.00075557
-0.000193953
0.000778557
-0.000207074
0.000803093
-0.000222805
0.000828558
-0.000237548
0.000854115
-0.000248078
0.000878901
-0.000252148
0.000902158
-0.00024866
0.000923329
-0.000237578
0.000942131
-0.000219653
0.000958521
-0.000196047
0.000972653
-0.000168012
0.000984773
-0.000136604
0.000995147
-0.000102644
0.00100403
-6.68145e-05
0.00101164
-2.96228e-05
0.00101857
9.07249e-06
0.00102484
4.81936e-05
0.00103024
8.73766e-05
0.00103472
0.000126114
0.0010384
0.000163391
0.00104082
0.000198124
0.00104099
0.000229431
0.00103858
0.000255798
0.00103353
0.000275011
0.00102494
0.000285891
0.00101227
0.000288521
0.000996687
0.000282722
0.000979592
0.000269001
0.000961176
0.000250451
0.000941618
0.000230827
0.000921976
0.000211698
0.000902987
0.000193611
0.000884293
0.000178376
0.000865424
0.000167757
0.000846538
0.000160766
0.000827691
0.000154456
0.00080803
0.000147706
0.00078627
0.000143034
0.000761826
0.000144222
0.000735278
0.000152618
0.00070786
0.000165849
0.000680661
0.000179547
0.000654171
0.00018998
0.000628376
0.000195457
0.000196043
0.000830465
0.000239048
0.000829596
0.000266584
0.000820247
0.000289154
0.000803423
0.000304621
0.000780251
0.000310792
0.000749576
0.000309437
0.000714881
0.000302125
0.000684644
0.000286619
0.000659948
0.000265914
0.00063301
0.000250414
0.000601255
0.000243922
0.000572604
0.000237847
0.000553851
0.000224258
0.000540489
0.000207538
0.000521432
0.000199241
0.000490555
0.000205264
0.000451378
0.000220637
0.000412651
0.000234542
0.000381765
0.000238027
0.000361764
0.00022773
0.000352199
0.000204868
0.000351225
0.000172505
0.000356991
0.00013371
0.000368128
9.08714e-05
0.000383569
4.59266e-05
0.000402087
6.31276e-07
0.000423023
-4.3226e-05
0.000445533
-8.55342e-05
0.000468682
-0.000125166
0.000491727
-0.000161542
0.000514105
-0.000194133
0.000535558
-0.000222252
0.000556365
-0.000244876
0.000577229
-0.000260539
0.000598462
-0.000267657
0.000619103
-0.000265805
0.000637243
-0.000257083
0.000651562
-0.000245639
0.000662528
-0.000235162
0.000672072
-0.00022675
0.0006822
-0.000219247
0.000693849
-0.000211447
0.000706827
-0.000203989
0.000720506
-0.000199376
0.000734563
-0.000200453
0.00074916
-0.00020855
0.000764653
-0.000222567
0.000781175
-0.000239327
0.000798399
-0.000254772
0.000815685
-0.000265363
0.000832306
-0.000268769
0.000847584
-0.000263938
0.000861158
-0.000251151
0.000872853
-0.000231349
0.000882794
-0.000205988
0.000891214
-0.000176431
0.000898322
-0.000143712
0.000904265
-0.000108587
0.000909212
-7.17623e-05
0.000913337
-3.37469e-05
0.00091717
5.23862e-06
0.000920712
4.4652e-05
0.000923995
8.40935e-05
0.000927106
0.000123003
0.000929886
0.000160612
0.000931973
0.000196037
0.000933347
0.000228057
0.000934119
0.000255026
0.000933617
0.000275513
0.00093091
0.000288598
0.000926175
0.000293256
0.000920018
0.000288879
0.000911985
0.000277034
0.00090149
0.000260946
0.000889477
0.000242839
0.000877605
0.000223571
0.000866375
0.000204841
0.000855183
0.000189567
0.000843672
0.000179269
0.000832014
0.000172424
0.000820019
0.000166452
0.000806726
0.000160999
0.000791142
0.000158618
0.000773113
0.000162251
0.000753383
0.000172348
0.000732962
0.00018627
0.000712523
0.000199986
0.000692258
0.000210245
0.000672113
0.000215602
0.000216086
0.000693972
0.000220588
0.00070705
0.000253506
0.000714716
0.000281487
0.000717068
0.000302269
0.000712948
0.000314913
0.0007028
0.000319585
0.000689565
0.000315361
0.000672366
0.000303817
0.000646386
0.000291894
0.000613208
0.000283593
0.000583537
0.000273592
0.000565445
0.000255939
0.000554731
0.000234971
0.000539885
0.000222385
0.000513818
0.000225307
0.000479055
0.000240027
0.000443848
0.000255844
0.000415715
0.000262675
0.000398106
0.000255636
0.000390906
0.00023493
0.000392428
0.000203346
0.000400825
0.000164107
0.000414556
0.00011998
0.000432259
7.31683e-05
0.000452633
2.5552e-05
0.000474049
-2.07846e-05
0.000496083
-6.52596e-05
0.000517598
-0.000107049
0.000538177
-0.000145745
0.000557814
-0.00018118
0.000576653
-0.000212972
0.000594536
-0.000240134
0.000610921
-0.000261261
0.000625499
-0.000275117
0.000638632
-0.00028079
0.000650622
-0.000277795
0.000660795
-0.000267256
0.000668083
-0.000252927
0.000672592
-0.000239671
0.000676147
-0.000230305
0.000681115
-0.000224215
0.000688739
-0.000219071
0.000698552
-0.000213801
0.000709136
-0.00020996
0.000719326
-0.000210644
0.00072886
-0.000218083
0.000738165
-0.000231873
0.000747729
-0.000248891
0.000757623
-0.000264666
0.000767457
-0.000275197
0.000776612
-0.000277924
0.000784636
-0.000271962
0.000791208
-0.000257724
0.000796352
-0.000236493
0.000800267
-0.000209902
0.000803246
-0.000179411
0.00080564
-0.000146106
0.00080761
-0.000110557
0.000809127
-7.32789e-05
0.000810272
-3.48927e-05
0.00081144
4.07083e-06
0.000812756
4.33363e-05
0.000814303
8.25465e-05
0.000816129
0.000121177
0.000818243
0.000158498
0.000820753
0.000193527
0.000823729
0.000225081
0.00082684
0.000251915
0.000829625
0.000272728
0.0008322
0.000286023
0.000834845
0.000290611
0.000836895
0.000286828
0.000837289
0.000276641
0.000836223
0.000262012
0.000834984
0.000244078
0.000834072
0.000224482
0.0008326
0.000206314
0.00082965
0.000192517
0.000825356
0.000183563
0.000820328
0.000177452
0.000814553
0.000172227
0.000807292
0.000168259
0.000797942
0.000167969
0.000786676
0.000173516
0.000774277
0.000184748
0.000761504
0.000199043
0.0007487
0.00021279
0.000735843
0.000223102
0.000722846
0.000228599
0.000229176
0.000519367
0.000191329
0.000544358
0.000228514
0.000565046
0.000260799
0.000580737
0.000286578
0.00059081
0.00030484
0.000595536
0.000314858
0.000594156
0.000316741
0.000585018
0.000312955
0.000571037
0.000305875
0.000560631
0.000293999
0.000558945
0.000275278
0.000560795
0.000254089
0.000555239
0.000240527
0.000535995
0.000241629
0.000506161
0.000255142
0.000474556
0.000271632
0.000449422
0.000280978
0.000434888
0.000277209
0.000431191
0.000259333
0.000436571
0.00022955
0.000448923
0.000190993
0.000466424
0.000146607
0.000487404
9.89999e-05
0.000510408
5.01647e-05
0.000534062
1.89821e-06
0.00055748
-4.42027e-05
0.000580094
-8.78741e-05
0.000601438
-0.000128393
0.000621172
-0.000165479
0.0006391
-0.000199108
0.000655434
-0.000229307
0.0006706
-0.0002553
0.000684395
-0.000275056
0.000695847
-0.000286569
0.000704322
-0.000289265
0.000710105
-0.000283578
0.000713332
-0.000270482
0.00071325
-0.000252845
0.000709468
-0.000235889
0.000703537
-0.000224374
0.000698564
-0.000219241
0.000697102
-0.00021761
0.000699426
-0.000216125
0.000703735
-0.000214269
0.000707797
-0.000214706
0.000710448
-0.000220734
0.000711868
-0.000233293
0.000712878
-0.000249901
0.000714087
-0.000265875
0.000715504
-0.000276613
0.000716793
-0.000279214
0.000717599
-0.000272768
0.000717746
-0.000257871
0.000717186
-0.000235933
0.000716038
-0.000208754
0.000714496
-0.000177869
0.000712716
-0.000144326
0.00071091
-0.000108751
0.000709182
-7.15514e-05
0.000707535
-3.32455e-05
0.000706387
5.2186e-06
0.000705978
4.3746e-05
0.000706483
8.2041e-05
0.000708093
0.000119567
0.000710886
0.000155704
0.000714823
0.00018959
0.000719813
0.00022009
0.000725924
0.000245805
0.000733479
0.000265173
0.000742586
0.000276916
0.000752497
0.0002807
0.000762021
0.000277305
0.000770767
0.000267895
0.000779261
0.000253518
0.000787577
0.000235762
0.000794607
0.000217452
0.000799126
0.000201795
0.000801164
0.000190478
0.00080191
0.000182817
0.000802406
0.000176956
0.000802635
0.000171998
0.000801878
0.000169016
0.000799644
0.000170203
0.000796163
0.000176997
0.000792086
0.000188825
0.000787929
0.0002032
0.000783802
0.000216916
0.000779547
0.000227357
0.00077501
0.000233137
0.000321156
0.000153464
0.000356344
0.000193327
0.000389177
0.000227966
0.000419527
0.000256227
0.000447204
0.000277163
0.000471871
0.000290191
0.000493001
0.000295611
0.000511499
0.000294457
0.000530073
0.000287301
0.00054915
0.000274922
0.000563239
0.000261189
0.000564283
0.000253044
0.000549117
0.000255693
0.00052275
0.000267996
0.000494828
0.000283064
0.000473929
0.000292531
0.000464386
0.00029052
0.000466401
0.000275195
0.000477913
0.000247821
0.000496393
0.000211069
0.000519572
0.000167814
0.000545568
0.000120611
0.000572896
7.16723e-05
0.000600222
2.28385e-05
0.00062654
-2.44192e-05
0.000651497
-6.91597e-05
0.000674584
-0.000110961
0.000695789
-0.000149599
0.000715081
-0.000184771
0.000732018
-0.000216044
0.000745919
-0.000243208
0.000756545
-0.000265926
0.000763973
-0.000282484
0.000767725
-0.000290321
0.000767251
-0.000288791
0.000763476
-0.000279804
0.000758412
-0.000265418
0.000752871
-0.000247303
0.000745832
-0.00022885
0.000736531
-0.000215073
0.00072631
-0.00020902
0.00071782
-0.00020912
0.000712576
-0.000210882
0.000709613
-0.000211306
0.000706486
-0.000211579
0.000701339
-0.000215587
0.000694013
-0.000225968
0.000685576
-0.000241464
0.00067719
-0.000257489
0.000669408
-0.000268831
0.000662195
-0.000272001
0.000655338
-0.00026591
0.000648688
-0.000251222
0.000642255
-0.0002295
0.000636058
-0.000202557
0.0006302
-0.00017201
0.000624808
-0.000138934
0.000619995
-0.000103939
0.000615757
-6.73131e-05
0.000612158
-2.96464e-05
0.000609262
8.11467e-06
0.000607345
4.56632e-05
0.000606688
8.2698e-05
0.000607601
0.000118653
0.00061038
0.000152926
0.000615309
0.000184661
0.00062268
0.000212719
0.000632695
0.00023579
0.00064519
0.000252678
0.000659483
0.000262623
0.000674722
0.000265462
0.000690517
0.000261509
0.000706894
0.000251518
0.000723395
0.000237018
0.000738599
0.000220558
0.000750976
0.000205075
0.000760199
0.000192572
0.000767401
0.000183276
0.000774136
0.000176082
0.00078116
0.000169932
0.000788163
0.000164995
0.000794446
0.000162734
0.000799718
0.000164932
0.000804301
0.000172414
0.00080877
0.000184357
0.000813466
0.000198504
0.000818316
0.000212066
0.000823019
0.000222654
0.000228849
0.000186587
0.000106185
0.000234137
0.000145777
0.000281491
0.000180612
0.000328089
0.00020963
0.000373333
0.000231919
0.000416274
0.000247251
0.000455761
0.000256124
0.000490651
0.000259566
0.000518822
0.00025913
0.000536252
0.000257493
0.000539065
0.000258376
0.000527573
0.000264537
0.000507812
0.000275454
0.000488658
0.00028715
0.000477582
0.00029414
0.000478201
0.000291912
0.000490409
0.000278312
0.000511884
0.000253719
0.000539754
0.000219952
0.000571477
0.000179347
0.000605013
0.000134278
0.00063877
8.68535e-05
0.000671369
3.90737e-05
0.000702113
-7.90519e-06
0.000730245
-5.25519e-05
0.000755473
-9.43874e-05
0.000777637
-0.000133125
0.000796556
-0.000168519
0.000812163
-0.000200378
0.000824372
-0.000228252
0.000832608
-0.000251444
0.000836123
-0.000269442
0.000834782
-0.000281143
0.000828541
-0.00028408
0.000816784
-0.000277034
0.000799974
-0.000262994
0.000781361
-0.000246805
0.000765047
-0.000230989
0.000752428
-0.000216231
0.000741786
-0.000204431
0.000731238
-0.000198471
0.000721016
-0.000198898
0.000712515
-0.00020238
0.000705769
-0.00020456
0.000698694
-0.000204504
0.000688831
-0.000205723
0.000675375
-0.000212512
0.000659459
-0.000225548
0.000642931
-0.000240961
0.000627099
-0.000252999
0.000612431
-0.000257333
0.000598921
-0.0002524
0.000586468
-0.000238769
0.000574975
-0.000218007
0.000564381
-0.000191963
0.000554652
-0.000162281
0.000545864
-0.000130146
0.000538089
-9.61639e-05
0.000531513
-6.0737e-05
0.000526066
-2.41989e-05
0.000521851
1.23294e-05
0.000518831
4.86829e-05
0.000517322
8.42079e-05
0.000517807
0.000118168
0.000520852
0.000149881
0.000526949
0.000178564
0.000536382
0.000203286
0.000549148
0.000223024
0.000565001
0.000236825
0.000583609
0.000244014
0.000604667
0.000244403
0.00062766
0.000238516
0.000651405
0.000227773
0.000674019
0.000214403
0.000693736
0.000200841
0.000709967
0.000188844
0.000723606
0.000178933
0.000736272
0.00017061
0.000749175
0.000163179
0.000762517
0.000156589
0.00077577
0.000151742
0.000788385
0.000150118
0.000800328
0.000152988
0.000812057
0.000160685
0.000824129
0.000172285
0.000836799
0.000185835
0.000849898
0.000198967
0.000862983
0.000209569
0.000216207
9.50797e-05
5.6458e-05
0.000146728
9.41286e-05
0.000199177
0.000128163
0.000251133
0.000157674
0.00030088
0.000182172
0.000346462
0.000201668
0.000385889
0.000216697
0.000417209
0.000228246
0.000438637
0.000237701
0.000449481
0.000246649
0.000451646
0.000256211
0.00045
0.000266183
0.00045074
0.000274714
0.000458974
0.000278916
0.000477184
0.00027593
0.000505092
0.000264005
0.000540607
0.000242797
0.000581054
0.000213271
0.000623921
0.000177086
0.000667028
0.000136239
0.000708753
9.25521e-05
0.000747748
4.78587e-05
0.000783285
3.53673e-06
0.000815281
-3.99009e-05
0.000843232
-8.05028e-05
0.000867136
-0.000118291
0.000887053
-0.000153042
0.000902798
-0.000184264
0.000913997
-0.000211577
0.000920495
-0.00023475
0.00092195
-0.000252899
0.00091732
-0.000264812
0.000906091
-0.000269915
0.000889486
-0.000267475
0.00086898
-0.000256528
0.000844931
-0.000238944
0.000818471
-0.000220345
0.000793182
-0.0002057
0.000772713
-0.000195763
0.000757314
-0.000189032
0.00074422
-0.000185377
0.000731261
-0.00018594
0.000718772
-0.000189892
0.000707613
-0.000193401
0.000696531
-0.000193422
0.000682596
-0.000191789
0.000663912
-0.000193828
0.000641184
-0.00020282
0.000616826
-0.000216602
0.000593101
-0.000229275
0.000571137
-0.000235368
0.000551152
-0.000232415
0.000533088
-0.000220704
0.000516856
-0.000201775
0.000502301
-0.000177408
0.000489233
-0.000149212
0.000477533
-0.000118446
0.000467327
-8.59586e-05
0.00045882
-5.22295e-05
0.000452243
-1.76217e-05
0.000447888
1.66836e-05
0.00044569
5.08817e-05
0.000445758
8.41395e-05
0.000448294
0.000115632
0.000453609
0.000144566
0.000462079
0.000170094
0.000474075
0.00019129
0.000489883
0.000207215
0.000509584
0.000217124
0.000532861
0.000220738
0.000558768
0.000218497
0.000585651
0.000211633
0.000611479
0.000201944
0.000634616
0.000191267
0.000654561
0.000180896
0.000672104
0.000171302
0.000688719
0.000162318
0.00070567
0.000153659
0.000723421
0.000145428
0.000741668
0.000138342
0.000759826
0.000133585
0.000777568
0.000132376
0.000795064
0.000135493
0.000812836
0.000142912
0.000831412
0.000153708
0.000851006
0.000166241
0.000871419
0.000178554
0.000892168
0.00018882
0.00019567
5.25028e-05
2.22914e-05
9.11585e-05
5.54729e-05
0.000132596
8.67245e-05
0.000175032
0.000115239
0.000216627
0.000140577
0.000255677
0.000162618
0.000290826
0.000181549
0.000321294
0.000197777
0.000347212
0.000211784
0.000369969
0.000223892
0.000392232
0.000233948
0.000417262
0.000241152
0.000447848
0.000244129
0.000485398
0.000241366
0.000529656
0.000231672
0.000579089
0.000214572
0.000631496
0.00019039
0.000684624
0.000160143
0.000736478
0.000125232
0.000785403
8.73147e-05
0.000830232
4.77226e-05
0.000870256
7.83449e-06
0.000905975
-3.21817e-05
0.000936248
-7.01736e-05
0.000961399
-0.000105654
0.000981441
-0.000138334
0.000996488
-0.000168089
0.00100649
-0.000194266
0.00101093
-0.000216018
0.0010093
-0.000233122
0.00100163
-0.000245229
0.000987615
-0.000250794
0.000966318
-0.000248618
0.000938583
-0.000239739
0.000908283
-0.000226228
0.000879193
-0.000209854
0.000852221
-0.000193373
0.000827271
-0.00018075
0.000805656
-0.000174147
0.000788442
-0.000171818
0.00077374
-0.000170674
0.000758098
-0.000170298
0.000740399
-0.000172193
0.000722327
-0.000175329
0.000704781
-0.000175876
0.000685653
-0.000172661
0.000661975
-0.00017015
0.000633157
-0.000174002
0.000601483
-0.000184928
0.000570102
-0.000197894
0.000541066
-0.000206332
0.000514951
-0.0002063
0.000491613
-0.000197366
0.000470888
-0.000181051
0.000452689
-0.000159208
0.000436865
-0.000133388
0.000423213
-0.000104794
0.000411594
-7.43398e-05
0.000402073
-4.27088e-05
0.00039484
-1.03886e-05
0.000390192
2.13318e-05
0.000388266
5.28075e-05
0.000389274
8.31321e-05
0.000393449
0.000111457
0.000401124
0.000136891
0.000412703
0.000158515
0.000428532
0.000175461
0.000448672
0.000187076
0.000472652
0.000193143
0.000499338
0.000194052
0.000527046
0.000190788
0.000553983
0.000184696
0.000578856
0.000177072
0.00060133
0.000168792
0.000622028
0.000160198
0.000642059
0.000151271
0.000662393
0.000141984
0.000683443
0.000132609
0.000705037
0.000123834
0.000726709
0.00011667
0.000748099
0.000112195
0.000769207
0.000111268
0.000790425
0.000114274
0.000812352
0.000120986
0.00083551
0.000130549
0.000860125
0.000141625
0.000886041
0.000152639
0.000912795
0.000162066
0.000168675
0.000127653
1.78695e-05
0.00014195
4.11761e-05
0.000163727
6.49479e-05
0.000190921
8.80444e-05
0.000221706
0.000109792
0.000254592
0.000129732
0.000288598
0.000147543
0.000323356
0.00016302
0.000359167
0.000175973
0.000396938
0.000186121
0.000437885
0.000193001
0.000483084
0.000195953
0.000532976
0.000194236
0.000587215
0.000187127
0.000644609
0.000174278
0.000703477
0.000155704
0.000761916
0.000131951
0.000818149
0.00010391
0.00087068
7.27012e-05
0.000918569
3.94252e-05
0.00096106
5.23201e-06
0.000998672
-2.97778e-05
0.00103
-6.35113e-05
0.00105532
-9.54933e-05
0.00107483
-0.000125164
0.0010886
-0.000152103
0.00109628
-0.000175764
0.0010975
-0.000195491
0.00109209
-0.000210611
0.00107951
-0.000220539
0.00105933
-0.000225049
0.00103239
-0.000223854
0.00100011
-0.000216335
0.000963826
-0.000203458
0.000926601
-0.000189003
0.000893356
-0.000176609
0.000866928
-0.000166946
0.000845881
-0.000159703
0.000827793
-0.000156059
0.00081226
-0.000156285
0.000798719
-0.000157134
0.000783931
-0.00015551
0.00076468
-0.000152942
0.000741632
-0.000152281
0.000717739
-0.000151983
0.000693504
-0.000148426
0.000666119
-0.000142765
0.000633206
-0.000141089
0.000595774
-0.000147496
0.000557406
-0.000159525
0.000521529
-0.000170455
0.000489711
-0.000174482
0.00046189
-0.000169546
0.000437489
-0.00015665
0.000416145
-0.000137864
0.000397762
-0.000115005
0.000382309
-8.93401e-05
0.000369729
-6.17606e-05
0.000360019
-3.29989e-05
0.000353224
-3.59305e-06
0.000349611
2.49445e-05
0.000349326
5.30926e-05
0.000352727
7.97311e-05
0.000360182
0.000104002
0.000372015
0.000125058
0.00038838
0.00014215
0.000409091
0.00015475
0.000433462
0.000162705
0.000460271
0.000166334
0.000487949
0.000166374
0.000514964
0.000163773
0.000540271
0.00015939
0.000563579
0.000153763
0.000585307
0.000147064
0.000606245
0.00013926
0.000627144
0.000130372
0.000648434
0.000120694
0.000670173
0.00011087
0.000692187
0.000101821
0.000714288
9.4568e-05
0.000736463
9.00208e-05
0.000758939
8.87917e-05
0.000782146
9.10669e-05
0.000806581
9.65511e-05
0.000832635
0.000104495
0.000860456
0.000113805
0.000889887
0.000123207
0.000920509
0.000131444
0.000137442
0.00034143
3.79488e-05
0.000331658
5.09484e-05
0.000332029
6.45764e-05
0.000341527
7.85463e-05
0.000358894
9.24253e-05
0.000382909
0.000105717
0.000412549
0.000117903
0.000447113
0.000128456
0.000486217
0.000136868
0.000529695
0.000142643
0.000577385
0.00014531
0.000628951
0.000144388
0.000683735
0.000139452
0.000740692
0.00013017
0.000798526
0.000116444
0.00085573
9.84995e-05
0.000910819
7.68623e-05
0.00096247
5.22592e-05
0.00100972
2.54538e-05
0.00105207
-2.92839e-06
0.0010891
-3.18019e-05
0.00111958
-6.02491e-05
0.00114362
-8.75506e-05
0.00116111
-0.000112985
0.00117191
-0.000135971
0.00117581
-0.000155996
0.00117229
-0.000172249
0.00116095
-0.000184152
0.00114216
-0.000191813
0.00111648
-0.000194862
0.00108387
-0.000192443
0.00104535
-0.000185332
0.00100465
-0.000175632
0.000965908
-0.000164716
0.000931152
-0.000154247
0.000901637
-0.000147095
0.000878775
-0.000144084
0.000861675
-0.000142603
0.000846662
-0.000141046
0.000831231
-0.000140854
0.000815756
-0.000141659
0.000799802
-0.000139556
0.000780233
-0.000133372
0.000755212
-0.00012726
0.000727124
-0.000123895
0.000699051
-0.000120353
0.000670213
-0.000113927
0.000637031
-0.000107907
0.000597819
-0.000108284
0.000554955
-0.000116661
0.000512965
-0.000128465
0.000475404
-0.000136921
0.00044344
-0.000137583
0.000416522
-0.000129731
0.000393661
-0.000115003
0.000374253
-9.55969e-05
0.000358175
-7.32627e-05
0.000345581
-4.91662e-05
0.000336633
-2.40515e-05
0.000331859
1.18164e-06
0.000331052
2.57508e-05
0.000334615
4.95299e-05
0.0003427
7.16466e-05
0.000355335
9.13667e-05
0.000372331
0.000108062
0.000393167
0.000121315
0.000416938
0.000130978
0.000442402
0.000137241
0.000468148
0.000140587
0.00049292
0.000141602
0.000515911
0.000140782
0.000536929
0.000138373
0.000556328
0.000134364
0.000574776
0.000128617
0.000592964
0.000121072
0.000611405
0.00011193
0.000630369
0.000101731
0.000649932
9.13059e-05
0.000670104
8.16485e-05
0.000690937
7.37352e-05
0.000712593
6.83647e-05
0.000735335
6.60497e-05
0.000759473
6.69291e-05
0.000785312
7.07124e-05
0.000813061
7.67466e-05
0.000842758
8.41079e-05
0.00087424
9.17256e-05
0.000907154
9.85303e-05
0.000103582
0.000612712
5.46601e-05
0.000600117
6.35436e-05
0.000592967
7.17264e-05
0.00059227
7.92429e-05
0.000598568
8.61277e-05
0.000611947
9.23384e-05
0.00063217
9.76802e-05
0.000658824
0.000101802
0.000691402
0.00010429
0.000729311
0.000104735
0.000771845
0.000102776
0.000818132
9.81013e-05
0.000867114
9.04696e-05
0.000917498
7.97858e-05
0.000967833
6.61095e-05
0.00101664
4.96968e-05
0.00106252
3.09734e-05
0.00110438
1.04018e-05
0.00114188
-1.20407e-05
0.00117384
-3.4892e-05
0.00119957
-5.75305e-05
0.00121862
-7.92962e-05
0.00123062
-9.95556e-05
0.00123532
-0.000117682
0.00123236
-0.000133011
0.00122146
-0.000145099
0.00120293
-0.000153716
0.00117731
-0.000158533
0.00114502
-0.000159529
0.00110738
-0.000157218
0.00106703
-0.000152093
0.00102686
-0.000145161
0.000989817
-0.000138592
0.000958956
-0.000133855
0.000935189
-0.00013048
0.000916272
-0.000128178
0.000899804
-0.000127615
0.000884994
-0.000127793
0.000870219
-0.000126271
0.000852516
-0.00012315
0.00083125
-0.000120394
0.000808592
-0.000116897
0.000785003
-0.000109784
0.000758179
-0.000100436
0.000727678
-9.33943e-05
0.000696763
-8.94379e-05
0.000667767
-8.49308e-05
0.000638218
-7.8358e-05
0.000603495
-7.35605e-05
0.00056221
-7.53766e-05
0.000517779
-8.40344e-05
0.000475559
-9.47016e-05
0.000439374
-0.000101398
0.000410262
-0.000100619
0.000387383
-9.21246e-05
0.000369431
-7.76447e-05
0.000355492
-5.9324e-05
0.00034526
-3.89337e-05
0.000338938
-1.77292e-05
0.000336386
3.73349e-06
0.000337611
2.45259e-05
0.00034322
4.3921e-05
0.000353306
6.15606e-05
0.000367604
7.70681e-05
0.000385517
9.01489e-05
0.000406164
0.000100667
0.000428458
0.000108684
0.000451283
0.000114417
0.000473727
0.000118143
0.000495259
0.00012007
0.000515795
0.000120245
0.000535622
0.000118546
0.000555207
0.000114779
0.000574984
0.00010884
0.000595202
0.000100853
0.000615886
9.1247e-05
0.000636892
8.07241e-05
0.000658002
7.01959e-05
0.000679029
6.06212e-05
0.000699915
5.285e-05
0.000720778
4.75017e-05
0.000741933
4.48944e-05
0.000763843
4.50188e-05
0.000786997
4.75592e-05
0.000811799
5.19438e-05
0.000838488
5.74193e-05
0.000867081
6.31323e-05
0.000897392
6.82194e-05
7.18857e-05
0.000792619
4.84597e-05
0.000799594
5.65687e-05
0.000807768
6.35526e-05
0.000817722
6.92883e-05
0.000830148
7.37024e-05
0.00084572
7.67664e-05
0.000864943
7.8457e-05
0.000888047
7.86981e-05
0.000914963
7.7374e-05
0.000945352
7.43456e-05
0.00097866
6.94677e-05
0.00101413
6.2636e-05
0.00105079
5.38079e-05
0.00108756
4.30115e-05
0.00112328
3.03887e-05
0.00115676
1.62201e-05
0.00118677
9.64478e-07
0.00121352
-1.63476e-05
0.00123506
-3.3579e-05
0.00125072
-5.05543e-05
0.00125992
-6.67305e-05
0.00126215
-8.15336e-05
0.00125704
-9.44424e-05
0.00124463
-0.000105269
0.00122543
-0.000113808
0.00120005
-0.000119718
0.00116943
-0.000123101
0.0011353
-0.0001244
0.0010996
-0.000123829
0.00106432
-0.000121936
0.00103212
-0.000119897
0.00100527
-0.000118306
0.000983651
-0.000116977
0.00096593
-0.000116135
0.000951328
-0.000115877
0.000938225
-0.000115076
0.00092357
-0.00011296
0.000905933
-0.000110156
0.000886032
-0.00010637
0.000863179
-0.000100297
0.000835681
-9.28964e-05
0.000805247
-8.64627e-05
0.000775832
-8.03696e-05
0.000747812
-7.24159e-05
0.000718161
-6.3743e-05
0.000686585
-5.78616e-05
0.000656863
-5.52094e-05
0.000630947
-5.24421e-05
0.000604975
-4.75882e-05
0.000572928
-4.33292e-05
0.000532972
-4.40791e-05
0.000489196
-5.09255e-05
0.000447995
-6.01966e-05
0.000414008
-6.66313e-05
0.000388718
-6.68349e-05
0.000371443
-6.03699e-05
0.000360757
-4.86381e-05
0.000355285
-3.34618e-05
0.000354113
-1.65566e-05
0.000356882
9.64181e-07
0.000363107
1.83005e-05
0.000372589
3.4439e-05
0.00038514
4.90096e-05
0.000400485
6.17237e-05
0.000418184
7.24492e-05
0.000437651
8.12002e-05
0.000458257
8.80786e-05
0.000479492
9.3182e-05
0.000501066
9.65688e-05
0.000522928
9.82089e-05
0.000545193
9.798e-05
0.000568015
9.57233e-05
0.000591445
9.13498e-05
0.000615332
8.49524e-05
0.000639303
7.68828e-05
0.0006628
6.77501e-05
0.000685184
5.83398e-05
0.0007059
4.948e-05
0.000724624
4.18971e-05
0.000741372
3.61022e-05
0.000756532
3.23418e-05
0.0007708
3.06266e-05
0.000785034
3.07843e-05
0.000800091
3.25027e-05
0.000816681
3.53531e-05
0.000835291
3.88099e-05
0.000856146
4.22775e-05
0.000879217
4.51484e-05
4.68602e-05
0.00083236
3.12991e-05
0.000851405
3.75238e-05
0.000871956
4.30014e-05
0.000893722
4.75227e-05
0.000916554
5.08698e-05
0.000940419
5.29014e-05
0.000965309
5.35673e-05
0.000991176
5.2831e-05
0.00101788
5.06694e-05
0.00104514
4.70829e-05
0.00107256
4.20536e-05
0.00109964
3.55484e-05
0.00112586
2.75958e-05
0.00115055
1.83224e-05
0.001173
7.93614e-06
0.00119243
-3.21388e-06
0.00120834
-1.49434e-05
0.00121899
-2.69956e-05
0.00122436
-3.89496e-05
0.00122423
-5.04282e-05
0.00121858
-6.10782e-05
0.00120772
-7.06702e-05
0.00119228
-7.90057e-05
0.00117295
-8.59407e-05
0.00115069
-9.15434e-05
0.00112691
-9.59435e-05
0.00110299
-9.91767e-05
0.00107999
-0.000101404
0.00105909
-0.000102925
0.00104104
-0.000103888
0.00102553
-0.000104385
0.00101175
-0.000104529
0.000998727
-0.000103953
0.000984747
-0.000102154
0.000968157
-9.92882e-05
0.000948573
-9.54916e-05
0.000925982
-9.03691e-05
0.000899971
-8.41444e-05
0.00087106
-7.74598e-05
0.000840763
-7.00003e-05
0.000809634
-6.17674e-05
0.00077766
-5.44887e-05
0.000746414
-4.91228e-05
0.000717992
-4.39943e-05
0.000692031
-3.77819e-05
0.000666311
-3.21418e-05
0.000640288
-2.91862e-05
0.000615941
-2.80947e-05
0.000594581
-2.62285e-05
0.000574013
-2.2761e-05
0.000549663
-1.97295e-05
0.000518386
-1.96489e-05
0.000481222
-2.30319e-05
0.000442854
-2.82637e-05
0.000408882
-3.28631e-05
0.000382985
-3.44724e-05
0.000366183
-3.18365e-05
0.000357806
-2.50842e-05
0.000356433
-1.51833e-05
0.000360774
-3.37766e-06
0.000369879
9.19544e-06
0.00038269
2.16286e-05
0.000398421
3.32783e-05
0.000416401
4.37435e-05
0.000436054
5.27966e-05
0.00045692
6.03343e-05
0.000478676
6.63223e-05
0.000501115
7.07434e-05
0.000524122
7.35614e-05
0.000547622
7.4709e-05
0.000571487
7.4115e-05
0.000595446
7.17647e-05
0.000619015
6.77807e-05
0.000641539
6.24277e-05
0.000662289
5.61332e-05
0.000680614
4.94249e-05
0.00069611
4.28437e-05
0.000708726
3.68643e-05
0.000718795
3.18279e-05
0.000727
2.78979e-05
0.00073426
2.50811e-05
0.000741576
2.33111e-05
0.000749879
2.24812e-05
0.000759931
2.24508e-05
0.000772255
2.30289e-05
0.000787177
2.38877e-05
0.000804872
2.45824e-05
0.000825378
2.46422e-05
2.36051e-05
0.000833933
2.11148e-05
0.000847101
2.43565e-05
0.000863009
2.7093e-05
0.000881301
2.92304e-05
0.00090153
3.06414e-05
0.000923199
3.1232e-05
0.00094584
3.09264e-05
0.000969018
2.96525e-05
0.000992334
2.73539e-05
0.00101541
2.40022e-05
0.00103787
1.95998e-05
0.00105924
1.4179e-05
0.00107903
7.80563e-06
0.00109683
5.19092e-07
0.00111164
-6.87023e-06
0.00112341
-1.4982e-05
0.00113194
-2.3479e-05
0.00113711
-3.21667e-05
0.00113902
-4.08573e-05
0.001138
-4.94061e-05
0.00113444
-5.75221e-05
0.00112866
-6.48925e-05
0.0011211
-7.14386e-05
0.00111225
-7.70894e-05
0.00110247
-8.17677e-05
0.00109204
-8.5509e-05
0.0010812
-8.83411e-05
0.00107001
-9.02093e-05
0.00105824
-9.11541e-05
0.00104549
-9.114e-05
0.00103092
-8.98132e-05
0.00101341
-8.70251e-05
0.000992557
-8.30989e-05
0.000968532
-7.81296e-05
0.000941222
-7.19782e-05
0.000910755
-6.50241e-05
0.000878262
-5.78765e-05
0.000844896
-5.07785e-05
0.000811406
-4.39696e-05
0.000779223
-3.78177e-05
0.000749859
-3.24033e-05
0.000723076
-2.77049e-05
0.000697814
-2.38612e-05
0.000674545
-2.0725e-05
0.000654459
-1.76966e-05
0.000636752
-1.4435e-05
0.000618908
-1.13419e-05
0.000599893
-9.07972e-06
0.000581446
-7.7814e-06
0.000565546
-6.86051e-06
0.000551459
-5.64315e-06
0.00053589
-4.07923e-06
0.000515763
-2.90554e-06
0.000490529
-3.02906e-06
0.000462207
-4.54127e-06
0.0004342
-6.46558e-06
0.000409819
-7.45527e-06
0.000391317
-6.58277e-06
0.000379716
-3.58165e-06
0.000374914
1.42348e-06
0.00037638
7.72956e-06
0.000383194
1.48144e-05
0.000394339
2.21338e-05
0.000408879
2.9203e-05
0.000426018
3.56582e-05
0.000445103
4.12488e-05
0.00046562
4.58059e-05
0.000487149
4.92145e-05
0.000509314
5.13957e-05
0.00053172
5.2303e-05
0.000553903
5.1932e-05
0.000575329
5.03394e-05
0.000595447
4.76628e-05
0.000613756
4.41184e-05
0.000629922
3.99668e-05
0.000643875
3.54722e-05
0.000655829
3.08898e-05
0.000666242
2.64513e-05
0.000675765
2.23052e-05
0.000685181
1.84814e-05
0.000695319
1.49429e-05
0.000706854
1.17764e-05
0.000720202
9.13321e-06
0.000735491
7.16161e-06
0.000752626
5.89451e-06
0.000771484
5.02931e-06
0.000792067
3.99911e-06
0.000814418
2.29195e-06
-4.92827e-07
0.000862765
1.57739e-05
0.000870302
1.68192e-05
0.000880072
1.73229e-05
0.000891928
1.73748e-05
0.000905577
1.69926e-05
0.000920695
1.61138e-05
0.00093699
1.46314e-05
0.000954171
1.2472e-05
0.000971901
9.62317e-06
0.000989777
6.12704e-06
0.00100734
2.03269e-06
0.00102414
-2.62234e-06
0.00103974
-7.79427e-06
0.00105374
-1.34745e-05
0.00106642
-1.95515e-05
0.00107736
-2.59268e-05
0.00108633
-3.24452e-05
0.00109316
-3.89959e-05
0.00109775
-4.54492e-05
0.0011
-5.16565e-05
0.00109995
-5.74649e-05
0.00109774
-6.26827e-05
0.00109344
-6.714e-05
0.00108704
-7.06936e-05
0.00107849
-7.32154e-05
0.00106756
-7.45802e-05
0.00105393
-7.47116e-05
0.00103728
-7.35589e-05
0.00101724
-7.11166e-05
0.000993635
-6.75332e-05
0.000966831
-6.30084e-05
0.000937485
-5.76792e-05
0.00090613
-5.17438e-05
0.000873558
-4.55581e-05
0.000840991
-3.94109e-05
0.000809409
-3.34422e-05
0.000779363
-2.78306e-05
0.000751379
-2.2794e-05
0.000725828
-1.8419e-05
0.000702677
-1.4667e-05
0.000681779
-1.15047e-05
0.000663002
-8.92852e-06
0.000645993
-6.85191e-06
0.000630309
-5.04074e-06
0.000615853
-3.24109e-06
0.000602792
-1.37344e-06
0.000590968
4.81601e-07
0.000579703
2.18528e-06
0.000568327
3.59458e-06
0.000556734
4.73298e-06
0.000545416
5.67492e-06
0.000534844
6.49225e-06
0.000524742
7.19652e-06
0.000513977
7.73637e-06
0.000501371
8.06392e-06
0.000486706
8.19946e-06
0.000470985
8.26658e-06
0.000455896
8.5059e-06
0.000443105
9.20965e-06
0.000433933
1.05951e-05
0.000428954
1.27084e-05
0.000428346
1.5423e-05
0.00043197
1.85088e-05
0.000439474
2.16993e-05
0.000450392
2.474e-05
0.000464228
2.7413e-05
0.000480493
2.95412e-05
0.000498705
3.10019e-05
0.000518324
3.17775e-05
0.000538738
3.18882e-05
0.000559337
3.13329e-05
0.000579528
3.01493e-05
0.000598786
2.84047e-05
0.000616738
2.61666e-05
0.000633238
2.34666e-05
0.000648387
2.03233e-05
0.000662456
1.68203e-05
0.000675815
1.30925e-05
0.000688873
9.24655e-06
0.000702089
5.26632e-06
0.000715936
1.09569e-06
0.00073076
-3.04781e-06
0.000746825
-6.93126e-06
0.000764134
-1.01481e-05
0.000782444
-1.24148e-05
0.00080129
-1.38172e-05
0.000820155
-1.4866e-05
0.000838896
-1.64488e-05
-1.95925e-05
0.000869461
9.74296e-06
0.000877351
8.92945e-06
0.000886719
7.95454e-06
0.000897275
6.81902e-06
0.000908851
5.41642e-06
0.000921334
3.63078e-06
0.000934535
1.43105e-06
0.000948316
-1.30909e-06
0.000962389
-4.45031e-06
0.000976365
-7.84832e-06
0.000989853
-1.14556e-05
0.00100248
-1.52539e-05
0.00101392
-1.92324e-05
0.00102382
-2.3369e-05
0.00103189
-2.76274e-05
0.00103793
-3.1961e-05
0.00104178
-3.62933e-05
0.00104325
-4.04705e-05
0.00104206
-4.42582e-05
0.00103801
-4.76061e-05
0.00103101
-5.04661e-05
0.00102096
-5.26289e-05
0.00100776
-5.3942e-05
0.000991358
-5.42937e-05
0.000971784
-5.36416e-05
0.000949225
-5.2021e-05
0.000924054
-4.95406e-05
0.000896871
-4.63753e-05
0.00086846
-4.27054e-05
0.000839585
-3.8659e-05
0.000810911
-3.43336e-05
0.000783045
-2.98138e-05
0.00075645
-2.51485e-05
0.000731389
-2.04971e-05
0.000708067
-1.60886e-05
0.000686704
-1.20793e-05
0.000667409
-8.53604e-06
0.00065009
-5.47492e-06
0.000634558
-2.88676e-06
0.00062064
-7.49388e-07
0.000608112
1.02354e-06
0.000596745
2.43876e-06
0.000586329
3.56335e-06
0.00057678
4.50859e-06
0.000568113
5.42628e-06
0.000560347
6.39192e-06
0.00055344
7.38939e-06
0.000547272
8.35245e-06
0.000541648
9.21864e-06
0.000536406
9.97561e-06
0.000531431
1.06491e-05
0.000526662
1.12621e-05
0.000522057
1.18014e-05
0.000517564
1.22289e-05
0.000513106
1.25226e-05
0.000508601
1.27043e-05
0.000504034
1.28337e-05
0.000499555
1.2985e-05
0.00049554
1.32244e-05
0.00049254
1.35949e-05
0.000491146
1.41022e-05
0.000491856
1.4713e-05
0.00049501
1.53547e-05
0.000500775
1.59347e-05
0.000509139
1.63761e-05
0.000519919
1.66331e-05
0.00053282
1.66394e-05
0.000547478
1.63445e-05
0.000563515
1.574e-05
0.000580555
1.48486e-05
0.000598153
1.37352e-05
0.000615807
1.24946e-05
0.00063303
1.11818e-05
0.000649478
9.71863e-06
0.00066505
7.89426e-06
0.000679825
5.54832e-06
0.000693878
2.76776e-06
0.000707168
-1.9784e-07
0.000719592
-3.17682e-06
0.000731607
-6.74869e-06
0.000743683
-1.09811e-05
0.000756359
-1.57235e-05
0.000769525
-2.00968e-05
0.000782222
-2.28456e-05
0.000792846
-2.30384e-05
0.000799692
-2.06635e-05
0.000801558
-1.67324e-05
0.00079796
-1.28508e-05
-1.0716e-05
0.000817899
5.36363e-06
0.000823623
3.20531e-06
0.000830535
1.04265e-06
0.000838486
-1.13242e-06
0.000847361
-3.45848e-06
0.000856979
-5.98742e-06
0.000866952
-8.54152e-06
0.000876775
-1.11319e-05
0.000886051
-1.37268e-05
0.000894427
-1.62242e-05
0.000901519
-1.85476e-05
0.00090697
-2.07046e-05
0.000910458
-2.2721e-05
0.000911669
-2.45796e-05
0.000910347
-2.63052e-05
0.000906316
-2.79301e-05
0.00089944
-2.94178e-05
0.000889805
-3.08355e-05
0.000877547
-3.19994e-05
0.000862637
-3.26961e-05
0.000845082
-3.29113e-05
0.000825011
-3.25584e-05
0.000802693
-3.16241e-05
0.000778565
-3.01649e-05
0.000753198
-2.82751e-05
0.000727225
-2.60477e-05
0.000701249
-2.35651e-05
0.000675795
-2.09205e-05
0.000651283
-1.81935e-05
0.00062807
-1.54462e-05
0.0006065
-1.27641e-05
0.000586827
-1.01401e-05
0.000569238
-7.55988e-06
0.000553811
-5.06965e-06
0.000540481
-2.75893e-06
0.000529128
-7.26888e-07
0.000519535
1.05767e-06
0.000511597
2.46245e-06
0.000505173
3.53754e-06
0.00050005
4.37329e-06
0.000496069
5.0045e-06
0.000493012
5.49625e-06
0.000490663
5.91243e-06
0.000488857
6.31426e-06
0.000487532
6.75112e-06
0.00048668
7.24437e-06
0.000486284
7.78548e-06
0.000486291
8.34567e-06
0.000486617
8.89192e-06
0.000487194
9.39858e-06
0.000487995
9.84874e-06
0.000489025
1.02319e-05
0.000490285
1.05417e-05
0.00049174
1.07734e-05
0.000493341
1.0922e-05
0.000495062
1.09826e-05
0.000496942
1.09543e-05
0.000499081
1.08456e-05
0.00050163
1.0675e-05
0.000504763
1.04627e-05
0.000508652
1.02129e-05
0.00051347
9.8954e-06
0.000519384
9.44024e-06
0.00052656
8.75843e-06
0.000535157
7.77952e-06
0.000545306
6.48402e-06
0.000557019
4.92691e-06
0.000570098
3.26478e-06
0.000584177
1.66079e-06
0.000598715
3.11329e-07
0.000613178
-7.28355e-07
0.000626884
-1.21058e-06
0.000639162
-1.09664e-06
0.000649438
-5.57333e-07
0.000657258
7.38606e-08
0.000662467
3.39495e-07
0.00066493
3.0478e-07
0.000664789
-5.69317e-08
0.000662565
-9.52859e-07
0.000658177
-2.36072e-06
0.000651925
-4.72859e-06
0.000643979
-7.77782e-06
0.000634531
-1.06484e-05
0.000623864
-1.2179e-05
0.000612379
-1.15535e-05
0.00060056
-8.84417e-06
0.000588868
-5.04002e-06
0.000577606
-1.58966e-06
3.2179e-07
0.000688082
5.78759e-06
0.000688425
2.86263e-06
0.0006893
1.67716e-07
0.000690946
-2.77887e-06
0.000692954
-5.46556e-06
0.000694989
-8.02301e-06
0.000696922
-1.04743e-05
0.000698518
-1.27276e-05
0.000699299
-1.45085e-05
0.000698608
-1.55326e-05
0.000695789
-1.5729e-05
0.000690342
-1.52575e-05
0.000681975
-1.4354e-05
0.000670601
-1.32058e-05
0.00065624
-1.19445e-05
0.00063893
-1.06199e-05
0.000619101
-9.58855e-06
0.000597003
-8.73738e-06
0.000573084
-8.0809e-06
0.000548017
-7.62845e-06
0.000522417
-7.3122e-06
0.000496891
-7.03167e-06
0.000471996
-6.72888e-06
0.000448227
-6.39642e-06
0.000425997
-6.04476e-06
0.000405621
-5.67171e-06
0.000387323
-5.26756e-06
0.000371279
-4.87634e-06
0.000357441
-4.35494e-06
0.000345738
-3.74347e-06
0.000336068
-3.09476e-06
0.000328369
-2.44097e-06
0.000322616
-1.80616e-06
0.000318758
-1.21221e-06
0.000316676
-6.76813e-07
0.000316151
-2.0178e-07
0.000317035
1.73836e-07
0.000319007
4.90688e-07
0.000321748
7.96425e-07
0.000325018
1.10243e-06
0.000328605
1.41838e-06
0.000332358
1.74305e-06
0.000336196
2.07418e-06
0.000340096
2.41455e-06
0.000344079
2.7675e-06
0.000348194
3.12989e-06
0.000352487
3.4923e-06
0.000356989
3.84336e-06
0.000361709
4.1724e-06
0.000366638
4.46955e-06
0.000371761
4.72545e-06
0.000377061
4.9325e-06
0.000382515
5.08698e-06
0.000388099
5.18943e-06
0.000393779
5.24251e-06
0.000399513
5.24852e-06
0.000405258
5.20909e-06
0.000410976
5.12735e-06
0.000416641
5.01059e-06
0.000422235
4.86904e-06
0.00042774
4.70779e-06
0.00043312
4.51536e-06
0.0004383
4.2598e-06
0.000443158
3.90085e-06
0.000447523
3.41418e-06
0.000451222
2.78477e-06
0.000454128
2.02154e-06
0.000456178
1.21473e-06
0.000457357
4.81377e-07
0.000457714
-4.60082e-08
0.000457165
-1.78882e-07
0.000455929
2.58553e-08
0.000454108
7.24031e-07
0.000451898
1.65286e-06
0.000449304
2.66745e-06
0.00044607
3.57386e-06
0.000442185
4.18915e-06
0.00043775
4.37885e-06
0.000432739
4.05777e-06
0.000427172
3.20606e-06
0.000420485
1.95823e-06
0.00041212
5.87498e-07
0.00040227
-7.98018e-07
0.000391991
-1.89998e-06
0.000382872
-2.43497e-06
0.000376401
-2.37325e-06
0.000373276
-1.91484e-06
0.000373093
-1.40686e-06
-1.09165e-06
0.000320578
0.000323441
0.000323609
0.00032083
0.000315364
0.000307341
0.000296867
0.000284139
0.000269631
0.000254098
0.000238369
0.000223112
0.000208758
0.000195552
0.000183607
0.000172988
0.000163399
0.000154662
0.000146581
0.000138952
0.00013164
0.000124608
0.00011788
0.000111483
0.000105438
9.97667e-05
9.44991e-05
8.96227e-05
8.52678e-05
8.15243e-05
7.84296e-05
7.59886e-05
7.41825e-05
7.29702e-05
7.22934e-05
7.20916e-05
7.22655e-05
7.27562e-05
7.35526e-05
7.4655e-05
7.60734e-05
7.78165e-05
7.98906e-05
8.23052e-05
8.50727e-05
8.82026e-05
9.16949e-05
9.55382e-05
9.97106e-05
0.00010418
0.000108906
0.000113838
0.000118925
0.000124115
0.000129357
0.000134606
0.000139815
0.000144942
0.000149953
0.000154822
0.000159529
0.000164045
0.000168305
0.000172205
0.00017562
0.000178404
0.000180426
0.000181641
0.000182122
0.000182076
0.000181897
0.000181923
0.000182647
0.0001843
0.000186967
0.000190541
0.00019473
0.000199109
0.000203167
0.000206373
0.000208331
0.000208919
0.000208121
0.000206221
0.000203786
0.000201413
0.000199498
0.000198091
)
;

boundaryField
{
    inlet
    {
        type            calculated;
        value           nonuniform List<scalar> 0();
    }
    outlet
    {
        type            calculated;
        value           nonuniform List<scalar> 0();
    }
    wall
    {
        type            calculated;
        value           uniform 0;
    }
    obstacle
    {
        type            calculated;
        value           nonuniform List<scalar> 0();
    }
    frontAndBack
    {
        type            empty;
        value           nonuniform List<scalar> 0();
    }
    procBoundary2to1
    {
        type            processor;
        value           nonuniform List<scalar> 
30
(
-0.000160389
-0.000586289
-0.000821626
-0.000913987
-0.000947705
-0.000986842
-0.000979344
-0.000953432
-0.00100107
-0.00107251
-0.001059
-0.000964467
-0.000824225
-0.000675512
-0.000490108
-0.000283291
-0.000139308
-4.53529e-05
-1.83361e-05
-0.000123232
-0.000361509
-0.000629423
-0.000786419
-0.000815199
-0.000823749
-0.000857424
-0.00086343
-0.00081352
-0.000688506
-0.000314791
)
;
    }
    procBoundary2to3
    {
        type            processor;
        value           nonuniform List<scalar> 
31
(
0.000112623
0.000304981
0.000479914
0.000552253
0.000576551
0.000569882
0.000538347
0.000517579
0.000522631
0.000537479
0.000564833
0.0006031
0.00065207
0.000709756
0.000770204
0.000233981
0.000827306
0.000875626
0.000912704
0.00093979
0.000951742
0.000941014
0.000929088
0.000904242
0.000848633
0.000838516
0.000857996
0.000789084
0.000566569
0.000374507
0.000196999
)
;
    }
}


// ************************************************************************* //
