/*--------------------------------*- C++ -*----------------------------------*\
| =========                 |                                                 |
| \\      /  F ield         | OpenFOAM: The Open Source CFD Toolbox           |
|  \\    /   O peration     | Version:  2312                                  |
|   \\  /    A nd           | Website:  www.openfoam.com                      |
|    \\/     M anipulation  |                                                 |
\*---------------------------------------------------------------------------*/
FoamFile
{
    version     2.0;
    format      ascii;
    arch        "LSB;label=32;scalar=64";
    class       volVectorField;
    location    "87000";
    object      U;
}
// * * * * * * * * * * * * * * * * * * * * * * * * * * * * * * * * * * * * * //

dimensions      [0 1 -1 0 0 0 0];

internalField   nonuniform List<vector> 
2685
(
(0.000724181 -2.31498e-05 0)
(0.000733767 -1.09808e-05 0)
(0.000713783 -2.12501e-06 0)
(0.000691395 6.31834e-06 0)
(0.00066966 1.40047e-05 0)
(0.00064715 2.02971e-05 0)
(0.000622121 2.51445e-05 0)
(0.000594126 2.88248e-05 0)
(0.000563495 3.17003e-05 0)
(0.000530857 3.40166e-05 0)
(0.00049668 3.58802e-05 0)
(0.000461194 3.73117e-05 0)
(0.000424525 3.82921e-05 0)
(0.000386803 3.87826e-05 0)
(0.000348229 3.87275e-05 0)
(0.000309058 3.80554e-05 0)
(0.000269615 3.66802e-05 0)
(0.000230277 3.44842e-05 0)
(0.000191454 3.13354e-05 0)
(0.000153625 2.69487e-05 0)
(0.000117493 2.06915e-05 0)
(8.39901e-05 1.20339e-05 0)
(5.40378e-05 1.29714e-06 0)
(2.83637e-05 -1.03452e-05 0)
(7.30614e-06 -2.16134e-05 0)
(-9.1462e-06 -3.15582e-05 0)
(-2.07267e-05 -3.95983e-05 0)
(-2.81804e-05 -4.57794e-05 0)
(-3.20536e-05 -4.98557e-05 0)
(-3.31707e-05 -5.16481e-05 0)
(-3.17722e-05 -5.11225e-05 0)
(-2.85968e-05 -4.88021e-05 0)
(-2.43147e-05 -4.4982e-05 0)
(-1.95773e-05 -3.98673e-05 0)
(-1.49216e-05 -3.368e-05 0)
(-1.07516e-05 -2.67433e-05 0)
(-7.39791e-06 -1.94624e-05 0)
(-5.0878e-06 -1.22465e-05 0)
(-3.98754e-06 -5.47656e-06 0)
(-4.00014e-06 5.34983e-07 0)
(-5.09444e-06 5.48429e-06 0)
(-7.20272e-06 9.2369e-06 0)
(-1.01113e-05 1.17787e-05 0)
(-1.34722e-05 1.3223e-05 0)
(-1.69175e-05 1.37235e-05 0)
(-2.01544e-05 1.34631e-05 0)
(-2.29953e-05 1.26434e-05 0)
(-2.53411e-05 1.14526e-05 0)
(-2.71702e-05 1.00435e-05 0)
(-2.85256e-05 8.53415e-06 0)
(-2.94932e-05 7.01245e-06 0)
(-3.01816e-05 5.54288e-06 0)
(-3.07059e-05 4.17327e-06 0)
(-3.11762e-05 2.94074e-06 0)
(-3.16925e-05 1.87547e-06 0)
(-3.23421e-05 1.00209e-06 0)
(-3.31991e-05 3.39986e-07 0)
(-3.4326e-05 -9.85294e-08 0)
(-3.57615e-05 -3.11298e-07 0)
(-3.755e-05 -3.30205e-07 0)
(-3.97383e-05 -1.76773e-07 0)
(-4.23483e-05 1.33987e-07 0)
(-4.5387e-05 5.81622e-07 0)
(-4.88521e-05 1.14088e-06 0)
(-5.27316e-05 1.7841e-06 0)
(-5.70038e-05 2.48226e-06 0)
(-6.16368e-05 3.20544e-06 0)
(-6.65885e-05 3.92386e-06 0)
(-7.18061e-05 4.60924e-06 0)
(-7.72266e-05 5.23574e-06 0)
(-8.27768e-05 5.78051e-06 0)
(-8.83764e-05 6.2242e-06 0)
(-9.39423e-05 6.55214e-06 0)
(-9.93946e-05 6.75676e-06 0)
(-0.000104639 6.8423e-06 0)
(-0.000109567 6.80928e-06 0)
(-0.000114076 6.658e-06 0)
(-0.000118072 6.39287e-06 0)
(-0.000121469 6.02147e-06 0)
(-0.000124187 5.5542e-06 0)
(-0.000126157 5.00362e-06 0)
(-0.000127314 4.36197e-06 0)
(-0.000127604 3.63177e-06 0)
(-0.000127008 2.81739e-06 0)
(-0.000125516 1.94946e-06 0)
(-0.000123107 1.05017e-06 0)
(-0.000119776 1.39026e-07 0)
(-0.000115534 -7.66292e-07 0)
(-0.000110404 -1.64986e-06 0)
(-0.000104424 -2.49753e-06 0)
(0.00130941 4.11908e-05 0)
(0.00129391 5.12968e-05 0)
(0.00128256 6.00779e-05 0)
(0.0012711 6.87827e-05 0)
(0.00125793 7.71996e-05 0)
(0.00124286 8.49266e-05 0)
(0.0012261 9.18627e-05 0)
(0.00120787 9.8084e-05 0)
(0.00118829 0.000103734 0)
(0.00116742 0.000108922 0)
(0.00114527 0.000113691 0)
(0.00112184 0.000118046 0)
(0.00109717 0.000121957 0)
(0.00107129 0.000125382 0)
(0.00104427 0.000128249 0)
(0.00101621 0.000130473 0)
(0.00098719 0.000131937 0)
(0.000957308 0.000132511 0)
(0.000926638 0.000132053 0)
(0.00089518 0.000130404 0)
(0.000862954 0.000127431 0)
(0.000829804 0.000122987 0)
(0.000795632 0.00011708 0)
(0.000759943 0.00010976 0)
(0.000722731 0.00010131 0)
(0.000683575 9.19017e-05 0)
(0.000643105 8.19646e-05 0)
(0.00060145 7.17626e-05 0)
(0.000558826 6.15154e-05 0)
(0.000515981 5.1544e-05 0)
(0.000473966 4.23384e-05 0)
(0.000432965 3.41503e-05 0)
(0.000393283 2.70939e-05 0)
(0.000355321 2.11209e-05 0)
(0.000319559 1.60941e-05 0)
(0.000286375 1.18812e-05 0)
(0.00025598 8.40477e-06 0)
(0.000228472 5.64145e-06 0)
(0.000203898 3.55034e-06 0)
(0.00018225 2.16145e-06 0)
(0.00016321 1.41765e-06 0)
(0.000146839 1.21304e-06 0)
(0.000132991 1.17966e-06 0)
(0.000121251 8.21612e-07 0)
(0.000111313 2.63241e-08 0)
(0.000102838 -1.04202e-06 0)
(9.5583e-05 -2.15128e-06 0)
(8.93622e-05 -3.10915e-06 0)
(8.40159e-05 -3.77339e-06 0)
(7.9407e-05 -4.04637e-06 0)
(7.54204e-05 -3.88443e-06 0)
(7.19579e-05 -3.30077e-06 0)
(6.89343e-05 -2.35016e-06 0)
(6.62732e-05 -1.10512e-06 0)
(6.39048e-05 3.62719e-07 0)
(6.17643e-05 1.99115e-06 0)
(5.97876e-05 3.72924e-06 0)
(5.7906e-05 5.5378e-06 0)
(5.60042e-05 7.38168e-06 0)
(5.40397e-05 9.20819e-06 0)
(5.19948e-05 1.09579e-05 0)
(4.98588e-05 1.2587e-05 0)
(4.76159e-05 1.40739e-05 0)
(4.52614e-05 1.54039e-05 0)
(4.28028e-05 1.65619e-05 0)
(4.02581e-05 1.7533e-05 0)
(3.76554e-05 1.83022e-05 0)
(3.50338e-05 1.88548e-05 0)
(3.24425e-05 1.91728e-05 0)
(2.99386e-05 1.92364e-05 0)
(2.75854e-05 1.90265e-05 0)
(2.54513e-05 1.85275e-05 0)
(2.36114e-05 1.77294e-05 0)
(2.21534e-05 1.66298e-05 0)
(2.1155e-05 1.52388e-05 0)
(2.06735e-05 1.3567e-05 0)
(2.07742e-05 1.16294e-05 0)
(2.15221e-05 9.44655e-06 0)
(2.29771e-05 7.03474e-06 0)
(2.51773e-05 4.41751e-06 0)
(2.81347e-05 1.61314e-06 0)
(3.18536e-05 -1.34426e-06 0)
(3.63721e-05 -4.42721e-06 0)
(4.17507e-05 -7.60415e-06 0)
(4.8021e-05 -1.08244e-05 0)
(5.51653e-05 -1.40409e-05 0)
(6.31636e-05 -1.72095e-05 0)
(7.19878e-05 -2.02894e-05 0)
(8.16008e-05 -2.32428e-05 0)
(9.19577e-05 -2.60355e-05 0)
(0.0015429 4.50815e-05 0)
(0.00153219 5.6196e-05 0)
(0.00152494 6.69785e-05 0)
(0.00151847 7.7204e-05 0)
(0.00151129 8.6986e-05 0)
(0.00150293 9.64157e-05 0)
(0.00149344 0.000105518 0)
(0.00148304 0.000114263 0)
(0.00147194 0.000122607 0)
(0.00146023 0.000130508 0)
(0.00144792 0.000137932 0)
(0.00143497 0.000144839 0)
(0.00142137 0.00015119 0)
(0.00140706 0.000156925 0)
(0.00139205 0.000161977 0)
(0.00137628 0.000166248 0)
(0.00135976 0.000169641 0)
(0.00134241 0.000172029 0)
(0.00132423 0.000173307 0)
(0.00130509 0.00017336 0)
(0.00128498 0.000172125 0)
(0.00126372 0.000169578 0)
(0.00124132 0.000165804 0)
(0.00121761 0.000161001 0)
(0.00119264 0.000155458 0)
(0.00116634 0.000149536 0)
(0.00113881 0.000143541 0)
(0.00111024 0.000137811 0)
(0.00108059 0.000132469 0)
(0.00105054 0.000127677 0)
(0.00102025 0.000123409 0)
(0.000989682 0.00011956 0)
(0.000958757 0.000115984 0)
(0.000927493 0.000112521 0)
(0.000895992 0.000109014 0)
(0.000864466 0.00010531 0)
(0.000833093 0.000101289 0)
(0.000802041 9.68814e-05 0)
(0.000771398 9.20574e-05 0)
(0.000741278 8.68259e-05 0)
(0.000711756 8.12315e-05 0)
(0.000682923 7.53207e-05 0)
(0.000654874 6.91848e-05 0)
(0.000627502 6.29242e-05 0)
(0.000600947 5.66581e-05 0)
(0.000575319 5.05164e-05 0)
(0.000550634 4.46161e-05 0)
(0.00052689 3.90459e-05 0)
(0.000504126 3.38665e-05 0)
(0.000482431 2.91195e-05 0)
(0.000461907 2.48367e-05 0)
(0.000442644 2.10412e-05 0)
(0.000424704 1.77449e-05 0)
(0.000408124 1.49499e-05 0)
(0.00039292 1.26478e-05 0)
(0.000379094 1.08173e-05 0)
(0.000366641 9.4446e-06 0)
(0.000355524 8.52264e-06 0)
(0.000345718 8.01194e-06 0)
(0.000337282 7.87747e-06 0)
(0.000330127 8.09474e-06 0)
(0.000324134 8.62204e-06 0)
(0.00031924 9.373e-06 0)
(0.000315387 1.02563e-05 0)
(0.000312502 1.11986e-05 0)
(0.000310505 1.21319e-05 0)
(0.000309325 1.298e-05 0)
(0.000308887 1.36617e-05 0)
(0.000309112 1.41076e-05 0)
(0.000309932 1.42626e-05 0)
(0.000311295 1.4081e-05 0)
(0.000313158 1.35262e-05 0)
(0.000315496 1.25733e-05 0)
(0.000318291 1.12087e-05 0)
(0.000321537 9.41103e-06 0)
(0.000325239 7.17112e-06 0)
(0.000329393 4.50364e-06 0)
(0.000334002 1.45476e-06 0)
(0.000339044 -1.91765e-06 0)
(0.000344491 -5.61081e-06 0)
(0.000350424 -9.63972e-06 0)
(0.000356895 -1.39549e-05 0)
(0.000363865 -1.8474e-05 0)
(0.00037132 -2.31062e-05 0)
(0.000379249 -2.77819e-05 0)
(0.000387641 -3.24353e-05 0)
(0.000396477 -3.70035e-05 0)
(0.000405737 -4.14278e-05 0)
(0.000415393 -4.56542e-05 0)
(0.000425416 -4.96343e-05 0)
(0.00164679 6.4708e-05 0)
(0.00163922 7.64669e-05 0)
(0.00163302 8.80092e-05 0)
(0.00162763 9.89402e-05 0)
(0.00162246 0.000109292 0)
(0.00161713 0.000119193 0)
(0.00161148 0.000128748 0)
(0.00160548 0.00013799 0)
(0.0015992 0.000146893 0)
(0.0015927 0.000155403 0)
(0.001586 0.000163466 0)
(0.00157911 0.000171033 0)
(0.00157201 0.00017806 0)
(0.00156465 0.000184502 0)
(0.00155701 0.000190306 0)
(0.00154902 0.000195417 0)
(0.00154066 0.000199778 0)
(0.00153185 0.000203335 0)
(0.00152255 0.000206036 0)
(0.00151269 0.000207852 0)
(0.0015022 0.00020876 0)
(0.00149099 0.000208778 0)
(0.00147898 0.000207937 0)
(0.00146611 0.00020632 0)
(0.00145228 0.00020402 0)
(0.0014375 0.000201168 0)
(0.00142173 0.000197879 0)
(0.00140508 0.000194262 0)
(0.00138754 0.000190407 0)
(0.00136928 0.000186343 0)
(0.00135033 0.000182065 0)
(0.00133071 0.000177565 0)
(0.00131054 0.000172866 0)
(0.00129 0.000168011 0)
(0.00126922 0.000163041 0)
(0.00124831 0.000157989 0)
(0.00122737 0.000152877 0)
(0.00120643 0.00014771 0)
(0.00118555 0.000142487 0)
(0.00116471 0.000137212 0)
(0.00114394 0.000131877 0)
(0.00112322 0.000126492 0)
(0.00110256 0.000121032 0)
(0.00108209 0.000115539 0)
(0.00106185 0.000110057 0)
(0.00104186 0.000104607 0)
(0.00102206 9.9207e-05 0)
(0.00100247 9.38791e-05 0)
(0.000983106 8.86523e-05 0)
(0.000964017 8.35554e-05 0)
(0.000945278 7.86127e-05 0)
(0.000926959 7.38411e-05 0)
(0.000909123 6.92519e-05 0)
(0.000891825 6.48484e-05 0)
(0.000875112 6.06311e-05 0)
(0.000859038 5.65979e-05 0)
(0.000843648 5.27436e-05 0)
(0.000828996 4.90683e-05 0)
(0.000815121 4.55673e-05 0)
(0.000802078 4.22294e-05 0)
(0.000789912 3.9045e-05 0)
(0.00077861 3.59954e-05 0)
(0.000768194 3.3083e-05 0)
(0.000758706 3.03179e-05 0)
(0.000750198 2.76928e-05 0)
(0.000742697 2.51883e-05 0)
(0.000736206 2.27651e-05 0)
(0.000730713 2.03691e-05 0)
(0.000726212 1.79628e-05 0)
(0.000722702 1.5495e-05 0)
(0.000720163 1.29116e-05 0)
(0.000718561 1.01902e-05 0)
(0.000717844 7.28156e-06 0)
(0.000717956 4.12896e-06 0)
(0.000718887 7.39294e-07 0)
(0.000720549 -2.92206e-06 0)
(0.000722813 -6.95689e-06 0)
(0.000725657 -1.13077e-05 0)
(0.000729106 -1.58722e-05 0)
(0.000733108 -2.06165e-05 0)
(0.000737608 -2.55339e-05 0)
(0.000742556 -3.06135e-05 0)
(0.000747888 -3.58042e-05 0)
(0.000753549 -4.10428e-05 0)
(0.000759491 -4.62712e-05 0)
(0.000765676 -5.14319e-05 0)
(0.000772068 -5.64645e-05 0)
(0.000778631 -6.13082e-05 0)
(0.000785331 -6.59064e-05 0)
(0.000792135 -7.02076e-05 0)
(0.00162643 7.94665e-05 0)
(0.00162117 8.88181e-05 0)
(0.00161663 9.85077e-05 0)
(0.00161263 0.000108317 0)
(0.00160895 0.00011807 0)
(0.00160535 0.000127652 0)
(0.00160171 0.000136998 0)
(0.00159798 0.000146064 0)
(0.00159419 0.000154816 0)
(0.00159039 0.000163216 0)
(0.00158665 0.000171226 0)
(0.00158299 0.000178804 0)
(0.00157942 0.00018591 0)
(0.00157593 0.000192503 0)
(0.00157248 0.000198541 0)
(0.00156905 0.000203984 0)
(0.0015656 0.000208794 0)
(0.00156209 0.000212937 0)
(0.00155847 0.000216383 0)
(0.0015547 0.000219114 0)
(0.00155071 0.000221118 0)
(0.00154643 0.000222402 0)
(0.00154179 0.000222981 0)
(0.00153672 0.000222894 0)
(0.00153117 0.000222189 0)
(0.00152507 0.000220933 0)
(0.00151839 0.000219194 0)
(0.0015111 0.000217039 0)
(0.00150324 0.000214525 0)
(0.00149484 0.000211703 0)
(0.00148597 0.000208617 0)
(0.00147671 0.00020533 0)
(0.0014671 0.000201892 0)
(0.00145724 0.000198336 0)
(0.00144717 0.000194658 0)
(0.00143695 0.000190847 0)
(0.00142661 0.000186882 0)
(0.00141616 0.000182741 0)
(0.00140558 0.000178395 0)
(0.00139488 0.000173824 0)
(0.00138402 0.000169017 0)
(0.00137301 0.000163976 0)
(0.00136185 0.000158717 0)
(0.00135057 0.00015325 0)
(0.00133915 0.000147591 0)
(0.00132757 0.000141759 0)
(0.00131584 0.000135788 0)
(0.00130399 0.000129723 0)
(0.00129209 0.00012362 0)
(0.00128019 0.000117532 0)
(0.00126837 0.000111509 0)
(0.00125669 0.000105598 0)
(0.00124517 9.98326e-05 0)
(0.00123387 9.42427e-05 0)
(0.00122281 8.88483e-05 0)
(0.00121204 8.36636e-05 0)
(0.00120159 7.86959e-05 0)
(0.00119149 7.3942e-05 0)
(0.00118178 6.93984e-05 0)
(0.00117248 6.50465e-05 0)
(0.00116364 6.08687e-05 0)
(0.00115527 5.6839e-05 0)
(0.00114742 5.2931e-05 0)
(0.00114015 4.91248e-05 0)
(0.00113344 4.53867e-05 0)
(0.00112726 4.16766e-05 0)
(0.00112163 3.79558e-05 0)
(0.00111655 3.41813e-05 0)
(0.00111202 3.03218e-05 0)
(0.00110807 2.63437e-05 0)
(0.00110467 2.22121e-05 0)
(0.00110183 1.79069e-05 0)
(0.0010995 1.34019e-05 0)
(0.00109765 8.68652e-06 0)
(0.00109631 3.76188e-06 0)
(0.00109528 -1.38165e-06 0)
(0.00109457 -6.69268e-06 0)
(0.00109438 -1.21484e-05 0)
(0.00109466 -1.77454e-05 0)
(0.00109523 -2.34713e-05 0)
(0.00109599 -2.92948e-05 0)
(0.00109693 -3.51709e-05 0)
(0.00109805 -4.10472e-05 0)
(0.0010993 -4.68697e-05 0)
(0.00110063 -5.25858e-05 0)
(0.001102 -5.81429e-05 0)
(0.00110339 -6.34871e-05 0)
(0.00110477 -6.85644e-05 0)
(0.00110611 -7.33247e-05 0)
(0.00110739 -7.77233e-05 0)
(0.00164189 8.96239e-05 0)
(0.0016364 9.91145e-05 0)
(0.00163147 0.000108871 0)
(0.00162652 0.00011881 0)
(0.00162123 0.000128759 0)
(0.00161549 0.000138552 0)
(0.00160934 0.000148061 0)
(0.00160289 0.000157202 0)
(0.00159626 0.000165927 0)
(0.00158956 0.000174203 0)
(0.00158288 0.000182001 0)
(0.00157627 0.000189293 0)
(0.00156978 0.000196046 0)
(0.00156344 0.000202234 0)
(0.00155727 0.00020783 0)
(0.00155129 0.000212813 0)
(0.00154551 0.000217165 0)
(0.00153996 0.000220875 0)
(0.00153464 0.000223936 0)
(0.00152955 0.000226348 0)
(0.00152469 0.000228117 0)
(0.00152003 0.00022926 0)
(0.00151553 0.000229802 0)
(0.00151116 0.000229773 0)
(0.00150689 0.000229215 0)
(0.00150266 0.000228176 0)
(0.00149845 0.000226712 0)
(0.00149424 0.000224884 0)
(0.00149003 0.000222756 0)
(0.00148583 0.000220381 0)
(0.00148167 0.000217807 0)
(0.00147757 0.000215063 0)
(0.00147355 0.000212172 0)
(0.00146961 0.000209139 0)
(0.00146576 0.000205957 0)
(0.00146199 0.000202609 0)
(0.00145827 0.000199069 0)
(0.00145459 0.000195316 0)
(0.0014509 0.000191332 0)
(0.00144718 0.000187102 0)
(0.0014434 0.000182625 0)
(0.00143956 0.000177905 0)
(0.00143563 0.000172956 0)
(0.0014316 0.000167793 0)
(0.00142746 0.000162442 0)
(0.0014232 0.000156938 0)
(0.00141879 0.00015133 0)
(0.00141426 0.000145664 0)
(0.00140962 0.000139983 0)
(0.00140488 0.000134319 0)
(0.00140008 0.000128696 0)
(0.00139524 0.000123131 0)
(0.00139037 0.000117637 0)
(0.0013855 0.000112223 0)
(0.00138064 0.000106897 0)
(0.00137582 0.000101663 0)
(0.00137106 9.65246e-05 0)
(0.00136639 9.14819e-05 0)
(0.00136182 8.6529e-05 0)
(0.00135738 8.16618e-05 0)
(0.00135309 7.68677e-05 0)
(0.00134897 7.21358e-05 0)
(0.00134505 6.74488e-05 0)
(0.00134134 6.27756e-05 0)
(0.00133784 5.80918e-05 0)
(0.00133455 5.3376e-05 0)
(0.00133149 4.86115e-05 0)
(0.00132864 4.37867e-05 0)
(0.00132603 3.88799e-05 0)
(0.00132364 3.38802e-05 0)
(0.00132147 2.87668e-05 0)
(0.0013195 2.35306e-05 0)
(0.00131769 1.81656e-05 0)
(0.00131607 1.26656e-05 0)
(0.00131455 7.04798e-06 0)
(0.00131316 1.30928e-06 0)
(0.00131192 -4.49038e-06 0)
(0.00131066 -1.03267e-05 0)
(0.00130934 -1.62129e-05 0)
(0.00130796 -2.21517e-05 0)
(0.00130652 -2.81102e-05 0)
(0.00130501 -3.40392e-05 0)
(0.0013034 -3.98909e-05 0)
(0.00130165 -4.56201e-05 0)
(0.00129974 -5.11821e-05 0)
(0.00129765 -5.65326e-05 0)
(0.00129538 -6.16275e-05 0)
(0.00129293 -6.64239e-05 0)
(0.0012903 -7.0881e-05 0)
(0.00128749 -7.49629e-05 0)
(0.00176145 9.69409e-05 0)
(0.00175499 0.000108921 0)
(0.001749 0.000120632 0)
(0.00174278 0.000132044 0)
(0.00173591 0.000143137 0)
(0.00172827 0.000153876 0)
(0.0017199 0.000164213 0)
(0.00171093 0.000174093 0)
(0.00170147 0.000183463 0)
(0.00169165 0.000192273 0)
(0.00168154 0.000200484 0)
(0.00167118 0.000208061 0)
(0.00166061 0.000214973 0)
(0.00164987 0.000221195 0)
(0.001639 0.000226709 0)
(0.00162804 0.000231499 0)
(0.00161703 0.000235558 0)
(0.00160602 0.000238884 0)
(0.00159507 0.000241484 0)
(0.00158424 0.000243368 0)
(0.00157355 0.000244554 0)
(0.00156306 0.000245068 0)
(0.00155279 0.00024494 0)
(0.00154278 0.000244211 0)
(0.00153305 0.000242928 0)
(0.00152362 0.000241143 0)
(0.00151453 0.000238916 0)
(0.0015058 0.000236308 0)
(0.00149747 0.000233379 0)
(0.00148957 0.000230185 0)
(0.00148212 0.000226771 0)
(0.00147514 0.00022317 0)
(0.00146864 0.000219404 0)
(0.00146262 0.000215486 0)
(0.00145707 0.000211423 0)
(0.00145198 0.000207218 0)
(0.00144735 0.000202873 0)
(0.00144313 0.000198385 0)
(0.00143929 0.000193759 0)
(0.00143581 0.000189005 0)
(0.00143266 0.00018413 0)
(0.0014298 0.000179145 0)
(0.0014272 0.000174059 0)
(0.00142484 0.000168883 0)
(0.00142268 0.00016363 0)
(0.00142069 0.000158316 0)
(0.00141883 0.00015296 0)
(0.00141709 0.00014758 0)
(0.00141542 0.000142193 0)
(0.00141381 0.000136813 0)
(0.00141225 0.000131448 0)
(0.00141072 0.000126108 0)
(0.00140922 0.000120796 0)
(0.00140774 0.000115521 0)
(0.00140629 0.000110287 0)
(0.00140487 0.000105099 0)
(0.00140349 9.9961e-05 0)
(0.00140215 9.4876e-05 0)
(0.00140086 8.9844e-05 0)
(0.00139962 8.48619e-05 0)
(0.00139844 7.99264e-05 0)
(0.00139732 7.50286e-05 0)
(0.00139628 7.01594e-05 0)
(0.00139529 6.53074e-05 0)
(0.00139438 6.04583e-05 0)
(0.00139353 5.56051e-05 0)
(0.00139274 5.07333e-05 0)
(0.001392 4.58335e-05 0)
(0.0013913 4.08938e-05 0)
(0.00139062 3.58954e-05 0)
(0.00138995 3.08363e-05 0)
(0.00138927 2.56969e-05 0)
(0.00138856 2.04796e-05 0)
(0.0013878 1.51834e-05 0)
(0.00138697 9.79848e-06 0)
(0.00138603 4.35401e-06 0)
(0.00138499 -1.18103e-06 0)
(0.00138383 -6.7733e-06 0)
(0.00138246 -1.23778e-05 0)
(0.00138082 -1.79637e-05 0)
(0.00137894 -2.35062e-05 0)
(0.00137684 -2.89776e-05 0)
(0.00137452 -3.43445e-05 0)
(0.00137196 -3.95696e-05 0)
(0.00136914 -4.46143e-05 0)
(0.00136607 -4.94414e-05 0)
(0.00136275 -5.40159e-05 0)
(0.00135921 -5.83049e-05 0)
(0.00135546 -6.22779e-05 0)
(0.00135151 -6.59073e-05 0)
(0.00178804 0.000106186 0)
(0.00178438 0.000119389 0)
(0.0017813 0.000132279 0)
(0.00177838 0.000144787 0)
(0.00177523 0.000156906 0)
(0.00177162 0.000168634 0)
(0.00176748 0.000179953 0)
(0.00176281 0.000190825 0)
(0.00175767 0.0002012 0)
(0.0017521 0.00021102 0)
(0.00174613 0.000220232 0)
(0.00173977 0.000228783 0)
(0.00173301 0.00023663 0)
(0.00172583 0.000243735 0)
(0.00171823 0.000250067 0)
(0.0017102 0.000255603 0)
(0.00170175 0.000260325 0)
(0.00169291 0.000264225 0)
(0.0016837 0.0002673 0)
(0.00167414 0.000269558 0)
(0.00166428 0.000271012 0)
(0.00165415 0.000271683 0)
(0.00164379 0.000271601 0)
(0.00163325 0.000270805 0)
(0.00162257 0.000269336 0)
(0.00161181 0.000267247 0)
(0.00160103 0.000264591 0)
(0.00159028 0.000261423 0)
(0.00157962 0.000257801 0)
(0.00156911 0.000253776 0)
(0.0015588 0.000249398 0)
(0.00154874 0.00024471 0)
(0.00153896 0.00023975 0)
(0.00152952 0.000234554 0)
(0.00152045 0.000229152 0)
(0.00151178 0.000223574 0)
(0.00150353 0.000217848 0)
(0.00149573 0.000211999 0)
(0.00148838 0.000206052 0)
(0.00148149 0.000200033 0)
(0.00147506 0.000193964 0)
(0.00146908 0.000187863 0)
(0.00146354 0.000181746 0)
(0.00145842 0.000175626 0)
(0.00145372 0.000169515 0)
(0.00144939 0.000163422 0)
(0.00144542 0.000157357 0)
(0.00144179 0.000151329 0)
(0.00143847 0.000145346 0)
(0.00143543 0.000139417 0)
(0.00143266 0.000133551 0)
(0.00143014 0.000127757 0)
(0.00142784 0.00012204 0)
(0.00142577 0.000116407 0)
(0.00142391 0.000110861 0)
(0.00142224 0.000105405 0)
(0.00142075 0.000100038 0)
(0.00141944 9.47589e-05 0)
(0.0014183 8.95628e-05 0)
(0.0014173 8.4444e-05 0)
(0.00141645 7.93951e-05 0)
(0.00141573 7.44066e-05 0)
(0.00141513 6.94688e-05 0)
(0.00141465 6.457e-05 0)
(0.00141426 5.96993e-05 0)
(0.00141395 5.48441e-05 0)
(0.00141372 4.99933e-05 0)
(0.00141353 4.51357e-05 0)
(0.00141338 4.02607e-05 0)
(0.00141324 3.53615e-05 0)
(0.0014131 3.04286e-05 0)
(0.00141293 2.54618e-05 0)
(0.00141273 2.04562e-05 0)
(0.00141245 1.54142e-05 0)
(0.00141208 1.03424e-05 0)
(0.00141161 5.23738e-06 0)
(0.00141101 1.18636e-07 0)
(0.0014103 -5.02299e-06 0)
(0.00140942 -1.01861e-05 0)
(0.00140833 -1.53289e-05 0)
(0.00140704 -2.04023e-05 0)
(0.00140555 -2.53718e-05 0)
(0.00140386 -3.02152e-05 0)
(0.00140198 -3.49113e-05 0)
(0.00139988 -3.94337e-05 0)
(0.00139758 -4.37525e-05 0)
(0.00139509 -4.78391e-05 0)
(0.00139242 -5.16682e-05 0)
(0.00138959 -5.52174e-05 0)
(0.00138662 -5.84665e-05 0)
(0.00159656 0.000109669 0)
(0.00159865 0.00012218 0)
(0.00160168 0.00013472 0)
(0.0016053 0.000147145 0)
(0.00160914 0.000159359 0)
(0.00161297 0.000171298 0)
(0.00161669 0.000182921 0)
(0.00162024 0.00019419 0)
(0.00162366 0.000205061 0)
(0.00162692 0.000215482 0)
(0.00163003 0.000225394 0)
(0.00163294 0.00023474 0)
(0.00163561 0.000243462 0)
(0.00163799 0.000251509 0)
(0.00164 0.000258839 0)
(0.00164162 0.000265417 0)
(0.0016428 0.000271214 0)
(0.00164352 0.00027621 0)
(0.00164374 0.000280391 0)
(0.00164346 0.000283751 0)
(0.00164266 0.00028629 0)
(0.00164134 0.000288017 0)
(0.00163951 0.000288948 0)
(0.00163716 0.000289108 0)
(0.00163432 0.000288527 0)
(0.001631 0.000287241 0)
(0.00162724 0.000285291 0)
(0.00162307 0.000282719 0)
(0.00161853 0.000279568 0)
(0.00161366 0.000275881 0)
(0.0016085 0.000271701 0)
(0.0016031 0.000267072 0)
(0.00159749 0.000262039 0)
(0.00159172 0.000256645 0)
(0.00158585 0.000250935 0)
(0.00157991 0.000244948 0)
(0.00157396 0.000238725 0)
(0.00156804 0.000232303 0)
(0.00156218 0.000225717 0)
(0.00155642 0.000218999 0)
(0.00155077 0.00021218 0)
(0.00154528 0.000205287 0)
(0.00153994 0.000198346 0)
(0.00153479 0.000191379 0)
(0.00152982 0.000184407 0)
(0.00152506 0.000177449 0)
(0.0015205 0.000170524 0)
(0.00151616 0.000163648 0)
(0.00151203 0.000156837 0)
(0.00150811 0.000150105 0)
(0.00150442 0.000143465 0)
(0.00150094 0.000136927 0)
(0.00149768 0.000130499 0)
(0.00149464 0.000124188 0)
(0.00149181 0.000117996 0)
(0.00148918 0.000111924 0)
(0.00148677 0.000105971 0)
(0.00148455 0.000100134 0)
(0.00148252 9.4407e-05 0)
(0.00148067 8.87847e-05 0)
(0.001479 8.32594e-05 0)
(0.0014775 7.78233e-05 0)
(0.00147615 7.24667e-05 0)
(0.00147495 6.71809e-05 0)
(0.00147389 6.19554e-05 0)
(0.00147294 5.67809e-05 0)
(0.00147211 5.16484e-05 0)
(0.00147136 4.65491e-05 0)
(0.0014707 4.14772e-05 0)
(0.0014701 3.64256e-05 0)
(0.00146954 3.13911e-05 0)
(0.00146901 2.63705e-05 0)
(0.00146849 2.13624e-05 0)
(0.00146796 1.6369e-05 0)
(0.0014674 1.13917e-05 0)
(0.00146678 6.43718e-06 0)
(0.00146609 1.51152e-06 0)
(0.00146527 -3.37812e-06 0)
(0.00146432 -8.22465e-06 0)
(0.0014633 -1.30141e-05 0)
(0.00146221 -1.77213e-05 0)
(0.001461 -2.232e-05 0)
(0.00145966 -2.67883e-05 0)
(0.00145817 -3.1107e-05 0)
(0.00145653 -3.52559e-05 0)
(0.00145474 -3.92137e-05 0)
(0.00145282 -4.29591e-05 0)
(0.00145076 -4.64729e-05 0)
(0.00144858 -4.97374e-05 0)
(0.00144628 -5.27361e-05 0)
(0.00124441 9.87074e-05 0)
(0.00125156 0.00011014 0)
(0.00125996 0.000121821 0)
(0.00126918 0.000133538 0)
(0.00127889 0.000145139 0)
(0.00128893 0.000156542 0)
(0.00129923 0.000167707 0)
(0.00130978 0.000178611 0)
(0.0013206 0.000189224 0)
(0.00133167 0.000199506 0)
(0.00134296 0.000209403 0)
(0.00135442 0.000218858 0)
(0.00136599 0.000227813 0)
(0.00137759 0.000236218 0)
(0.00138915 0.000244027 0)
(0.00140062 0.000251201 0)
(0.00141193 0.000257709 0)
(0.00142301 0.000263523 0)
(0.00143381 0.000268622 0)
(0.00144429 0.00027299 0)
(0.00145439 0.000276617 0)
(0.00146407 0.000279499 0)
(0.0014733 0.000281639 0)
(0.00148204 0.000283044 0)
(0.00149027 0.000283727 0)
(0.00149797 0.000283709 0)
(0.00150512 0.000283011 0)
(0.00151171 0.000281661 0)
(0.00151773 0.000279687 0)
(0.0015232 0.00027712 0)
(0.00152812 0.000273995 0)
(0.0015325 0.000270349 0)
(0.00153638 0.000266224 0)
(0.00153977 0.00026166 0)
(0.00154269 0.000256699 0)
(0.00154519 0.000251382 0)
(0.00154729 0.000245747 0)
(0.00154902 0.000239832 0)
(0.00155041 0.00023367 0)
(0.00155148 0.000227297 0)
(0.00155226 0.000220744 0)
(0.00155278 0.000214043 0)
(0.00155306 0.000207223 0)
(0.00155313 0.000200314 0)
(0.00155302 0.000193343 0)
(0.00155274 0.000186335 0)
(0.00155231 0.000179315 0)
(0.00155177 0.000172305 0)
(0.00155112 0.000165325 0)
(0.00155039 0.000158392 0)
(0.00154959 0.000151524 0)
(0.00154874 0.000144732 0)
(0.00154785 0.000138028 0)
(0.00154693 0.00013142 0)
(0.00154601 0.000124914 0)
(0.00154507 0.000118515 0)
(0.00154414 0.000112224 0)
(0.00154322 0.000106041 0)
(0.00154232 9.99661e-05 0)
(0.00154145 9.39967e-05 0)
(0.00154059 8.81291e-05 0)
(0.00153976 8.23589e-05 0)
(0.00153896 7.6681e-05 0)
(0.00153819 7.10886e-05 0)
(0.00153744 6.55766e-05 0)
(0.00153671 6.0137e-05 0)
(0.00153599 5.47653e-05 0)
(0.00153527 4.94541e-05 0)
(0.00153456 4.41989e-05 0)
(0.00153384 3.89959e-05 0)
(0.00153309 3.38392e-05 0)
(0.00153231 2.87307e-05 0)
(0.00153149 2.36636e-05 0)
(0.00153061 1.86452e-05 0)
(0.00152966 1.36734e-05 0)
(0.00152862 8.75556e-06 0)
(0.00152748 3.90516e-06 0)
(0.00152624 -8.74822e-07 0)
(0.00152488 -5.54385e-06 0)
(0.00152338 -1.00971e-05 0)
(0.00152176 -1.45428e-05 0)
(0.00152002 -1.88776e-05 0)
(0.00151815 -2.30838e-05 0)
(0.00151613 -2.71378e-05 0)
(0.00151396 -3.10178e-05 0)
(0.00151163 -3.47067e-05 0)
(0.00150915 -3.819e-05 0)
(0.00150653 -4.14532e-05 0)
(0.00150376 -4.44815e-05 0)
(0.00150086 -4.72608e-05 0)
(0.000834455 7.71813e-05 0)
(0.000844428 8.78653e-05 0)
(0.000855607 9.86664e-05 0)
(0.000867479 0.000109378 0)
(0.000879877 0.000119907 0)
(0.000892793 0.000130234 0)
(0.000906276 0.000140364 0)
(0.000920363 0.000150298 0)
(0.000935063 0.000160014 0)
(0.000950361 0.000169478 0)
(0.000966218 0.000178642 0)
(0.000982589 0.000187459 0)
(0.000999419 0.000195885 0)
(0.00101665 0.000203877 0)
(0.00103423 0.0002114 0)
(0.00105208 0.000218419 0)
(0.00107015 0.000224905 0)
(0.00108837 0.000230832 0)
(0.00110668 0.000236177 0)
(0.001125 0.000240919 0)
(0.00114326 0.000245044 0)
(0.00116142 0.000248541 0)
(0.00117939 0.000251402 0)
(0.00119712 0.000253625 0)
(0.00121455 0.000255211 0)
(0.00123163 0.000256167 0)
(0.00124831 0.000256503 0)
(0.00126455 0.000256234 0)
(0.00128032 0.000255381 0)
(0.00129557 0.000253968 0)
(0.0013103 0.000252024 0)
(0.00132449 0.000249579 0)
(0.00133812 0.000246662 0)
(0.00135119 0.000243306 0)
(0.00136369 0.00023954 0)
(0.00137562 0.000235398 0)
(0.00138697 0.000230908 0)
(0.00139777 0.000226102 0)
(0.001408 0.00022101 0)
(0.00141769 0.000215663 0)
(0.00142684 0.000210091 0)
(0.00143546 0.000204323 0)
(0.00144356 0.00019839 0)
(0.00145117 0.00019232 0)
(0.00145831 0.000186139 0)
(0.00146498 0.000179874 0)
(0.0014712 0.000173548 0)
(0.001477 0.000167184 0)
(0.00148239 0.000160803 0)
(0.0014874 0.000154423 0)
(0.00149203 0.000148061 0)
(0.00149631 0.000141732 0)
(0.00150026 0.000135448 0)
(0.00150389 0.000129221 0)
(0.00150722 0.000123058 0)
(0.00151027 0.000116969 0)
(0.00151305 0.000110957 0)
(0.00151557 0.000105027 0)
(0.00151786 9.91817e-05 0)
(0.00151991 9.3422e-05 0)
(0.00152174 8.77482e-05 0)
(0.00152337 8.21587e-05 0)
(0.00152479 7.6652e-05 0)
(0.00152602 7.12253e-05 0)
(0.00152705 6.58752e-05 0)
(0.0015279 6.05993e-05 0)
(0.00152856 5.53927e-05 0)
(0.00152904 5.02541e-05 0)
(0.00152933 4.51792e-05 0)
(0.00152944 4.01668e-05 0)
(0.00152935 3.52162e-05 0)
(0.00152908 3.0325e-05 0)
(0.00152861 2.54985e-05 0)
(0.00152794 2.07339e-05 0)
(0.00152706 1.60414e-05 0)
(0.00152599 1.14225e-05 0)
(0.00152469 6.88569e-06 0)
(0.00152319 2.44463e-06 0)
(0.00152148 -1.89976e-06 0)
(0.00151952 -6.11849e-06 0)
(0.0015173 -1.0199e-05 0)
(0.00151485 -1.41471e-05 0)
(0.0015122 -1.79602e-05 0)
(0.00150933 -2.16226e-05 0)
(0.00150625 -2.51156e-05 0)
(0.00150294 -2.84251e-05 0)
(0.00149942 -3.15391e-05 0)
(0.00149569 -3.44451e-05 0)
(0.00149177 -3.71309e-05 0)
(0.00148768 -3.95855e-05 0)
(0.000415361 5.49013e-05 0)
(0.000425742 6.47048e-05 0)
(0.000436974 7.38284e-05 0)
(0.000448914 8.27414e-05 0)
(0.000461576 9.14438e-05 0)
(0.00047505 9.99815e-05 0)
(0.000489379 0.000108402 0)
(0.000504575 0.000116693 0)
(0.000520621 0.000124828 0)
(0.000537496 0.000132766 0)
(0.000555175 0.000140472 0)
(0.000573628 0.000147914 0)
(0.000592819 0.000155062 0)
(0.000612703 0.000161891 0)
(0.000633231 0.000168374 0)
(0.000654348 0.000174486 0)
(0.000675994 0.000180202 0)
(0.000698106 0.000185499 0)
(0.000720617 0.000190356 0)
(0.000743457 0.000194752 0)
(0.000766556 0.000198672 0)
(0.000789841 0.000202103 0)
(0.000813242 0.000205032 0)
(0.000836684 0.000207455 0)
(0.000860098 0.000209369 0)
(0.000883418 0.000210778 0)
(0.00090658 0.000211689 0)
(0.000929523 0.00021211 0)
(0.000952188 0.000212056 0)
(0.000974525 0.000211544 0)
(0.000996484 0.000210591 0)
(0.00101802 0.000209215 0)
(0.0010391 0.000207435 0)
(0.00105968 0.000205271 0)
(0.00107972 0.000202744 0)
(0.00109921 0.000199875 0)
(0.00111812 0.000196687 0)
(0.00113643 0.000193202 0)
(0.00115412 0.000189444 0)
(0.00117119 0.000185438 0)
(0.00118763 0.000181207 0)
(0.00120342 0.000176776 0)
(0.00121857 0.000172169 0)
(0.00123308 0.000167408 0)
(0.00124695 0.000162517 0)
(0.00126019 0.000157517 0)
(0.00127279 0.000152429 0)
(0.00128478 0.000147271 0)
(0.00129615 0.000142063 0)
(0.00130693 0.000136822 0)
(0.00131712 0.000131561 0)
(0.00132673 0.000126296 0)
(0.00133579 0.000121039 0)
(0.0013443 0.000115802 0)
(0.00135228 0.000110593 0)
(0.00135975 0.000105421 0)
(0.00136671 0.000100294 0)
(0.00137319 9.52153e-05 0)
(0.0013792 9.01907e-05 0)
(0.00138475 8.52227e-05 0)
(0.00138985 8.03137e-05 0)
(0.00139452 7.54649e-05 0)
(0.00139876 7.06766e-05 0)
(0.00140259 6.59495e-05 0)
(0.00140601 6.12822e-05 0)
(0.00140904 5.66754e-05 0)
(0.00141167 5.21274e-05 0)
(0.00141391 4.76384e-05 0)
(0.00141578 4.32084e-05 0)
(0.00141726 3.88364e-05 0)
(0.00141838 3.45256e-05 0)
(0.00141912 3.02744e-05 0)
(0.00141949 2.60879e-05 0)
(0.0014195 2.19675e-05 0)
(0.00141915 1.79159e-05 0)
(0.00141843 1.39425e-05 0)
(0.00141736 1.0044e-05 0)
(0.00141593 6.23665e-06 0)
(0.00141416 2.51694e-06 0)
(0.00141208 -1.10455e-06 0)
(0.00140963 -4.60659e-06 0)
(0.0014068 -7.9714e-06 0)
(0.00140363 -1.11974e-05 0)
(0.00140015 -1.42745e-05 0)
(0.00139638 -1.7197e-05 0)
(0.00139231 -1.99575e-05 0)
(0.00138795 -2.25457e-05 0)
(0.00138333 -2.4951e-05 0)
(0.00137846 -2.71656e-05 0)
(0.00137337 -2.91818e-05 0)
(-1.46916e-05 3.59733e-05 0)
(-2.49356e-06 4.30387e-05 0)
(5.77125e-06 4.96457e-05 0)
(1.76081e-05 5.63094e-05 0)
(2.98629e-05 6.29144e-05 0)
(4.3103e-05 6.95046e-05 0)
(5.75646e-05 7.59499e-05 0)
(7.30397e-05 8.22455e-05 0)
(8.96052e-05 8.83535e-05 0)
(0.000107198 9.42779e-05 0)
(0.000125816 0.000100008 0)
(0.000145418 0.000105538 0)
(0.00016597 0.000110857 0)
(0.000187425 0.000115953 0)
(0.000209736 0.000120809 0)
(0.000232848 0.000125412 0)
(0.000256702 0.000129745 0)
(0.000281238 0.000133793 0)
(0.000306387 0.000137541 0)
(0.000332085 0.000140981 0)
(0.00035825 0.000144089 0)
(0.000384824 0.000146872 0)
(0.000411721 0.000149315 0)
(0.000438861 0.000151401 0)
(0.000466181 0.000153136 0)
(0.000493605 0.000154523 0)
(0.00052106 0.000155565 0)
(0.000548471 0.000156267 0)
(0.000575772 0.000156633 0)
(0.000602894 0.000156672 0)
(0.000629774 0.000156393 0)
(0.00065635 0.000155805 0)
(0.000682566 0.000154917 0)
(0.000708366 0.000153738 0)
(0.000733708 0.000152279 0)
(0.000758545 0.000150556 0)
(0.000782835 0.000148584 0)
(0.000806546 0.00014638 0)
(0.000829645 0.000143959 0)
(0.000852107 0.000141337 0)
(0.000873907 0.00013853 0)
(0.000895025 0.000135555 0)
(0.000915444 0.000132427 0)
(0.000935153 0.000129163 0)
(0.000954139 0.000125778 0)
(0.000972397 0.000122288 0)
(0.000989921 0.000118708 0)
(0.00100671 0.000115052 0)
(0.00102277 0.000111334 0)
(0.00103809 0.000107566 0)
(0.00105269 0.000103762 0)
(0.00106657 9.9931e-05 0)
(0.00107974 9.60846e-05 0)
(0.00109221 9.22318e-05 0)
(0.00110399 8.83807e-05 0)
(0.00111509 8.45387e-05 0)
(0.00112552 8.07123e-05 0)
(0.0011353 7.69068e-05 0)
(0.00114443 7.3127e-05 0)
(0.00115294 6.93769e-05 0)
(0.00116082 6.56595e-05 0)
(0.0011681 6.19776e-05 0)
(0.00117478 5.83332e-05 0)
(0.00118088 5.47283e-05 0)
(0.00118641 5.11642e-05 0)
(0.00119138 4.7642e-05 0)
(0.00119579 4.41635e-05 0)
(0.00119966 4.0729e-05 0)
(0.00120299 3.73408e-05 0)
(0.0012058 3.39998e-05 0)
(0.00120809 3.07076e-05 0)
(0.00120987 2.74677e-05 0)
(0.00121115 2.42802e-05 0)
(0.00121193 2.11512e-05 0)
(0.00121223 1.80816e-05 0)
(0.00121205 1.50758e-05 0)
(0.0012114 1.21412e-05 0)
(0.0012103 9.27509e-06 0)
(0.00120875 6.49207e-06 0)
(0.00120677 3.78372e-06 0)
(0.00120438 1.15211e-06 0)
(0.00120157 -1.38085e-06 0)
(0.00119836 -3.79951e-06 0)
(0.0011948 -6.11049e-06 0)
(0.00119087 -8.30839e-06 0)
(0.00118659 -1.03812e-05 0)
(0.00118199 -1.23184e-05 0)
(0.00117711 -1.41094e-05 0)
(0.00117196 -1.57549e-05 0)
(0.00116657 -1.72525e-05 0)
(-0.000442376 2.06091e-05 0)
(-0.000429822 2.32887e-05 0)
(-0.000424723 2.82939e-05 0)
(-0.000412921 3.15063e-05 0)
(-0.000402892 3.58144e-05 0)
(-0.000389717 3.93625e-05 0)
(-0.000376196 4.32291e-05 0)
(-0.000360834 4.67708e-05 0)
(-0.000344478 5.03437e-05 0)
(-0.000326739 5.37506e-05 0)
(-0.000307872 5.70835e-05 0)
(-0.000287811 6.02971e-05 0)
(-0.000266655 6.34008e-05 0)
(-0.000244424 6.63884e-05 0)
(-0.000221187 6.92502e-05 0)
(-0.000196991 7.19849e-05 0)
(-0.000171902 7.45814e-05 0)
(-0.000145982 7.70364e-05 0)
(-0.000119299 7.93408e-05 0)
(-9.19241e-05 8.14904e-05 0)
(-6.39394e-05 8.34774e-05 0)
(-3.54236e-05 8.5299e-05 0)
(-6.42005e-06 8.69446e-05 0)
(2.3014e-05 8.84103e-05 0)
(5.27499e-05 8.96931e-05 0)
(8.26959e-05 9.07918e-05 0)
(0.000112788 9.1706e-05 0)
(0.000142953 9.24353e-05 0)
(0.000173116 9.2979e-05 0)
(0.0002032 9.33363e-05 0)
(0.000233146 9.351e-05 0)
(0.000262874 9.34998e-05 0)
(0.000292291 9.33038e-05 0)
(0.000321352 9.29395e-05 0)
(0.00035002 9.24134e-05 0)
(0.000378243 9.17339e-05 0)
(0.000405971 9.09098e-05 0)
(0.000433155 8.99483e-05 0)
(0.000459752 8.88551e-05 0)
(0.000485722 8.76358e-05 0)
(0.000511033 8.62956e-05 0)
(0.000535654 8.48387e-05 0)
(0.000559562 8.3275e-05 0)
(0.000582736 8.16151e-05 0)
(0.000605157 7.98679e-05 0)
(0.000626813 7.8042e-05 0)
(0.000647692 7.61454e-05 0)
(0.000667786 7.41863e-05 0)
(0.000687092 7.21724e-05 0)
(0.000705608 7.01112e-05 0)
(0.000723334 6.801e-05 0)
(0.000740273 6.58756e-05 0)
(0.000756431 6.37144e-05 0)
(0.000771814 6.15322e-05 0)
(0.00078643 5.93344e-05 0)
(0.000800289 5.71256e-05 0)
(0.000813401 5.491e-05 0)
(0.000825777 5.26915e-05 0)
(0.00083743 5.04735e-05 0)
(0.000848373 4.82591e-05 0)
(0.000858618 4.60513e-05 0)
(0.000868178 4.38529e-05 0)
(0.000877066 4.16659e-05 0)
(0.000885297 3.94928e-05 0)
(0.000892882 3.73352e-05 0)
(0.000899834 3.51951e-05 0)
(0.000906167 3.3074e-05 0)
(0.000911892 3.09734e-05 0)
(0.000917022 2.88954e-05 0)
(0.00092157 2.6841e-05 0)
(0.000925547 2.48125e-05 0)
(0.000928966 2.28117e-05 0)
(0.000931839 2.08401e-05 0)
(0.000934179 1.89012e-05 0)
(0.000935999 1.69963e-05 0)
(0.000937312 1.51279e-05 0)
(0.000938132 1.33007e-05 0)
(0.000938474 1.15151e-05 0)
(0.000938352 9.7733e-06 0)
(0.000937781 8.08293e-06 0)
(0.00093678 6.4382e-06 0)
(0.000935359 4.84232e-06 0)
(0.000933522 3.3051e-06 0)
(0.000931307 1.81929e-06 0)
(0.000928769 3.90145e-07 0)
(0.000925932 -9.69492e-07 0)
(0.000922819 -2.25436e-06 0)
(0.00091943 -3.46857e-06 0)
(0.000915777 -4.60539e-06 0)
(0.000911909 -5.66067e-06 0)
(-0.000756784 8.11274e-06 0)
(-0.000748567 8.7896e-06 0)
(-0.00074334 9.59043e-06 0)
(-0.000733233 1.02242e-05 0)
(-0.000724299 1.0979e-05 0)
(-0.00071193 1.15767e-05 0)
(-0.000699656 1.22581e-05 0)
(-0.000684828 1.28276e-05 0)
(-0.000669488 1.34423e-05 0)
(-0.000652158 1.3991e-05 0)
(-0.000634009 1.45617e-05 0)
(-0.000614243 1.51019e-05 0)
(-0.00059353 1.56544e-05 0)
(-0.000571465 1.61979e-05 0)
(-0.000548436 1.67504e-05 0)
(-0.000524263 1.73047e-05 0)
(-0.000499178 1.78669e-05 0)
(-0.000473129 1.84365e-05 0)
(-0.000446266 1.90157e-05 0)
(-0.000418605 1.96056e-05 0)
(-0.00039026 2.02037e-05 0)
(-0.000361281 2.0805e-05 0)
(-0.00033176 2.14011e-05 0)
(-0.000301772 2.19918e-05 0)
(-0.000271402 2.25797e-05 0)
(-0.000240729 2.31537e-05 0)
(-0.000209835 2.37128e-05 0)
(-0.000178796 2.42529e-05 0)
(-0.000147687 2.47698e-05 0)
(-0.000116575 2.52622e-05 2.79683e-38)
(-8.55186e-05 2.5734e-05 0)
(-5.45801e-05 2.61921e-05 0)
(-2.38256e-05 2.66382e-05 0)
(6.6606e-06 2.707e-05 0)
(3.68081e-05 2.74744e-05 0)
(6.65771e-05 2.78449e-05 0)
(9.59081e-05 2.81772e-05 0)
(0.000124751 2.84673e-05 0)
(0.000153064 2.87122e-05 0)
(0.000180807 2.89096e-05 0)
(0.000207942 2.90581e-05 0)
(0.000234444 2.91587e-05 0)
(0.000260297 2.92086e-05 0)
(0.000285474 2.92053e-05 0)
(0.000309952 2.91478e-05 0)
(0.000333714 2.90365e-05 0)
(0.000356748 2.88719e-05 0)
(0.000379044 2.86554e-05 0)
(0.000400595 2.83885e-05 0)
(0.000421398 2.8073e-05 0)
(0.000441451 2.7711e-05 0)
(0.000460755 2.73045e-05 0)
(0.000479313 2.68559e-05 0)
(0.000497129 2.63678e-05 0)
(0.00051421 2.58425e-05 0)
(0.000530563 2.52827e-05 0)
(0.000546197 2.4691e-05 -7.03545e-39)
(0.00056112 2.407e-05 0)
(0.000575345 2.3422e-05 0)
(0.000588882 2.27495e-05 0)
(0.000601742 2.20546e-05 0)
(0.000613937 2.13394e-05 0)
(0.000625477 2.0606e-05 8.01189e-39)
(0.000636376 1.98563e-05 0)
(0.000646643 1.90923e-05 0)
(0.00065629 1.83157e-05 -8.4523e-39)
(0.000665328 1.75285e-05 0)
(0.000673769 1.67322e-05 -8.70667e-39)
(0.000681623 1.59288e-05 0)
(0.000688902 1.51197e-05 0)
(0.000695615 1.43065e-05 9.01349e-39)
(0.000701775 1.34913e-05 0)
(0.000707392 1.26748e-05 0)
(0.000712477 1.18592e-05 0)
(0.000717042 1.10463e-05 0)
(0.0007211 1.02362e-05 0)
(0.000724662 9.43156e-06 9.31089e-39)
(0.000727742 8.63469e-06 0)
(0.000730354 7.84423e-06 0)
(0.000732513 7.06329e-06 0)
(0.000734234 6.29727e-06 0)
(0.000735532 5.54136e-06 0)
(0.000736426 4.79881e-06 0)
(0.000736936 4.08341e-06 0)
(0.00073708 3.39268e-06 0)
(0.000736871 2.71126e-06 0)
(0.000736324 2.03392e-06 0)
(0.000735484 1.36537e-06 8.72798e-39)
(0.00073439 7.17687e-07 0)
(0.000733057 9.27626e-08 0)
(-0.00074954 -2.77961e-06 0)
(-0.000740928 -5.1401e-06 0)
(-0.0007354 -7.75112e-06 0)
(-0.000725071 -1.02078e-05 0)
(-0.000715933 -1.28933e-05 0)
(-0.000703409 -1.54082e-05 0)
(-0.00069099 -1.80419e-05 0)
(-0.000676098 -2.05226e-05 0)
(-0.000660723 -2.30253e-05 0)
(-0.00064344 -2.53893e-05 0)
(-0.000625378 -2.77052e-05 0)
(-0.000605778 -2.98854e-05 0)
(-0.000585279 -3.19681e-05 0)
(-0.000563502 -3.39091e-05 0)
(-0.000540815 -3.57187e-05 0)
(-0.000517052 -3.73757e-05 0)
(-0.000492436 -3.88784e-05 0)
(-0.000466918 -4.02157e-05 0)
(-0.000440645 -4.13812e-05 0)
(-0.000413633 -4.23685e-05 0)
(-0.000385989 -4.3173e-05 0)
(-0.000357763 -4.3796e-05 0)
(-0.000329042 -4.42409e-05 0)
(-0.000299897 -4.45023e-05 0)
(-0.000270407 -4.45897e-05 0)
(-0.000240644 -4.45043e-05 0)
(-0.00021068 -4.42578e-05 0)
(-0.000180589 -4.38552e-05 0)
(-0.000150435 -4.33065e-05 0)
(-0.000120275 -4.26222e-05 -2.79683e-38)
(-9.01652e-05 -4.18131e-05 0)
(-6.01786e-05 -4.08899e-05 0)
(-3.03705e-05 -3.98702e-05 0)
(-8.13766e-07 -3.87711e-05 0)
(2.8431e-05 -3.75966e-05 0)
(5.73259e-05 -3.63617e-05 0)
(8.58248e-05 -3.50772e-05 0)
(0.000113884 -3.37528e-05 0)
(0.000141465 -3.23978e-05 0)
(0.000168535 -3.10208e-05 0)
(0.000195068 -2.96297e-05 0)
(0.000221032 -2.82307e-05 0)
(0.000246393 -2.68333e-05 0)
(0.000271135 -2.54472e-05 0)
(0.000295246 -2.40801e-05 0)
(0.000318712 -2.27384e-05 0)
(0.000341523 -2.14275e-05 0)
(0.000363671 -2.0152e-05 0)
(0.000385149 -1.89157e-05 0)
(0.000405955 -1.77216e-05 0)
(0.000426086 -1.65721e-05 0)
(0.000445542 -1.54691e-05 0)
(0.000464323 -1.44136e-05 0)
(0.000482434 -1.34064e-05 0)
(0.000499876 -1.24475e-05 0)
(0.000516657 -1.15366e-05 0)
(0.000532779 -1.06728e-05 7.03545e-39)
(0.00054825 -9.85509e-06 0)
(0.000563074 -9.08202e-06 0)
(0.000577259 -8.35205e-06 0)
(0.00059081 -7.66346e-06 0)
(0.000603735 -7.01439e-06 0)
(0.00061604 -6.40282e-06 -8.01189e-39)
(0.000627733 -5.8267e-06 0)
(0.000638819 -5.28394e-06 0)
(0.000649305 -4.77244e-06 8.4523e-39)
(0.000659198 -4.29019e-06 0)
(0.000668504 -3.83528e-06 8.70667e-39)
(0.00067723 -3.40585e-06 0)
(0.000685383 -3.00036e-06 0)
(0.000692967 -2.61723e-06 -9.01349e-39)
(0.000699991 -2.25519e-06 0)
(0.000706462 -1.91338e-06 0)
(0.000712386 -1.59061e-06 0)
(0.000717773 -1.28647e-06 0)
(0.000722631 -1.0006e-06 0)
(0.000726969 -7.32765e-07 -9.31089e-39)
(0.000730797 -4.82474e-07 0)
(0.000734128 -2.51472e-07 0)
(0.000736972 -3.90843e-08 0)
(0.000739341 1.53788e-07 0)
(0.000741251 3.24595e-07 0)
(0.000742705 4.72795e-07 0)
(0.00074373 5.99302e-07 0)
(0.000744361 6.98743e-07 0)
(0.000744615 7.69629e-07 0)
(0.000744508 8.15305e-07 0)
(0.000744058 8.42625e-07 -8.72798e-39)
(0.000743285 8.45693e-07 0)
(-0.000424979 -1.69405e-05 0)
(-0.000411723 -2.06367e-05 0)
(-0.000405618 -2.76004e-05 0)
(-0.000393305 -3.24044e-05 0)
(-0.00038249 -3.84251e-05 0)
(-0.000368908 -4.36782e-05 0)
(-0.000354908 -4.92251e-05 0)
(-0.000339291 -5.44369e-05 0)
(-0.000322734 -5.96136e-05 0)
(-0.000304959 -6.45736e-05 0)
(-0.000286163 -6.93714e-05 0)
(-0.000266321 -7.3958e-05 0)
(-0.000245509 -7.83228e-05 0)
(-0.000223769 -8.24481e-05 0)
(-0.000201155 -8.63123e-05 0)
(-0.000177724 -8.99034e-05 0)
(-0.000153535 -9.32024e-05 0)
(-0.000128651 -9.61992e-05 0)
(-0.000103137 -9.88801e-05 0)
(-7.70588e-05 -0.000101238 0)
(-5.04927e-05 -0.000103265 0)
(-2.3518e-05 -0.000104958 0)
(3.84118e-06 -0.00010631 0)
(3.15268e-05 -0.000107323 0)
(5.94131e-05 -0.000108 0)
(8.74319e-05 -0.000108349 0)
(0.000115525 -0.000108379 0)
(0.000143631 -0.000108103 0)
(0.000171681 -0.000107535 0)
(0.000199618 -0.00010669 0)
(0.000227385 -0.000105582 0)
(0.000254902 -0.000104228 0)
(0.000282133 -0.000102645 0)
(0.000309048 -0.000100859 0)
(0.000335609 -9.88956e-05 0)
(0.000361773 -9.67728e-05 0)
(0.000387504 -9.45107e-05 0)
(0.000412769 -9.21292e-05 0)
(0.000437541 -8.9648e-05 0)
(0.000461793 -8.70862e-05 0)
(0.000485503 -8.44631e-05 0)
(0.000508649 -8.17979e-05 0)
(0.000531214 -7.91032e-05 0)
(0.000553183 -7.63899e-05 0)
(0.000574545 -7.36688e-05 0)
(0.000595292 -7.09508e-05 0)
(0.000615417 -6.82456e-05 0)
(0.000634917 -6.55624e-05 0)
(0.000653789 -6.29088e-05 0)
(0.000672032 -6.02917e-05 0)
(0.000689649 -5.77167e-05 0)
(0.000706639 -5.51883e-05 0)
(0.000723007 -5.27103e-05 0)
(0.000738757 -5.02853e-05 0)
(0.000753892 -4.79156e-05 0)
(0.000768417 -4.56022e-05 0)
(0.000782338 -4.33459e-05 0)
(0.00079566 -4.11467e-05 0)
(0.000808389 -3.90038e-05 0)
(0.000820529 -3.6916e-05 0)
(0.000832085 -3.48814e-05 0)
(0.000843062 -3.28981e-05 0)
(0.000853465 -3.09636e-05 0)
(0.000863297 -2.90757e-05 0)
(0.000872563 -2.72318e-05 0)
(0.000881265 -2.54296e-05 0)
(0.000889407 -2.3667e-05 0)
(0.000896993 -2.19419e-05 0)
(0.000904023 -2.02528e-05 0)
(0.000910503 -1.85983e-05 0)
(0.000916434 -1.69775e-05 0)
(0.00092182 -1.53902e-05 0)
(0.000926663 -1.38362e-05 0)
(0.000930968 -1.23165e-05 0)
(0.000934739 -1.08318e-05 0)
(0.000937981 -9.38413e-06 0)
(0.000940701 -7.9753e-06 0)
(0.000942903 -6.60751e-06 0)
(0.0009446 -5.2837e-06 0)
(0.000945793 -4.00585e-06 0)
(0.0009465 -2.77612e-06 0)
(0.000946725 -1.59455e-06 0)
(0.00094649 -4.64647e-07 0)
(0.000945803 6.15179e-07 0)
(0.000944683 1.63402e-06 0)
(0.000943162 2.58148e-06 0)
(0.000941257 3.45055e-06 0)
(0.000938984 4.23769e-06 0)
(0.000936364 4.93972e-06 0)
(2.81839e-06 -3.43329e-05 0)
(1.7468e-05 -4.28546e-05 0)
(2.62202e-05 -5.08959e-05 0)
(3.84186e-05 -5.89722e-05 0)
(5.15699e-05 -6.69974e-05 0)
(6.54388e-05 -7.5009e-05 0)
(8.03931e-05 -8.28626e-05 0)
(9.62654e-05 -9.05267e-05 0)
(0.000113109 -9.79456e-05 0)
(0.000130859 -0.000105104 0)
(0.000149507 -0.000111979 0)
(0.000169011 -0.000118551 0)
(0.000189333 -0.000124795 0)
(0.000210427 -0.000130688 0)
(0.000232242 -0.000136206 0)
(0.000254723 -0.000141324 0)
(0.000277811 -0.000146021 0)
(0.000301447 -0.00015028 0)
(0.000325563 -0.000154081 0)
(0.000350099 -0.000157415 0)
(0.000374981 -0.000160269 0)
(0.000400146 -0.000162643 0)
(0.000425525 -0.000164528 0)
(0.000451047 -0.000165932 0)
(0.000476648 -0.000166864 0)
(0.000502264 -0.000167333 0)
(0.000527834 -0.000167354 0)
(0.000553296 -0.000166942 0)
(0.000578593 -0.000166119 0)
(0.00060367 -0.000164905 0)
(0.000628476 -0.000163324 0)
(0.000652966 -0.000161396 0)
(0.000677098 -0.000159146 0)
(0.000700836 -0.000156599 0)
(0.000724148 -0.000153783 0)
(0.000747004 -0.000150727 0)
(0.000769377 -0.000147458 0)
(0.000791242 -0.000144005 0)
(0.000812579 -0.000140394 0)
(0.00083337 -0.000136651 0)
(0.0008536 -0.000132802 0)
(0.000873257 -0.000128869 0)
(0.000892334 -0.000124875 0)
(0.000910823 -0.000120839 0)
(0.000928721 -0.000116779 0)
(0.000946024 -0.00011271 0)
(0.000962734 -0.000108649 0)
(0.000978851 -0.000104607 0)
(0.000994378 -0.000100597 0)
(0.00100932 -9.66275e-05 0)
(0.00102368 -9.27081e-05 0)
(0.00103746 -8.88452e-05 0)
(0.00105068 -8.50442e-05 0)
(0.00106333 -8.1309e-05 0)
(0.00107543 -7.76422e-05 0)
(0.00108698 -7.40454e-05 0)
(0.00109799 -7.05189e-05 0)
(0.00110847 -6.70621e-05 0)
(0.00111842 -6.36735e-05 0)
(0.00112785 -6.03511e-05 0)
(0.00113676 -5.70923e-05 0)
(0.00114517 -5.38939e-05 0)
(0.00115307 -5.07527e-05 0)
(0.00116046 -4.76654e-05 0)
(0.00116736 -4.46283e-05 0)
(0.00117376 -4.16385e-05 0)
(0.00117967 -3.86926e-05 0)
(0.0011851 -3.57886e-05 0)
(0.00119003 -3.2924e-05 0)
(0.00119447 -3.00973e-05 0)
(0.00119843 -2.73083e-05 0)
(0.0012019 -2.45559e-05 0)
(0.00120489 -2.18423e-05 0)
(0.00120739 -1.91676e-05 0)
(0.00120942 -1.65349e-05 0)
(0.00121097 -1.3948e-05 0)
(0.00121204 -1.14082e-05 0)
(0.00121265 -8.92455e-06 0)
(0.0012128 -6.49579e-06 0)
(0.00121249 -4.13348e-06 0)
(0.00121174 -1.83456e-06 0)
(0.00121056 3.94583e-07 0)
(0.00120894 2.5397e-06 0)
(0.0012069 4.58532e-06 0)
(0.00120445 6.52668e-06 0)
(0.00120159 8.35709e-06 0)
(0.00119837 1.00692e-05 0)
(0.00119479 1.16555e-05 0)
(0.00119088 1.31084e-05 0)
(0.000431706 -5.49721e-05 0)
(0.00044279 -6.60558e-05 0)
(0.000454742 -7.66066e-05 0)
(0.000467338 -8.68639e-05 0)
(0.000480583 -9.68979e-05 0)
(0.000494565 -0.000106728 0)
(0.000509317 -0.000116382 0)
(0.000524848 -0.000125835 0)
(0.000541136 -0.000135053 0)
(0.000558156 -0.000143989 0)
(0.000575875 -0.000152599 0)
(0.000594258 -0.000160836 0)
(0.000613265 -0.000168661 0)
(0.000632848 -0.000176034 0)
(0.000652955 -0.000182922 0)
(0.00067353 -0.000189289 0)
(0.000694513 -0.000195109 0)
(0.000715841 -0.000200355 0)
(0.000737448 -0.000205005 0)
(0.000759269 -0.000209043 0)
(0.000781238 -0.000212457 0)
(0.000803288 -0.000215239 0)
(0.000825354 -0.000217389 0)
(0.000847374 -0.000218912 0)
(0.00086929 -0.000219818 0)
(0.000891044 -0.000220124 0)
(0.000912585 -0.000219852 0)
(0.000933865 -0.000219026 0)
(0.000954841 -0.000217676 0)
(0.000975475 -0.000215833 0)
(0.000995731 -0.000213529 0)
(0.00101558 -0.000210796 0)
(0.00103499 -0.000207668 0)
(0.00105394 -0.00020418 0)
(0.00107242 -0.000200367 0)
(0.00109041 -0.000196264 0)
(0.00110789 -0.000191908 0)
(0.00112485 -0.00018733 0)
(0.00114129 -0.000182565 0)
(0.00115721 -0.000177643 0)
(0.0011726 -0.000172593 0)
(0.00118746 -0.000167446 0)
(0.00120179 -0.000162225 0)
(0.00121559 -0.000156956 0)
(0.00122888 -0.000151661 0)
(0.00124165 -0.00014636 0)
(0.00125391 -0.000141072 0)
(0.00126567 -0.000135811 0)
(0.00127693 -0.000130592 0)
(0.00128771 -0.000125426 0)
(0.00129801 -0.000120324 0)
(0.00130784 -0.000115293 0)
(0.00131721 -0.00011034 0)
(0.00132613 -0.000105468 0)
(0.00133462 -0.000100682 0)
(0.00134266 -9.59813e-05 0)
(0.00135029 -9.13673e-05 0)
(0.0013575 -8.68387e-05 0)
(0.0013643 -8.23927e-05 0)
(0.00137069 -7.80268e-05 0)
(0.0013767 -7.37364e-05 0)
(0.00138231 -6.95174e-05 0)
(0.00138753 -6.53651e-05 0)
(0.00139237 -6.12738e-05 0)
(0.00139683 -5.72397e-05 0)
(0.00140091 -5.32567e-05 0)
(0.00140462 -4.93217e-05 0)
(0.00140795 -4.54303e-05 0)
(0.00141091 -4.15792e-05 0)
(0.00141348 -3.77676e-05 0)
(0.00141569 -3.39919e-05 0)
(0.00141752 -3.02549e-05 0)
(0.00141897 -2.65551e-05 0)
(0.00142004 -2.28958e-05 0)
(0.00142073 -1.92813e-05 0)
(0.00142105 -1.57124e-05 0)
(0.00142099 -1.22009e-05 0)
(0.00142056 -8.74472e-06 0)
(0.00141975 -5.36054e-06 0)
(0.00141858 -2.04735e-06 0)
(0.00141707 1.18224e-06 0)
(0.00141518 4.30721e-06 0)
(0.0014129 7.31089e-06 0)
(0.00141027 1.01833e-05 0)
(0.00140731 1.29205e-05 0)
(0.00140403 1.55173e-05 0)
(0.00140043 1.7964e-05 0)
(0.00139654 2.02488e-05 0)
(0.00139236 2.23607e-05 0)
(0.000848793 -7.89615e-05 0)
(0.000859437 -9.08261e-05 0)
(0.000871289 -0.000102814 0)
(0.000883813 -0.000114692 0)
(0.000896789 -0.000126352 0)
(0.000910183 -0.000137764 0)
(0.000924041 -0.000148923 0)
(0.000938406 -0.000159817 0)
(0.000953289 -0.000170412 0)
(0.000968669 -0.000180659 0)
(0.000984505 -0.000190498 0)
(0.00100074 -0.000199872 0)
(0.00101733 -0.000208727 0)
(0.00103419 -0.000217013 0)
(0.00105128 -0.00022469 0)
(0.00106853 -0.000231719 0)
(0.00108588 -0.00023807 0)
(0.00110326 -0.000243716 0)
(0.00112062 -0.000248637 0)
(0.00113789 -0.000252817 0)
(0.00115501 -0.000256249 0)
(0.00117194 -0.000258927 0)
(0.0011886 -0.000260856 0)
(0.00120496 -0.000262044 0)
(0.00122098 -0.000262507 0)
(0.0012366 -0.000262265 0)
(0.00125181 -0.000261345 0)
(0.00126657 -0.000259782 0)
(0.00128086 -0.000257613 0)
(0.00129469 -0.00025488 0)
(0.00130802 -0.000251626 0)
(0.00132087 -0.000247894 0)
(0.00133323 -0.000243731 0)
(0.00134511 -0.000239179 0)
(0.0013565 -0.000234282 0)
(0.00136741 -0.000229082 0)
(0.00137786 -0.00022362 0)
(0.00138785 -0.000217933 0)
(0.0013974 -0.000212059 0)
(0.00140651 -0.000206032 0)
(0.00141519 -0.000199885 0)
(0.00142347 -0.000193649 0)
(0.00143135 -0.000187354 0)
(0.00143884 -0.000181026 0)
(0.00144596 -0.00017469 0)
(0.00145273 -0.000168368 0)
(0.00145915 -0.00016208 0)
(0.00146524 -0.000155843 0)
(0.001471 -0.000149672 0)
(0.00147646 -0.000143579 0)
(0.00148162 -0.000137574 0)
(0.00148649 -0.000131664 0)
(0.00149108 -0.000125856 0)
(0.00149541 -0.000120152 0)
(0.00149948 -0.000114555 0)
(0.0015033 -0.000109064 0)
(0.00150688 -0.000103678 0)
(0.00151023 -9.83957e-05 0)
(0.00151335 -9.32119e-05 0)
(0.00151624 -8.81222e-05 0)
(0.00151892 -8.31207e-05 0)
(0.00152138 -7.82017e-05 0)
(0.00152363 -7.33577e-05 0)
(0.00152567 -6.85825e-05 0)
(0.0015275 -6.38687e-05 0)
(0.00152912 -5.92097e-05 0)
(0.00153052 -5.45999e-05 0)
(0.00153171 -5.00328e-05 0)
(0.00153269 -4.55052e-05 0)
(0.00153344 -4.1012e-05 0)
(0.00153397 -3.65523e-05 0)
(0.00153426 -3.21247e-05 0)
(0.00153433 -2.77293e-05 0)
(0.00153415 -2.3371e-05 0)
(0.00153374 -1.90504e-05 0)
(0.00153307 -1.47784e-05 0)
(0.00153216 -1.05582e-05 0)
(0.001531 -6.40299e-06 0)
(0.00152959 -2.32273e-06 0)
(0.00152793 1.674e-06 0)
(0.001526 5.56047e-06 0)
(0.00152378 9.32487e-06 0)
(0.00152129 1.2963e-05 0)
(0.00151857 1.64687e-05 0)
(0.00151561 1.98297e-05 0)
(0.00151242 2.30299e-05 0)
(0.001509 2.60532e-05 0)
(0.00150535 2.8886e-05 0)
(0.00150148 3.15172e-05 0)
(0.00125654 -0.000102178 0)
(0.00126436 -0.000114657 0)
(0.00127339 -0.000127364 0)
(0.00128317 -0.000140073 0)
(0.00129334 -0.000152624 0)
(0.00130372 -0.000164921 0)
(0.00131424 -0.000176912 0)
(0.00132489 -0.000188561 0)
(0.0013357 -0.000199827 0)
(0.00134664 -0.000210656 0)
(0.00135769 -0.000220985 0)
(0.00136879 -0.000230749 0)
(0.00137986 -0.000239882 0)
(0.00139084 -0.00024833 0)
(0.00140168 -0.000256045 0)
(0.0014123 -0.000262989 0)
(0.00142266 -0.00026913 0)
(0.0014327 -0.000274446 0)
(0.00144239 -0.000278922 0)
(0.00145168 -0.000282549 0)
(0.00146054 -0.000285326 0)
(0.00146894 -0.000287263 0)
(0.00147686 -0.000288373 0)
(0.00148429 -0.000288677 0)
(0.00149121 -0.000288205 0)
(0.00149762 -0.00028699 0)
(0.00150351 -0.000285068 0)
(0.00150889 -0.000282481 0)
(0.00151378 -0.000279273 0)
(0.00151818 -0.000275491 0)
(0.00152213 -0.000271186 0)
(0.00152565 -0.000266412 0)
(0.00152877 -0.00026122 0)
(0.00153152 -0.000255664 0)
(0.00153393 -0.000249793 0)
(0.00153603 -0.000243655 0)
(0.00153786 -0.000237293 0)
(0.00153944 -0.000230749 0)
(0.0015408 -0.000224061 0)
(0.00154196 -0.000217262 0)
(0.00154294 -0.000210386 0)
(0.00154377 -0.000203462 0)
(0.00154446 -0.000196516 0)
(0.00154503 -0.000189575 0)
(0.00154549 -0.00018266 0)
(0.00154586 -0.000175792 0)
(0.00154615 -0.000168989 0)
(0.00154637 -0.000162267 0)
(0.00154653 -0.000155639 0)
(0.00154665 -0.000149116 0)
(0.00154672 -0.000142709 0)
(0.00154676 -0.000136422 0)
(0.00154677 -0.000130259 0)
(0.00154676 -0.000124223 0)
(0.00154673 -0.000118313 0)
(0.00154668 -0.000112526 0)
(0.00154662 -0.000106858 0)
(0.00154654 -0.000101304 0)
(0.00154645 -9.58574e-05 0)
(0.00154635 -9.05119e-05 0)
(0.00154624 -8.52588e-05 0)
(0.0015461 -8.00901e-05 0)
(0.00154595 -7.49963e-05 0)
(0.00154578 -6.99687e-05 0)
(0.00154558 -6.49982e-05 0)
(0.00154534 -6.00761e-05 0)
(0.00154507 -5.51949e-05 0)
(0.00154474 -5.03469e-05 0)
(0.00154436 -4.55267e-05 0)
(0.00154391 -4.07289e-05 0)
(0.00154338 -3.595e-05 0)
(0.00154277 -3.11883e-05 0)
(0.00154205 -2.64429e-05 0)
(0.00154123 -2.1716e-05 0)
(0.00154028 -1.70113e-05 0)
(0.0015392 -1.23352e-05 0)
(0.00153797 -7.69802e-06 0)
(0.00153659 -3.11229e-06 0)
(0.00153506 1.40539e-06 0)
(0.00153335 5.81982e-06 0)
(0.00153146 1.01259e-05 0)
(0.00152941 1.43249e-05 0)
(0.0015272 1.84103e-05 0)
(0.00152482 2.2365e-05 0)
(0.00152227 2.61653e-05 0)
(0.00151955 2.97887e-05 0)
(0.00151666 3.32173e-05 0)
(0.00151361 3.6437e-05 0)
(0.00151041 3.94353e-05 0)
(0.00160628 -0.00011447 0)
(0.00160872 -0.000127852 0)
(0.00161205 -0.000141231 0)
(0.00161586 -0.000154448 0)
(0.00161978 -0.000167392 0)
(0.00162356 -0.000179993 0)
(0.0016271 -0.000192196 0)
(0.00163036 -0.000203956 0)
(0.00163335 -0.000215218 0)
(0.00163609 -0.000225924 0)
(0.00163855 -0.000236006 0)
(0.00164072 -0.000245401 0)
(0.00164254 -0.000254049 0)
(0.00164396 -0.000261898 0)
(0.00164494 -0.000268906 0)
(0.00164545 -0.000275042 0)
(0.00164546 -0.000280283 0)
(0.00164497 -0.000284617 0)
(0.00164395 -0.000288038 0)
(0.00164242 -0.000290552 0)
(0.00164038 -0.000292173 0)
(0.00163784 -0.000292921 0)
(0.00163483 -0.00029283 0)
(0.00163136 -0.000291936 0)
(0.00162746 -0.000290286 0)
(0.00162319 -0.000287929 0)
(0.00161856 -0.000284917 0)
(0.00161364 -0.000281304 0)
(0.00160847 -0.000277143 0)
(0.00160308 -0.000272489 0)
(0.00159753 -0.000267398 0)
(0.00159185 -0.000261922 0)
(0.0015861 -0.000256116 0)
(0.00158032 -0.000250028 0)
(0.00157456 -0.000243707 0)
(0.00156886 -0.000237196 0)
(0.00156325 -0.000230536 0)
(0.00155778 -0.000223765 0)
(0.00155247 -0.000216916 0)
(0.00154734 -0.000210021 0)
(0.00154241 -0.000203107 0)
(0.00153769 -0.000196197 0)
(0.00153319 -0.000189314 0)
(0.00152892 -0.000182475 0)
(0.00152487 -0.000175696 0)
(0.00152104 -0.00016899 0)
(0.00151744 -0.000162371 0)
(0.00151406 -0.000155847 0)
(0.0015109 -0.00014943 0)
(0.00150795 -0.000143127 0)
(0.0015052 -0.000136946 0)
(0.00150265 -0.000130892 0)
(0.0015003 -0.000124969 0)
(0.00149814 -0.000119175 0)
(0.00149616 -0.00011351 0)
(0.00149435 -0.00010797 0)
(0.00149271 -0.000102549 0)
(0.00149123 -9.72377e-05 0)
(0.00148989 -9.20292e-05 0)
(0.0014887 -8.69125e-05 0)
(0.00148763 -8.18776e-05 0)
(0.00148668 -7.69126e-05 0)
(0.00148584 -7.20065e-05 0)
(0.00148509 -6.71473e-05 0)
(0.00148443 -6.23234e-05 0)
(0.00148383 -5.75245e-05 0)
(0.00148328 -5.27397e-05 0)
(0.00148278 -4.79617e-05 0)
(0.00148229 -4.31821e-05 0)
(0.00148182 -3.83967e-05 0)
(0.00148133 -3.36009e-05 0)
(0.00148081 -2.87927e-05 0)
(0.00148024 -2.3974e-05 0)
(0.00147961 -1.9144e-05 0)
(0.0014789 -1.43122e-05 0)
(0.00147808 -9.48081e-06 0)
(0.00147714 -4.66263e-06 0)
(0.00147605 1.32227e-07 0)
(0.00147477 4.89269e-06 0)
(0.00147332 9.60376e-06 0)
(0.00147174 1.42444e-05 0)
(0.00147004 1.87892e-05 0)
(0.00146818 2.32149e-05 0)
(0.00146615 2.74992e-05 0)
(0.00146394 3.16191e-05 0)
(0.00146155 3.55514e-05 0)
(0.001459 3.92747e-05 0)
(0.00145631 4.27705e-05 0)
(0.00145348 4.60224e-05 0)
(0.00179502 -0.000111427 0)
(0.00179119 -0.000125278 0)
(0.0017879 -0.000138774 0)
(0.00178468 -0.000151834 0)
(0.0017811 -0.000164443 0)
(0.00177696 -0.000176588 0)
(0.00177216 -0.000188244 0)
(0.00176672 -0.000199366 0)
(0.00176073 -0.000209895 0)
(0.00175423 -0.000219771 0)
(0.00174727 -0.000228936 0)
(0.00173986 -0.000237338 0)
(0.00173199 -0.000244935 0)
(0.00172367 -0.000251692 0)
(0.00171491 -0.000257582 0)
(0.00170571 -0.000262588 0)
(0.0016961 -0.000266701 0)
(0.00168613 -0.000269921 0)
(0.00167582 -0.000272258 0)
(0.00166523 -0.000273727 0)
(0.00165441 -0.000274354 0)
(0.00164341 -0.000274174 0)
(0.00163228 -0.000273227 0)
(0.00162107 -0.000271564 0)
(0.00160984 -0.000269239 0)
(0.00159865 -0.000266315 0)
(0.00158757 -0.000262854 0)
(0.00157664 -0.000258922 0)
(0.00156592 -0.000254582 0)
(0.00155546 -0.000249892 0)
(0.0015453 -0.000244905 0)
(0.00153549 -0.000239668 0)
(0.00152607 -0.000234222 0)
(0.00151706 -0.000228603 0)
(0.0015085 -0.000222845 0)
(0.00150041 -0.000216975 0)
(0.0014928 -0.000211022 0)
(0.00148568 -0.000205008 0)
(0.00147905 -0.000198957 0)
(0.00147291 -0.000192892 0)
(0.00146725 -0.000186833 0)
(0.00146205 -0.000180795 0)
(0.0014573 -0.000174792 0)
(0.00145298 -0.000168835 0)
(0.00144906 -0.000162931 0)
(0.00144552 -0.000157087 0)
(0.00144234 -0.00015131 0)
(0.00143948 -0.000145603 0)
(0.00143692 -0.000139972 0)
(0.00143463 -0.000134421 0)
(0.00143259 -0.000128955 0)
(0.00143079 -0.000123578 0)
(0.00142921 -0.000118292 0)
(0.00142783 -0.0001131 0)
(0.00142665 -0.000108001 0)
(0.00142564 -0.000102993 0)
(0.0014248 -9.80725e-05 0)
(0.00142412 -9.32327e-05 0)
(0.00142358 -8.8466e-05 0)
(0.00142317 -8.37624e-05 0)
(0.00142288 -7.91111e-05 0)
(0.00142269 -7.44995e-05 0)
(0.0014226 -6.99145e-05 0)
(0.00142258 -6.53431e-05 0)
(0.00142263 -6.07714e-05 0)
(0.00142272 -5.61865e-05 0)
(0.00142284 -5.15761e-05 0)
(0.00142296 -4.69283e-05 0)
(0.00142307 -4.2234e-05 0)
(0.00142315 -3.74851e-05 0)
(0.00142317 -3.26757e-05 0)
(0.00142312 -2.78046e-05 0)
(0.00142297 -2.28711e-05 0)
(0.00142269 -1.78793e-05 0)
(0.00142228 -1.28376e-05 0)
(0.0014217 -7.75081e-06 0)
(0.00142094 -2.63489e-06 0)
(0.00141999 2.50446e-06 0)
(0.00141884 7.66719e-06 0)
(0.00141745 1.28274e-05 0)
(0.00141579 1.79354e-05 0)
(0.00141388 2.29471e-05 0)
(0.00141174 2.78319e-05 0)
(0.00140936 3.25643e-05 0)
(0.00140673 3.71177e-05 0)
(0.00140387 4.1463e-05 0)
(0.00140078 4.55723e-05 0)
(0.0013975 4.94201e-05 0)
(0.00139403 5.29838e-05 0)
(0.00176609 -0.000101489 0)
(0.00175908 -0.000113896 0)
(0.00175251 -0.000125993 0)
(0.00174564 -0.000137749 0)
(0.00173804 -0.000149136 0)
(0.0017296 -0.00016011 0)
(0.00172036 -0.000170616 0)
(0.00171047 -0.000180591 0)
(0.00170007 -0.000189978 0)
(0.00168928 -0.000198729 0)
(0.0016782 -0.000206804 0)
(0.00166687 -0.00021417 0)
(0.00165536 -0.000220803 0)
(0.0016437 -0.000226682 0)
(0.00163195 -0.000231791 0)
(0.00162016 -0.000236125 0)
(0.00160838 -0.000239681 0)
(0.00159669 -0.000242467 0)
(0.00158513 -0.000244495 0)
(0.00157377 -0.000245783 0)
(0.00156264 -0.000246357 0)
(0.0015518 -0.000246249 0)
(0.00154128 -0.000245497 0)
(0.00153109 -0.000244149 0)
(0.00152127 -0.000242257 0)
(0.00151183 -0.000239883 0)
(0.0015028 -0.00023709 0)
(0.00149419 -0.000233946 0)
(0.00148604 -0.000230516 0)
(0.00147837 -0.000226858 0)
(0.00147118 -0.000223016 0)
(0.00146448 -0.000219024 0)
(0.0014583 -0.000214905 0)
(0.00145261 -0.000210673 0)
(0.00144741 -0.000206338 0)
(0.00144269 -0.000201905 0)
(0.00143843 -0.000197375 0)
(0.0014346 -0.000192747 0)
(0.00143116 -0.000188026 0)
(0.00142808 -0.000183222 0)
(0.00142534 -0.000178344 0)
(0.0014229 -0.000173401 0)
(0.00142073 -0.000168404 0)
(0.00141881 -0.000163363 0)
(0.0014171 -0.00015829 0)
(0.00141558 -0.0001532 0)
(0.00141421 -0.00014811 0)
(0.00141298 -0.000143037 0)
(0.00141184 -0.000137996 0)
(0.00141078 -0.000132993 0)
(0.00140978 -0.000128035 0)
(0.00140884 -0.000123122 0)
(0.00140794 -0.000118255 0)
(0.00140708 -0.000113434 0)
(0.00140625 -0.000108657 0)
(0.00140547 -0.000103927 0)
(0.00140472 -9.92397e-05 0)
(0.00140402 -9.45941e-05 0)
(0.00140336 -8.99853e-05 0)
(0.00140274 -8.5406e-05 0)
(0.00140217 -8.08483e-05 0)
(0.00140165 -7.62992e-05 0)
(0.00140118 -7.17462e-05 0)
(0.00140074 -6.71751e-05 0)
(0.00140034 -6.25713e-05 0)
(0.00139997 -5.79267e-05 0)
(0.00139961 -5.32261e-05 0)
(0.00139926 -4.84583e-05 0)
(0.0013989 -4.36124e-05 0)
(0.00139852 -3.86697e-05 0)
(0.00139808 -3.36289e-05 0)
(0.00139759 -2.84774e-05 0)
(0.00139701 -2.32125e-05 0)
(0.0013963 -1.78468e-05 0)
(0.00139549 -1.2366e-05 0)
(0.0013945 -6.80096e-06 0)
(0.00139335 -1.15235e-06 0)
(0.00139204 4.5775e-06 0)
(0.00139049 1.03342e-05 0)
(0.00138863 1.60698e-05 0)
(0.00138645 2.1757e-05 0)
(0.001384 2.73701e-05 0)
(0.00138129 3.28734e-05 0)
(0.00137831 3.82246e-05 0)
(0.00137503 4.33821e-05 0)
(0.00137148 4.8308e-05 0)
(0.00136765 5.29678e-05 0)
(0.00136358 5.73283e-05 0)
(0.00135927 6.13584e-05 0)
(0.00164536 -9.2996e-05 0)
(0.00163944 -0.000102784 0)
(0.00163406 -0.000112814 0)
(0.00162862 -0.000122997 0)
(0.0016228 -0.000133152 0)
(0.0016165 -0.000143106 0)
(0.00160978 -0.000152727 0)
(0.00160274 -0.000161928 0)
(0.00159552 -0.000170661 0)
(0.00158825 -0.000178893 0)
(0.00158101 -0.000186594 0)
(0.00157386 -0.000193737 0)
(0.00156685 -0.000200293 0)
(0.00156002 -0.000206237 0)
(0.00155339 -0.000211547 0)
(0.00154697 -0.000216205 0)
(0.00154081 -0.000220198 0)
(0.0015349 -0.000223518 0)
(0.00152926 -0.000226163 0)
(0.00152389 -0.000228137 0)
(0.00151877 -0.000229454 0)
(0.00151388 -0.00023013 0)
(0.00150919 -0.000230194 0)
(0.00150464 -0.00022968 0)
(0.0015002 -0.000228632 0)
(0.00149582 -0.000227102 0)
(0.00149148 -0.000225151 0)
(0.00148715 -0.00022285 0)
(0.00148283 -0.000220263 0)
(0.00147854 -0.000217451 0)
(0.00147431 -0.000214462 0)
(0.00147016 -0.000211331 0)
(0.00146611 -0.000208084 0)
(0.00146216 -0.000204731 0)
(0.00145833 -0.000201272 0)
(0.00145461 -0.000197694 0)
(0.00145098 -0.000193974 0)
(0.00144743 -0.000190091 0)
(0.00144391 -0.000186029 0)
(0.00144039 -0.000181776 0)
(0.00143686 -0.000177329 0)
(0.0014333 -0.000172696 0)
(0.0014297 -0.000167888 0)
(0.00142605 -0.000162922 0)
(0.00142232 -0.000157815 0)
(0.0014185 -0.000152603 0)
(0.00141457 -0.000147332 0)
(0.00141055 -0.000142047 0)
(0.00140645 -0.000136786 0)
(0.00140228 -0.000131577 0)
(0.00139806 -0.000126435 0)
(0.00139383 -0.000121369 0)
(0.00138958 -0.000116383 0)
(0.00138534 -0.000111478 0)
(0.00138111 -0.000106656 0)
(0.0013769 -0.000101914 0)
(0.00137275 -9.72489e-05 0)
(0.00136866 -9.26536e-05 0)
(0.00136465 -8.81189e-05 0)
(0.00136075 -8.3633e-05 0)
(0.00135697 -7.91815e-05 0)
(0.00135333 -7.47489e-05 0)
(0.00134984 -7.03104e-05 0)
(0.00134652 -6.58341e-05 0)
(0.00134337 -6.12984e-05 0)
(0.00134037 -5.66871e-05 0)
(0.00133756 -5.19832e-05 0)
(0.00133492 -4.71773e-05 0)
(0.00133247 -4.22486e-05 0)
(0.00133021 -3.71856e-05 0)
(0.00132809 -3.19756e-05 0)
(0.00132615 -2.66063e-05 0)
(0.00132432 -2.10813e-05 0)
(0.00132261 -1.53949e-05 0)
(0.00132101 -9.56655e-06 0)
(0.00131943 -3.60305e-06 0)
(0.00131798 2.45491e-06 0)
(0.00131651 8.55179e-06 0)
(0.00131493 1.46882e-05 0)
(0.00131324 2.08615e-05 0)
(0.00131147 2.7042e-05 0)
(0.00130961 3.31839e-05 0)
(0.00130763 3.92375e-05 0)
(0.00130548 4.51527e-05 0)
(0.00130316 5.08811e-05 0)
(0.00130064 5.63766e-05 0)
(0.00129794 6.15949e-05 0)
(0.00129505 6.64928e-05 0)
(0.00129197 7.10296e-05 0)
(0.00162998 -8.21489e-05 0)
(0.00162456 -9.17436e-05 0)
(0.00161983 -0.000101658 0)
(0.00161564 -0.000111664 0)
(0.00161172 -0.00012158 0)
(0.00160785 -0.00013129 0)
(0.0016039 -0.000140726 0)
(0.00159983 -0.000149842 0)
(0.00159567 -0.000158603 0)
(0.0015915 -0.00016697 0)
(0.00158737 -0.000174903 0)
(0.00158332 -0.000182362 0)
(0.00157933 -0.000189304 0)
(0.00157541 -0.00019569 0)
(0.00157152 -0.000201479 0)
(0.00156763 -0.000206633 0)
(0.00156372 -0.000211117 0)
(0.00155975 -0.000214901 0)
(0.00155567 -0.000217958 0)
(0.00155144 -0.000220275 0)
(0.001547 -0.000221847 0)
(0.00154228 -0.000222682 0)
(0.00153722 -0.000222802 0)
(0.00153177 -0.000222246 0)
(0.00152585 -0.000221069 0)
(0.00151942 -0.000219342 0)
(0.00151243 -0.000217138 0)
(0.00150487 -0.000214528 0)
(0.00149679 -0.000211577 0)
(0.00148822 -0.000208348 0)
(0.00147925 -0.000204887 0)
(0.00146993 -0.000201264 0)
(0.00146032 -0.000197534 0)
(0.00145052 -0.000193736 0)
(0.00144056 -0.000189872 0)
(0.00143053 -0.000185933 0)
(0.00142045 -0.000181899 0)
(0.00141032 -0.00017775 0)
(0.00140013 -0.000173455 0)
(0.00138986 -0.000168993 0)
(0.00137949 -0.00016435 0)
(0.00136902 -0.000159524 0)
(0.00135843 -0.000154533 0)
(0.00134774 -0.000149381 0)
(0.00133696 -0.00014408 0)
(0.00132602 -0.000138639 0)
(0.00131492 -0.000133084 0)
(0.0013037 -0.000127452 0)
(0.0012924 -0.000121795 0)
(0.0012811 -0.000116165 0)
(0.00126987 -0.000110607 0)
(0.00125873 -0.000105163 0)
(0.00124774 -9.98646e-05 0)
(0.00123692 -9.47364e-05 0)
(0.00122629 -8.9793e-05 0)
(0.00121591 -8.50446e-05 0)
(0.00120578 -8.04904e-05 0)
(0.00119596 -7.61234e-05 0)
(0.00118646 -7.19303e-05 0)
(0.00117734 -6.78885e-05 0)
(0.00116859 -6.39727e-05 0)
(0.00116028 -6.01554e-05 0)
(0.00115246 -5.64118e-05 0)
(0.00114516 -5.27202e-05 0)
(0.00113835 -4.90441e-05 0)
(0.00113203 -4.53426e-05 0)
(0.00112621 -4.15835e-05 0)
(0.00112092 -3.77256e-05 0)
(0.00111615 -3.37403e-05 0)
(0.00111196 -2.95985e-05 0)
(0.00110828 -2.52646e-05 0)
(0.00110516 -2.07271e-05 0)
(0.00110255 -1.59664e-05 0)
(0.0011004 -1.09716e-05 0)
(0.00109877 -5.75879e-06 0)
(0.00109749 -3.19227e-07 0)
(0.00109649 5.30814e-06 0)
(0.00109597 1.10657e-05 0)
(0.00109594 1.69496e-05 0)
(0.00109621 2.29553e-05 0)
(0.00109668 2.90475e-05 0)
(0.00109735 3.51739e-05 0)
(0.0010982 4.12778e-05 0)
(0.00109918 4.73042e-05 0)
(0.00110024 5.31992e-05 0)
(0.00110135 5.89084e-05 0)
(0.00110249 6.43767e-05 0)
(0.00110361 6.95503e-05 0)
(0.00110471 7.43801e-05 0)
(0.00164978 -6.71404e-05 0)
(0.00164198 -7.90758e-05 0)
(0.00163555 -9.07669e-05 0)
(0.0016299 -0.000101819 0)
(0.00162444 -0.000112265 0)
(0.00161876 -0.000122229 0)
(0.00161272 -0.000131813 0)
(0.0016063 -0.000141045 0)
(0.00159958 -0.000149897 0)
(0.0015926 -0.000158314 0)
(0.00158541 -0.000166243 0)
(0.00157801 -0.000173636 0)
(0.00157038 -0.000180451 0)
(0.00156249 -0.000186643 0)
(0.0015543 -0.000192164 0)
(0.00154577 -0.000196963 0)
(0.00153686 -0.000200984 0)
(0.00152753 -0.000204179 0)
(0.00151772 -0.000206502 0)
(0.00150738 -0.000207926 0)
(0.00149644 -0.000208434 0)
(0.00148485 -0.000208046 0)
(0.00147249 -0.0002068 0)
(0.00145935 -0.000204783 0)
(0.00144531 -0.000202096 0)
(0.0014304 -0.000198869 0)
(0.00141457 -0.000195228 0)
(0.00139793 -0.000191281 0)
(0.00138048 -0.000187133 0)
(0.00136237 -0.000182818 0)
(0.00134367 -0.000178344 0)
(0.00132438 -0.000173702 0)
(0.00130461 -0.000168909 0)
(0.00128454 -0.000164005 0)
(0.0012643 -0.000159028 0)
(0.00124399 -0.000154012 0)
(0.00122371 -0.000148975 0)
(0.00120348 -0.000143926 0)
(0.00118336 -0.000138858 0)
(0.00116331 -0.000133781 0)
(0.00114333 -0.00012868 0)
(0.00112343 -0.000123569 0)
(0.00110353 -0.000118417 0)
(0.0010838 -0.00011326 0)
(0.00106428 -0.000108148 0)
(0.00104497 -0.000103101 0)
(0.00102581 -9.81243e-05 0)
(0.00100676 -9.32286e-05 0)
(0.000987849 -8.84303e-05 0)
(0.000969111 -8.37485e-05 0)
(0.000950621 -7.9199e-05 0)
(0.000932448 -7.47921e-05 0)
(0.000914658 -7.05328e-05 0)
(0.000897303 -6.64195e-05 0)
(0.000880442 -6.24515e-05 0)
(0.000864136 -5.86231e-05 0)
(0.000848444 -5.49332e-05 0)
(0.000833433 -5.1383e-05 0)
(0.000819152 -4.79683e-05 0)
(0.000805685 -4.46844e-05 0)
(0.000793046 -4.15192e-05 0)
(0.000781251 -3.84655e-05 0)
(0.000770337 -3.55405e-05 0)
(0.000760368 -3.27555e-05 0)
(0.000751401 -3.00986e-05 0)
(0.000743454 -2.75459e-05 0)
(0.000736534 -2.50536e-05 0)
(0.000730649 -2.25703e-05 0)
(0.000725801 -2.00596e-05 0)
(0.00072199 -1.74699e-05 0)
(0.000719187 -1.47503e-05 0)
(0.000717344 -1.18773e-05 0)
(0.000716417 -8.8008e-06 0)
(0.000716347 -5.46862e-06 0)
(0.000717109 -1.88477e-06 0)
(0.000718641 1.97367e-06 0)
(0.000720789 6.19673e-06 0)
(0.000723522 1.07539e-05 0)
(0.000726896 1.55387e-05 0)
(0.00073085 2.0511e-05 0)
(0.000735312 2.56515e-05 0)
(0.000740226 3.09402e-05 0)
(0.000745534 3.63226e-05 0)
(0.000751179 4.17344e-05 0)
(0.000757115 4.71154e-05 0)
(0.000763302 5.24049e-05 0)
(0.000769703 5.75407e-05 0)
(0.000776281 6.24621e-05 0)
(0.000783 6.71128e-05 0)
(0.00154453 -4.70155e-05 0)
(0.00153348 -5.82139e-05 0)
(0.00152588 -6.90586e-05 0)
(0.00151904 -7.93285e-05 0)
(0.00151145 -8.91356e-05 0)
(0.00150265 -9.85655e-05 0)
(0.00149269 -0.000107638 0)
(0.00148181 -0.00011632 0)
(0.00147022 -0.000124566 0)
(0.00145801 -0.00013233 0)
(0.00144519 -0.000139582 0)
(0.00143174 -0.000146283 0)
(0.00141764 -0.000152397 0)
(0.00140284 -0.000157869 0)
(0.00138736 -0.000162637 0)
(0.00137114 -0.000166611 0)
(0.00135421 -0.000169703 0)
(0.00133649 -0.000171795 0)
(0.00131799 -0.000172788 0)
(0.0012986 -0.000172575 0)
(0.0012783 -0.00017109 0)
(0.00125694 -0.000168311 0)
(0.00123452 -0.000164308 0)
(0.0012109 -0.000159287 0)
(0.00118607 -0.000153522 0)
(0.00116006 -0.000147394 0)
(0.00113283 -0.000141204 0)
(0.00110471 -0.000135301 0)
(0.00107556 -0.00012982 0)
(0.00104603 -0.000124922 0)
(0.00101636 -0.000120608 0)
(0.000986499 -0.000116778 0)
(0.000956373 -0.000113288 0)
(0.000925961 -0.000109973 0)
(0.000895352 -0.000106666 0)
(0.000864731 -0.000103209 0)
(0.000834261 -9.94599e-05 0)
(0.000804096 -9.53385e-05 0)
(0.000774278 -9.07953e-05 0)
(0.000744928 -8.583e-05 0)
(0.000716051 -8.046e-05 0)
(0.000687794 -7.47391e-05 0)
(0.000660199 -6.87427e-05 0)
(0.000633127 -6.25656e-05 0)
(0.000606716 -5.63337e-05 0)
(0.000581104 -5.01965e-05 0)
(0.000556335 -4.42908e-05 0)
(0.000532419 -3.87157e-05 0)
(0.000509411 -3.35347e-05 0)
(0.000487414 -2.87915e-05 0)
(0.000466547 -2.45227e-05 0)
(0.000446911 -2.07583e-05 0)
(0.000428576 -1.75168e-05 0)
(0.000411586 -1.4807e-05 0)
(0.000395968 -1.26223e-05 0)
(0.000381733 -1.09442e-05 0)
(0.000368881 -9.76556e-06 0)
(0.000357373 -9.0682e-06 0)
(0.000347234 -8.79602e-06 0)
(0.00033851 -8.91073e-06 0)
(0.000331078 -9.37853e-06 0)
(0.000324831 -1.01304e-05 0)
(0.000319714 -1.10657e-05 0)
(0.000315659 -1.20973e-05 0)
(0.000312585 -1.31534e-05 0)
(0.000310413 -1.41607e-05 0)
(0.000309059 -1.50404e-05 0)
(0.000308437 -1.57185e-05 0)
(0.00030847 -1.61332e-05 0)
(0.000309095 -1.62312e-05 0)
(0.000310266 -1.59651e-05 0)
(0.000311948 -1.5299e-05 0)
(0.000314117 -1.42096e-05 0)
(0.000316759 -1.26783e-05 0)
(0.00031987 -1.06845e-05 0)
(0.000323456 -8.22562e-06 0)
(0.000327525 -5.33688e-06 0)
(0.000332068 -2.06478e-06 0)
(0.000337059 1.52745e-06 0)
(0.000342473 5.43427e-06 0)
(0.000348393 9.67147e-06 0)
(0.000354876 1.41829e-05 0)
(0.00036188 1.88786e-05 0)
(0.00036939 2.36649e-05 0)
(0.000377394 2.84716e-05 0)
(0.000385876 3.32323e-05 0)
(0.000394818 3.78842e-05 0)
(0.000404195 4.23689e-05 0)
(0.000413979 4.66331e-05 0)
(0.00130971 -4.23775e-05 0)
(0.00129387 -5.24813e-05 0)
(0.00128217 -6.12762e-05 0)
(0.00127033 -6.99902e-05 0)
(0.00125676 -7.83987e-05 0)
(0.00124128 -8.60949e-05 0)
(0.00122409 -9.29767e-05 0)
(0.00120543 -9.91202e-05 0)
(0.00118544 -0.000104668 0)
(0.00116416 -0.000109728 0)
(0.00114162 -0.000114343 0)
(0.00111783 -0.000118519 0)
(0.00109281 -0.000122231 0)
(0.00106662 -0.000125438 0)
(0.00103933 -0.000128078 0)
(0.00101103 -0.000130069 0)
(0.000981819 -0.00013131 0)
(0.000951796 -0.000131678 0)
(0.000921053 -0.000131049 0)
(0.0008896 -0.000129269 0)
(0.000857488 -0.000126216 0)
(0.000824574 -0.000121742 0)
(0.000790764 -0.000115846 0)
(0.000755566 -0.000108577 0)
(0.000718911 -0.0001002 0)
(0.000680436 -9.09033e-05 0)
(0.000640602 -8.10658e-05 0)
(0.000599752 -7.10158e-05 0)
(0.000557883 -6.09124e-05 0)
(0.000515764 -5.10761e-05 0)
(0.000474384 -4.19797e-05 0)
(0.000433972 -3.38884e-05 0)
(0.000394819 -2.6918e-05 0)
(0.000357307 -2.10177e-05 0)
(0.000321909 -1.60383e-05 0)
(0.00028901 -1.18274e-05 0)
(0.00025883 -8.28672e-06 0)
(0.000231476 -5.39262e-06 0)
(0.000207006 -3.11885e-06 0)
(0.000185422 -1.49873e-06 0)
(0.000166442 -5.34989e-07 0)
(0.000150107 -1.38718e-07 0)
(0.000136293 5.64756e-08 0)
(0.000124612 5.53531e-07 0)
(0.000114742 1.44476e-06 0)
(0.000106344 2.53998e-06 0)
(9.91731e-05 3.60116e-06 0)
(9.30398e-05 4.4478e-06 0)
(8.77784e-05 4.95276e-06 0)
(8.32469e-05 5.03141e-06 0)
(7.93265e-05 4.65215e-06 0)
(7.59165e-05 3.8395e-06 0)
(7.29293e-05 2.65732e-06 0)
(7.02856e-05 1.18379e-06 0)
(6.79112e-05 -5.06899e-07 0)
(6.57346e-05 -2.35144e-06 0)
(6.36828e-05 -4.29833e-06 0)
(6.16725e-05 -6.30654e-06 0)
(5.95829e-05 -8.32785e-06 0)
(5.73799e-05 -1.02998e-05 0)
(5.50543e-05 -1.21595e-05 0)
(5.25979e-05 -1.38684e-05 0)
(5.00025e-05 -1.54088e-05 0)
(4.72722e-05 -1.67683e-05 0)
(4.44229e-05 -1.79346e-05 0)
(4.14801e-05 -1.88962e-05 0)
(3.84796e-05 -1.96415e-05 0)
(3.5467e-05 -2.01553e-05 0)
(3.24967e-05 -2.04189e-05 0)
(2.96299e-05 -2.04121e-05 0)
(2.69343e-05 -2.01167e-05 0)
(2.44836e-05 -1.95195e-05 0)
(2.23623e-05 -1.8613e-05 0)
(2.06619e-05 -1.73999e-05 0)
(1.94518e-05 -1.58917e-05 0)
(1.87935e-05 -1.4099e-05 0)
(1.87572e-05 -1.20376e-05 0)
(1.94072e-05 -9.73443e-06 0)
(2.08018e-05 -7.20374e-06 0)
(2.29826e-05 -4.46921e-06 0)
(2.59558e-05 -1.5496e-06 0)
(2.97207e-05 1.5171e-06 0)
(3.43173e-05 4.70108e-06 0)
(3.98046e-05 7.96778e-06 0)
(4.62068e-05 1.12652e-05 0)
(5.35026e-05 1.45453e-05 0)
(6.16679e-05 1.77636e-05 0)
(7.06702e-05 2.0879e-05 0)
(8.04686e-05 2.38539e-05 0)
(0.00072286 2.27919e-05 0)
(0.000731991 1.06673e-05 0)
(0.00071155 1.81638e-06 0)
(0.00068881 -6.63019e-06 0)
(0.00066676 -1.43051e-05 0)
(0.000643933 -2.0565e-05 0)
(0.000618579 -2.53618e-05 0)
(0.000590275 -2.8978e-05 0)
(0.000559375 -3.17778e-05 0)
(0.000526523 -3.40067e-05 0)
(0.000492191 -3.57722e-05 0)
(0.000456611 -3.70983e-05 0)
(0.000419916 -3.79712e-05 0)
(0.000382242 -3.83587e-05 0)
(0.000343794 -3.82133e-05 0)
(0.000304828 -3.74742e-05 0)
(0.000265657 -3.60697e-05 0)
(0.000226646 -3.39045e-05 0)
(0.000188177 -3.0871e-05 0)
(0.000150698 -2.66934e-05 0)
(0.000114879 -2.07093e-05 0)
(8.16315e-05 -1.23247e-05 0)
(5.18727e-05 -1.79647e-06 0)
(2.63388e-05 9.73425e-06 0)
(5.3923e-06 2.09848e-05 0)
(-1.09691e-05 3.09946e-05 0)
(-2.25144e-05 3.91506e-05 0)
(-2.99073e-05 4.54477e-05 0)
(-3.37197e-05 4.96739e-05 0)
(-3.47108e-05 5.16422e-05 0)
(-3.31859e-05 5.13397e-05 0)
(-2.98612e-05 4.92328e-05 0)
(-2.54048e-05 4.55971e-05 0)
(-2.04698e-05 4.06274e-05 0)
(-1.56007e-05 3.4537e-05 0)
(-1.12048e-05 2.76416e-05 0)
(-7.61225e-06 2.03457e-05 0)
(-5.04801e-06 1.30646e-05 0)
(-3.66011e-06 6.19117e-06 0)
(-3.4014e-06 5.49317e-08 0)
(-4.18745e-06 -5.04938e-06 0)
(-5.96331e-06 -8.93624e-06 0)
(-8.54352e-06 -1.15918e-05 0)
(-1.1564e-05 -1.31264e-05 0)
(-1.46585e-05 -1.3689e-05 0)
(-1.75427e-05 -1.34634e-05 0)
(-2.00401e-05 -1.26564e-05 0)
(-2.2061e-05 -1.14604e-05 0)
(-2.35928e-05 -1.00323e-05 0)
(-2.46852e-05 -8.49414e-06 0)
(-2.54291e-05 -6.9379e-06 0)
(-2.59375e-05 -5.43252e-06 0)
(-2.63289e-05 -4.03072e-06 0)
(-2.67165e-05 -2.77499e-06 0)
(-2.72018e-05 -1.70061e-06 0)
(-2.78724e-05 -8.36234e-07 0)
(-2.88027e-05 -2.03386e-07 0)
(-3.00498e-05 1.86932e-07 0)
(-3.16562e-05 3.3991e-07 0)
(-3.36655e-05 2.93874e-07 0)
(-3.61206e-05 7.01985e-08 0)
(-3.90352e-05 -3.12086e-07 0)
(-4.24102e-05 -8.28435e-07 0)
(-4.62367e-05 -1.45075e-06 0)
(-5.04964e-05 -2.14929e-06 0)
(-5.51615e-05 -2.89337e-06 0)
(-6.01945e-05 -3.65206e-06 0)
(-6.55475e-05 -4.39524e-06 0)
(-7.11622e-05 -5.09464e-06 0)
(-7.69695e-05 -5.72436e-06 0)
(-8.28911e-05 -6.26154e-06 0)
(-8.88429e-05 -6.68726e-06 0)
(-9.4742e-05 -6.98842e-06 0)
(-0.000100502 -7.16237e-06 0)
(-0.000106017 -7.21332e-06 0)
(-0.000111175 -7.13994e-06 0)
(-0.000115873 -6.94395e-06 0)
(-0.000120017 -6.63127e-06 0)
(-0.000123522 -6.21062e-06 0)
(-0.000126309 -5.69329e-06 0)
(-0.000128306 -5.0944e-06 0)
(-0.000129453 -4.40599e-06 0)
(-0.000129699 -3.63076e-06 0)
(-0.000129028 -2.77613e-06 0)
(-0.000127436 -1.87286e-06 0)
(-0.000124901 -9.43559e-07 0)
(-0.000121425 -7.97225e-09 0)
(-0.000117023 9.16204e-07 0)
(-0.000111723 1.81318e-06 0)
)
;

boundaryField
{
    inlet
    {
        type            fixedValue;
        value           nonuniform List<vector> 0();
    }
    outlet
    {
        type            zeroGradient;
    }
    wall
    {
        type            noSlip;
    }
    obstacle
    {
        type            noSlip;
    }
    frontAndBack
    {
        type            empty;
    }
    procBoundary2to1
    {
        type            processor;
        value           nonuniform List<vector> 
30
(
(0.000666398 -5.49344e-05 0)
(0.00133375 2.13946e-05 0)
(0.00155892 3.48891e-05 0)
(0.00165594 5.37745e-05 0)
(0.00163238 7.06185e-05 0)
(0.00164852 8.02944e-05 0)
(0.00176913 8.47817e-05 0)
(0.00179255 9.28805e-05 0)
(0.00159547 9.736e-05 0)
(0.00123874 8.77026e-05 0)
(0.000826407 6.69224e-05 0)
(0.000407047 4.62229e-05 0)
(-1.53085e-05 2.895e-05 0)
(-0.000439595 1.53256e-05 0)
(-0.000757961 7.3842e-06 0)
(-0.000751016 -4.53683e-07 0)
(-0.000423073 -9.57425e-06 0)
(2.46814e-06 -2.57988e-05 0)
(0.000422614 -4.52651e-05 0)
(0.000839963 -6.75503e-05 0)
(0.00125019 -9.01273e-05 0)
(0.00160483 -0.000101282 0)
(0.0017997 -9.74425e-05 0)
(0.00177431 -8.8858e-05 0)
(0.00165242 -8.33444e-05 0)
(0.0016361 -7.30491e-05 0)
(0.00165918 -5.60086e-05 0)
(0.00156092 -3.6714e-05 0)
(0.00133445 -2.25853e-05 0)
(0.000665263 5.45445e-05 0)
)
;
    }
    procBoundary2to3
    {
        type            processor;
        value           nonuniform List<vector> 
31
(
(-9.76405e-05 -3.29694e-06 0)
(0.000103006 -2.86372e-05 0)
(0.00043577 -5.33255e-05 0)
(0.000799012 -7.41666e-05 0)
(0.0011086 -8.17221e-05 0)
(0.0012845 -7.86391e-05 0)
(0.00134739 -6.91699e-05 0)
(0.00138351 -6.13973e-05 0)
(0.00144388 -5.54537e-05 0)
(0.00149784 -4.97779e-05 0)
(0.00148341 -4.1799e-05 0)
(0.00136807 -3.09931e-05 0)
(0.00116098 -1.85978e-05 0)
(0.000907855 -6.63214e-06 0)
(0.000731505 -5.09556e-07 0)
(0.000742215 8.20478e-07 0)
(0.000742215 8.20478e-07 0)
(0.000933421 5.55355e-06 0)
(0.00118666 1.44217e-05 0)
(0.00138791 2.42914e-05 0)
(0.00149741 3.39365e-05 0)
(0.00150706 4.21995e-05 0)
(0.00145053 4.90146e-05 0)
(0.00139041 5.62433e-05 0)
(0.00135477 6.50306e-05 0)
(0.00128871 7.51698e-05 0)
(0.00110576 7.88227e-05 0)
(0.000789827 7.14422e-05 0)
(0.000424135 5.06295e-05 0)
(9.10143e-05 2.66547e-05 0)
(-0.000105566 2.66907e-06 0)
)
;
    }
}


// ************************************************************************* //
