/*--------------------------------*- C++ -*----------------------------------*\
| =========                 |                                                 |
| \\      /  F ield         | OpenFOAM: The Open Source CFD Toolbox           |
|  \\    /   O peration     | Version:  2312                                  |
|   \\  /    A nd           | Website:  www.openfoam.com                      |
|    \\/     M anipulation  |                                                 |
\*---------------------------------------------------------------------------*/
FoamFile
{
    version     2.0;
    format      ascii;
    arch        "LSB;label=32;scalar=64";
    class       surfaceScalarField;
    location    "90000";
    object      phi;
}
// * * * * * * * * * * * * * * * * * * * * * * * * * * * * * * * * * * * * * //

dimensions      [0 3 -1 0 0 0 0];

oriented        oriented;

internalField   nonuniform List<scalar> 
5250
(
0.000485702
3.01877e-06
0.0004794
6.30226e-06
0.000470421
8.97897e-06
0.000458811
1.16105e-05
0.000444782
1.40291e-05
0.000428708
1.60741e-05
0.000410948
1.77591e-05
0.000391777
1.91715e-05
0.000371368
2.04093e-05
0.000349843
2.15243e-05
0.000327314
2.2529e-05
0.000303893
2.34213e-05
0.000279698
2.41951e-05
0.000254858
2.48396e-05
0.000229517
2.53409e-05
0.00020384
2.56772e-05
0.000178017
2.58232e-05
0.000152274
2.57428e-05
0.000126879
2.53949e-05
0.000102156
2.47229e-05
7.85225e-05
2.36338e-05
5.65231e-05
2.19994e-05
3.6751e-05
1.97722e-05
1.96908e-05
1.70601e-05
5.6195e-06
1.40713e-05
-5.39703e-06
1.10165e-05
-1.34285e-05
8.03151e-06
-1.8583e-05
5.1545e-06
-2.13622e-05
2.77919e-06
-2.21954e-05
8.33166e-07
-2.14326e-05
-7.6281e-07
-1.94155e-05
-2.01708e-06
-1.66024e-05
-2.81314e-06
-1.34075e-05
-3.19487e-06
-1.01951e-05
-3.21241e-06
-7.26783e-06
-2.92725e-06
-4.85301e-06
-2.41482e-06
-3.10459e-06
-1.74842e-06
-2.11053e-06
-9.94056e-07
-1.90248e-06
-2.08047e-07
-2.39331e-06
4.90831e-07
-3.58617e-06
1.19285e-06
-5.36642e-06
1.78025e-06
-7.54566e-06
2.17925e-06
-9.89865e-06
2.35299e-06
-1.2213e-05
2.31433e-06
-1.43257e-05
2.11269e-06
-1.61323e-05
1.8066e-06
-1.75825e-05
1.45023e-06
-1.86724e-05
1.08992e-06
-1.94351e-05
7.62646e-07
-1.99282e-05
4.93165e-07
-2.02216e-05
2.93407e-07
-2.03871e-05
1.65491e-07
-2.04935e-05
1.06392e-07
-2.06039e-05
1.1041e-07
-2.0772e-05
1.681e-07
-2.10421e-05
2.70049e-07
-2.14517e-05
4.09632e-07
-2.20252e-05
5.73535e-07
-2.27865e-05
7.61212e-07
-2.37679e-05
9.81494e-07
-2.49852e-05
1.21728e-06
-2.64483e-05
1.46312e-06
-2.81633e-05
1.71492e-06
-3.01318e-05
1.96857e-06
-3.23516e-05
2.21972e-06
-3.48152e-05
2.46366e-06
-3.75109e-05
2.69568e-06
-4.04207e-05
2.90978e-06
-4.35201e-05
3.09938e-06
-4.67782e-05
3.25813e-06
-5.01581e-05
3.37994e-06
-5.36171e-05
3.459e-06
-5.71075e-05
3.49032e-06
-6.05805e-05
3.47306e-06
-6.39942e-05
3.41364e-06
-6.72823e-05
3.2881e-06
-7.03766e-05
3.09436e-06
-7.32155e-05
2.8389e-06
-7.57409e-05
2.52534e-06
-7.78979e-05
2.157e-06
-7.96358e-05
1.73792e-06
-8.09082e-05
1.27242e-06
-8.16722e-05
7.64004e-07
-8.18825e-05
2.10284e-07
-8.15379e-05
-3.44623e-07
-8.06257e-05
-9.12176e-07
-7.91288e-05
-1.49683e-06
-2.0866e-06
0.00087338
1.16886e-05
0.00086455
1.51325e-05
0.000855422
1.81066e-05
0.000846062
2.09704e-05
0.000836324
2.37671e-05
0.000825957
2.64411e-05
0.000814771
2.89456e-05
0.000802682
3.12596e-05
0.000789699
3.33929e-05
0.000775847
3.5376e-05
0.000761145
3.72307e-05
0.000745612
3.89544e-05
0.000729279
4.05285e-05
0.000712194
4.19248e-05
0.000694414
4.31204e-05
0.000675998
4.40939e-05
0.000656998
4.48227e-05
0.000637463
4.52775e-05
0.000617431
4.54272e-05
0.000596914
4.52396e-05
0.000575861
4.46877e-05
0.000554106
4.37537e-05
0.000531437
4.24418e-05
0.000507703
4.07941e-05
0.0004829
3.88736e-05
0.000457139
3.6778e-05
0.000430586
3.45846e-05
0.000403322
3.24184e-05
0.000375465
3.06359e-05
0.000347594
2.87047e-05
0.000320069
2.6762e-05
0.000293103
2.4949e-05
0.000266984
2.33058e-05
0.000241964
2.1825e-05
0.00021828
2.0471e-05
0.000196148
1.92047e-05
0.000175739
1.79943e-05
0.000157169
1.68223e-05
0.000140492
1.56828e-05
0.000125712
1.45718e-05
0.0001127
1.35024e-05
0.000101427
1.24665e-05
9.18403e-05
1.13667e-05
8.37036e-05
1.0316e-05
7.67693e-05
9.28727e-06
7.08535e-05
8.23017e-06
6.57948e-05
7.17139e-06
6.1456e-05
6.14534e-06
5.77244e-05
5.18188e-06
5.45072e-05
4.30711e-06
5.17272e-05
3.54262e-06
4.93184e-05
2.90198e-06
4.72229e-05
2.38886e-06
4.53902e-05
1.99827e-06
4.37766e-05
1.7199e-06
4.23451e-05
1.54198e-06
4.10604e-05
1.45281e-06
3.98881e-05
1.44232e-06
3.87923e-05
1.50544e-06
3.77169e-05
1.64897e-06
3.66146e-05
1.86351e-06
3.54972e-05
2.09885e-06
3.43472e-05
2.36724e-06
3.3149e-05
2.66137e-06
3.1894e-05
2.96992e-06
3.05795e-05
3.28303e-06
2.92062e-05
3.593e-06
2.77796e-05
3.8903e-06
2.63123e-05
4.16301e-06
2.48234e-05
4.39866e-06
2.3337e-05
4.58581e-06
2.1881e-05
4.71412e-06
2.04873e-05
4.77365e-06
1.91912e-05
4.75509e-06
1.80319e-05
4.6496e-06
1.70547e-05
4.45029e-06
1.63153e-05
4.15297e-06
1.58501e-05
3.7533e-06
1.5697e-05
3.24754e-06
1.59019e-05
2.63391e-06
1.65061e-05
1.92117e-06
1.75463e-05
1.11682e-06
1.90693e-05
2.1489e-07
2.10459e-05
-7.04101e-07
2.35061e-05
-1.69624e-06
2.64712e-05
-2.75481e-06
2.99873e-05
-3.8607e-06
3.4069e-05
-4.99388e-06
3.87096e-05
-6.13744e-06
-7.27548e-06
0.00102755
1.67847e-05
0.00102239
2.02844e-05
0.00101689
2.36134e-05
0.00101114
2.67221e-05
0.00100522
2.96791e-05
0.000999127
3.25386e-05
0.000992752
3.53208e-05
0.000985998
3.80128e-05
0.000978799
4.05925e-05
0.000971133
4.30419e-05
0.000963014
4.53497e-05
0.000954461
4.75072e-05
0.000945484
4.95052e-05
0.000936077
5.13317e-05
0.000926227
5.29708e-05
0.000915916
5.44054e-05
0.000905123
5.56149e-05
0.000893819
5.65814e-05
0.000881963
5.72837e-05
0.000869496
5.77062e-05
0.000856354
5.78303e-05
0.000842462
5.76456e-05
0.000827759
5.71443e-05
0.000812211
5.6343e-05
0.000795806
5.52782e-05
0.000778573
5.40112e-05
0.000760545
5.26123e-05
0.000741814
5.11499e-05
0.000722779
4.967e-05
0.000703338
4.81457e-05
0.000683643
4.6458e-05
0.000663597
4.49948e-05
0.000643269
4.3634e-05
0.000622756
4.23377e-05
0.000602146
4.1081e-05
0.000581514
3.9837e-05
0.000560931
3.85768e-05
0.000540473
3.72804e-05
0.000520221
3.59345e-05
0.000500259
3.45345e-05
0.000480679
3.30822e-05
0.000461555
3.15903e-05
0.000442761
3.01603e-05
0.00042446
2.86168e-05
0.000406765
2.69824e-05
0.000389676
2.53191e-05
0.000373193
2.36547e-05
0.000357328
2.20107e-05
0.000342105
2.04046e-05
0.00032756
1.88518e-05
0.000313738
1.7365e-05
0.000300685
1.59552e-05
0.000288443
1.4631e-05
0.000277043
1.33975e-05
0.000266506
1.2257e-05
0.000256838
1.12098e-05
0.000248037
1.02545e-05
0.000240091
9.38807e-06
0.000232987
8.60991e-06
0.000226718
7.91763e-06
0.000221276
7.30579e-06
0.000216604
6.77056e-06
0.000212662
6.30961e-06
0.000209408
5.91536e-06
0.000206802
5.57599e-06
0.0002048
5.28409e-06
0.000203364
5.02948e-06
0.000202458
4.79623e-06
0.00020202
4.60159e-06
0.000202003
4.41469e-06
0.000202372
4.21755e-06
0.000203088
3.99806e-06
0.000204118
3.74341e-06
0.000205434
3.43942e-06
0.00020702
3.06295e-06
0.000208871
2.59966e-06
0.000210983
2.04108e-06
0.000213353
1.38274e-06
0.000215996
6.05242e-07
0.000218918
-2.87869e-07
0.000222099
-1.26044e-06
0.000225543
-2.32686e-06
0.000229234
-3.47613e-06
0.000233238
-4.70819e-06
0.000237558
-6.01643e-06
0.00024219
-7.38662e-06
0.000247128
-8.79846e-06
0.000252367
-1.02328e-05
0.0002579
-1.16713e-05
-1.30957e-05
0.00109568
2.11862e-05
0.00109169
2.42778e-05
0.00108784
2.74631e-05
0.00108399
3.05716e-05
0.0010801
3.35675e-05
0.00107617
3.64727e-05
0.00107219
3.93011e-05
0.00106814
4.20561e-05
0.00106401
4.4728e-05
0.00105975
4.73027e-05
0.00105535
4.9745e-05
0.00105082
5.20443e-05
0.00104613
5.41948e-05
0.00104127
5.61877e-05
0.00103623
5.8011e-05
0.00103098
5.96525e-05
0.0010255
6.1098e-05
0.00101975
6.23343e-05
0.00101368
6.33473e-05
0.00100726
6.41247e-05
0.00100044
6.46554e-05
0.000993151
6.49345e-05
0.000985331
6.49643e-05
0.00097692
6.47542e-05
0.000967879
6.43192e-05
0.000958236
6.36534e-05
0.000948006
6.28428e-05
0.000937217
6.19387e-05
0.000925928
6.09587e-05
0.000914147
5.99269e-05
0.000901747
5.88584e-05
0.000888966
5.77751e-05
0.000875917
5.66839e-05
0.000862667
5.55871e-05
0.000849241
5.45072e-05
0.000835684
5.33943e-05
0.000822074
5.21866e-05
0.000808439
5.09153e-05
0.000794789
4.95841e-05
0.000781128
4.81962e-05
0.000767457
4.67526e-05
0.00075379
4.52577e-05
0.000740238
4.37122e-05
0.000726765
4.20897e-05
0.000713401
4.03468e-05
0.000700125
3.85946e-05
0.00068694
3.68401e-05
0.000673866
3.50839e-05
0.000660935
3.33356e-05
0.000648181
3.16066e-05
0.000635637
2.99084e-05
0.000623342
2.82504e-05
0.000611333
2.66404e-05
0.000599646
2.5084e-05
0.000588318
2.35856e-05
0.00057738
2.21477e-05
0.000566862
2.0772e-05
0.000556791
1.94588e-05
0.000547194
1.82076e-05
0.000538093
1.70187e-05
0.000529508
1.58904e-05
0.000521455
1.48241e-05
0.000513923
1.38411e-05
0.000506932
1.29062e-05
0.00050052
1.19878e-05
0.000494703
1.11019e-05
0.000489486
1.02463e-05
0.000484868
9.41369e-06
0.000480872
8.5979e-06
0.000477499
7.78808e-06
0.000474743
6.97323e-06
0.000472596
6.14535e-06
0.000471048
5.29108e-06
0.000470088
4.39939e-06
0.00046969
3.46127e-06
0.000469827
2.46206e-06
0.000470475
1.39296e-06
0.000471615
2.42914e-07
0.000473145
-9.24073e-07
0.000475052
-2.19516e-06
0.000477335
-3.54401e-06
0.000479963
-4.95476e-06
0.000482924
-6.43638e-06
0.000486189
-7.97342e-06
0.000489722
-9.54946e-06
0.000493486
-1.11507e-05
0.00049745
-1.27624e-05
0.000501588
-1.43704e-05
0.000505876
-1.59594e-05
-1.75122e-05
0.00108254
2.43924e-05
0.00107961
2.72067e-05
0.00107691
3.01588e-05
0.00107431
3.31722e-05
0.00107171
3.61665e-05
0.0010691
3.9088e-05
0.00106649
4.19128e-05
0.00106391
4.46354e-05
0.00106138
4.72544e-05
0.00105892
4.97646e-05
0.00105651
5.21551e-05
0.00105414
5.44136e-05
0.00105181
5.65281e-05
0.00104951
5.84889e-05
0.00104723
6.02868e-05
0.00104497
6.19139e-05
0.0010427
6.33623e-05
0.00104041
6.46256e-05
0.00103806
6.57008e-05
0.0010356
6.65843e-05
0.001033
6.72555e-05
0.00103022
6.77193e-05
0.0010272
6.79807e-05
0.00102391
6.80464e-05
0.0010203
6.79263e-05
0.00101632
6.76376e-05
0.00101195
6.72069e-05
0.00100723
6.6665e-05
0.00100215
6.60327e-05
0.000996751
6.53268e-05
0.000991053
6.45563e-05
0.000985105
6.37233e-05
0.000978952
6.28369e-05
0.000972633
6.19067e-05
0.000966204
6.09358e-05
0.000959682
5.99161e-05
0.00095304
5.88289e-05
0.000946304
5.76508e-05
0.000939477
5.64117e-05
0.000932544
5.51287e-05
0.000925508
5.3789e-05
0.000918378
5.23875e-05
0.000911166
5.09243e-05
0.000903853
4.94026e-05
0.000896373
4.78267e-05
0.000888762
4.62057e-05
0.000881053
4.45491e-05
0.000873271
4.28655e-05
0.000865443
4.1164e-05
0.000857596
3.94541e-05
0.000849758
3.77458e-05
0.00084196
3.60484e-05
0.000834231
3.437e-05
0.000826597
3.27175e-05
0.000819087
3.10962e-05
0.000811724
2.95104e-05
0.000804533
2.79632e-05
0.000797535
2.64568e-05
0.00079075
2.49927e-05
0.000784196
2.35718e-05
0.000777892
2.21944e-05
0.000771857
2.08596e-05
0.000766134
1.95645e-05
0.000760738
1.83022e-05
0.000755661
1.70648e-05
0.000750912
1.58502e-05
0.000746502
1.46561e-05
0.000742439
1.3477e-05
0.000738731
1.23057e-05
0.000735384
1.11349e-05
0.000732401
9.95614e-06
0.000729786
8.76125e-06
0.000727534
7.54267e-06
0.00072564
6.29282e-06
0.000724095
5.00697e-06
0.000722877
3.6796e-06
0.000721959
2.311e-06
0.000721296
9.05886e-07
0.000720955
-5.82725e-07
0.00072092
-2.16026e-06
0.000721136
-3.76029e-06
0.00072158
-5.39876e-06
0.000722215
-7.07081e-06
0.000723006
-8.76452e-06
0.000723925
-1.04685e-05
0.000724946
-1.21722e-05
0.000726047
-1.3863e-05
0.000727203
-1.55264e-05
0.000728391
-1.71479e-05
-1.87126e-05
0.00109232
2.74069e-05
0.00108895
3.05722e-05
0.00108535
3.37593e-05
0.00108159
3.69346e-05
0.00107769
4.00608e-05
0.00107368
4.31035e-05
0.00106955
4.60366e-05
0.00106534
4.88437e-05
0.00106108
5.15145e-05
0.00105681
5.40408e-05
0.00105255
5.64148e-05
0.00104833
5.86279e-05
0.00104419
6.06717e-05
0.00104014
6.25386e-05
0.00103621
6.42224e-05
0.0010324
6.57183e-05
0.00102874
6.70231e-05
0.00102523
6.8135e-05
0.00102188
6.90536e-05
0.00101868
6.9779e-05
0.00101563
7.03125e-05
0.00101269
7.0658e-05
0.00100985
7.08226e-05
0.00100708
7.08158e-05
0.00100435
7.06496e-05
0.00100165
7.03393e-05
0.000998956
6.99027e-05
0.000996258
6.93627e-05
0.000993568
6.87228e-05
0.000990904
6.79908e-05
0.000988277
6.71831e-05
0.000985691
6.63095e-05
0.00098315
6.5378e-05
0.000980661
6.43955e-05
0.000978231
6.33658e-05
0.000975857
6.22901e-05
0.00097352
6.11659e-05
0.000971183
5.99876e-05
0.000968837
5.87578e-05
0.00096648
5.74858e-05
0.000964098
5.61709e-05
0.000961676
5.48094e-05
0.000959199
5.34019e-05
0.000956649
5.19525e-05
0.000954011
5.04644e-05
0.000951279
4.89376e-05
0.000948454
4.73746e-05
0.000945538
4.5781e-05
0.000942538
4.41641e-05
0.00093946
4.25323e-05
0.000936312
4.08937e-05
0.000933105
3.92559e-05
0.000929849
3.76257e-05
0.000926558
3.60084e-05
0.000923246
3.44085e-05
0.000919926
3.28298e-05
0.000916614
3.1275e-05
0.000913325
2.9746e-05
0.000910074
2.82443e-05
0.000906875
2.67701e-05
0.000903746
2.53232e-05
0.000900704
2.39025e-05
0.000897762
2.25059e-05
0.000894932
2.1132e-05
0.00089222
1.97773e-05
0.000889633
1.84371e-05
0.000887183
1.71062e-05
0.000884879
1.57808e-05
0.000882729
1.44562e-05
0.000880736
1.31276e-05
0.000878902
1.179e-05
0.000877226
1.04369e-05
0.000875705
9.06405e-06
0.000874331
7.66646e-06
0.000873098
6.24039e-06
0.000871994
4.78379e-06
0.00087101
3.29497e-06
0.000870138
1.7773e-06
0.00086931
2.45645e-07
0.000868535
-1.38497e-06
0.000867794
-3.01912e-06
0.000867057
-4.66192e-06
0.000866305
-6.31876e-06
0.000865524
-7.98364e-06
0.000864698
-9.64291e-06
0.00086381
-1.12837e-05
0.000862842
-1.28957e-05
0.000861784
-1.44681e-05
0.000860625
-1.59892e-05
-1.74466e-05
0.00117133
3.09789e-05
0.00116721
3.47018e-05
0.00116266
3.83044e-05
0.00115779
4.18023e-05
0.00115265
4.52075e-05
0.00114723
4.85161e-05
0.00114156
5.17126e-05
0.00113562
5.47757e-05
0.00112945
5.76853e-05
0.00112307
6.0426e-05
0.0011165
6.29855e-05
0.00110977
6.53541e-05
0.00110292
6.75229e-05
0.00109598
6.94842e-05
0.00108897
7.12313e-05
0.00108193
7.27593e-05
0.00107488
7.40648e-05
0.00106787
7.51467e-05
0.00106092
7.6006e-05
0.00105405
7.66456e-05
0.00104729
7.70707e-05
0.00104066
7.72883e-05
0.00103418
7.73076e-05
0.00102786
7.71399e-05
0.00102171
7.67982e-05
0.00101575
7.62972e-05
0.00101
7.56516e-05
0.00100449
7.48756e-05
0.000999227
7.39822e-05
0.000994234
7.29848e-05
0.000989518
7.18982e-05
0.000985092
7.07361e-05
0.000980959
6.95103e-05
0.000977125
6.82304e-05
0.000973586
6.69043e-05
0.000970338
6.5538e-05
0.000967368
6.41356e-05
0.000964657
6.26994e-05
0.000962184
6.12306e-05
0.000959938
5.97315e-05
0.000957904
5.82048e-05
0.000956061
5.66528e-05
0.000954385
5.50774e-05
0.000952857
5.34809e-05
0.000951456
5.18654e-05
0.00095016
5.02332e-05
0.000948948
4.85872e-05
0.000947797
4.69314e-05
0.000946691
4.52706e-05
0.000945613
4.36098e-05
0.000944553
4.19539e-05
0.000943502
4.03071e-05
0.000942454
3.86732e-05
0.000941408
3.70552e-05
0.000940361
3.54553e-05
0.000939315
3.38756e-05
0.000938272
3.23175e-05
0.000937237
3.07819e-05
0.000936212
2.92692e-05
0.000935202
2.77793e-05
0.000934214
2.63118e-05
0.000933251
2.48655e-05
0.000932318
2.3439e-05
0.000931419
2.20306e-05
0.000930559
2.06374e-05
0.00092974
1.92561e-05
0.000928964
1.78826e-05
0.000928231
1.65139e-05
0.00092754
1.51469e-05
0.00092689
1.3778e-05
0.000926275
1.24043e-05
0.000925691
1.10214e-05
0.000925129
9.62618e-06
0.000924579
8.21589e-06
0.000924033
6.78711e-06
0.000923477
5.33966e-06
0.000922901
3.87103e-06
0.000922296
2.38231e-06
0.000921664
8.77635e-07
0.00092093
-6.50837e-07
0.000920094
-2.18371e-06
0.000919153
-3.72105e-06
0.000918096
-5.2618e-06
0.00091691
-6.79761e-06
0.000915587
-8.31936e-06
0.000914121
-9.81774e-06
0.000912509
-1.12836e-05
0.000910748
-1.27077e-05
0.00090884
-1.40805e-05
-1.53927e-05
0.00119027
3.2857e-05
0.00118825
3.67208e-05
0.00118603
4.0529e-05
0.00118358
4.42505e-05
0.00118091
4.78712e-05
0.00117805
5.13836e-05
0.00117498
5.47806e-05
0.0011717
5.80523e-05
0.0011682
6.11856e-05
0.00116446
6.4165e-05
0.00116047
6.69748e-05
0.00115623
6.95997e-05
0.00115172
7.20263e-05
0.00114697
7.42429e-05
0.00114196
7.62401e-05
0.00113671
7.80104e-05
0.00113122
7.95484e-05
0.00112552
8.08507e-05
0.00111961
8.1916e-05
0.00111351
8.2745e-05
0.00110724
8.33406e-05
0.00110082
8.37077e-05
0.00109427
8.38531e-05
0.00108763
8.37855e-05
0.00108091
8.35152e-05
0.00107415
8.30536e-05
0.00106739
8.24132e-05
0.00106066
8.16076e-05
0.00105399
8.06535e-05
0.00104741
7.95668e-05
0.00104094
7.83621e-05
0.00103463
7.70528e-05
0.00102849
7.5652e-05
0.00102254
7.4173e-05
0.00101682
7.26259e-05
0.00101134
7.10195e-05
0.00100611
6.93625e-05
0.00100115
6.76617e-05
0.000996459
6.59218e-05
0.000992043
6.41479e-05
0.000987902
6.23459e-05
0.000984033
6.05218e-05
0.000980429
5.86808e-05
0.000977082
5.68278e-05
0.000973981
5.49673e-05
0.00097111
5.31038e-05
0.000968455
5.12418e-05
0.000966001
4.93855e-05
0.000963733
4.75392e-05
0.000961636
4.57067e-05
0.000959698
4.38916e-05
0.000957908
4.20969e-05
0.000956256
4.0325e-05
0.000954734
3.8578e-05
0.000953331
3.68574e-05
0.000952043
3.51644e-05
0.000950861
3.34996e-05
0.000949779
3.18635e-05
0.000948792
3.02559e-05
0.000947895
2.86763e-05
0.000947083
2.71238e-05
0.000946352
2.55972e-05
0.000945696
2.40946e-05
0.000945112
2.26142e-05
0.000944597
2.11533e-05
0.000944143
1.97093e-05
0.000943747
1.82794e-05
0.0009434
1.68606e-05
0.000943096
1.54503e-05
0.000942829
1.40456e-05
0.000942589
1.26438e-05
0.000942368
1.12422e-05
0.000942157
9.83802e-06
0.000941943
8.42932e-06
0.000941716
7.01433e-06
0.000941464
5.59117e-06
0.000941176
4.15966e-06
0.000940841
2.71758e-06
0.000940455
1.26345e-06
0.000940001
-1.97494e-07
0.00093944
-1.62265e-06
0.000938788
-3.0688e-06
0.000938035
-4.50864e-06
0.000937168
-5.93109e-06
0.000936182
-7.33269e-06
0.000935073
-8.70938e-06
0.000933844
-1.00542e-05
0.000932495
-1.13584e-05
0.000931028
-1.26139e-05
-1.38134e-05
0.00106473
3.11821e-05
0.00106665
3.48015e-05
0.00106862
3.85551e-05
0.00107063
4.22391e-05
0.00107269
4.58154e-05
0.00107478
4.92925e-05
0.00107689
5.26699e-05
0.00107899
5.59469e-05
0.00108106
5.91173e-05
0.00108306
6.21681e-05
0.00108495
6.50822e-05
0.00108671
6.78421e-05
0.0010883
7.04315e-05
0.00108971
7.28366e-05
0.0010909
7.50459e-05
0.00109186
7.70501e-05
0.00109257
7.88416e-05
0.00109301
8.04144e-05
0.00109316
8.17642e-05
0.00109302
8.28885e-05
0.00109257
8.37863e-05
0.00109182
8.44588e-05
0.00109076
8.49091e-05
0.00108941
8.5142e-05
0.00108776
8.5164e-05
0.00108583
8.49827e-05
0.00108364
8.4604e-05
0.00108121
8.40358e-05
0.00107856
8.33055e-05
0.0010757
8.24237e-05
0.00107266
8.14003e-05
0.00106947
8.02471e-05
0.00106614
7.89762e-05
0.00106272
7.75991e-05
0.00105922
7.61267e-05
0.00105567
7.45689e-05
0.0010521
7.29352e-05
0.00104852
7.12342e-05
0.00104497
6.94742e-05
0.00104146
6.76629e-05
0.00103799
6.58083e-05
0.0010346
6.3918e-05
0.00103128
6.19995e-05
0.00102805
6.00598e-05
0.00102491
5.81054e-05
0.00102187
5.61423e-05
0.00101894
5.41762e-05
0.00101611
5.22124e-05
0.00101339
5.02559e-05
0.00101079
4.83109e-05
0.0010083
4.63816e-05
0.00100592
4.44716e-05
0.00100366
4.2584e-05
0.00100152
4.07213e-05
0.000999492
3.88856e-05
0.000997578
3.70786e-05
0.000995776
3.53013e-05
0.000994086
3.35544e-05
0.000992503
3.1838e-05
0.000991028
3.01521e-05
0.000989656
2.84959e-05
0.000988384
2.68684e-05
0.000987211
2.52682e-05
0.000986131
2.36938e-05
0.000985141
2.21431e-05
0.000984236
2.06141e-05
0.000983411
1.91046e-05
0.00098266
1.76121e-05
0.000981976
1.61342e-05
0.000981353
1.46689e-05
0.000980783
1.32136e-05
0.000980258
1.17667e-05
0.000979771
1.03258e-05
0.00097931
8.88978e-06
0.000978867
7.45772e-06
0.000978429
6.02847e-06
0.000977985
4.60381e-06
0.000977519
3.18369e-06
0.00097701
1.7727e-06
0.000976434
3.78483e-07
0.000975847
-1.03583e-06
0.000975208
-2.42992e-06
0.000974509
-3.80898e-06
0.000973746
-5.16834e-06
0.000972914
-6.5007e-06
0.000972005
-7.80081e-06
0.000971015
-9.06423e-06
0.000969942
-1.02856e-05
0.000968787
-1.14589e-05
-1.25784e-05
0.000831096
2.64226e-05
0.000836135
2.97617e-05
0.000841537
3.31541e-05
0.000847265
3.65102e-05
0.000853292
3.97888e-05
0.000859598
4.29868e-05
0.000866154
4.61136e-05
0.000872929
4.91714e-05
0.000879894
5.21527e-05
0.000887018
5.50441e-05
0.00089427
5.78298e-05
0.000901618
6.04943e-05
0.000909026
6.30235e-05
0.000916458
6.54049e-05
0.000923876
6.76279e-05
0.000931243
6.96829e-05
0.000938523
7.15615e-05
0.000945681
7.32567e-05
0.000952683
7.47623e-05
0.000959498
7.60737e-05
0.000966097
7.71874e-05
0.000972454
7.81013e-05
0.000978548
7.88155e-05
0.000984358
7.93315e-05
0.00098987
7.96523e-05
0.00099507
7.97826e-05
0.000999945
7.9729e-05
0.00100448
7.95005e-05
0.00100868
7.91075e-05
0.00101254
7.85597e-05
0.00101608
7.78661e-05
0.00101929
7.70356e-05
0.00102219
7.60773e-05
0.00102479
7.50005e-05
0.0010271
7.38147e-05
0.00102914
7.25291e-05
0.00103092
7.11527e-05
0.00103246
6.96943e-05
0.00103377
6.81625e-05
0.00103487
6.65653e-05
0.00103577
6.49108e-05
0.00103648
6.32068e-05
0.00103702
6.14608e-05
0.0010374
5.968e-05
0.00103763
5.78713e-05
0.00103773
5.60412e-05
0.00103771
5.41956e-05
0.00103758
5.23404e-05
0.00103736
5.04808e-05
0.00103705
4.86217e-05
0.00103666
4.67678e-05
0.00103621
4.4923e-05
0.0010357
4.30912e-05
0.00103515
4.12754e-05
0.00103456
3.94783e-05
0.00103393
3.77021e-05
0.00103329
3.59485e-05
0.00103262
3.42188e-05
0.00103195
3.25137e-05
0.00103126
3.08338e-05
0.00103058
2.91789e-05
0.0010299
2.75489e-05
0.00102923
2.59432e-05
0.00102856
2.43607e-05
0.0010279
2.28005e-05
0.00102725
2.12611e-05
0.00102662
1.97413e-05
0.00102599
1.82394e-05
0.00102537
1.67539e-05
0.00102476
1.52833e-05
0.00102414
1.38263e-05
0.00102353
1.23817e-05
0.00102291
1.09485e-05
0.00102227
9.52602e-06
0.00102161
8.11404e-06
0.00102093
6.71247e-06
0.00102021
5.32243e-06
0.00101945
3.94468e-06
0.00101864
2.58181e-06
0.00101778
1.2377e-06
0.00101683
-8.05079e-08
0.00101583
-1.43818e-06
0.00101477
-2.74868e-06
0.00101364
-4.0299e-06
0.00101242
-5.28153e-06
0.00101111
-6.49869e-06
0.00100973
-7.67536e-06
0.00100825
-8.80654e-06
0.00100668
-9.88863e-06
-1.09181e-05
0.000558229
2.02721e-05
0.000564768
2.32228e-05
0.000571744
2.61774e-05
0.0005792
2.9055e-05
0.000587106
3.18822e-05
0.000595435
3.46577e-05
0.000604168
3.73813e-05
0.000613293
4.00462e-05
0.000622802
4.26439e-05
0.000632681
4.51652e-05
0.00064291
4.76008e-05
0.000653463
4.99412e-05
0.000664309
5.2177e-05
0.000675415
5.42988e-05
0.000686745
5.6298e-05
0.000698261
5.81666e-05
0.000709926
5.98974e-05
0.000721698
6.14842e-05
0.000733539
6.29215e-05
0.000745408
6.42047e-05
0.000757265
6.53303e-05
0.00076907
6.62957e-05
0.000780786
6.70999e-05
0.000792375
6.77429e-05
0.000803801
6.82258e-05
0.000815032
6.85512e-05
0.000826038
6.87235e-05
0.000836791
6.87475e-05
0.00084727
6.86284e-05
0.000857458
6.83721e-05
0.000867338
6.79851e-05
0.0008769
6.74741e-05
0.000886131
6.68458e-05
0.000895025
6.61072e-05
0.000903574
6.52654e-05
0.000911775
6.43276e-05
0.000919627
6.33012e-05
0.000927128
6.21934e-05
0.000934279
6.10112e-05
0.000941083
5.97615e-05
0.000947543
5.84511e-05
0.000953663
5.70865e-05
0.00095945
5.56742e-05
0.000964909
5.42204e-05
0.00097005
5.2731e-05
0.000974879
5.12118e-05
0.000979406
4.96684e-05
0.000983641
4.81059e-05
0.000987592
4.65292e-05
0.000991271
4.49429e-05
0.000994688
4.33512e-05
0.000997853
4.1758e-05
0.00100078
4.01668e-05
0.00100347
3.85809e-05
0.00100595
3.70028e-05
0.00100821
3.54351e-05
0.00101028
3.38796e-05
0.00101216
3.23381e-05
0.00101387
3.08118e-05
0.0010154
2.93014e-05
0.00101677
2.78079e-05
0.00101799
2.63313e-05
0.00101906
2.48719e-05
0.00101999
2.34294e-05
0.00102079
2.20034e-05
0.00102145
2.05937e-05
0.001022
1.91992e-05
0.00102242
1.78196e-05
0.00102272
1.6454e-05
0.0010229
1.51017e-05
0.00102296
1.37624e-05
0.00102291
1.2435e-05
0.00102274
1.112e-05
0.00102245
9.81659e-06
0.00102203
8.52515e-06
0.0010215
7.2465e-06
0.00102084
5.98039e-06
0.00102006
4.72964e-06
0.00101914
3.49462e-06
0.0010181
2.27907e-06
0.00101694
1.08784e-06
0.00101557
-7.74722e-08
0.0010141
-1.27231e-06
0.00101248
-2.41325e-06
0.00101072
-3.51931e-06
0.00100881
-4.59231e-06
0.00100676
-5.62696e-06
0.00100458
-6.61736e-06
0.00100225
-7.56072e-06
-8.4547e-06
0.000279695
1.41484e-05
0.000286142
1.67756e-05
0.000293225
1.90945e-05
0.000300842
2.14381e-05
0.000309
2.37248e-05
0.000317691
2.59658e-05
0.00032692
2.81522e-05
0.000336687
3.02793e-05
0.00034699
3.23414e-05
0.00035782
3.43354e-05
0.000369164
3.62568e-05
0.000381004
3.81011e-05
0.000393318
3.98629e-05
0.00040608
4.1537e-05
0.00041926
4.31181e-05
0.000432825
4.46014e-05
0.00044674
4.59826e-05
0.000460966
4.72577e-05
0.000475465
4.84231e-05
0.000490193
4.94762e-05
0.000505109
5.04146e-05
0.000520169
5.12356e-05
0.000535328
5.19406e-05
0.000550543
5.25279e-05
0.000565772
5.29966e-05
0.000580974
5.33496e-05
0.000596108
5.35893e-05
0.000611137
5.37183e-05
0.000626026
5.37396e-05
0.000640741
5.36569e-05
0.000655252
5.34745e-05
0.000669529
5.31969e-05
0.000683546
5.2829e-05
0.000697278
5.23753e-05
0.000710703
5.18403e-05
0.000723802
5.1229e-05
0.000736557
5.05461e-05
0.000748955
4.97959e-05
0.000760982
4.89836e-05
0.000772629
4.81143e-05
0.000783887
4.71929e-05
0.00079475
4.62242e-05
0.000805211
4.52128e-05
0.000815269
4.41631e-05
0.00082492
4.30795e-05
0.000834165
4.19664e-05
0.000843006
4.08277e-05
0.000851444
3.96675e-05
0.000859484
3.84893e-05
0.00086713
3.72967e-05
0.000874389
3.60929e-05
0.000881266
3.4881e-05
0.000887769
3.36637e-05
0.000893906
3.24435e-05
0.000899686
3.12229e-05
0.000905117
3.00039e-05
0.000910209
2.87884e-05
0.000914969
2.75778e-05
0.000919407
2.63735e-05
0.000923532
2.51766e-05
0.000927352
2.39879e-05
0.000930875
2.2808e-05
0.00093411
2.16375e-05
0.000937063
2.04766e-05
0.000939741
1.93253e-05
0.00094215
1.81839e-05
0.000944297
1.70522e-05
0.000946187
1.59302e-05
0.000947823
1.48178e-05
0.00094921
1.37147e-05
0.000950351
1.26213e-05
0.000951249
1.15373e-05
0.000951906
1.0463e-05
0.000952323
9.39881e-06
0.000952504
8.34479e-06
0.000952448
7.30236e-06
0.000952157
6.27163e-06
0.000951632
5.25414e-06
0.000950875
4.25147e-06
0.00094989
3.26405e-06
0.000948683
2.29511e-06
0.00094726
1.34604e-06
0.00094557
4.17227e-07
0.000943659
-5.02584e-07
0.000941533
-1.39242e-06
0.000939185
-2.24434e-06
0.000936619
-3.06184e-06
0.000933847
-3.84484e-06
0.000930877
-4.59087e-06
-5.29545e-06
-4.05796e-06
9.5128e-06
1.74763e-06
1.097e-05
8.05364e-06
1.27885e-05
1.51825e-05
1.43092e-05
2.29439e-05
1.59634e-05
3.14206e-05
1.74892e-05
4.05592e-05
1.90136e-05
5.03856e-05
2.0453e-05
6.08785e-05
2.18484e-05
7.20378e-05
2.31762e-05
8.38462e-05
2.44484e-05
9.62886e-05
2.56587e-05
0.000109343
2.68086e-05
0.000122984
2.78962e-05
0.000137183
2.89192e-05
0.000151908
2.98765e-05
0.000167124
3.07659e-05
0.000182796
3.15865e-05
0.000198882
3.23367e-05
0.000215342
3.30159e-05
0.000232133
3.36237e-05
0.00024921
3.41588e-05
0.000266527
3.46239e-05
0.000284039
3.50158e-05
0.000301701
3.53345e-05
0.000319467
3.55831e-05
0.000337294
3.57629e-05
0.000355136
3.5876e-05
0.000372951
3.59247e-05
0.000390697
3.59114e-05
0.000408332
3.5839e-05
0.000425818
3.57111e-05
0.000443118
3.55289e-05
0.0004602
3.52927e-05
0.000477033
3.50078e-05
0.000493584
3.46781e-05
0.000509826
3.4304e-05
0.000525735
3.38865e-05
0.00054129
3.34288e-05
0.00055647
3.29342e-05
0.000571258
3.24053e-05
0.000585637
3.18449e-05
0.000599594
3.12555e-05
0.000613118
3.06395e-05
0.000626198
2.99994e-05
0.000638827
2.93374e-05
0.000650999
2.86557e-05
0.00066271
2.79565e-05
0.000673957
2.72418e-05
0.000684741
2.65135e-05
0.00069506
2.57735e-05
0.000704918
2.50233e-05
0.000714317
2.42644e-05
0.000723262
2.34986e-05
0.000731757
2.27275e-05
0.000739809
2.19527e-05
0.000747422
2.11754e-05
0.000754603
2.03966e-05
0.000761359
1.96175e-05
0.000767697
1.88387e-05
0.000773623
1.80612e-05
0.000779146
1.72855e-05
0.000784271
1.65121e-05
0.000789006
1.57415e-05
0.000793358
1.4974e-05
0.000797332
1.42099e-05
0.000800935
1.34494e-05
0.000804172
1.26928e-05
0.000807049
1.19404e-05
0.000809572
1.11921e-05
0.000811745
1.04485e-05
0.000813572
9.71003e-06
0.000815058
8.9766e-06
0.000816208
8.24929e-06
0.000817024
7.52831e-06
0.000817512
6.81422e-06
0.000817676
6.10852e-06
0.000817519
5.41102e-06
0.000817047
4.72353e-06
0.000816264
4.04699e-06
0.000815177
3.38142e-06
0.000813794
2.72953e-06
0.000812121
2.09038e-06
0.000810155
1.46304e-06
0.000807912
8.5099e-07
0.00080541
2.57821e-07
0.000802646
-2.98068e-07
0.000799631
-8.30147e-07
0.000796381
-1.34085e-06
-1.82528e-06
-0.000286484
5.96593e-06
-0.000282081
6.56717e-06
-0.000276814
7.522e-06
-0.000270672
8.16713e-06
-0.000263683
8.97382e-06
-0.000255818
9.62462e-06
-0.000247116
1.03109e-05
-0.000237576
1.09133e-05
-0.00022723
1.15029e-05
-0.000216091
1.20364e-05
-0.000204182
1.25401e-05
-0.000191523
1.29997e-05
-0.00017814
1.34249e-05
-0.000164061
1.38174e-05
-0.000149319
1.41773e-05
-0.000133947
1.45046e-05
-0.000117981
1.47999e-05
-0.000101459
1.50646e-05
-8.44221e-05
1.52994e-05
-6.6912e-05
1.55057e-05
-4.89731e-05
1.56849e-05
-3.06527e-05
1.58384e-05
-1.19963e-05
1.59675e-05
6.94709e-06
1.60725e-05
2.61281e-05
1.61535e-05
4.54983e-05
1.62129e-05
6.501e-05
1.62511e-05
8.4616e-05
1.627e-05
0.00010427
1.62706e-05
0.000123927
1.62544e-05
0.000143542
1.62242e-05
0.000163063
1.61904e-05
0.000182441
1.615e-05
0.000201649
1.6085e-05
0.000220649
1.60081e-05
0.000239411
1.5916e-05
0.000257903
1.58123e-05
0.000276092
1.56978e-05
0.000293947
1.5573e-05
0.000311443
1.54382e-05
0.000328555
1.52937e-05
0.000345261
1.51393e-05
0.000361541
1.49752e-05
0.000377379
1.48012e-05
0.000392761
1.46176e-05
0.000407674
1.44244e-05
0.000422108
1.42215e-05
0.000436055
1.40093e-05
0.000449509
1.37878e-05
0.000462466
1.35572e-05
0.000474921
1.33178e-05
0.000486875
1.30696e-05
0.000498328
1.28119e-05
0.000509281
1.25455e-05
0.000519737
1.22714e-05
0.0005297
1.199e-05
0.000539173
1.17017e-05
0.000548163
1.1407e-05
0.000556674
1.11063e-05
0.000564713
1.07999e-05
0.000572286
1.04881e-05
0.0005794
1.01713e-05
0.000586062
9.84988e-06
0.00059228
9.52412e-06
0.000598059
9.19429e-06
0.000603408
8.86073e-06
0.000608334
8.52368e-06
0.000612843
8.1834e-06
0.000616944
7.84026e-06
0.000620641
7.49445e-06
0.000623943
7.14639e-06
0.000626857
6.79651e-06
0.000629389
6.44502e-06
0.000631545
6.0926e-06
0.000633334
5.73967e-06
0.000634762
5.38651e-06
0.000635836
5.03407e-06
0.000636564
4.68272e-06
0.000636955
4.33286e-06
0.000637016
3.98557e-06
0.000636757
3.64124e-06
0.000636186
3.29982e-06
0.000635314
2.96313e-06
0.000634146
2.63077e-06
0.000632693
2.30361e-06
0.000630966
1.98483e-06
0.000628994
1.67451e-06
0.000626792
1.37195e-06
0.000624373
1.07767e-06
7.93256e-07
-0.000496768
3.20198e-06
-0.000493276
3.07499e-06
-0.000488677
2.92299e-06
-0.000483255
2.74512e-06
-0.000476815
2.53404e-06
-0.000469487
2.29653e-06
-0.000461206
2.03e-06
-0.000452033
1.74023e-06
-0.000441958
1.4274e-06
-0.000431018
1.09642e-06
-0.000419226
7.4833e-07
-0.000406612
3.86101e-07
-0.000393189
1.03113e-09
-0.000379032
-3.3954e-07
-0.000364157
-6.9762e-07
-0.000348597
-1.05499e-06
-0.000332391
-1.40663e-06
-0.000315578
-1.74825e-06
-0.000298202
-2.07656e-06
-0.000280308
-2.3883e-06
-0.000261942
-2.68038e-06
-0.000243154
-2.94979e-06
-0.000223993
-3.194e-06
-0.000204509
-3.41137e-06
-0.000184753
-3.6021e-06
-0.000164778
-3.76278e-06
-0.000144632
-3.89459e-06
-0.000124365
-3.99686e-06
-0.000104024
-4.0704e-06
-8.36536e-05
-4.1161e-06
-6.32951e-05
-4.13424e-06
-4.29837e-05
-4.12093e-06
-2.27604e-05
-4.07341e-06
-2.68019e-06
-3.9952e-06
1.72176e-05
-3.88974e-06
3.68922e-05
-3.75855e-06
5.63092e-05
-3.60478e-06
7.54377e-05
-3.43072e-06
9.42493e-05
-3.23861e-06
0.000112718
-3.03069e-06
0.000130821
-2.80924e-06
0.000148537
-2.57658e-06
0.000165847
-2.33502e-06
0.000182735
-2.08683e-06
0.000199187
-1.8342e-06
0.000215191
-1.57923e-06
0.000230736
-1.32387e-06
0.000245815
-1.06995e-06
0.000260422
-8.19055e-07
0.000274552
-5.72528e-07
0.000288201
-3.3123e-07
0.000301365
-9.43855e-08
0.000314055
1.21607e-07
0.000326272
3.28835e-07
0.000338015
5.28433e-07
0.000349286
7.18361e-07
0.000360091
8.97654e-07
0.000370432
1.06574e-06
0.000380316
1.2223e-06
0.000389749
1.36716e-06
0.000398736
1.50031e-06
0.000407286
1.62181e-06
0.000415404
1.73183e-06
0.000423097
1.83057e-06
0.000430373
1.91827e-06
0.000437239
1.9952e-06
0.000443701
2.06162e-06
0.000449767
2.11784e-06
0.000455443
2.16419e-06
0.000460736
2.20101e-06
0.000465654
2.2288e-06
0.000470202
2.2481e-06
0.000474388
2.25933e-06
0.000478217
2.26304e-06
0.000481697
2.25972e-06
0.000484834
2.24967e-06
0.000487635
2.23345e-06
0.000490106
2.21136e-06
0.000492255
2.18356e-06
0.000494091
2.14993e-06
0.000495622
2.11065e-06
0.000496857
2.06474e-06
0.000497805
2.01441e-06
0.000498476
1.96046e-06
0.000498877
1.90202e-06
0.000499024
1.83851e-06
0.000498927
1.77106e-06
0.000498598
1.70089e-06
0.000498048
1.62797e-06
-0.000493336
-2.02933e-07
-0.000489337
-9.24093e-07
-0.000484188
-2.22589e-06
-0.000478264
-3.17905e-06
-0.000471324
-4.40551e-06
-0.000463514
-5.51443e-06
-0.000454767
-6.71639e-06
-0.00044515
-7.87736e-06
-0.000434657
-9.06515e-06
-0.000423331
-1.023e-05
-0.000411191
-1.13917e-05
-0.000398275
-1.25299e-05
-0.000384627
-1.36469e-05
-0.000370239
-1.47274e-05
-0.000355166
-1.57705e-05
-0.000339451
-1.67698e-05
-0.000323137
-1.77205e-05
-0.000306268
-1.86173e-05
-0.000288889
-1.94552e-05
-0.000271048
-2.02299e-05
-0.000252791
-2.0937e-05
-0.000234168
-2.15732e-05
-0.000215226
-2.21354e-05
-0.000196018
-2.26196e-05
-0.000176595
-2.30249e-05
-0.000157006
-2.33516e-05
-0.000137301
-2.36002e-05
-0.000117526
-2.37718e-05
-9.77275e-05
-2.38688e-05
-7.79489e-05
-2.38947e-05
-5.82234e-05
-2.38597e-05
-3.85858e-05
-2.37586e-05
-1.90833e-05
-2.35759e-05
2.43428e-07
-2.33219e-05
1.93606e-05
-2.30069e-05
3.82348e-05
-2.26328e-05
5.68372e-05
-2.22071e-05
7.51415e-05
-2.17351e-05
9.31245e-05
-2.12216e-05
0.000110765
-2.06715e-05
0.000128046
-2.00896e-05
0.00014495
-1.94806e-05
0.000161464
-1.88492e-05
0.000177577
-1.81999e-05
0.00019328
-1.75369e-05
0.000208565
-1.68642e-05
0.000223426
-1.61857e-05
0.000237861
-1.55047e-05
0.000251867
-1.48246e-05
0.000265443
-1.41482e-05
0.00027859
-1.34783e-05
0.000291312
-1.28173e-05
0.000303602
-1.21682e-05
0.000315463
-1.15322e-05
0.000326902
-1.09103e-05
0.000337924
-1.03035e-05
0.000348534
-9.71253e-06
0.000358738
-9.13812e-06
0.000368541
-8.58067e-06
0.000377948
-8.04042e-06
0.000386966
-7.51742e-06
0.0003956
-7.01156e-06
0.000403854
-6.5226e-06
0.000411735
-6.0502e-06
0.000419247
-5.59391e-06
0.000426395
-5.15322e-06
0.000433185
-4.72757e-06
0.000439619
-4.31638e-06
0.000445702
-3.91901e-06
0.000451438
-3.53487e-06
0.00045683
-3.16332e-06
0.000461882
-2.80378e-06
0.000466597
-2.4557e-06
0.000470978
-2.11857e-06
0.00047503
-1.79194e-06
0.000478755
-1.47543e-06
0.000482157
-1.16865e-06
0.00048524
-8.71266e-07
0.000488006
-5.82704e-07
0.000490458
-3.01991e-07
0.000492593
-2.3912e-08
0.000494439
2.18541e-07
0.000495998
4.5574e-07
0.000497274
6.84278e-07
0.000498274
9.02225e-07
0.000499004
1.10822e-06
0.000499474
1.30069e-06
0.000499697
1.47853e-06
1.6412e-06
-0.000279056
-4.80954e-06
-0.000273543
-6.4364e-06
-0.000267134
-8.63493e-06
-0.000259843
-1.04707e-05
-0.000251711
-1.25368e-05
-0.000242722
-1.45043e-05
-0.000232918
-1.65204e-05
-0.000222309
-1.84857e-05
-0.000210938
-2.04363e-05
-0.000198826
-2.23424e-05
-0.000186009
-2.42081e-05
-0.000172518
-2.60215e-05
-0.000158388
-2.77765e-05
-0.000143651
-2.94648e-05
-0.000128343
-3.10784e-05
-0.000112503
-3.26099e-05
-9.61719e-05
-3.40512e-05
-7.93937e-05
-3.53955e-05
-6.22134e-05
-3.66356e-05
-4.46773e-05
-3.7766e-05
-2.68333e-05
-3.87811e-05
-8.72894e-06
-3.96775e-05
9.58441e-06
-4.04488e-05
2.80594e-05
-4.10946e-05
4.66497e-05
-4.16152e-05
6.53077e-05
-4.20096e-05
8.39867e-05
-4.22792e-05
0.000102641
-4.24263e-05
0.000121227
-4.24544e-05
0.0001397
-4.23676e-05
0.00015801
-4.21705e-05
0.000176118
-4.18661e-05
0.000194
-4.14578e-05
0.00021163
-4.09525e-05
0.000228982
-4.03584e-05
0.000246032
-3.9683e-05
0.000262759
-3.89337e-05
0.000279142
-3.81184e-05
0.000295165
-3.72444e-05
0.000310812
-3.63182e-05
0.00032607
-3.53475e-05
0.000340929
-3.43398e-05
0.000355381
-3.33018e-05
0.000369422
-3.22402e-05
0.000383046
-3.11612e-05
0.000396252
-3.00705e-05
0.00040904
-2.89736e-05
0.000421411
-2.78755e-05
0.000433367
-2.67807e-05
0.000444912
-2.56932e-05
0.00045605
-2.46166e-05
0.000466787
-2.35542e-05
0.000477128
-2.25088e-05
0.000487078
-2.14824e-05
0.000496645
-2.04766e-05
0.000505834
-1.94926e-05
0.000514652
-1.85312e-05
0.000523107
-1.75932e-05
0.000531206
-1.66788e-05
0.000538953
-1.57879e-05
0.000546356
-1.49204e-05
0.00055342
-1.40756e-05
0.00056015
-1.3253e-05
0.000566552
-1.24517e-05
0.000572629
-1.16708e-05
0.000578385
-1.09092e-05
0.000583823
-1.01659e-05
0.000588947
-9.4399e-06
0.000593758
-8.72992e-06
0.000598258
-8.03508e-06
0.000602449
-7.35432e-06
0.000606332
-6.68678e-06
0.000609908
-6.03176e-06
0.000613178
-5.38848e-06
0.000616143
-4.75678e-06
0.000618803
-4.13603e-06
0.000621161
-3.52649e-06
0.000623218
-2.92806e-06
0.000624976
-2.34101e-06
0.00062644
-1.76573e-06
0.000627618
-1.20216e-06
0.000628486
-6.49732e-07
0.000629045
-1.02765e-07
0.000629328
4.01512e-07
0.000629337
8.93099e-07
0.000629076
1.36907e-06
0.000628553
1.82351e-06
0.000627778
2.25411e-06
2.65974e-06
3.29685e-06
-1.04769e-05
1.02621e-05
-1.34016e-05
1.76738e-05
-1.60466e-05
2.59423e-05
-1.87392e-05
3.4833e-05
-2.14275e-05
4.44341e-05
-2.41054e-05
5.4675e-05
-2.67613e-05
6.55741e-05
-2.93848e-05
7.71021e-05
-3.19643e-05
8.92492e-05
-3.44896e-05
0.000101991
-3.69496e-05
0.000115302
-3.93331e-05
0.000129155
-4.16288e-05
0.000143515
-4.38254e-05
0.000158349
-4.59122e-05
0.000173618
-4.78785e-05
0.000189281
-4.97143e-05
0.000205296
-5.14103e-05
0.000221618
-5.29579e-05
0.000238202
-5.43498e-05
0.000255
-5.55792e-05
0.000271964
-5.6642e-05
0.00028905
-5.75344e-05
0.00030621
-5.8254e-05
0.000323396
-5.88013e-05
0.000340564
-5.91778e-05
0.000357671
-5.93859e-05
0.000374674
-5.94295e-05
0.000391533
-5.93138e-05
0.00040821
-5.90448e-05
0.000424669
-5.86297e-05
0.00044088
-5.80764e-05
0.000456815
-5.73932e-05
0.000472451
-5.65887e-05
0.000487766
-5.56728e-05
0.000502739
-5.4656e-05
0.000517354
-5.35485e-05
0.000531596
-5.23604e-05
0.000545453
-5.11015e-05
0.000558916
-4.97816e-05
0.000571979
-4.84103e-05
0.000584636
-4.69967e-05
0.000596884
-4.55498e-05
0.000608721
-4.4078e-05
0.000620149
-4.2589e-05
0.000631169
-4.10903e-05
0.000641784
-3.95886e-05
0.000651998
-3.80899e-05
0.000661817
-3.65998e-05
0.000671247
-3.51231e-05
0.000680295
-3.36642e-05
0.000688967
-3.22265e-05
0.000697272
-3.08134e-05
0.000705216
-2.9427e-05
0.000712809
-2.80693e-05
0.000720058
-2.67416e-05
0.000726972
-2.54447e-05
0.000733557
-2.41791e-05
0.000739823
-2.29445e-05
0.000745776
-2.17408e-05
0.000751423
-2.0567e-05
0.000756769
-1.94223e-05
0.000761822
-1.83054e-05
0.000766585
-1.72148e-05
0.000771063
-1.6149e-05
0.00077526
-1.51063e-05
0.000779179
-1.40851e-05
0.000782823
-1.30835e-05
0.000786193
-1.21e-05
0.000789291
-1.11329e-05
0.000792117
-1.01807e-05
0.000794673
-9.24235e-06
0.000796957
-8.31647e-06
0.000798971
-7.4024e-06
0.000800714
-6.49957e-06
0.000802186
-5.60749e-06
0.000803386
-4.72667e-06
0.000804315
-3.85683e-06
0.000804973
-2.99936e-06
0.000805362
-2.15486e-06
0.000805486
-1.32597e-06
0.000805352
-5.16015e-07
0.000804965
2.84082e-07
0.000804294
1.07306e-06
0.000803356
1.83069e-06
0.000802166
2.55899e-06
0.00080073
3.25968e-06
0.000799053
3.93112e-06
4.56936e-06
0.000286038
-1.7555e-05
0.000293382
-2.07466e-05
0.000301383
-2.40469e-05
0.000309941
-2.72979e-05
0.000319041
-3.05272e-05
0.000328668
-3.37324e-05
0.000338816
-3.69091e-05
0.000349477
-4.00464e-05
0.000360643
-4.31302e-05
0.000372298
-4.61445e-05
0.000384422
-4.90732e-05
0.000396989
-5.19002e-05
0.00040997
-5.46101e-05
0.000423333
-5.71877e-05
0.000437039
-5.96187e-05
0.00045105
-6.18895e-05
0.000465324
-6.39878e-05
0.000479816
-6.59025e-05
0.000494481
-6.76235e-05
0.000509274
-6.91424e-05
0.000524147
-7.04523e-05
0.000539054
-7.15487e-05
0.000553948
-7.2429e-05
0.000568787
-7.30932e-05
0.00058353
-7.35435e-05
0.000598136
-7.37838e-05
0.000612569
-7.38198e-05
0.000626798
-7.36582e-05
0.000640792
-7.33072e-05
0.000654523
-7.27762e-05
0.000667969
-7.20753e-05
0.000681108
-7.12153e-05
0.000693922
-7.02079e-05
0.000706399
-6.90652e-05
0.000718526
-6.77998e-05
0.000730294
-6.64243e-05
0.000741697
-6.49514e-05
0.00075273
-6.33936e-05
0.000763392
-6.17629e-05
0.000773681
-6.00709e-05
0.000783599
-5.83287e-05
0.000793149
-5.65467e-05
0.000802335
-5.47351e-05
0.00081116
-5.29032e-05
0.000819631
-5.10598e-05
0.000827754
-4.9213e-05
0.000835535
-4.73701e-05
0.000842983
-4.55378e-05
0.000850105
-4.37219e-05
0.00085691
-4.19277e-05
0.000863405
-4.01596e-05
0.0008696
-3.84214e-05
0.000875503
-3.67162e-05
0.000881122
-3.50463e-05
0.000886466
-3.34135e-05
0.000891543
-3.18187e-05
0.000896361
-3.02626e-05
0.000900927
-2.8745e-05
0.000905248
-2.72655e-05
0.00090933
-2.58232e-05
0.00091318
-2.44167e-05
0.000916802
-2.30445e-05
0.000920202
-2.17047e-05
0.000923382
-2.03953e-05
0.000926347
-1.91139e-05
0.000929099
-1.78583e-05
0.00093164
-1.66261e-05
0.000933971
-1.54149e-05
0.000936094
-1.42225e-05
0.000938008
-1.30467e-05
0.000939712
-1.18855e-05
0.000941207
-1.07374e-05
0.000942492
-9.60066e-06
0.000943564
-8.47458e-06
0.000944422
-7.35781e-06
0.000945065
-6.25072e-06
0.000945492
-5.15298e-06
0.0009457
-4.06561e-06
0.000945691
-2.99021e-06
0.000945465
-1.92825e-06
0.000945023
-8.8399e-07
0.000944364
1.42513e-07
0.000943459
1.18885e-06
0.000942335
2.19694e-06
0.000940993
3.17344e-06
0.000939432
4.11931e-06
0.000937659
5.0332e-06
0.000935679
5.91135e-06
6.74915e-06
0.000562938
-2.45426e-05
0.000570376
-2.81842e-05
0.000578245
-3.19156e-05
0.000586588
-3.56419e-05
0.000595377
-3.93153e-05
0.000604571
-4.29271e-05
0.000614145
-4.64833e-05
0.000624081
-4.9982e-05
0.000634361
-5.34104e-05
0.000644965
-5.67488e-05
0.000655867
-5.99745e-05
0.000667032
-6.30657e-05
0.000678424
-6.60022e-05
0.000690003
-6.87662e-05
0.000701724
-7.13402e-05
0.000713545
-7.37098e-05
0.000725419
-7.58623e-05
0.000737303
-7.77867e-05
0.000749153
-7.94735e-05
0.000760927
-8.09155e-05
0.000772581
-8.21067e-05
0.000784076
-8.30435e-05
0.000795373
-8.37263e-05
0.000806438
-8.4158e-05
0.000817238
-8.43438e-05
0.000827746
-8.42916e-05
0.000837939
-8.40128e-05
0.000847801
-8.35207e-05
0.000857322
-8.28279e-05
0.000866493
-8.19467e-05
0.000875308
-8.08905e-05
0.000883765
-7.96729e-05
0.000891866
-7.83087e-05
0.000899613
-7.68123e-05
0.000907012
-7.51985e-05
0.000914069
-7.34816e-05
0.000920793
-7.16756e-05
0.000927194
-6.9794e-05
0.000933281
-6.78497e-05
0.000939065
-6.58549e-05
0.000944557
-6.38211e-05
0.000949769
-6.1759e-05
0.000954713
-5.96789e-05
0.0009594
-5.75902e-05
0.000963842
-5.55014e-05
0.000968049
-5.34203e-05
0.000972033
-5.13541e-05
0.000975804
-4.93089e-05
0.000979372
-4.72903e-05
0.000982748
-4.53029e-05
0.000985939
-4.33508e-05
0.000988955
-4.14374e-05
0.000991804
-3.95652e-05
0.000994494
-3.77361e-05
0.000997032
-3.59514e-05
0.000999425
-3.42116e-05
0.00100168
-3.25167e-05
0.0010038
-3.08659e-05
0.00100579
-2.92584e-05
0.00100766
-2.76924e-05
0.00100941
-2.61661e-05
0.00101104
-2.46772e-05
0.00101256
-2.32232e-05
0.00101397
-2.18014e-05
0.00101526
-2.04088e-05
0.00101645
-1.90424e-05
0.00101752
-1.76993e-05
0.00101848
-1.63762e-05
0.00101933
-1.50705e-05
0.00102006
-1.37793e-05
0.00102068
-1.25002e-05
0.00102117
-1.1231e-05
0.00102154
-9.96988e-06
0.00102178
-8.71543e-06
0.00102189
-7.46673e-06
0.00102186
-6.2235e-06
0.0010217
-4.98587e-06
0.00102138
-3.755e-06
0.00102093
-2.53253e-06
0.00102032
-1.32302e-06
0.00101958
-1.39376e-07
0.00101863
1.08959e-06
0.00101754
2.28279e-06
0.00101628
3.44848e-06
0.00101487
4.58824e-06
0.00101329
5.69875e-06
0.00101155
6.77462e-06
0.00100965
7.81054e-06
8.80193e-06
0.000834246
-3.01376e-05
0.000840137
-3.40752e-05
0.0008464
-3.81786e-05
0.000852962
-4.22031e-05
0.000859795
-4.6149e-05
0.000866878
-5.00094e-05
0.000874172
-5.37772e-05
0.000881636
-5.74467e-05
0.000889232
-6.10062e-05
0.000896921
-6.44373e-05
0.000904663
-6.77171e-05
0.000912419
-7.08218e-05
0.000920147
-7.37298e-05
0.000927802
-7.64218e-05
0.000935344
-7.88819e-05
0.000942731
-8.10969e-05
0.000949925
-8.3056e-05
0.000956889
-8.47507e-05
0.00096359
-8.6175e-05
0.00097
-8.73252e-05
0.000976093
-8.81999e-05
0.000981851
-8.88009e-05
0.000987257
-8.91328e-05
0.000992302
-8.92027e-05
0.000996977
-8.9019e-05
0.00100127
-8.85871e-05
0.00100518
-8.79228e-05
0.00100872
-8.70571e-05
0.00101189
-8.60017e-05
0.00101472
-8.47715e-05
0.00101721
-8.33831e-05
0.00101939
-8.18536e-05
0.00102128
-8.01996e-05
0.00102291
-7.84372e-05
0.00102429
-7.65811e-05
0.00102545
-7.46457e-05
0.00102642
-7.26443e-05
0.00102722
-7.05893e-05
0.00102786
-6.8492e-05
0.00102837
-6.63632e-05
0.00102876
-6.42128e-05
0.00102905
-6.20506e-05
0.00102926
-5.98854e-05
0.00102939
-5.77253e-05
0.00102947
-5.55774e-05
0.0010295
-5.34482e-05
0.00102949
-5.13436e-05
0.00102945
-4.92686e-05
0.00102938
-4.72276e-05
0.00102931
-4.52245e-05
0.00102922
-4.32624e-05
0.00102912
-4.13436e-05
0.00102903
-3.94701e-05
0.00102893
-3.7643e-05
0.00102885
-3.58629e-05
0.00102876
-3.41296e-05
0.00102869
-3.24426e-05
0.00102863
-3.08008e-05
0.00102857
-2.92026e-05
0.00102852
-2.7646e-05
0.00102849
-2.61286e-05
0.00102846
-2.46476e-05
0.00102843
-2.32e-05
0.00102841
-2.17824e-05
0.0010284
-2.03915e-05
0.00102838
-1.90236e-05
0.00102835
-1.76752e-05
0.00102832
-1.63427e-05
0.00102827
-1.50226e-05
0.0010282
-1.37117e-05
0.00102811
-1.2407e-05
0.00102799
-1.11055e-05
0.00102782
-9.80521e-06
0.00102761
-8.5036e-06
0.00102734
-7.20011e-06
0.00102701
-5.89339e-06
0.00102661
-4.58447e-06
0.00102613
-3.2746e-06
0.00102556
-1.96674e-06
0.00102491
-6.67662e-07
0.00102412
6.4599e-07
0.00102326
1.95502e-06
0.00102229
3.2489e-06
0.00102121
4.52828e-06
0.00102002
5.78545e-06
0.0010187
7.01348e-06
0.00101727
8.20719e-06
0.00101572
9.36139e-06
1.04702e-05
0.00106802
-3.25168e-05
0.00107062
-3.66735e-05
0.00107323
-4.0791e-05
0.00107586
-4.48313e-05
0.00107849
-4.87768e-05
0.00108109
-5.26168e-05
0.00108366
-5.63404e-05
0.00108614
-5.9933e-05
0.00108851
-6.33762e-05
0.00109073
-6.66494e-05
0.00109274
-6.97316e-05
0.00109452
-7.26032e-05
0.00109604
-7.52465e-05
0.00109726
-7.76464e-05
0.00109817
-7.97903e-05
0.00109874
-8.16686e-05
0.00109896
-8.32743e-05
0.00109881
-8.46031e-05
0.00109829
-8.56535e-05
0.00109739
-8.64269e-05
0.00109612
-8.69275e-05
0.00109448
-8.71619e-05
0.00109249
-8.71395e-05
0.00109016
-8.6872e-05
0.00108751
-8.63725e-05
0.00108458
-8.56563e-05
0.0010814
-8.47406e-05
0.00107799
-8.36457e-05
0.00107438
-8.23911e-05
0.0010706
-8.0995e-05
0.00106669
-7.94751e-05
0.00106269
-7.78489e-05
0.00105862
-7.61349e-05
0.00105453
-7.43473e-05
0.00105045
-7.24987e-05
0.00104641
-7.06012e-05
0.00104243
-6.86663e-05
0.00103854
-6.67034e-05
0.00103477
-6.4718e-05
0.00103112
-6.27172e-05
0.00102762
-6.0708e-05
0.00102426
-5.86974e-05
0.00102107
-5.66913e-05
0.00101804
-5.46949e-05
0.00101518
-5.2713e-05
0.00101248
-5.075e-05
0.00100994
-4.881e-05
0.00100757
-4.68971e-05
0.00100536
-4.50151e-05
0.0010033
-4.31672e-05
0.0010014
-4.13564e-05
0.000999637
-3.95846e-05
0.000998021
-3.78534e-05
0.000996541
-3.61636e-05
0.000995194
-3.45154e-05
0.000993973
-3.29086e-05
0.000992872
-3.13424e-05
0.000991887
-2.98156e-05
0.000991011
-2.83267e-05
0.000990239
-2.68734e-05
0.000989563
-2.54533e-05
0.000988979
-2.40636e-05
0.00098848
-2.27009e-05
0.00098806
-2.13618e-05
0.000987711
-2.00424e-05
0.000987425
-1.87385e-05
0.000987196
-1.74462e-05
0.000987015
-1.61616e-05
0.000986874
-1.48809e-05
0.000986763
-1.36007e-05
0.000986673
-1.23172e-05
0.000986595
-1.10272e-05
0.000986517
-9.72777e-06
0.00098643
-8.41612e-06
0.000986321
-7.09109e-06
0.000986178
-5.7505e-06
0.000985988
-4.39428e-06
0.000985735
-3.02194e-06
0.000985399
-1.63096e-06
0.000984946
-2.14969e-07
0.000984435
1.15763e-06
0.000983835
2.55455e-06
0.000983129
3.95498e-06
0.000982316
5.34182e-06
0.000981392
6.70868e-06
0.000980354
8.05169e-06
0.000979197
9.36447e-06
0.00097792
1.06382e-05
1.18639e-05
0.00119571
-3.10317e-05
0.00119404
-3.5004e-05
0.00119211
-3.88605e-05
0.00118989
-4.26158e-05
0.0011874
-4.628e-05
0.00118463
-4.9845e-05
0.00118158
-5.32909e-05
0.00117824
-5.65916e-05
0.00117458
-5.97233e-05
0.0011706
-6.26666e-05
0.00116627
-6.54066e-05
0.0011616
-6.79305e-05
0.00115658
-7.02273e-05
0.00115122
-7.22873e-05
0.00114554
-7.41025e-05
0.00113953
-7.56669e-05
0.00113324
-7.69772e-05
0.00112667
-7.80326e-05
0.00111985
-7.88348e-05
0.00111281
-7.93886e-05
0.00110558
-7.97011e-05
0.0010982
-7.97817e-05
0.00109071
-7.96422e-05
0.00108313
-7.92972e-05
0.00107552
-7.8763e-05
0.00106792
-7.80564e-05
0.00106037
-7.71938e-05
0.00105292
-7.61902e-05
0.00104559
-7.50618e-05
0.00103842
-7.38264e-05
0.00103145
-7.25018e-05
0.0010247
-7.11035e-05
0.00101821
-6.96449e-05
0.001012
-6.81368e-05
0.00100609
-6.65885e-05
0.0010005
-6.50074e-05
0.000995231
-6.33998e-05
0.000990297
-6.17694e-05
0.000985697
-6.01183e-05
0.00098143
-5.84499e-05
0.00097749
-5.67681e-05
0.000973869
-5.50762e-05
0.000970555
-5.33771e-05
0.000967534
-5.16739e-05
0.00096479
-4.99695e-05
0.000962307
-4.82666e-05
0.000960065
-4.65683e-05
0.000958047
-4.48783e-05
0.000956233
-4.32013e-05
0.000954608
-4.15424e-05
0.000953158
-3.99062e-05
0.00095187
-3.82966e-05
0.000950733
-3.67163e-05
0.000949737
-3.51674e-05
0.000948872
-3.36509e-05
0.000948131
-3.21676e-05
0.000947506
-3.07172e-05
0.000946989
-2.9299e-05
0.000946574
-2.79119e-05
0.000946255
-2.65538e-05
0.000946024
-2.52225e-05
0.000945876
-2.39152e-05
0.000945803
-2.26286e-05
0.000945801
-2.13595e-05
0.000945861
-2.01028e-05
0.000945976
-1.88537e-05
0.000946137
-1.76073e-05
0.000946335
-1.63592e-05
0.00094656
-1.51059e-05
0.000946802
-1.38426e-05
0.00094705
-1.25652e-05
0.000947292
-1.12696e-05
0.000947516
-9.95105e-06
0.000947707
-8.60793e-06
0.000947853
-7.23637e-06
0.000947938
-5.83571e-06
0.000947949
-4.40576e-06
0.000947872
-2.94503e-06
0.0009477
-1.45828e-06
0.000947435
4.96476e-08
0.000947012
1.58115e-06
0.000946447
3.1193e-06
0.000945739
4.66304e-06
0.000944876
6.20445e-06
0.00094385
7.73452e-06
0.000942659
9.2432e-06
0.000941303
1.07198e-05
0.000939788
1.21539e-05
1.35353e-05
0.00117864
-2.75432e-05
0.00117453
-3.08924e-05
0.00116994
-3.42673e-05
0.00116496
-3.76329e-05
0.00115962
-4.0949e-05
0.00115396
-4.41779e-05
0.00114796
-4.72895e-05
0.00114163
-5.02645e-05
0.001135
-5.30899e-05
0.00112808
-5.57555e-05
0.00112093
-5.82516e-05
0.00111357
-6.0568e-05
0.00110603
-6.26952e-05
0.00109837
-6.46246e-05
0.00109062
-6.63494e-05
0.00108282
-6.78648e-05
0.00107501
-6.91677e-05
0.00106723
-7.02567e-05
0.00105953
-7.11317e-05
0.00105193
-7.17935e-05
0.00104448
-7.22444e-05
0.00103719
-7.24902e-05
0.00103008
-7.25395e-05
0.00102319
-7.24034e-05
0.00101652
-7.20958e-05
0.0010101
-7.16341e-05
0.00100395
-7.10419e-05
0.000998085
-7.03282e-05
0.000992521
-6.94982e-05
0.00098727
-6.85748e-05
0.000982341
-6.75727e-05
0.00097774
-6.65028e-05
0.000973469
-6.53743e-05
0.000969528
-6.41958e-05
0.000965913
-6.29726e-05
0.000962613
-6.17078e-05
0.000959614
-6.04011e-05
0.000956894
-5.90495e-05
0.000954433
-5.76572e-05
0.000952217
-5.62332e-05
0.000950228
-5.478e-05
0.000948447
-5.32948e-05
0.000946849
-5.17791e-05
0.000945413
-5.0238e-05
0.000944121
-4.86778e-05
0.000942954
-4.70996e-05
0.000941892
-4.55055e-05
0.000940914
-4.39005e-05
0.000940004
-4.2292e-05
0.00093915
-4.06877e-05
0.000938339
-3.90958e-05
0.000937566
-3.75231e-05
0.000936825
-3.5975e-05
0.000936113
-3.44557e-05
0.00093543
-3.29679e-05
0.000934776
-3.15135e-05
0.000934152
-3.00933e-05
0.00093356
-2.87072e-05
0.000933003
-2.73546e-05
0.000932482
-2.60333e-05
0.000932001
-2.47415e-05
0.000931561
-2.34751e-05
0.000931163
-2.22308e-05
0.000930809
-2.10051e-05
0.000930498
-1.97915e-05
0.000930228
-1.8584e-05
0.000929998
-1.73767e-05
0.000929803
-1.61645e-05
0.000929639
-1.49424e-05
0.0009295
-1.37037e-05
0.000929378
-1.24431e-05
0.000929263
-1.11539e-05
0.000929143
-9.83124e-06
0.000929006
-8.47117e-06
0.000928839
-7.06926e-06
0.000928628
-5.62481e-06
0.000928359
-4.13674e-06
0.000928021
-2.60716e-06
0.000927605
-1.04193e-06
0.000927075
5.79833e-07
0.000926393
2.26319e-06
0.00092556
3.95173e-06
0.00092457
5.6536e-06
0.000923408
7.36609e-06
0.000922066
9.07614e-06
0.000920541
1.07685e-05
0.000918831
1.24301e-05
0.000916935
1.40491e-05
1.56134e-05
0.00109825
-2.4544e-05
0.00109485
-2.74908e-05
0.00109116
-3.05836e-05
0.00108727
-3.37414e-05
0.0010832
-3.68801e-05
0.00107897
-3.99435e-05
0.00107459
-4.29059e-05
0.00107008
-4.57601e-05
0.00106549
-4.85024e-05
0.00106086
-5.11251e-05
0.00105623
-5.36153e-05
0.00105162
-5.59594e-05
0.00104707
-5.81444e-05
0.0010426
-6.01595e-05
0.00103825
-6.19947e-05
0.00103403
-6.36416e-05
0.00102995
-6.50923e-05
0.00102603
-6.63412e-05
0.00102229
-6.73886e-05
0.00101871
-6.82171e-05
0.00101529
-6.8817e-05
0.00101199
-6.91943e-05
0.00100881
-6.93531e-05
0.0010057
-6.93008e-05
0.00100266
-6.90486e-05
0.000999637
-6.86153e-05
0.000996624
-6.80295e-05
0.000993616
-6.732e-05
0.000990626
-6.65085e-05
0.000987667
-6.56156e-05
0.000984749
-6.46548e-05
0.000981876
-6.36302e-05
0.000979054
-6.25522e-05
0.000976291
-6.14324e-05
0.000973596
-6.0278e-05
0.000970973
-5.90847e-05
0.000968405
-5.78333e-05
0.000965853
-5.64972e-05
0.000963318
-5.5122e-05
0.000960799
-5.37145e-05
0.000958285
-5.22657e-05
0.000955764
-5.07734e-05
0.000953222
-4.92377e-05
0.000950646
-4.76623e-05
0.000948022
-4.60529e-05
0.000945339
-4.44169e-05
0.0009426
-4.27663e-05
0.000939809
-4.11103e-05
0.000936975
-3.94575e-05
0.000934103
-3.78163e-05
0.000931203
-3.61953e-05
0.000928282
-3.4602e-05
0.00092535
-3.30429e-05
0.000922417
-3.15228e-05
0.000919494
-3.00451e-05
0.000916592
-2.86115e-05
0.000913721
-2.72225e-05
0.000910892
-2.58778e-05
0.000908114
-2.45766e-05
0.000905399
-2.33184e-05
0.000902759
-2.21016e-05
0.000900208
-2.09237e-05
0.000897755
-1.97785e-05
0.000895405
-1.86542e-05
0.000893158
-1.75449e-05
0.000891023
-1.64488e-05
0.000889007
-1.53613e-05
0.000887119
-1.42759e-05
0.000885362
-1.3185e-05
0.000883738
-1.20799e-05
0.000882246
-1.09515e-05
0.000880884
-9.79182e-06
0.000879646
-8.59353e-06
0.000878524
-7.34905e-06
0.000877508
-6.05335e-06
0.000876586
-4.70255e-06
0.000875744
-3.29482e-06
0.000874973
-1.83627e-06
0.000874271
-3.4007e-07
0.000873543
1.30848e-06
0.000872819
2.9873e-06
0.000872069
4.70095e-06
0.000871273
6.45012e-06
0.000870417
8.22233e-06
0.000869488
1.00047e-05
0.000868471
1.17853e-05
0.000867351
1.355e-05
0.000866117
1.52834e-05
1.69696e-05
0.0010862
-2.14827e-05
0.00108338
-2.4677e-05
0.00108078
-2.79779e-05
0.00107824
-3.12011e-05
0.00107567
-3.43093e-05
0.00107305
-3.73255e-05
0.00107041
-4.02622e-05
0.00106777
-4.31211e-05
0.00106516
-4.58935e-05
0.00106259
-4.85532e-05
0.00106004
-5.10644e-05
0.0010575
-5.34222e-05
0.00105497
-5.56167e-05
0.00105245
-5.76375e-05
0.00104993
-5.94719e-05
0.00104739
-6.11074e-05
0.00104483
-6.25297e-05
0.00104221
-6.37256e-05
0.00103951
-6.46815e-05
0.00103667
-6.53851e-05
0.00103368
-6.58272e-05
0.00103049
-6.60042e-05
0.00102706
-6.59197e-05
0.00102334
-6.5583e-05
0.0010193
-6.50063e-05
0.00101487
-6.41845e-05
0.00101007
-6.32251e-05
0.00100491
-6.21598e-05
0.000999409
-6.10127e-05
0.000993604
-5.98099e-05
0.000987519
-5.85706e-05
0.000981206
-5.73172e-05
0.000974715
-5.60603e-05
0.000968086
-5.48037e-05
0.000961374
-5.35664e-05
0.00095462
-5.23307e-05
0.000947798
-5.1011e-05
0.00094094
-4.96391e-05
0.000934042
-4.82239e-05
0.000927094
-4.67665e-05
0.000920097
-4.52687e-05
0.000913056
-4.3733e-05
0.000905985
-4.2166e-05
0.000898879
-4.05564e-05
0.000891672
-3.88465e-05
0.000884361
-3.71057e-05
0.000876987
-3.53919e-05
0.000869573
-3.36965e-05
0.000862142
-3.20265e-05
0.000854718
-3.03919e-05
0.000847324
-2.88019e-05
0.000839986
-2.72641e-05
0.000832727
-2.57836e-05
0.000825568
-2.43638e-05
0.00081853
-2.30066e-05
0.00081163
-2.17122e-05
0.000804888
-2.04806e-05
0.00079832
-1.93096e-05
0.000791942
-1.81982e-05
0.000785768
-1.71444e-05
0.000779812
-1.61455e-05
0.000774097
-1.52087e-05
0.00076867
-1.43522e-05
0.000763521
-1.35051e-05
0.000758649
-1.26732e-05
0.000754065
-1.18642e-05
0.000749779
-1.10753e-05
0.000745802
-1.02991e-05
0.000742144
-9.52708e-06
0.000738813
-8.74927e-06
0.000735817
-7.95495e-06
0.000733162
-7.13694e-06
0.00073085
-6.28198e-06
0.000728878
-5.37698e-06
0.00072724
-4.41533e-06
0.000725922
-3.3841e-06
0.000724901
-2.27372e-06
0.000724147
-1.08297e-06
0.00072362
1.87434e-07
0.000723425
1.50384e-06
0.000723481
2.93111e-06
0.000723755
4.42628e-06
0.000724221
5.9845e-06
0.000724845
7.59852e-06
0.000725595
9.25438e-06
0.000726446
1.09345e-05
0.000727374
1.26224e-05
0.000728355
1.43024e-05
1.5958e-05
0.0010995
-1.71451e-05
0.00109556
-2.07377e-05
0.00109174
-2.41553e-05
0.00108788
-2.73501e-05
0.00108397
-3.03916e-05
0.00107997
-3.33332e-05
0.00107591
-3.61927e-05
0.00107174
-3.8955e-05
0.00106744
-4.15952e-05
0.00106298
-4.40934e-05
0.00105835
-4.64367e-05
0.00105355
-4.8616e-05
0.00104855
-5.06213e-05
0.00104335
-5.24405e-05
0.00103794
-5.40571e-05
0.00103229
-5.5454e-05
0.00102637
-5.66107e-05
0.00102015
-5.75097e-05
0.0010136
-5.81315e-05
0.00100668
-5.84625e-05
0.000999339
-5.8487e-05
0.000991531
-5.81968e-05
0.000983198
-5.7586e-05
0.000974285
-5.66702e-05
0.000964766
-5.54872e-05
0.000954678
-5.4097e-05
0.000944026
-5.25727e-05
0.000932849
-5.09828e-05
0.000921212
-4.93762e-05
0.000909144
-4.77414e-05
0.000896512
-4.5939e-05
0.000883547
-4.43522e-05
0.000870372
-4.28847e-05
0.000857065
-4.14966e-05
0.000843663
-4.01643e-05
0.000830194
-3.88625e-05
0.000816745
-3.75619e-05
0.000803346
-3.62399e-05
0.000790005
-3.48828e-05
0.000776722
-3.3483e-05
0.000763494
-3.20414e-05
0.000750325
-3.05636e-05
0.000737266
-2.91073e-05
0.000724362
-2.76519e-05
0.000711585
-2.60699e-05
0.000698935
-2.44561e-05
0.000686388
-2.28441e-05
0.000673948
-2.12571e-05
0.000661634
-1.97126e-05
0.000649467
-1.82247e-05
0.00063747
-1.68047e-05
0.000625669
-1.54629e-05
0.000614093
-1.42073e-05
0.000602772
-1.30436e-05
0.000591739
-1.19734e-05
0.000581023
-1.09964e-05
0.000570654
-1.01115e-05
0.000560662
-9.31705e-06
0.000551077
-8.61379e-06
0.000541931
-7.99807e-06
0.000533248
-7.46309e-06
0.000525045
-7.00486e-06
0.000517311
-6.61802e-06
0.000510096
-6.29081e-06
0.000503434
-6.01079e-06
0.00049733
-5.76061e-06
0.0004918
-5.5447e-06
0.00048688
-5.37937e-06
0.000482583
-5.22978e-06
0.000478912
-5.07866e-06
0.000475868
-4.91123e-06
0.000473448
-4.71638e-06
0.000471648
-4.48194e-06
0.000470456
-4.18511e-06
0.000469843
-3.80266e-06
0.000469783
-3.32364e-06
0.000470246
-2.73688e-06
0.000471202
-2.03938e-06
0.00047261
-1.22074e-06
0.000474373
-2.58768e-07
0.00047653
7.74573e-07
0.000479055
1.90138e-06
0.000481923
3.116e-06
0.000485104
4.41721e-06
0.000488563
5.79617e-06
0.00049226
7.23681e-06
0.000496166
8.71683e-06
0.000500253
1.02155e-05
1.17137e-05
0.00103143
-1.20008e-05
0.0010262
-1.55055e-05
0.00102058
-1.8535e-05
0.00101468
-2.14541e-05
0.0010086
-2.43059e-05
0.0010023
-2.70319e-05
0.000995686
-2.95821e-05
0.000988664
-3.19332e-05
0.000981163
-3.40942e-05
0.000973165
-3.60951e-05
0.000964683
-3.79553e-05
0.000955738
-3.96707e-05
0.000946339
-4.12224e-05
0.000936483
-4.25847e-05
0.000926161
-4.37352e-05
0.00091536
-4.46529e-05
0.000904065
-4.53154e-05
0.000892251
-4.56959e-05
0.000879885
-4.57655e-05
0.000866919
-4.54966e-05
0.000853296
-4.48637e-05
0.000838952
-4.38532e-05
0.000823834
-4.24676e-05
0.000807916
-4.07518e-05
0.000791194
-3.87655e-05
0.000773703
-3.66064e-05
0.000755484
-3.43538e-05
0.000736627
-3.21256e-05
0.00071751
-3.02589e-05
0.000698069
-2.83007e-05
0.000678453
-2.63234e-05
0.000658583
-2.4482e-05
0.000638518
-2.28196e-05
0.000618355
-2.13334e-05
0.00059818
-1.99893e-05
0.000578063
-1.87459e-05
0.000558067
-1.7566e-05
0.000538253
-1.64253e-05
0.000518683
-1.53134e-05
0.000499422
-1.42219e-05
0.00048054
-1.3159e-05
0.000462101
-1.21243e-05
0.000444065
-1.10721e-05
0.000426372
-9.95832e-06
0.000409205
-8.90313e-06
0.000392562
-7.81308e-06
0.000376438
-6.71984e-06
0.000360846
-5.66553e-06
0.000345817
-4.68377e-06
0.000331394
-3.80113e-06
0.000317628
-3.03851e-06
0.000304573
-2.40867e-06
0.00029228
-1.91421e-06
0.000280786
-1.54923e-06
0.000270116
-1.30317e-06
0.000260283
-1.16426e-06
0.000251293
-1.12096e-06
0.00024314
-1.16428e-06
0.000235817
-1.29041e-06
0.000229316
-1.49707e-06
0.000223654
-1.80117e-06
0.000218773
-2.12398e-06
0.000214632
-2.4771e-06
0.000211191
-2.8502e-06
0.000208411
-3.23065e-06
0.00020626
-3.60917e-06
0.000204691
-3.9763e-06
0.000203634
-4.3214e-06
0.000203037
-4.63326e-06
0.000202859
-4.90094e-06
0.000203062
-5.11368e-06
0.000203606
-5.26106e-06
0.000204457
-5.33272e-06
0.00020559
-5.31838e-06
0.000206996
-5.20858e-06
0.000208669
-4.9963e-06
0.000210609
-4.67714e-06
0.000212817
-4.24684e-06
0.000215299
-3.70297e-06
0.000218087
-3.0468e-06
0.000221147
-2.28573e-06
0.00022448
-1.43125e-06
0.000228079
-4.83485e-07
0.000231989
5.08071e-07
0.000236235
1.54926e-06
0.000240814
2.65876e-06
0.000245716
3.81423e-06
0.000250938
4.99408e-06
6.18058e-06
0.000875881
-3.26457e-06
0.000866926
-6.55081e-06
0.000857636
-9.24489e-06
0.000848081
-1.18994e-05
0.000838117
-1.43417e-05
0.000827492
-1.64068e-05
0.000816017
-1.81069e-05
0.000803613
-1.95292e-05
0.00079029
-2.0771e-05
0.000776077
-2.18824e-05
0.000760996
-2.28747e-05
0.000745071
-2.3745e-05
0.000728335
-2.44867e-05
0.000710839
-2.50891e-05
0.000692642
-2.55384e-05
0.000673803
-2.58137e-05
0.00065438
-2.58917e-05
0.000634425
-2.57409e-05
0.000613986
-2.53273e-05
0.000593095
-2.46051e-05
0.000571719
-2.34879e-05
0.000549717
-2.18507e-05
0.000526887
-1.96381e-05
0.000503088
-1.69525e-05
0.000478314
-1.39917e-05
0.000452672
-1.09646e-05
0.000426327
-8.00866e-06
0.000399353
-5.15208e-06
0.000371877
-2.78247e-06
0.000344412
-8.36063e-07
0.000317325
7.64479e-07
0.000290813
2.02943e-06
0.00026515
2.84338e-06
0.000240573
3.24404e-06
0.000217306
3.27779e-06
0.000195554
3.00594e-06
0.000175483
2.5049e-06
0.000157207
1.85105e-06
0.000140781
1.11214e-06
0.00012621
3.48957e-07
0.000113393
-3.41876e-07
0.000102268
-9.99699e-07
9.27637e-05
-1.5674e-06
8.47539e-05
-1.94852e-06
7.79528e-05
-2.10197e-06
7.21789e-05
-2.03918e-06
6.72729e-05
-1.81391e-06
6.30969e-05
-1.48947e-06
5.95348e-05
-1.12164e-06
5.64899e-05
-7.56319e-07
5.38807e-05
-4.29261e-07
5.16343e-05
-1.62268e-07
4.96905e-05
2.96161e-08
4.80271e-05
1.14143e-07
4.65808e-05
1.43166e-07
4.53002e-05
1.16321e-07
4.41388e-05
4.03866e-08
4.30746e-05
-1.00024e-07
4.20676e-05
-2.83411e-07
4.10584e-05
-4.87888e-07
3.99743e-05
-7.17047e-07
3.88283e-05
-9.77983e-07
3.76047e-05
-1.25355e-06
3.62917e-05
-1.53718e-06
3.48851e-05
-1.82404e-06
3.33855e-05
-2.10956e-06
3.17987e-05
-2.38949e-06
3.0137e-05
-2.65973e-06
2.84184e-05
-2.91463e-06
2.66652e-05
-3.14781e-06
2.49045e-05
-3.3529e-06
2.3167e-05
-3.52365e-06
2.14881e-05
-3.65378e-06
1.99069e-05
-3.73715e-06
1.84676e-05
-3.76929e-06
1.72244e-05
-3.7531e-06
1.62343e-05
-3.68703e-06
1.55323e-05
-3.54486e-06
1.51629e-05
-3.33353e-06
1.51735e-05
-3.05743e-06
1.56089e-05
-2.72118e-06
1.6506e-05
-2.32828e-06
1.79053e-05
-1.88281e-06
1.98026e-05
-1.38925e-06
2.2205e-05
-8.53092e-07
2.51366e-05
-2.72893e-07
2.86391e-05
3.11779e-07
3.27313e-05
9.01883e-07
1.50843e-06
0.000487036
0.000480485
0.00047124
0.000459341
0.000444999
0.000428592
0.000410485
0.000390956
0.000370185
0.000348303
0.000325428
0.000301683
0.000277196
0.000252107
0.000226569
0.000200755
0.000174863
0.000149123
0.000123795
9.91901e-05
7.57022e-05
5.38516e-05
3.42135e-05
1.7261e-05
3.26929e-06
-7.69529e-06
-1.57039e-05
-2.0856e-05
-2.36385e-05
-2.44746e-05
-2.37101e-05
-2.16806e-05
-1.88373e-05
-1.55932e-05
-1.23154e-05
-9.30949e-06
-6.80459e-06
-4.95354e-06
-3.8414e-06
-3.49244e-06
-3.83432e-06
-4.83401e-06
-6.40141e-06
-8.34994e-06
-1.04519e-05
-1.24911e-05
-1.4305e-05
-1.57945e-05
-1.69161e-05
-1.76724e-05
-1.81017e-05
-1.8264e-05
-1.82343e-05
-1.81202e-05
-1.7977e-05
-1.78607e-05
-1.78203e-05
-1.79204e-05
-1.82038e-05
-1.86917e-05
-1.94087e-05
-2.03867e-05
-2.16402e-05
-2.31774e-05
-2.50014e-05
-2.7111e-05
-2.95005e-05
-3.21602e-05
-3.50748e-05
-3.82227e-05
-4.15756e-05
-4.50992e-05
-4.8753e-05
-5.24901e-05
-5.62594e-05
-6.00125e-05
-6.36996e-05
-6.72444e-05
-7.0578e-05
-7.36354e-05
-7.63566e-05
-7.86849e-05
-8.05677e-05
-8.19569e-05
-8.281e-05
-8.30829e-05
-8.27711e-05
-8.18692e-05
)
;

boundaryField
{
    inlet
    {
        type            calculated;
        value           nonuniform List<scalar> 0();
    }
    outlet
    {
        type            calculated;
        value           nonuniform List<scalar> 0();
    }
    wall
    {
        type            calculated;
        value           uniform 0;
    }
    obstacle
    {
        type            calculated;
        value           nonuniform List<scalar> 0();
    }
    frontAndBack
    {
        type            empty;
        value           nonuniform List<scalar> 0();
    }
    procBoundary2to1
    {
        type            processor;
        value           nonuniform List<scalar> 
30
(
-0.000488721
-0.00088205
-0.00103264
-0.00110008
-0.00108575
-0.00109533
-0.00117491
-0.00119215
-0.00106305
-0.000826336
-0.000552078
-0.000273571
8.69354e-06
0.000290031
0.000499532
0.000496741
0.000283662
2.37054e-06
-0.000278959
-0.000555951
-0.000828651
-0.00106564
-0.0011972
-0.00118213
-0.00110125
-0.00108926
-0.00110384
-0.00103658
-0.000884617
-0.0004903
)
;
    }
    procBoundary2to3
    {
        type            processor;
        value           nonuniform List<scalar> 
31
(
-7.70422e-05
4.38985e-05
0.000263721
0.000510292
0.000729592
0.000859359
0.000906786
0.000929449
0.000967552
0.00100502
0.000999784
0.000927718
0.000792911
0.000621754
0.000497289
1.55221e-06
0.000499683
0.000626759
0.000797143
0.000933499
0.0010076
0.00101405
0.000976526
0.000938116
0.000914857
0.000864761
0.000729366
0.000504497
0.000256471
3.74034e-05
-8.03608e-05
)
;
    }
}


// ************************************************************************* //
