/*--------------------------------*- C++ -*----------------------------------*\
| =========                 |                                                 |
| \\      /  F ield         | OpenFOAM: The Open Source CFD Toolbox           |
|  \\    /   O peration     | Version:  2312                                  |
|   \\  /    A nd           | Website:  www.openfoam.com                      |
|    \\/     M anipulation  |                                                 |
\*---------------------------------------------------------------------------*/
FoamFile
{
    version     2.0;
    format      ascii;
    arch        "LSB;label=32;scalar=64";
    class       surfaceScalarField;
    location    "110000";
    object      phi;
}
// * * * * * * * * * * * * * * * * * * * * * * * * * * * * * * * * * * * * * //

dimensions      [0 3 -1 0 0 0 0];

oriented        oriented;

internalField   nonuniform List<scalar> 
5250
(
0.000508651
6.32954e-07
0.000504482
4.169e-06
0.000497784
6.69798e-06
0.000488619
9.16525e-06
0.000477152
1.14665e-05
0.000463711
1.34411e-05
0.000448631
1.50803e-05
0.00043217
1.64604e-05
0.000414491
1.76793e-05
0.00039569
1.88012e-05
0.000375842
1.98473e-05
0.000355023
2.08194e-05
0.000333309
2.17139e-05
0.000310785
2.25246e-05
0.000287543
2.3242e-05
0.00026369
2.38529e-05
0.00023935
2.43398e-05
0.000214669
2.46812e-05
0.000189819
2.48497e-05
0.000165006
2.48129e-05
0.000140474
2.45324e-05
0.000116505
2.39684e-05
9.34256e-05
2.30798e-05
7.16025e-05
2.1823e-05
5.14454e-05
2.01571e-05
3.3353e-05
1.80924e-05
1.76363e-05
1.57168e-05
4.46639e-06
1.31699e-05
-6.11991e-06
1.05863e-05
-1.41292e-05
8.00932e-06
-1.97268e-05
5.59752e-06
-2.32413e-05
3.51454e-06
-2.49763e-05
1.73503e-06
-2.52926e-05
3.1631e-07
-2.43919e-05
-9.00728e-07
-2.26018e-05
-1.79013e-06
-2.02551e-05
-2.34666e-06
-1.76494e-05
-2.6057e-06
-1.50481e-05
-2.60128e-06
-1.26754e-05
-2.37275e-06
-1.0709e-05
-1.96638e-06
-9.27715e-06
-1.43185e-06
-8.46047e-06
-8.16688e-07
-8.29631e-06
-1.64155e-07
-8.71588e-06
4.19574e-07
-9.70371e-06
9.87827e-07
-1.12085e-05
1.50474e-06
-1.31145e-05
1.90605e-06
-1.52945e-05
2.18004e-06
-1.75954e-05
2.30086e-06
-1.98696e-05
2.2742e-06
-2.19978e-05
2.12817e-06
-2.38931e-05
1.89528e-06
-2.54949e-05
1.60186e-06
-2.67641e-05
1.26917e-06
-2.76812e-05
9.17104e-07
-2.82457e-05
5.64467e-07
-2.84704e-05
2.24778e-07
-2.83921e-05
-7.83185e-08
-2.80794e-05
-3.12702e-07
-2.75646e-05
-5.14819e-07
-2.68882e-05
-6.76373e-07
-2.60889e-05
-7.99367e-07
-2.51997e-05
-8.89121e-07
-2.42512e-05
-9.48524e-07
-2.32715e-05
-9.79666e-07
-2.22864e-05
-9.85134e-07
-2.13185e-05
-9.67943e-07
-2.03868e-05
-9.31662e-07
-1.9502e-05
-8.8478e-07
-1.86681e-05
-8.33921e-07
-1.79006e-05
-7.675e-07
-1.72062e-05
-6.94454e-07
-1.65884e-05
-6.1778e-07
-1.60486e-05
-5.39726e-07
-1.55869e-05
-4.61715e-07
-1.5203e-05
-3.83967e-07
-1.48963e-05
-3.06636e-07
-1.46672e-05
-2.29151e-07
-1.45171e-05
-1.50065e-07
-1.44502e-05
-6.69481e-08
-1.44693e-05
1.91383e-08
-1.45697e-05
1.00432e-07
-1.47606e-05
1.90883e-07
-1.505e-05
2.89349e-07
-1.54467e-05
3.9671e-07
-1.59592e-05
5.12481e-07
-1.6595e-05
6.35879e-07
-1.73609e-05
7.65874e-07
9.01064e-07
0.000887887
7.65995e-06
0.000881165
1.0891e-05
0.00087419
1.36732e-05
0.00086702
1.6335e-05
0.000859548
1.89391e-05
0.000851543
2.14455e-05
0.000842807
2.38163e-05
0.000833232
2.60351e-05
0.000822802
2.81103e-05
0.000811531
3.0072e-05
0.000799429
3.19488e-05
0.000786498
3.37502e-05
0.000772743
3.54697e-05
0.000758177
3.70902e-05
0.000742831
3.85882e-05
0.000726742
3.99414e-05
0.00070995
4.11315e-05
0.000692493
4.21388e-05
0.000674402
4.29401e-05
0.000655707
4.35088e-05
0.000636422
4.38171e-05
0.000616552
4.38382e-05
0.000596082
4.355e-05
0.000574967
4.29377e-05
0.000553125
4.19991e-05
0.000530469
4.07486e-05
0.000506963
3.92229e-05
0.000482659
3.74736e-05
0.000457675
3.55702e-05
0.00043211
3.35742e-05
0.000406118
3.15901e-05
0.000379737
2.98949e-05
0.000353414
2.80581e-05
0.000327525
2.6206e-05
0.000302176
2.4448e-05
0.000277565
2.28211e-05
0.000253885
2.13328e-05
0.000231307
1.99725e-05
0.000209986
1.87201e-05
0.000190058
1.75553e-05
0.00017163
1.64608e-05
0.000154776
1.54231e-05
0.000139527
1.44323e-05
0.000125885
1.34776e-05
0.000113749
1.25552e-05
0.000103077
1.16601e-05
9.37916e-05
1.07899e-05
8.57776e-05
9.92002e-06
7.89439e-05
9.01374e-06
7.30728e-05
8.17197e-06
6.80266e-05
7.32046e-06
6.36879e-05
6.46679e-06
5.99578e-05
5.62547e-06
5.67535e-05
4.80614e-06
5.40069e-05
4.01576e-06
5.16613e-05
3.26264e-06
4.96681e-05
2.55775e-06
4.79821e-05
1.91077e-06
4.65759e-05
1.32785e-06
4.54477e-05
8.15539e-07
4.45549e-05
3.77925e-07
4.38576e-05
2.09632e-08
4.3373e-05
-3.14775e-07
4.30596e-05
-5.75768e-07
4.28893e-05
-7.78187e-07
4.28381e-05
-9.28414e-07
4.28839e-05
-1.03101e-06
4.30049e-05
-1.08893e-06
4.31703e-05
-1.09704e-06
4.33764e-05
-1.09085e-06
4.36088e-05
-1.06635e-06
4.38664e-05
-1.02513e-06
4.41413e-05
-9.69282e-07
4.4425e-05
-9.01553e-07
4.47122e-05
-8.26905e-07
4.50023e-05
-7.51778e-07
4.52979e-05
-6.79594e-07
4.5601e-05
-6.09729e-07
4.59116e-05
-5.39715e-07
4.62287e-05
-4.67186e-07
4.65518e-05
-3.90122e-07
4.68779e-05
-3.06932e-07
4.71938e-05
-2.15469e-07
4.74996e-05
-1.14907e-07
4.77978e-05
-8.86095e-09
4.80577e-05
1.36869e-07
4.82835e-05
2.86637e-07
4.84735e-05
4.45835e-07
4.8626e-05
6.13441e-07
7.87171e-07
0.00103356
1.12494e-05
0.00102999
1.44647e-05
0.00102612
1.75408e-05
0.00102204
2.04128e-05
0.00101784
2.31451e-05
0.00101348
2.58003e-05
0.00100889
2.84079e-05
0.00100396
3.09654e-05
0.000998616
3.34566e-05
0.000992819
3.58685e-05
0.000986574
3.81946e-05
0.000979892
4.04315e-05
0.000972787
4.25752e-05
0.00096526
4.46176e-05
0.000957301
4.65469e-05
0.000948895
4.83478e-05
0.000940023
5.00033e-05
0.000930667
5.14943e-05
0.000920806
5.28015e-05
0.000910411
5.3904e-05
0.000899445
5.47824e-05
0.000887867
5.54169e-05
0.000875625
5.5792e-05
0.000862668
5.58946e-05
0.000848947
5.57201e-05
0.000834424
5.5271e-05
0.000819082
5.45655e-05
0.000802922
5.36336e-05
0.000785971
5.25207e-05
0.00076827
5.12756e-05
0.00074991
4.99499e-05
0.000731227
4.85782e-05
0.000712143
4.71419e-05
0.00069281
4.55384e-05
0.000673171
4.4087e-05
0.000653294
4.26983e-05
0.00063328
4.13476e-05
0.000613227
4.00246e-05
0.00059323
3.87172e-05
0.000573374
3.74113e-05
0.000553742
3.60929e-05
0.000534415
3.47508e-05
0.000515468
3.3379e-05
0.000496971
3.19749e-05
0.000478986
3.05402e-05
0.000461567
2.90782e-05
0.000444748
2.76095e-05
0.000428475
2.6193e-05
0.000412809
2.46792e-05
0.000397837
2.31441e-05
0.000383546
2.16117e-05
0.000369918
2.00945e-05
0.00035694
1.86039e-05
0.000344596
1.71497e-05
0.000332871
1.57408e-05
0.000321749
1.43846e-05
0.000311219
1.30883e-05
0.000301272
1.18577e-05
0.000291903
1.0697e-05
0.000283107
9.6108e-06
0.000274885
8.60024e-06
0.000267242
7.66385e-06
0.000260127
6.80016e-06
0.000253543
6.00803e-06
0.00024748
5.28521e-06
0.000241923
4.62814e-06
0.000236859
4.03366e-06
0.000232272
3.49777e-06
0.000228159
3.0156e-06
0.000224487
2.58199e-06
0.000221228
2.19263e-06
0.000218357
1.84534e-06
0.000215851
1.53679e-06
0.000213688
1.2614e-06
0.000211851
1.01075e-06
0.000210324
7.74492e-07
0.00020907
5.74336e-07
0.000208062
3.98139e-07
0.000207279
2.43396e-07
0.000206702
1.09755e-07
0.000206311
1.7019e-09
0.000206113
-1.09652e-07
0.000206093
-1.95556e-07
0.000206238
-2.60018e-07
0.000206533
-3.03758e-07
0.000206996
-3.26053e-07
0.000207612
-3.2858e-07
0.000208371
-3.13875e-07
0.000209269
-2.8426e-07
-2.43382e-07
0.00109709
1.46835e-05
0.00109412
1.74369e-05
0.00109137
2.02905e-05
0.00108867
2.31102e-05
0.00108596
2.58569e-05
0.00108321
2.85428e-05
0.00108044
3.11848e-05
0.00107761
3.37911e-05
0.00107471
3.6359e-05
0.0010717
3.88767e-05
0.00106856
4.13317e-05
0.00106528
4.37125e-05
0.00106185
4.60064e-05
0.00105826
4.82054e-05
0.00105451
5.03034e-05
0.00105057
5.2289e-05
0.00104642
5.41484e-05
0.00104205
5.58669e-05
0.00103742
5.7429e-05
0.00103251
5.88197e-05
0.00102726
6.00242e-05
0.00102165
6.1029e-05
0.00101562
6.18215e-05
0.00100912
6.23928e-05
0.00100211
6.27388e-05
0.000994513
6.28631e-05
0.000986306
6.27735e-05
0.000977457
6.24825e-05
0.000967987
6.19902e-05
0.000957924
6.13383e-05
0.000947299
6.05757e-05
0.000936159
5.97178e-05
0.000924517
5.8784e-05
0.000912266
5.77897e-05
0.0008996
5.67526e-05
0.00088662
5.56784e-05
0.0008734
5.45677e-05
0.000860006
5.34189e-05
0.00084649
5.22326e-05
0.000832889
5.1012e-05
0.000819268
4.97144e-05
0.000805671
4.83481e-05
0.000792125
4.69243e-05
0.000778655
4.54449e-05
0.000765283
4.39123e-05
0.000752031
4.23306e-05
0.000738935
4.07058e-05
0.000726087
3.90408e-05
0.000713445
3.73212e-05
0.000701061
3.55282e-05
0.000688931
3.37408e-05
0.000677066
3.19598e-05
0.00066548
3.01903e-05
0.000654188
2.84411e-05
0.000643208
2.67216e-05
0.000632551
2.50416e-05
0.000622229
2.34101e-05
0.000612251
2.18355e-05
0.000602624
2.03245e-05
0.000593352
1.88828e-05
0.000584438
1.7514e-05
0.000575881
1.6221e-05
0.000567677
1.50037e-05
0.000559823
1.38618e-05
0.000552314
1.27949e-05
0.000545141
1.18011e-05
0.000538297
1.08779e-05
0.000531772
1.0022e-05
0.000525559
9.22936e-06
0.000519644
8.49631e-06
0.000514019
7.81802e-06
0.000508672
7.19243e-06
0.000503583
6.62531e-06
0.000498737
6.10793e-06
0.000494133
5.61407e-06
0.000489757
5.15133e-06
0.00048561
4.72092e-06
0.000481689
4.31886e-06
0.000477991
3.94136e-06
0.000474515
3.58626e-06
0.000471265
3.25179e-06
0.000468219
2.93617e-06
0.000465383
2.64016e-06
0.000462761
2.36223e-06
0.000460356
2.10125e-06
0.000458174
1.85554e-06
0.000456223
1.62245e-06
0.000454511
1.39883e-06
0.000453045
1.18154e-06
9.6775e-07
0.00108289
1.7038e-05
0.00108087
1.94529e-05
0.00107913
2.20367e-05
0.00107751
2.47255e-05
0.00107592
2.74445e-05
0.00107433
3.01387e-05
0.00107273
3.27839e-05
0.00107114
3.53776e-05
0.00106958
3.79224e-05
0.00106804
4.0417e-05
0.00106652
4.28546e-05
0.001065
4.52248e-05
0.00106349
4.75157e-05
0.00106198
4.97161e-05
0.00106047
5.18163e-05
0.00105895
5.38069e-05
0.00105742
5.56786e-05
0.00105587
5.74213e-05
0.00105427
5.90248e-05
0.00105261
6.04793e-05
0.00105086
6.17768e-05
0.00104898
6.29121e-05
0.00104692
6.38752e-05
0.00104466
6.46532e-05
0.00104215
6.52472e-05
0.00103936
6.56592e-05
0.00103624
6.58924e-05
0.00103277
6.59535e-05
0.00102891
6.58529e-05
0.00102464
6.56081e-05
0.00101997
6.52419e-05
0.00101491
6.47721e-05
0.00100949
6.42108e-05
0.00100372
6.35628e-05
0.000997639
6.28291e-05
0.0009913
6.20165e-05
0.000984735
6.11327e-05
0.000977972
6.01823e-05
0.000971039
5.91658e-05
0.000963975
5.80757e-05
0.000956798
5.68919e-05
0.000949509
5.5637e-05
0.000942117
5.43161e-05
0.000934635
5.29273e-05
0.000927076
5.14708e-05
0.000919458
4.99485e-05
0.000911801
4.83628e-05
0.000904123
4.67187e-05
0.000896422
4.50223e-05
0.000888669
4.32814e-05
0.000880903
4.15071e-05
0.000873152
3.97102e-05
0.000865442
3.79009e-05
0.000857793
3.60898e-05
0.000850227
3.42872e-05
0.000842766
3.25033e-05
0.000835427
3.07482e-05
0.000828232
2.90312e-05
0.000821196
2.73605e-05
0.000814335
2.57433e-05
0.000807664
2.41858e-05
0.000801192
2.26926e-05
0.000794929
2.1267e-05
0.000788879
1.9911e-05
0.000783049
1.86257e-05
0.000777438
1.74113e-05
0.000772049
1.62672e-05
0.000766879
1.51918e-05
0.000761926
1.4183e-05
0.000757184
1.32383e-05
0.000752646
1.23552e-05
0.000748308
1.15311e-05
0.000744171
1.07625e-05
0.000740234
1.0044e-05
0.00073648
9.36879e-06
0.000732897
8.73432e-06
0.000729478
8.13971e-06
0.000726214
7.58285e-06
0.000723096
7.0598e-06
0.000720115
6.56658e-06
0.000717267
6.09972e-06
0.000714547
5.65625e-06
0.000711954
5.2334e-06
0.000709488
4.82825e-06
0.000707151
4.43811e-06
0.000704947
4.05978e-06
0.000702879
3.69002e-06
0.000700952
3.32568e-06
0.000699171
2.96281e-06
2.59842e-06
0.00109144
1.85325e-05
0.00108965
2.12461e-05
0.00108766
2.40244e-05
0.00108555
2.68402e-05
0.00108333
2.96644e-05
0.00108099
3.24705e-05
0.00107854
3.52377e-05
0.00107596
3.7953e-05
0.00107328
4.06077e-05
0.0010705
4.31939e-05
0.00106765
4.57037e-05
0.00106475
4.81278e-05
0.00106181
5.04563e-05
0.00105885
5.26791e-05
0.00105588
5.47861e-05
0.00105292
5.6768e-05
0.00104998
5.86161e-05
0.00104708
6.03226e-05
0.00104422
6.18802e-05
0.00104142
6.32826e-05
0.00103867
6.45245e-05
0.00103598
6.56015e-05
0.00103335
6.65102e-05
0.00103075
6.72481e-05
0.00102818
6.78157e-05
0.00102563
6.82158e-05
0.00102306
6.84542e-05
0.00102048
6.85383e-05
0.00101785
6.84785e-05
0.00101518
6.82866e-05
0.00101244
6.79769e-05
0.00100965
6.75619e-05
0.00100682
6.70437e-05
0.00100396
6.64255e-05
0.00100107
6.57175e-05
0.000998156
6.49274e-05
0.000995228
6.40614e-05
0.000992286
6.31238e-05
0.000989336
6.21161e-05
0.000986373
6.10384e-05
0.000983374
5.98906e-05
0.000980336
5.86755e-05
0.000977257
5.73953e-05
0.000974133
5.60514e-05
0.000970957
5.46462e-05
0.000967726
5.31801e-05
0.000964433
5.16559e-05
0.000961073
5.00785e-05
0.000957641
4.84543e-05
0.000954133
4.67892e-05
0.000950552
4.50879e-05
0.000946905
4.33571e-05
0.000943201
4.16054e-05
0.000939449
3.98421e-05
0.000935659
3.80767e-05
0.000931843
3.63189e-05
0.000928014
3.45778e-05
0.000924183
3.28619e-05
0.000920364
3.1179e-05
0.000916572
2.95359e-05
0.000912819
2.79388e-05
0.000909119
2.63929e-05
0.000905483
2.49022e-05
0.000901925
2.34699e-05
0.000898452
2.2098e-05
0.000895076
2.0788e-05
0.000891802
1.95403e-05
0.000888639
1.83549e-05
0.000885591
1.72311e-05
0.000882662
1.61675e-05
0.000879855
1.51627e-05
0.000877171
1.42144e-05
0.000874614
1.33199e-05
0.000872181
1.2477e-05
0.000869867
1.16826e-05
0.000867669
1.09327e-05
0.000865584
1.02239e-05
0.000863614
9.55375e-06
0.000861754
8.91956e-06
0.000860002
8.31789e-06
0.000858357
7.7453e-06
0.000856815
7.19854e-06
0.000855374
6.67443e-06
0.000854032
6.17023e-06
0.000852787
5.68248e-06
0.000851639
5.20809e-06
0.000850585
4.74348e-06
0.000849626
4.28535e-06
0.000848758
3.83079e-06
3.37561e-06
0.00116709
2.04048e-05
0.00116478
2.35562e-05
0.00116217
2.66387e-05
0.00115933
2.96707e-05
0.00115632
3.26768e-05
0.00115313
3.56672e-05
0.00114973
3.86362e-05
0.00114611
4.15679e-05
0.00114228
4.44446e-05
0.00113822
4.72512e-05
0.00113395
4.99754e-05
0.00112947
5.26063e-05
0.00112479
5.51335e-05
0.00111992
5.75463e-05
0.00111488
5.98336e-05
0.00110966
6.19842e-05
0.00110429
6.39874e-05
0.00109878
6.58335e-05
0.00109314
6.75137e-05
0.00108741
6.90206e-05
0.00108158
7.0348e-05
0.00107569
7.14909e-05
0.00106976
7.24461e-05
0.00106379
7.3212e-05
0.00105782
7.37892e-05
0.00105186
7.41803e-05
0.00104592
7.43904e-05
0.00104003
7.44269e-05
0.00103421
7.42986e-05
0.00102848
7.40153e-05
0.00102287
7.35869e-05
0.00101741
7.30229e-05
0.00101212
7.23322e-05
0.00100702
7.15245e-05
0.00100213
7.06115e-05
0.000997453
6.9604e-05
0.000993003
6.85112e-05
0.000988786
6.73406e-05
0.000984804
6.60987e-05
0.000981051
6.47908e-05
0.00097752
6.34216e-05
0.000974201
6.19944e-05
0.000971084
6.05126e-05
0.000968156
5.89799e-05
0.000965402
5.74002e-05
0.000962804
5.57773e-05
0.000960345
5.41154e-05
0.000958004
5.24191e-05
0.000955765
5.06931e-05
0.000953612
4.89422e-05
0.000951529
4.71715e-05
0.000949499
4.53869e-05
0.00094751
4.35946e-05
0.000945551
4.18013e-05
0.000943613
4.00141e-05
0.000941692
3.82398e-05
0.000939785
3.64851e-05
0.000937891
3.47561e-05
0.000936012
3.30584e-05
0.00093415
3.13972e-05
0.000932312
2.97771e-05
0.000930503
2.82023e-05
0.000928729
2.66762e-05
0.000926997
2.52016e-05
0.000925314
2.37808e-05
0.000923687
2.24152e-05
0.000922121
2.11059e-05
0.000920623
1.98531e-05
0.000919197
1.86569e-05
0.000917848
1.75166e-05
0.00091658
1.64313e-05
0.000915394
1.53997e-05
0.000914294
1.442e-05
0.000913281
1.34906e-05
0.000912354
1.26091e-05
0.000911514
1.17726e-05
0.00091076
1.09783e-05
0.00091009
1.02237e-05
0.000909503
9.50646e-06
0.000908997
8.8241e-06
0.000908568
8.17362e-06
0.000908215
7.5521e-06
0.000907933
6.95632e-06
0.00090772
6.38345e-06
0.000907572
5.83019e-06
0.000907487
5.29265e-06
0.000907465
4.76626e-06
0.0009075
4.24986e-06
0.00090759
3.74128e-06
3.23585e-06
0.00117957
2.15897e-05
0.00117847
2.46611e-05
0.00117736
2.77454e-05
0.00117621
3.08241e-05
0.001175
3.38895e-05
0.00117373
3.69356e-05
0.0011724
3.99595e-05
0.00117101
4.29577e-05
0.00116954
4.5924e-05
0.00116794
4.88482e-05
0.0011662
5.17181e-05
0.00116428
5.45201e-05
0.00116217
5.72404e-05
0.00115986
5.98658e-05
0.00115731
6.23833e-05
0.00115451
6.47804e-05
0.00115145
6.70453e-05
0.00114812
6.91662e-05
0.0011445
7.11322e-05
0.00114059
7.29331e-05
0.00113638
7.45594e-05
0.00113186
7.60031e-05
0.00112705
7.72574e-05
0.00112195
7.83172e-05
0.00111656
7.91791e-05
0.0011109
7.98417e-05
0.00110498
8.03052e-05
0.00109884
8.05719e-05
0.00109249
8.06455e-05
0.00108597
8.05308e-05
0.00107933
8.02336e-05
0.00107259
7.97614e-05
0.0010658
7.9124e-05
0.00105899
7.83338e-05
0.0010522
7.74022e-05
0.00104546
7.63395e-05
0.00103882
7.51555e-05
0.0010323
7.38595e-05
0.00102594
7.24609e-05
0.00101976
7.09688e-05
0.00101379
6.93918e-05
0.00100805
6.7737e-05
0.00100255
6.60122e-05
0.0009973
6.42257e-05
0.000992315
6.23856e-05
0.000987592
6.05e-05
0.000983131
5.85766e-05
0.000978927
5.6623e-05
0.000974973
5.46467e-05
0.000971261
5.26547e-05
0.000967778
5.06541e-05
0.000964513
4.8652e-05
0.000961453
4.6655e-05
0.000958584
4.46696e-05
0.000955896
4.27021e-05
0.000953378
4.07584e-05
0.000951019
3.8844e-05
0.000948811
3.69639e-05
0.000946747
3.51226e-05
0.00094482
3.33244e-05
0.000943024
3.15728e-05
0.000941355
2.98711e-05
0.000939809
2.82219e-05
0.000938383
2.66276e-05
0.000937074
2.50899e-05
0.00093588
2.36098e-05
0.000934798
2.21882e-05
0.000933825
2.08253e-05
0.000932961
1.95209e-05
0.000932203
1.82746e-05
0.000931549
1.70855e-05
0.000930996
1.59523e-05
0.000930543
1.48738e-05
0.000930185
1.3848e-05
0.000929921
1.2873e-05
0.000929747
1.19465e-05
0.00092966
1.10661e-05
0.000929654
1.02295e-05
0.000929726
9.43416e-06
0.000929873
8.67757e-06
0.000930089
7.95698e-06
0.000930372
7.26945e-06
0.000930716
6.61197e-06
0.000931118
5.98143e-06
0.000931574
5.37477e-06
0.000932078
4.78879e-06
0.000932623
4.22056e-06
0.000933206
3.66732e-06
0.000933821
3.12628e-06
2.5939e-06
0.0010429
2.0457e-05
0.00104448
2.3081e-05
0.00104637
2.58479e-05
0.00104849
2.87053e-05
0.00105079
3.15917e-05
0.00105331
3.44175e-05
0.00105604
3.72282e-05
0.00105896
4.00385e-05
0.00106203
4.28499e-05
0.00106523
4.56553e-05
0.0010685
4.8443e-05
0.00107182
5.11999e-05
0.00107515
5.39124e-05
0.00107845
5.65674e-05
0.00108168
5.91526e-05
0.0010848
6.16561e-05
0.00108778
6.40662e-05
0.00109058
6.6371e-05
0.00109315
6.85587e-05
0.00109547
7.06176e-05
0.00109749
7.25358e-05
0.00109919
7.43022e-05
0.00110054
7.59067e-05
0.00110152
7.73407e-05
0.0011021
7.85969e-05
0.00110227
7.9669e-05
0.00110202
8.05521e-05
0.00110135
8.12426e-05
0.00110026
8.17381e-05
0.00109875
8.20377e-05
0.00109685
8.21423e-05
0.00109455
8.20542e-05
0.0010919
8.17795e-05
0.0010889
8.13304e-05
0.00108559
8.0714e-05
0.00108199
7.99352e-05
0.00107815
7.90012e-05
0.00107409
7.792e-05
0.00106985
7.67e-05
0.00106547
7.53494e-05
0.00106098
7.3877e-05
0.00105643
7.2292e-05
0.00105184
7.0604e-05
0.00104724
6.88232e-05
0.00104266
6.69601e-05
0.00103814
6.50252e-05
0.00103369
6.3029e-05
0.00102933
6.09817e-05
0.00102508
5.88937e-05
0.00102096
5.67748e-05
0.00101698
5.46347e-05
0.00101315
5.24827e-05
0.00100948
5.03276e-05
0.00100597
4.81778e-05
0.00100263
4.60411e-05
0.000999463
4.3925e-05
0.000996471
4.18361e-05
0.000993654
3.97808e-05
0.000991012
3.77646e-05
0.000988544
3.57924e-05
0.000986248
3.38688e-05
0.000984121
3.19975e-05
0.000982161
3.01817e-05
0.000980365
2.8424e-05
0.000978728
2.67266e-05
0.000977247
2.5091e-05
0.000975917
2.35182e-05
0.000974734
2.20087e-05
0.000973692
2.05627e-05
0.000972787
1.91799e-05
0.000972012
1.78596e-05
0.000971364
1.66008e-05
0.000970835
1.54023e-05
0.000970421
1.42623e-05
0.000970115
1.31791e-05
0.000969911
1.21506e-05
0.000969803
1.11745e-05
0.000969784
1.02483e-05
0.000969848
9.36955e-06
0.00096999
8.53548e-06
0.000970204
7.74334e-06
0.000970483
6.99016e-06
0.000970822
6.27297e-06
0.000971215
5.58864e-06
0.000971656
4.93409e-06
0.000972139
4.30615e-06
0.000972657
3.70162e-06
0.000973208
3.11725e-06
0.000973784
2.54969e-06
1.9958e-06
0.000797307
1.68334e-05
0.000801288
1.91e-05
0.000805683
2.1453e-05
0.000810553
2.38347e-05
0.000815921
2.62236e-05
0.000821722
2.86164e-05
0.00082793
3.10205e-05
0.000834526
3.34427e-05
0.000841491
3.58843e-05
0.000848805
3.83413e-05
0.000856442
4.08067e-05
0.00086437
4.32711e-05
0.000872558
4.57252e-05
0.000880966
4.81592e-05
0.000889554
5.0564e-05
0.000898281
5.29301e-05
0.000907099
5.52477e-05
0.000915963
5.75069e-05
0.000924825
5.96972e-05
0.000933635
6.18074e-05
0.000942345
6.38259e-05
0.000950906
6.57407e-05
0.000959273
6.75398e-05
0.000967402
6.92122e-05
0.00097525
7.07482e-05
0.000982781
7.21387e-05
0.000989957
7.33754e-05
0.00099675
7.44503e-05
0.00100313
7.53559e-05
0.00100908
7.6086e-05
0.00101459
7.66401e-05
0.00101962
7.70186e-05
0.00102418
7.72221e-05
0.00102826
7.72529e-05
0.00103186
7.71129e-05
0.00103499
7.68037e-05
0.00103766
7.63279e-05
0.00103989
7.5689e-05
0.0010417
7.48922e-05
0.00104311
7.39433e-05
0.00104413
7.28494e-05
0.00104481
7.16182e-05
0.00104515
7.02582e-05
0.0010452
6.87787e-05
0.00104497
6.71894e-05
0.00104449
6.55005e-05
0.0010438
6.37226e-05
0.00104292
6.18663e-05
0.00104187
5.99427e-05
0.00104068
5.79625e-05
0.00103938
5.59364e-05
0.00103799
5.38749e-05
0.00103652
5.17883e-05
0.00103502
4.96864e-05
0.00103348
4.75787e-05
0.00103193
4.54741e-05
0.00103038
4.33811e-05
0.00102886
4.13073e-05
0.00102736
3.92601e-05
0.00102591
3.7246e-05
0.00102451
3.52708e-05
0.00102316
3.33398e-05
0.00102189
3.14575e-05
0.00102068
2.96278e-05
0.00101956
2.7854e-05
0.00101851
2.61388e-05
0.00101754
2.44842e-05
0.00101666
2.28917e-05
0.00101586
2.13624e-05
0.00101514
1.98967e-05
0.00101451
1.84947e-05
0.00101395
1.7156e-05
0.00101348
1.58797e-05
0.00101307
1.46649e-05
0.00101274
1.351e-05
0.00101248
1.24132e-05
0.00101228
1.13726e-05
0.00101214
1.0386e-05
0.00101206
9.45082e-06
0.00101203
8.56456e-06
0.00101205
7.7245e-06
0.00101212
6.92773e-06
0.00101222
6.17133e-06
0.00101235
5.4522e-06
0.00101252
4.76724e-06
0.00101271
4.11331e-06
0.00101293
3.48711e-06
0.00101316
2.8857e-06
0.0010134
2.30585e-06
1.74502e-06
0.000518991
1.20121e-05
0.00052422
1.38707e-05
0.000529935
1.57382e-05
0.000536181
1.75879e-05
0.000542964
1.94408e-05
0.000550269
2.13116e-05
0.000558084
2.32051e-05
0.000566406
2.51211e-05
0.000575231
2.70591e-05
0.000584555
2.90177e-05
0.000594367
3.0995e-05
0.00060465
3.29875e-05
0.000615385
3.49906e-05
0.000626545
3.6999e-05
0.000638102
3.90071e-05
0.000650023
4.1009e-05
0.000662272
4.29986e-05
0.00067481
4.49694e-05
0.000687593
4.69138e-05
0.000700577
4.8823e-05
0.000713715
5.06877e-05
0.000726959
5.24976e-05
0.000740256
5.42425e-05
0.000753556
5.59124e-05
0.000766806
5.74976e-05
0.000779957
5.89877e-05
0.00079296
6.03725e-05
0.000805767
6.16432e-05
0.000818331
6.27916e-05
0.000830606
6.3811e-05
0.000842551
6.4696e-05
0.000854127
6.54424e-05
0.000865303
6.60463e-05
0.000876052
6.65032e-05
0.000886356
6.68097e-05
0.000896196
6.69633e-05
0.000905561
6.69627e-05
0.000914442
6.6808e-05
0.000922834
6.65006e-05
0.000930734
6.60432e-05
0.000938144
6.54394e-05
0.000945068
6.46941e-05
0.000951514
6.38127e-05
0.00095749
6.28019e-05
0.000963011
6.16689e-05
0.000968089
6.04218e-05
0.000972743
5.90693e-05
0.000976989
5.76205e-05
0.000980846
5.6085e-05
0.000984336
5.44726e-05
0.000987479
5.27934e-05
0.000990297
5.10574e-05
0.00099281
4.92747e-05
0.000995042
4.74552e-05
0.000997012
4.56085e-05
0.000998742
4.37441e-05
0.00100025
4.18709e-05
0.00100156
3.99973e-05
0.00100269
3.81314e-05
0.00100366
3.62805e-05
0.00100448
3.44516e-05
0.00100516
3.26509e-05
0.00100574
3.08839e-05
0.00100621
2.91558e-05
0.00100659
2.74709e-05
0.0010069
2.58329e-05
0.00100714
2.4245e-05
0.00100732
2.27097e-05
0.00100745
2.1229e-05
0.00100755
1.98044e-05
0.0010076
1.84366e-05
0.00100763
1.71262e-05
0.00100764
1.58731e-05
0.00100763
1.46769e-05
0.0010076
1.35367e-05
0.00100756
1.24514e-05
0.00100752
1.14195e-05
0.00100746
1.04392e-05
0.00100741
9.50859e-06
0.00100734
8.62536e-06
0.00100728
7.7872e-06
0.00100722
6.99158e-06
0.00100715
6.23585e-06
0.00100709
5.51733e-06
0.00100702
4.83329e-06
0.00100695
4.18094e-06
0.00100688
3.55742e-06
0.00100681
2.95992e-06
0.00100673
2.38562e-06
1.83197e-06
0.000244962
7.50281e-06
0.000249938
8.89465e-06
0.00025549
1.01865e-05
0.000261603
1.14749e-05
0.000268282
1.27612e-05
0.000275536
1.40574e-05
0.00028338
1.53618e-05
0.000291821
1.66795e-05
0.000300868
1.80123e-05
0.000310523
1.93626e-05
0.000320786
2.07319e-05
0.000331653
2.21211e-05
0.000343113
2.35304e-05
0.000355153
2.49594e-05
0.000367753
2.64069e-05
0.000380891
2.78711e-05
0.000394539
2.93498e-05
0.000408668
3.08405e-05
0.000423243
3.23395e-05
0.000438223
3.38424e-05
0.000453568
3.53431e-05
0.00046923
3.68352e-05
0.000485162
3.83103e-05
0.000501315
3.97602e-05
0.000517634
4.11784e-05
0.000534068
4.25538e-05
0.000550564
4.38759e-05
0.000567068
4.51391e-05
0.000583525
4.63353e-05
0.000599879
4.74566e-05
0.000616079
4.84962e-05
0.000632074
4.94472e-05
0.000647819
5.0301e-05
0.000663274
5.10488e-05
0.0006784
5.16839e-05
0.000693161
5.22015e-05
0.000707527
5.25973e-05
0.000721467
5.28676e-05
0.000734958
5.30103e-05
0.000747976
5.30244e-05
0.000760506
5.291e-05
0.000772532
5.26679e-05
0.000784044
5.23006e-05
0.000795035
5.18114e-05
0.000805499
5.12044e-05
0.000815436
5.04848e-05
0.000824847
4.96584e-05
0.000833736
4.87315e-05
0.00084211
4.77113e-05
0.000849977
4.66053e-05
0.000857349
4.54215e-05
0.000864238
4.41683e-05
0.000870659
4.28541e-05
0.000876626
4.14875e-05
0.000882158
4.00772e-05
0.00088727
3.86315e-05
0.000891982
3.7159e-05
0.000896312
3.56676e-05
0.000900278
3.41652e-05
0.0009039
3.2659e-05
0.000907195
3.11562e-05
0.000910183
2.96631e-05
0.000912881
2.81858e-05
0.000915307
2.67296e-05
0.000917479
2.52995e-05
0.000919412
2.38998e-05
0.000921123
2.25341e-05
0.000922627
2.12056e-05
0.000923939
1.9917e-05
0.000925073
1.86701e-05
0.000926043
1.74666e-05
0.000926862
1.63074e-05
0.000927542
1.51931e-05
0.000928095
1.41237e-05
0.000928533
1.3099e-05
0.000928866
1.21182e-05
0.000929105
1.11804e-05
0.00092926
1.02845e-05
0.00092934
9.42882e-06
0.000929353
8.61176e-06
0.000929309
7.83161e-06
0.000929214
7.08636e-06
0.000929076
6.37391e-06
0.000928901
5.6923e-06
0.000928695
5.03943e-06
0.000928463
4.41314e-06
0.000928209
3.81095e-06
0.000927938
3.23091e-06
0.000927653
2.67126e-06
2.1296e-06
-2.73347e-05
4.74445e-06
-2.3666e-05
5.22596e-06
-1.93722e-05
5.89271e-06
-1.43362e-05
6.43893e-06
-8.6378e-06
7.06284e-06
-2.21417e-06
7.63374e-06
4.92143e-06
8.22616e-06
1.2803e-05
8.79783e-06
2.14286e-05
9.38677e-06
3.08119e-05
9.97926e-06
4.09476e-05
1.05963e-05
5.18329e-05
1.12358e-05
6.34562e-05
1.19071e-05
7.58026e-05
1.26129e-05
8.88521e-05
1.33574e-05
0.00010258
1.41433e-05
0.000116959
1.49712e-05
0.000131957
1.58417e-05
0.000147543
1.67542e-05
0.000163677
1.77076e-05
0.000180321
1.86993e-05
0.00019743
1.97266e-05
0.000214956
2.07845e-05
0.000232848
2.18676e-05
0.000251054
2.29721e-05
0.000269521
2.40874e-05
0.000288201
2.51957e-05
0.000307032
2.6308e-05
0.000325959
2.74081e-05
0.000344927
2.8489e-05
0.000363878
2.95448e-05
0.000382755
3.05707e-05
0.0004015
3.15557e-05
0.000420064
3.24846e-05
0.000438399
3.33491e-05
0.000456459
3.41413e-05
0.000474203
3.48535e-05
0.00049159
3.54802e-05
0.000508584
3.60166e-05
0.000525151
3.64579e-05
0.000541261
3.67996e-05
0.000556889
3.70401e-05
0.00057201
3.71795e-05
0.000586603
3.72183e-05
0.00060065
3.71575e-05
0.000614136
3.69989e-05
0.000627049
3.67451e-05
0.000639381
3.63993e-05
0.000651127
3.59656e-05
0.000662283
3.54488e-05
0.000672851
3.48543e-05
0.000682831
3.41877e-05
0.00069223
3.34553e-05
0.000701054
3.26636e-05
0.000709312
3.1819e-05
0.000717015
3.09283e-05
0.000724176
2.99979e-05
0.00073081
2.90345e-05
0.000736931
2.80442e-05
0.000742556
2.70335e-05
0.000747704
2.60083e-05
0.000752393
2.49742e-05
0.000756642
2.39364e-05
0.000760472
2.28997e-05
0.000763903
2.18683e-05
0.000766957
2.08461e-05
0.000769655
1.98364e-05
0.000772018
1.88421e-05
0.00077407
1.78656e-05
0.000775831
1.69087e-05
0.000777325
1.59731e-05
0.000778572
1.50598e-05
0.000779596
1.41695e-05
0.000780417
1.33026e-05
0.000781057
1.24592e-05
0.000781536
1.16391e-05
0.000781874
1.08421e-05
0.000782091
1.00678e-05
0.000782204
9.31544e-06
0.000782232
8.58426e-06
0.000782189
7.87383e-06
0.000782092
7.18338e-06
0.000781954
6.5121e-06
0.000781787
5.85968e-06
0.0007816
5.22582e-06
0.000781404
4.61004e-06
0.000781203
4.01143e-06
0.000781005
3.42878e-06
0.000780815
2.86151e-06
2.30907e-06
-0.000290991
3.66175e-06
-0.0002891
3.33414e-06
-0.000286414
3.20724e-06
-0.000282856
2.88098e-06
-0.000278438
2.64467e-06
-0.00027313
2.3262e-06
-0.000266946
2.04215e-06
-0.000259879
1.73006e-06
-0.000251938
1.44583e-06
-0.000243126
1.16748e-06
-0.000233455
9.24959e-07
-0.000222934
7.14666e-07
-0.000211578
5.51612e-07
-0.000199405
4.39849e-07
-0.000186435
3.87213e-07
-0.00017269
3.98084e-07
-0.000158197
4.78237e-07
-0.000142987
6.32217e-07
-0.000127096
8.63225e-07
-0.000110562
1.17345e-06
-9.34259e-05
1.56317e-06
-7.5731e-05
2.03168e-06
-5.75234e-05
2.57698e-06
-3.88527e-05
3.19692e-06
-1.97686e-05
3.88798e-06
-3.25125e-07
4.64387e-06
1.94054e-05
5.46516e-06
3.93814e-05
6.33206e-06
5.95446e-05
7.24488e-06
7.98383e-05
8.19528e-06
0.000100207
9.17593e-06
0.000120598
1.01793e-05
0.000140956
1.1198e-05
0.000161216
1.22244e-05
0.000181309
1.32565e-05
0.000201173
1.42771e-05
0.000220766
1.52603e-05
0.000240044
1.62025e-05
0.000258962
1.70985e-05
0.000277479
1.79407e-05
0.000295562
1.87174e-05
0.000313176
1.94259e-05
0.000330289
2.00659e-05
0.000346873
2.06352e-05
0.000362899
2.11315e-05
0.000378345
2.15528e-05
0.000393192
2.18981e-05
0.000407424
2.21671e-05
0.000421029
2.23603e-05
0.000433999
2.24789e-05
0.000446328
2.25248e-05
0.000458015
2.25007e-05
0.000469061
2.24094e-05
0.000479471
2.22543e-05
0.000489251
2.20391e-05
0.000498411
2.17674e-05
0.000506967
2.14428e-05
0.000514932
2.10692e-05
0.000522325
2.06506e-05
0.000529168
2.01909e-05
0.000535482
1.96942e-05
0.000541292
1.91643e-05
0.000546624
1.86048e-05
0.000551504
1.80192e-05
0.000555962
1.74107e-05
0.000560025
1.67827e-05
0.000563724
1.61379e-05
0.000567087
1.5479e-05
0.000570144
1.48087e-05
0.000572923
1.41294e-05
0.000575453
1.34433e-05
0.00057776
1.27523e-05
0.000579872
1.20582e-05
0.000581812
1.13628e-05
0.000583603
1.06675e-05
0.000585268
9.97387e-06
0.000586827
9.28333e-06
0.000588298
8.59719e-06
0.000589697
7.91657e-06
0.000591038
7.24281e-06
0.000592335
6.57725e-06
0.000593597
5.92076e-06
0.000594836
5.274e-06
0.000596057
4.63804e-06
0.000597269
4.01401e-06
0.000598476
3.40267e-06
0.00059968
2.80797e-06
0.000600883
2.22587e-06
0.000602088
1.65633e-06
1.09996e-06
-0.000476808
3.39858e-06
-0.000475857
2.38331e-06
-0.000473947
1.29715e-06
-0.000471204
1.37998e-07
-0.000467608
-9.51795e-07
-0.000463194
-2.0872e-06
-0.000457895
-3.25694e-06
-0.000451746
-4.41964e-06
-0.00044472
-5.57985e-06
-0.000436845
-6.70781e-06
-0.000428117
-7.80291e-06
-0.000418557
-8.84469e-06
-0.000408178
-9.82781e-06
-0.000397
-1.07383e-05
-0.000385043
-1.15699e-05
-0.000372332
-1.23123e-05
-0.000358896
-1.29585e-05
-0.000344761
-1.3502e-05
-0.00032996
-1.39381e-05
-0.000314524
-1.4263e-05
-0.000298486
-1.44743e-05
-0.000281885
-1.45696e-05
-0.000264762
-1.45456e-05
-0.000247166
-1.43989e-05
-0.000229147
-1.41315e-05
-0.000210754
-1.37495e-05
-0.000192029
-1.32594e-05
-0.000173031
-1.26657e-05
-0.00015381
-1.19761e-05
-0.000134414
-1.12009e-05
-0.000114893
-1.03453e-05
-9.52961e-05
-9.41753e-06
-7.56723e-05
-8.42588e-06
-5.60679e-05
-7.37993e-06
-3.6522e-05
-6.28936e-06
-1.70793e-05
-5.16561e-06
2.20173e-06
-4.02074e-06
2.12693e-05
-2.86508e-06
4.00738e-05
-1.70606e-06
5.85576e-05
-5.43067e-07
7.67349e-05
5.4008e-07
9.45791e-05
1.58174e-06
0.000112043
2.60219e-06
0.000129092
3.58564e-06
0.000145701
4.52292e-06
0.000161846
5.40731e-06
0.000177511
6.23366e-06
0.00019268
6.99801e-06
0.000207343
7.6974e-06
0.000221492
8.32983e-06
0.000235123
8.89417e-06
0.000248233
9.39008e-06
0.000260825
9.81787e-06
0.000272901
1.01783e-05
0.000284468
1.04721e-05
0.000295535
1.07e-05
0.000306115
1.08625e-05
0.000316224
1.09603e-05
0.000325879
1.0996e-05
0.000335097
1.09731e-05
0.000343896
1.0895e-05
0.000352296
1.07648e-05
0.000360315
1.05855e-05
0.000367975
1.03586e-05
0.000375297
1.00892e-05
0.000382299
9.78073e-06
0.000389001
9.43627e-06
0.000395422
9.0579e-06
0.00040158
8.65033e-06
0.000407492
8.217e-06
0.000413175
7.76105e-06
0.000418641
7.28546e-06
0.000423907
6.79315e-06
0.000428982
6.28704e-06
0.00043388
5.76985e-06
0.00043861
5.24421e-06
0.00044318
4.71283e-06
0.000447599
4.17813e-06
0.000451873
3.64228e-06
0.000456009
3.10755e-06
0.00046001
2.5762e-06
0.000463881
2.04986e-06
0.000467625
1.52981e-06
0.000471246
1.01728e-06
0.000474747
5.12743e-07
0.000478139
1.01089e-08
0.000481381
-4.33991e-07
0.000484492
-8.85063e-07
0.000487474
-1.32581e-06
-0.000459894
2.19136e-06
-0.000458156
6.45229e-07
-0.000455563
-1.29533e-06
-0.000452408
-3.0167e-06
-0.000448404
-4.95611e-06
-0.000443675
-6.81633e-06
-0.000438181
-8.7513e-06
-0.000431966
-1.06338e-05
-0.000425029
-1.25175e-05
-0.000417391
-1.43454e-05
-0.000409065
-1.61294e-05
-0.000400068
-1.78413e-05
-0.000390418
-1.94781e-05
-0.000380133
-2.10231e-05
-0.000369234
-2.2469e-05
-0.000357742
-2.38039e-05
-0.000345682
-2.50192e-05
-0.000333077
-2.61068e-05
-0.000319955
-2.70599e-05
-0.000306345
-2.78732e-05
-0.000292276
-2.85429e-05
-0.00027778
-2.9066e-05
-0.000262885
-2.94405e-05
-0.000247619
-2.96656e-05
-0.000232008
-2.97422e-05
-0.000216084
-2.96735e-05
-0.000199876
-2.94666e-05
-0.000183419
-2.91235e-05
-0.000166743
-2.86517e-05
-0.000149879
-2.80654e-05
-0.000132862
-2.73616e-05
-0.000115732
-2.6548e-05
-9.85217e-05
-2.56359e-05
-8.12632e-05
-2.46384e-05
-6.39853e-05
-2.35673e-05
-4.67158e-05
-2.24351e-05
-2.94826e-05
-2.1254e-05
-1.23121e-05
-2.00356e-05
4.77378e-06
-1.87919e-05
2.17667e-05
-1.75359e-05
3.85898e-05
-1.6283e-05
5.52129e-05
-1.50414e-05
7.16312e-05
-1.38161e-05
8.78312e-05
-1.26144e-05
0.000103798
-1.14437e-05
0.000119516
-1.0311e-05
0.000134972
-9.22265e-06
0.000150154
-8.18401e-06
0.000165051
-7.19968e-06
0.000179655
-6.27336e-06
0.000193957
-5.40794e-06
0.000207952
-4.60556e-06
0.000221638
-3.86767e-06
0.000235011
-3.19513e-06
0.000248072
-2.58831e-06
0.000260819
-2.04712e-06
0.000273253
-1.57105e-06
0.000285372
-1.15914e-06
0.000297178
-8.09855e-07
0.000308672
-5.21094e-07
0.000319857
-2.90153e-07
0.000330735
-1.13299e-07
0.000341303
1.7499e-08
0.000351582
7.93119e-08
0.000361571
1.01024e-07
0.000371268
8.29908e-08
0.000380675
2.90925e-08
0.000389809
-7.58723e-08
0.000398666
-2.06622e-07
0.000407247
-3.63881e-07
0.000415554
-5.45395e-07
0.000423587
-7.48191e-07
0.000431349
-9.69134e-07
0.000438842
-1.20508e-06
0.000446064
-1.45296e-06
0.000453018
-1.70986e-06
0.000459704
-1.97291e-06
0.000466122
-2.23943e-06
0.000472271
-2.50699e-06
0.000478152
-2.77324e-06
0.000483764
-3.03595e-06
0.000489107
-3.29321e-06
0.00049418
-3.54338e-06
0.000498982
-3.78493e-06
0.000503512
-4.01643e-06
0.000507758
-4.23626e-06
0.000511764
-4.43967e-06
0.000515509
-4.63009e-06
-4.8073e-06
-0.000250651
-1.03789e-06
-0.000246851
-3.15461e-06
-0.000242434
-5.71265e-06
-0.000237349
-8.10165e-06
-0.000231647
-1.06583e-05
-0.000225305
-1.31583e-05
-0.000218367
-1.56889e-05
-0.000210839
-1.8162e-05
-0.00020276
-2.05972e-05
-0.000194141
-2.29641e-05
-0.000185012
-2.52586e-05
-0.000175387
-2.74656e-05
-0.000165292
-2.95738e-05
-0.000154743
-3.15713e-05
-0.000143766
-3.34462e-05
-0.000132382
-3.51879e-05
-0.000120615
-3.67861e-05
-0.00010849
-3.82323e-05
-9.6031e-05
-3.95186e-05
-8.32652e-05
-4.06391e-05
-7.0219e-05
-4.1589e-05
-5.69198e-05
-4.23653e-05
-4.33938e-05
-4.29665e-05
-2.96667e-05
-4.33926e-05
-1.57627e-05
-4.36462e-05
-1.70599e-06
-4.37302e-05
1.24763e-05
-4.36489e-05
2.67647e-05
-4.34119e-05
4.11386e-05
-4.30257e-05
5.55714e-05
-4.24982e-05
7.00484e-05
-4.18386e-05
8.45575e-05
-4.10571e-05
9.9087e-05
-4.01654e-05
0.000113625
-3.9176e-05
0.000128159
-3.81017e-05
0.000142679
-3.69552e-05
0.000157174
-3.5749e-05
0.000171634
-3.44954e-05
0.000186049
-3.32067e-05
0.000200408
-3.18955e-05
0.000214699
-3.05732e-05
0.000228907
-2.92497e-05
0.000243024
-2.79333e-05
0.000257042
-2.66322e-05
0.000270952
-2.53542e-05
0.000284748
-2.41063e-05
0.00029842
-2.28949e-05
0.000311961
-2.17256e-05
0.000325365
-2.0603e-05
0.000338622
-1.9531e-05
0.000351727
-1.85126e-05
0.000364671
-1.75499e-05
0.000377448
-1.66445e-05
0.000390051
-1.57973e-05
0.000402471
-1.50087e-05
0.000414703
-1.42787e-05
0.000426738
-1.36066e-05
0.000438571
-1.29917e-05
0.000450193
-1.24325e-05
0.000461599
-1.19273e-05
0.000472783
-1.14741e-05
0.00048374
-1.10703e-05
0.000494471
-1.07134e-05
0.000504953
-1.04021e-05
0.000515185
-1.01315e-05
0.000525166
-9.89791e-06
0.000534893
-9.69824e-06
0.000544348
-9.53021e-06
0.00055353
-9.38888e-06
0.000562437
-9.27064e-06
0.000571064
-9.1722e-06
0.000579406
-9.09031e-06
0.000587459
-9.02189e-06
0.000595217
-8.96393e-06
0.000602678
-8.91351e-06
0.000609836
-8.86795e-06
0.000616688
-8.82465e-06
0.00062323
-8.78118e-06
0.000629458
-8.73538e-06
0.00063537
-8.68516e-06
0.000640963
-8.62867e-06
0.000646234
-8.56428e-06
0.000651181
-8.49045e-06
0.000655802
-8.4058e-06
0.000660094
-8.3091e-06
0.000664057
-8.19884e-06
0.000667691
-8.07403e-06
0.000670996
-7.93498e-06
-7.78152e-06
1.6183e-05
-5.86149e-06
2.1971e-05
-8.94257e-06
2.8158e-05
-1.18996e-05
3.49354e-05
-1.48791e-05
4.21532e-05
-1.78762e-05
4.98673e-05
-2.08723e-05
5.80227e-05
-2.38443e-05
6.66356e-05
-2.67749e-05
7.56874e-05
-2.9649e-05
8.51745e-05
-3.24511e-05
9.50816e-05
-3.51657e-05
0.000105393
-3.77773e-05
0.000116091
-4.02712e-05
0.000127152
-4.26332e-05
0.000138556
-4.48497e-05
0.000150276
-4.6908e-05
0.000162287
-4.87964e-05
0.000174559
-5.05047e-05
0.000187065
-5.20244e-05
0.000199774
-5.33485e-05
0.000212657
-5.44722e-05
0.000225685
-5.53925e-05
0.000238827
-5.61084e-05
0.000252055
-5.66209e-05
0.000265342
-5.69332e-05
0.000278662
-5.70499e-05
0.000291991
-5.69786e-05
0.000305307
-5.67273e-05
0.000318586
-5.63054e-05
0.000331813
-5.57247e-05
0.000344972
-5.49976e-05
0.000358052
-5.41368e-05
0.000371042
-5.31559e-05
0.000383935
-5.20689e-05
0.000396723
-5.08903e-05
0.000409403
-4.96344e-05
0.000421969
-4.83153e-05
0.00043442
-4.69466e-05
0.000446755
-4.55413e-05
0.000458971
-4.41119e-05
0.000471068
-4.267e-05
0.000483044
-4.12261e-05
0.000494901
-3.97895e-05
0.000506637
-3.83687e-05
0.000518254
-3.69711e-05
0.000529751
-3.56034e-05
0.000541127
-3.42713e-05
0.000552382
-3.29798e-05
0.000563511
-3.17329e-05
0.000574514
-3.05338e-05
0.000585386
-2.93849e-05
0.000596125
-2.8288e-05
0.000606724
-2.72439e-05
0.00061718
-2.62533e-05
0.000627487
-2.53161e-05
0.00063764
-2.44319e-05
0.000647633
-2.35997e-05
0.00065746
-2.28183e-05
0.000667114
-2.20861e-05
0.000676587
-2.14009e-05
0.000685874
-2.07605e-05
0.000694966
-2.01622e-05
0.000703856
-1.96035e-05
0.000712535
-1.90814e-05
0.000720996
-1.85928e-05
0.000729233
-1.81344e-05
0.000737238
-1.77031e-05
0.000745003
-1.72957e-05
0.000752523
-1.6909e-05
0.000759792
-1.65397e-05
0.000766805
-1.61848e-05
0.000773556
-1.58414e-05
0.000780041
-1.55068e-05
0.000786255
-1.51786e-05
0.000792196
-1.48542e-05
0.00079786
-1.45314e-05
0.000803243
-1.42082e-05
0.000808345
-1.38826e-05
0.000813162
-1.35529e-05
0.000817694
-1.32176e-05
0.000821941
-1.28751e-05
0.000825901
-1.25245e-05
0.000829575
-1.21643e-05
0.000832963
-1.17939e-05
0.000836066
-1.14123e-05
0.000838886
-1.10187e-05
0.000841425
-1.06126e-05
0.000843683
-1.01936e-05
-9.76122e-06
0.00028462
-1.23255e-05
0.000291321
-1.56435e-05
0.00029848
-1.9059e-05
0.000306063
-2.24618e-05
0.000314038
-2.58513e-05
0.000322387
-2.9222e-05
0.000331107
-3.2564e-05
0.000340195
-3.58627e-05
0.000349646
-3.90997e-05
0.000359449
-4.22545e-05
0.00036959
-4.53069e-05
0.000380051
-4.82378e-05
0.000390809
-5.10295e-05
0.000401841
-5.3665e-05
0.000413119
-5.61282e-05
0.000424616
-5.84047e-05
0.000436301
-6.04814e-05
0.000448144
-6.23473e-05
0.000460113
-6.39932e-05
0.000472176
-6.5412e-05
0.000484303
-6.65993e-05
0.000496463
-6.75528e-05
0.000508628
-6.82726e-05
0.000520768
-6.87614e-05
0.000532859
-6.90242e-05
0.000544878
-6.90686e-05
0.000556803
-6.89038e-05
0.000568616
-6.85409e-05
0.000580303
-6.79925e-05
0.000591851
-6.72724e-05
0.000603249
-6.63953e-05
0.000614489
-6.53766e-05
0.000625565
-6.4232e-05
0.000636474
-6.29777e-05
0.000647213
-6.16299e-05
0.000657783
-6.02044e-05
0.000668185
-5.87165e-05
0.000678419
-5.7181e-05
0.000688489
-5.56115e-05
0.000698398
-5.40209e-05
0.000708149
-5.24209e-05
0.000717745
-5.08221e-05
0.000727189
-4.92337e-05
0.000736485
-4.76641e-05
0.000745634
-4.61204e-05
0.000754639
-4.46086e-05
0.000763502
-4.31341e-05
0.000772223
-4.17008e-05
0.000780803
-4.03123e-05
0.00078924
-3.8971e-05
0.000797534
-3.76787e-05
0.000805682
-3.64365e-05
0.000813683
-3.52449e-05
0.000821534
-3.41039e-05
0.000829231
-3.30129e-05
0.00083677
-3.19709e-05
0.000844147
-3.09768e-05
0.000851357
-3.00286e-05
0.000858395
-2.91245e-05
0.000865256
-2.82621e-05
0.000871935
-2.74389e-05
0.000878425
-2.66524e-05
0.000884721
-2.58997e-05
0.000890818
-2.51781e-05
0.00089671
-2.44846e-05
0.000902392
-2.38164e-05
0.000907859
-2.31706e-05
0.000913108
-2.25443e-05
0.000918134
-2.19349e-05
0.000922934
-2.13396e-05
0.000927505
-2.07561e-05
0.000931846
-2.0182e-05
0.000935954
-1.96151e-05
0.000939829
-1.90536e-05
0.00094347
-1.84955e-05
0.000946878
-1.79393e-05
0.000950054
-1.73835e-05
0.000952998
-1.68267e-05
0.000955713
-1.62677e-05
0.000958201
-1.57055e-05
0.000960465
-1.51392e-05
0.000962508
-1.45678e-05
0.000964334
-1.39906e-05
0.000965947
-1.3407e-05
0.000967351
-1.28161e-05
0.00096855
-1.22175e-05
0.000969548
-1.16104e-05
0.000970349
-1.09945e-05
-1.03693e-05
0.000555268
-1.91588e-05
0.000562412
-2.27877e-05
0.000569884
-2.6531e-05
0.000577711
-3.02881e-05
0.000585862
-3.40029e-05
0.000594303
-3.7663e-05
0.000603011
-4.12715e-05
0.00061197
-4.48217e-05
0.000621167
-4.82968e-05
0.000630586
-5.16735e-05
0.000640206
-5.49267e-05
0.00065
-5.8032e-05
0.000659938
-6.09679e-05
0.000669989
-6.37156e-05
0.000680119
-6.62582e-05
0.000690295
-6.85812e-05
0.000700486
-7.0672e-05
0.000710659
-7.25201e-05
0.000720783
-7.41177e-05
0.00073083
-7.54591e-05
0.000740773
-7.65415e-05
0.000750585
-7.73652e-05
0.000760245
-7.79327e-05
0.000769733
-7.82492e-05
0.000779031
-7.83226e-05
0.000788126
-7.81631e-05
0.000797006
-7.77838e-05
0.000805666
-7.72005e-05
0.000814102
-7.64292e-05
0.000822316
-7.54863e-05
0.000830309
-7.43886e-05
0.000838086
-7.31533e-05
0.000845652
-7.1798e-05
0.000853015
-7.03404e-05
0.000860182
-6.87975e-05
0.000867164
-6.71859e-05
0.000873969
-6.55214e-05
0.000880606
-6.38185e-05
0.000887086
-6.20908e-05
0.000893415
-6.03505e-05
0.000899603
-5.86087e-05
0.000905656
-5.68751e-05
0.00091158
-5.51581e-05
0.000917381
-5.34649e-05
0.000923063
-5.18017e-05
0.000928627
-5.01734e-05
0.000934077
-4.85843e-05
0.000939414
-4.70375e-05
0.000944637
-4.55355e-05
0.000949746
-4.40799e-05
0.000954739
-4.26719e-05
0.000959614
-4.13117e-05
0.000964369
-3.99992e-05
0.000968999
-3.87339e-05
0.000973501
-3.75148e-05
0.00097787
-3.63406e-05
0.000982103
-3.52097e-05
0.000986195
-3.41203e-05
0.000990141
-3.30703e-05
0.000993936
-3.20575e-05
0.000997577
-3.10796e-05
0.00100106
-3.0134e-05
0.00100438
-2.92182e-05
0.00100753
-2.83297e-05
0.00101051
-2.74661e-05
0.00101332
-2.66248e-05
0.00101595
-2.58034e-05
0.00101841
-2.49997e-05
0.00102068
-2.42116e-05
0.00102278
-2.3437e-05
0.0010247
-2.26741e-05
0.00102644
-2.19213e-05
0.001028
-2.11769e-05
0.00102939
-2.04398e-05
0.0010306
-1.97088e-05
0.00103164
-1.89827e-05
0.00103252
-1.82607e-05
0.00103324
-1.7542e-05
0.00103379
-1.6826e-05
0.0010342
-1.6112e-05
0.00103446
-1.53994e-05
0.00103458
-1.46878e-05
0.00103457
-1.39767e-05
0.00103442
-1.32655e-05
0.00103416
-1.25536e-05
0.00103379
-1.18407e-05
0.0010333
-1.11258e-05
0.00103271
-1.04085e-05
-9.68786e-06
0.000828937
-2.47812e-05
0.000834756
-2.86064e-05
0.000840852
-3.26271e-05
0.000847185
-3.66212e-05
0.000853711
-4.05288e-05
0.000860405
-4.43569e-05
0.00086723
-4.80972e-05
0.00087415
-5.17413e-05
0.000881128
-5.52751e-05
0.000888133
-5.86777e-05
0.000895131
-6.19248e-05
0.000902091
-6.4992e-05
0.00090898
-6.78572e-05
0.000915766
-7.05016e-05
0.000922418
-7.29101e-05
0.000928907
-7.50702e-05
0.000935207
-7.69723e-05
0.000941296
-7.86091e-05
0.000947154
-7.99758e-05
0.000952766
-8.10705e-05
0.000958118
-8.1894e-05
0.000963203
-8.245e-05
0.000968015
-8.27448e-05
0.000972553
-8.2787e-05
0.000976818
-8.25876e-05
0.000980813
-8.21581e-05
0.00098454
-8.15108e-05
0.00098801
-8.06703e-05
0.000991237
-7.9656e-05
0.000994235
-7.84851e-05
0.000997023
-7.7176e-05
0.000999617
-7.57473e-05
0.00100204
-7.42176e-05
0.0010043
-7.26049e-05
0.00100643
-7.09263e-05
0.00100844
-6.91977e-05
0.00101035
-6.74336e-05
0.00101218
-6.56472e-05
0.00101394
-6.38504e-05
0.00101565
-6.20537e-05
0.0010173
-6.02663e-05
0.00101892
-5.84957e-05
0.00102051
-5.67483e-05
0.00102208
-5.50295e-05
0.00102362
-5.33434e-05
0.00102514
-5.16935e-05
0.00102664
-5.00823e-05
0.00102811
-4.85119e-05
0.00102956
-4.69835e-05
0.00103098
-4.54981e-05
0.00103236
-4.40559e-05
0.00103371
-4.26569e-05
0.00103501
-4.13005e-05
0.00103626
-3.99858e-05
0.00103746
-3.87119e-05
0.00103859
-3.74772e-05
0.00103967
-3.628e-05
0.00104066
-3.51186e-05
0.00104158
-3.39911e-05
0.00104242
-3.28955e-05
0.00104317
-3.18298e-05
0.00104383
-3.07919e-05
0.00104439
-2.978e-05
0.00104485
-2.87919e-05
0.00104521
-2.78256e-05
0.00104547
-2.68794e-05
0.00104562
-2.59515e-05
0.00104566
-2.50401e-05
0.00104559
-2.41437e-05
0.00104541
-2.32612e-05
0.00104513
-2.23912e-05
0.00104474
-2.15327e-05
0.00104425
-2.0685e-05
0.00104366
-1.98473e-05
0.00104297
-1.9019e-05
0.00104218
-1.81998e-05
0.00104131
-1.73893e-05
0.00104036
-1.65873e-05
0.00103933
-1.57935e-05
0.00103822
-1.50078e-05
0.00103705
-1.42301e-05
0.00103582
-1.346e-05
0.00103455
-1.26974e-05
0.00103322
-1.19418e-05
0.00103186
-1.11928e-05
0.00103047
-1.04497e-05
0.00102906
-9.7117e-06
0.00102763
-8.97806e-06
-8.24754e-06
0.00106808
-2.72109e-05
0.00107072
-3.12412e-05
0.00107333
-3.52444e-05
0.0010759
-3.91834e-05
0.00107841
-4.30392e-05
0.00108085
-4.67992e-05
0.0010832
-5.04503e-05
0.00108544
-5.39764e-05
0.00108752
-5.73578e-05
0.00108942
-6.0573e-05
0.00109109
-6.36012e-05
0.00109252
-6.64231e-05
0.00109369
-6.90218e-05
0.00109457
-7.13831e-05
0.00109515
-7.34956e-05
0.00109543
-7.53507e-05
0.00109541
-7.69427e-05
0.00109506
-7.82682e-05
0.00109442
-7.93268e-05
0.00109347
-8.01205e-05
0.00109222
-8.0654e-05
0.00109071
-8.09344e-05
0.00108894
-8.09712e-05
0.00108692
-8.0776e-05
0.0010847
-8.03622e-05
0.00108229
-7.9745e-05
0.00107972
-7.89414e-05
0.00107702
-7.797e-05
0.00107421
-7.68496e-05
0.00107132
-7.55985e-05
0.00106838
-7.42348e-05
0.00106541
-7.27762e-05
0.00106243
-7.12403e-05
0.00105947
-6.96458e-05
0.00105656
-6.80089e-05
0.0010537
-6.63433e-05
0.00105093
-6.4661e-05
0.00104826
-6.29723e-05
0.00104569
-6.12863e-05
0.00104325
-5.96111e-05
0.00104094
-5.7953e-05
0.00103876
-5.63168e-05
0.00103671
-5.47059e-05
0.00103481
-5.31229e-05
0.00103303
-5.15701e-05
0.00103139
-5.00486e-05
0.00102987
-4.85595e-05
0.00102846
-4.71036e-05
0.00102716
-4.56807e-05
0.00102595
-4.42908e-05
0.00102483
-4.29336e-05
0.00102378
-4.1609e-05
0.00102279
-4.03167e-05
0.00102186
-3.90564e-05
0.00102098
-3.78275e-05
0.00102013
-3.6629e-05
0.00101931
-3.54592e-05
0.00101851
-3.43167e-05
0.00101772
-3.31998e-05
0.00101693
-3.21069e-05
0.00101614
-3.10366e-05
0.00101533
-2.99873e-05
0.00101451
-2.89576e-05
0.00101366
-2.7946e-05
0.00101279
-2.69512e-05
0.00101188
-2.5972e-05
0.00101094
-2.50073e-05
0.00100995
-2.40559e-05
0.00100893
-2.31172e-05
0.00100786
-2.21903e-05
0.00100674
-2.12749e-05
0.00100558
-2.03706e-05
0.00100437
-1.94772e-05
0.00100312
-1.85947e-05
0.00100182
-1.77231e-05
0.00100048
-1.68628e-05
0.000999109
-1.60141e-05
0.000997699
-1.51771e-05
0.000996258
-1.43525e-05
0.00099479
-1.35404e-05
0.000993301
-1.27413e-05
0.000991797
-1.19553e-05
0.000990282
-1.11827e-05
0.000988763
-1.04232e-05
0.000987247
-9.67651e-06
0.000985739
-8.94196e-06
0.000984246
-8.21866e-06
0.000982774
-7.50557e-06
-6.80148e-06
0.00119732
-2.59481e-05
0.00119585
-2.97761e-05
0.00119411
-3.34972e-05
0.00119205
-3.71267e-05
0.00118969
-4.06755e-05
0.00118702
-4.41358e-05
0.00118406
-4.74874e-05
0.00118079
-5.07037e-05
0.00117719
-5.37611e-05
0.00117326
-5.66407e-05
0.00116899
-5.93282e-05
0.00116437
-6.18118e-05
0.00115943
-6.40813e-05
0.00115418
-6.61281e-05
0.00114863
-6.7945e-05
0.0011428
-6.95271e-05
0.00113673
-7.08717e-05
0.00113044
-7.19785e-05
0.00112397
-7.28495e-05
0.00111733
-7.34887e-05
0.00111058
-7.3902e-05
0.00110375
-7.40973e-05
0.00109686
-7.40843e-05
0.00108996
-7.38745e-05
0.00108308
-7.34809e-05
0.00107625
-7.29183e-05
0.00106951
-7.22023e-05
0.00106289
-7.13486e-05
0.00105641
-7.03729e-05
0.0010501
-6.92899e-05
0.00104398
-6.81152e-05
0.00103807
-6.6866e-05
0.00103239
-6.55588e-05
0.00102696
-6.42091e-05
0.00102178
-6.28304e-05
0.00101687
-6.14341e-05
0.00101224
-6.00296e-05
0.00100789
-5.86247e-05
0.00100383
-5.72259e-05
0.00100006
-5.58384e-05
0.000996568
-5.44654e-05
0.000993359
-5.31084e-05
0.000990422
-5.17682e-05
0.000987745
-5.04459e-05
0.000985317
-4.91423e-05
0.000983126
-4.78572e-05
0.000981157
-4.65904e-05
0.000979395
-4.53416e-05
0.000977824
-4.41104e-05
0.000976429
-4.28956e-05
0.000975191
-4.16959e-05
0.000974093
-4.05107e-05
0.000973117
-3.93405e-05
0.000972247
-3.8186e-05
0.000971467
-3.70477e-05
0.000970764
-3.59257e-05
0.000970124
-3.48196e-05
0.000969536
-3.37287e-05
0.000968988
-3.26521e-05
0.00096847
-3.15889e-05
0.000967972
-3.05381e-05
0.000967483
-2.94987e-05
0.000966996
-2.84698e-05
0.0009665
-2.74505e-05
0.000965989
-2.64399e-05
0.000965454
-2.54375e-05
0.00096489
-2.44427e-05
0.000964289
-2.34554e-05
0.000963647
-2.24754e-05
0.00096296
-2.1503e-05
0.000962223
-2.05384e-05
0.000961435
-1.95822e-05
0.000960593
-1.86353e-05
0.000959697
-1.76983e-05
0.000958746
-1.67724e-05
0.000957742
-1.58587e-05
0.000956686
-1.49584e-05
0.000955582
-1.40727e-05
0.000954432
-1.32027e-05
0.000953241
-1.23498e-05
0.000952015
-1.15151e-05
0.000950759
-1.06995e-05
0.00094948
-9.90362e-06
0.000948185
-9.12785e-06
0.00094688
-8.37199e-06
0.000945574
-7.63574e-06
0.000944273
-6.91787e-06
0.000942985
-6.2172e-06
-5.53199e-06
0.00117844
-2.29274e-05
0.00117477
-2.61086e-05
0.00117061
-2.93293e-05
0.00116603
-3.2554e-05
0.0011611
-3.57409e-05
0.00115581
-3.88509e-05
0.00115018
-4.18536e-05
0.00114421
-4.473e-05
0.00113791
-4.74679e-05
0.00113133
-5.00581e-05
0.00112449
-5.24917e-05
0.00111744
-5.47602e-05
0.00111022
-5.68547e-05
0.00110286
-5.87678e-05
0.0010954
-6.04934e-05
0.0010879
-6.20273e-05
0.0010804
-6.33672e-05
0.00107293
-6.4512e-05
0.00106555
-6.54618e-05
0.00105827
-6.62178e-05
0.00105115
-6.67813e-05
0.00104421
-6.71552e-05
0.00103747
-6.73443e-05
0.00103095
-6.73554e-05
0.00102467
-6.7197e-05
0.00101863
-6.68794e-05
0.00101284
-6.64145e-05
0.00100731
-6.58174e-05
0.00100204
-6.51064e-05
0.000997047
-6.42924e-05
0.000992319
-6.33866e-05
0.000987862
-6.24088e-05
0.00098368
-6.13773e-05
0.000979777
-6.03064e-05
0.000976155
-5.92077e-05
0.000972811
-5.80907e-05
0.000969746
-5.69643e-05
0.000966957
-5.58354e-05
0.000964439
-5.47083e-05
0.000962186
-5.35851e-05
0.000960184
-5.24639e-05
0.000958416
-5.13402e-05
0.000956864
-5.02161e-05
0.000955519
-4.91006e-05
0.000954368
-4.79914e-05
0.000953394
-4.68839e-05
0.00095258
-4.57759e-05
0.000951906
-4.46679e-05
0.000951358
-4.35624e-05
0.000950921
-4.24584e-05
0.000950577
-4.13514e-05
0.000950306
-4.02397e-05
0.00095009
-3.91252e-05
0.000949913
-3.80092e-05
0.000949758
-3.68924e-05
0.000949609
-3.57769e-05
0.000949454
-3.46642e-05
0.00094928
-3.35553e-05
0.000949079
-3.24509e-05
0.000948842
-3.13514e-05
0.00094856
-3.02568e-05
0.000948228
-2.91667e-05
0.00094784
-2.8081e-05
0.000947388
-2.69993e-05
0.00094687
-2.59214e-05
0.00094628
-2.48472e-05
0.000945614
-2.37769e-05
0.000944869
-2.2711e-05
0.000944044
-2.16501e-05
0.000943137
-2.05954e-05
0.000942146
-1.95478e-05
0.000941073
-1.8509e-05
0.000939918
-1.74804e-05
0.000938684
-1.64641e-05
0.000937373
-1.54618e-05
0.00093599
-1.44757e-05
0.00093454
-1.35078e-05
0.000933027
-1.25604e-05
0.00093146
-1.16354e-05
0.000929845
-1.07349e-05
0.000928191
-9.86088e-06
0.000926506
-9.01501e-06
0.000924801
-8.19839e-06
0.000923085
-7.41157e-06
0.000921367
-6.65448e-06
0.000919659
-5.92709e-06
0.000917969
-5.22849e-06
0.000916309
-4.55707e-06
-3.91157e-06
0.00109964
-2.0434e-05
0.00109673
-2.32021e-05
0.00109352
-2.61207e-05
0.00109008
-2.91124e-05
0.00108643
-3.20935e-05
0.00108259
-3.5006e-05
0.00107856
-3.78228e-05
0.00107436
-4.05367e-05
0.00107004
-4.31454e-05
0.00106563
-4.56439e-05
0.00106116
-4.80223e-05
0.00105667
-5.02687e-05
0.00105218
-5.23722e-05
0.00104774
-5.43241e-05
0.00104336
-5.61172e-05
0.00103908
-5.77452e-05
0.00103492
-5.92026e-05
0.00103089
-6.04842e-05
0.00102701
-6.15858e-05
0.0010233
-6.25066e-05
0.00101976
-6.32404e-05
0.00101638
-6.37753e-05
0.00101315
-6.41149e-05
0.00101006
-6.42622e-05
0.00100708
-6.42212e-05
0.0010042
-6.39987e-05
0.00100139
-6.36045e-05
0.000998627
-6.30528e-05
0.000995884
-6.23632e-05
0.000993152
-6.15609e-05
0.000990435
-6.06697e-05
0.000987739
-5.97129e-05
0.000985074
-5.8712e-05
0.000982454
-5.76862e-05
0.00097989
-5.66436e-05
0.00097739
-5.55912e-05
0.000974967
-5.45408e-05
0.000972633
-5.35017e-05
0.000970401
-5.24761e-05
0.000968269
-5.14536e-05
0.000966228
-5.04225e-05
0.000964255
-4.9367e-05
0.000962338
-4.82989e-05
0.000960481
-4.72437e-05
0.000958674
-4.61848e-05
0.000956906
-4.51161e-05
0.000955163
-4.40327e-05
0.000953429
-4.29334e-05
0.000951685
-4.18187e-05
0.000949915
-4.0688e-05
0.000948111
-3.95477e-05
0.000946272
-3.84012e-05
0.000944396
-3.72488e-05
0.000942477
-3.609e-05
0.000940509
-3.49247e-05
0.000938487
-3.37544e-05
0.000936404
-3.25812e-05
0.000934256
-3.14073e-05
0.00093204
-3.02346e-05
0.000929753
-2.90647e-05
0.000927395
-2.78987e-05
0.000924966
-2.67376e-05
0.000922467
-2.55822e-05
0.000919901
-2.44332e-05
0.00091727
-2.32911e-05
0.00091458
-2.21564e-05
0.000911833
-2.10299e-05
0.000909034
-1.99125e-05
0.00090619
-1.88056e-05
0.000903305
-1.77105e-05
0.000900386
-1.66287e-05
0.000897438
-1.55618e-05
0.000894469
-1.45112e-05
0.000891484
-1.34787e-05
0.000888489
-1.2467e-05
0.000885492
-1.14784e-05
0.0008825
-1.05157e-05
0.00087952
-9.58113e-06
0.000876562
-8.67735e-06
0.000873634
-7.80675e-06
0.000870745
-6.97116e-06
0.000867902
-6.17286e-06
0.000865117
-5.41332e-06
0.000862398
-4.69278e-06
0.000859756
-4.01209e-06
0.0008572
-3.37109e-06
0.000854741
-2.76957e-06
0.00085239
-2.20574e-06
-1.67727e-06
0.0010912
-1.77167e-05
0.00108871
-2.07124e-05
0.0010864
-2.38068e-05
0.00108412
-2.68312e-05
0.00108177
-2.97458e-05
0.00107933
-3.25668e-05
0.00107681
-3.53073e-05
0.00107425
-3.79693e-05
0.00107165
-4.0544e-05
0.00106902
-4.30159e-05
0.00106637
-4.53705e-05
0.00106368
-4.75869e-05
0.00106097
-4.96602e-05
0.00105824
-5.15874e-05
0.00105548
-5.3362e-05
0.00105271
-5.49759e-05
0.00104993
-5.642e-05
0.00104713
-5.76848e-05
0.0010443
-5.8761e-05
0.00104144
-5.96399e-05
0.00103851
-6.03125e-05
0.00103551
-6.07721e-05
0.00103241
-6.1014e-05
0.00102918
-6.10372e-05
0.0010258
-6.08425e-05
0.00102224
-6.04365e-05
0.00101846
-5.98293e-05
0.00101444
-5.90298e-05
0.00101013
-5.80525e-05
0.00100555
-5.69852e-05
0.00100073
-5.58438e-05
0.000995669
-5.46528e-05
0.000990395
-5.34384e-05
0.000984935
-5.22261e-05
0.000979321
-5.10299e-05
0.000973598
-4.98683e-05
0.000967805
-4.8747e-05
0.000961978
-4.76746e-05
0.000956182
-4.66811e-05
0.000950401
-4.5672e-05
0.000944621
-4.46423e-05
0.000938859
-4.36055e-05
0.00093312
-4.25603e-05
0.00092738
-4.15035e-05
0.00092163
-4.0434e-05
0.000915863
-3.93499e-05
0.000910084
-3.82533e-05
0.000904289
-3.71389e-05
0.000898437
-3.5966e-05
0.000892459
-3.47105e-05
0.000886394
-3.34831e-05
0.000880262
-3.2269e-05
0.000874072
-3.10585e-05
0.000867832
-2.98501e-05
0.000861552
-2.86447e-05
0.000855241
-2.74438e-05
0.000848909
-2.62494e-05
0.000842566
-2.50638e-05
0.00083622
-2.38892e-05
0.000829883
-2.27277e-05
0.000823565
-2.15807e-05
0.000817278
-2.04498e-05
0.000811031
-1.93357e-05
0.000804838
-1.82396e-05
0.000798708
-1.71617e-05
0.000792654
-1.61021e-05
0.000786686
-1.50616e-05
0.000780815
-1.40413e-05
0.000775051
-1.30422e-05
0.000769406
-1.20654e-05
0.00076389
-1.11125e-05
0.000758515
-1.0187e-05
0.000753294
-9.29041e-06
0.000748228
-8.41261e-06
0.000743323
-7.56137e-06
0.000738584
-6.74e-06
0.000734019
-5.9503e-06
0.000729631
-5.19377e-06
0.000725425
-4.47127e-06
0.000721404
-3.7851e-06
0.000717571
-3.1382e-06
0.00071393
-2.53227e-06
0.000710483
-1.96632e-06
0.000707231
-1.44034e-06
0.000704174
-9.54959e-07
0.000701311
-5.08899e-07
0.000698638
-9.66135e-08
0.00069618
2.5228e-07
5.66364e-07
0.00110387
-1.37779e-05
0.00110031
-1.71562e-05
0.00109687
-2.0366e-05
0.00109339
-2.33498e-05
0.00108982
-2.61719e-05
0.00108614
-2.88881e-05
0.00108235
-3.15204e-05
0.00107844
-3.40596e-05
0.00107438
-3.64863e-05
0.00107015
-3.87862e-05
0.00106574
-4.09527e-05
0.00106113
-4.29827e-05
0.00105635
-4.48742e-05
0.00105138
-4.66225e-05
0.00104624
-4.822e-05
0.00104092
-4.96557e-05
0.00103542
-5.09179e-05
0.00102972
-5.19931e-05
0.00102383
-5.28685e-05
0.00101772
-5.35314e-05
0.00101138
-5.39708e-05
0.00100479
-5.41767e-05
0.000997913
-5.41412e-05
0.000990734
-5.38576e-05
0.000983212
-5.33208e-05
0.000975309
-5.25332e-05
0.000966987
-5.15074e-05
0.000958236
-5.02786e-05
0.000949074
-4.88911e-05
0.000939496
-4.74069e-05
0.000929529
-4.58767e-05
0.000919229
-4.43526e-05
0.000908647
-4.28571e-05
0.000897712
-4.12906e-05
0.000886458
-3.97763e-05
0.000875044
-3.84534e-05
0.000863541
-3.72443e-05
0.000851993
-3.61269e-05
0.000840392
-3.50801e-05
0.000828798
-3.40784e-05
0.000817253
-3.30966e-05
0.000805761
-3.21136e-05
0.000794317
-3.11162e-05
0.000782906
-3.00932e-05
0.000771514
-2.90413e-05
0.000760122
-2.79585e-05
0.000748743
-2.68734e-05
0.000737452
-2.58486e-05
0.000726183
-2.46971e-05
0.000714969
-2.3496e-05
0.000703766
-2.22799e-05
0.000692562
-2.10653e-05
0.000681365
-1.98612e-05
0.000670189
-1.86741e-05
0.000659054
-1.75102e-05
0.000647987
-1.63762e-05
0.000637016
-1.52786e-05
0.000626175
-1.42231e-05
0.000615499
-1.32134e-05
0.000605023
-1.22517e-05
0.000594781
-1.1338e-05
0.000584803
-1.04723e-05
0.000575121
-9.6531e-06
0.000565758
-8.87694e-06
0.000556736
-8.13975e-06
0.000548073
-7.4388e-06
0.000539783
-6.7719e-06
0.000531879
-6.13704e-06
0.000524369
-5.53217e-06
0.000517259
-4.95524e-06
0.00051055
-4.40403e-06
0.000504239
-3.87631e-06
0.000498319
-3.36995e-06
0.00049279
-2.88354e-06
0.000487645
-2.41628e-06
0.000482872
-1.96771e-06
0.00047846
-1.53794e-06
0.000474394
-1.12796e-06
0.000470661
-7.38378e-07
0.000467245
-3.69159e-07
0.000464124
-1.62787e-08
0.000461306
2.85691e-07
0.000458772
5.66788e-07
0.000456514
8.18296e-07
0.000454519
1.03949e-06
0.000452783
1.22725e-06
0.000451312
1.37505e-06
0.000450081
1.48322e-06
1.55501e-06
0.00103707
-9.37964e-06
0.00103262
-1.27054e-05
0.0010278
-1.5551e-05
0.00102272
-1.82662e-05
0.00101746
-2.09079e-05
0.00101199
-2.34254e-05
0.00100625
-2.57725e-05
0.00100012
-2.79297e-05
0.000993537
-2.99072e-05
0.000986487
-3.17368e-05
0.000978979
-3.34444e-05
0.000971035
-3.50383e-05
0.000962675
-3.65141e-05
0.000953914
-3.78617e-05
0.000944762
-3.90676e-05
0.000935223
-4.01167e-05
0.000925299
-4.09947e-05
0.000914994
-4.1688e-05
0.000904308
-4.21821e-05
0.000893236
-4.246e-05
0.00088177
-4.2504e-05
0.000869887
-4.2294e-05
0.000857558
-4.18126e-05
0.000844743
-4.10425e-05
0.000831401
-3.99787e-05
0.000817495
-3.86268e-05
0.000803008
-3.70206e-05
0.000787937
-3.52082e-05
0.000772303
-3.32567e-05
0.000756131
-3.12347e-05
0.000739469
-2.92151e-05
0.000722439
-2.73222e-05
0.000705325
-2.57436e-05
0.000688035
-2.39999e-05
0.000670616
-2.23578e-05
0.000653042
-2.0879e-05
0.000635367
-1.95699e-05
0.000617651
-1.84102e-05
0.000599937
-1.73661e-05
0.000582259
-1.64012e-05
0.000564647
-1.54845e-05
0.000547127
-1.45931e-05
0.000529726
-1.37155e-05
0.000512478
-1.28454e-05
0.000495418
-1.19812e-05
0.000478589
-1.1129e-05
0.000461987
-1.02713e-05
0.000445485
-9.3466e-06
0.000429319
-8.53202e-06
0.000413551
-7.72708e-06
0.000398218
-6.94766e-06
0.000383368
-6.21497e-06
0.000369042
-5.53503e-06
0.000355272
-4.90431e-06
0.000342081
-4.31947e-06
0.000329486
-3.78105e-06
0.0003175
-3.29251e-06
0.000306135
-2.85807e-06
0.000295402
-2.48075e-06
0.000285312
-2.16132e-06
0.000275872
-1.8977e-06
0.000267085
-1.68607e-06
0.000258955
-1.52306e-06
0.0002515
-1.42152e-06
0.000244686
-1.3254e-06
0.000238489
-1.24215e-06
0.000232885
-1.16819e-06
0.000227847
-1.09862e-06
0.000223344
-1.02953e-06
0.000219347
-9.57737e-07
0.000215823
-8.80732e-07
0.000212744
-7.96783e-07
0.000210079
-7.05127e-07
0.000207801
-6.05894e-07
0.000205885
-4.99567e-07
0.000204304
-3.86884e-07
0.000203035
-2.69392e-07
0.000202057
-1.49324e-07
0.000201345
-2.65055e-08
0.000200899
7.6486e-08
0.000200708
1.75031e-07
0.000200727
2.66099e-07
0.000200952
3.42522e-07
0.00020137
3.9983e-07
0.000201974
4.35106e-07
0.000202756
4.45419e-07
0.000203703
4.28358e-07
0.000204804
3.82308e-07
3.0781e-07
0.000888156
-1.69245e-06
0.000880518
-5.06755e-06
0.00087258
-7.61288e-06
0.000864417
-1.0103e-05
0.000855915
-1.24061e-05
0.000846845
-1.43549e-05
0.000837018
-1.59462e-05
0.000826349
-1.72605e-05
0.000814837
-1.83953e-05
0.000802512
-1.9411e-05
0.000789394
-2.03271e-05
0.000775503
-2.1147e-05
0.000760859
-2.18698e-05
0.00074549
-2.24936e-05
0.000729436
-2.30136e-05
0.000712742
-2.34228e-05
0.000695459
-2.37117e-05
0.00067764
-2.3869e-05
0.00065934
-2.38811e-05
0.000640612
-2.37323e-05
0.000621511
-2.3403e-05
0.000602085
-2.28677e-05
0.000582361
-2.20888e-05
0.000562318
-2.09998e-05
0.000541863
-1.95236e-05
0.000520862
-1.76258e-05
0.000499215
-1.53734e-05
0.000476903
-1.2896e-05
0.000453989
-1.03429e-05
0.000430578
-7.82371e-06
0.000406715
-5.35291e-06
0.000382568
-3.1749e-06
0.000358159
-1.33455e-06
0.000333996
1.63249e-07
0.00031013
1.50846e-06
0.000286787
2.46387e-06
0.000264139
3.07774e-06
0.000242353
3.37638e-06
0.00022159
3.39657e-06
0.000202006
3.18321e-06
0.000183733
2.7878e-06
0.000166877
2.26318e-06
0.000151504
1.65773e-06
0.000137642
1.01591e-06
0.000125282
3.79128e-07
0.000114356
-2.0345e-07
0.000104846
-7.60911e-07
9.67132e-05
-1.21374e-06
8.97064e-05
-1.52524e-06
8.36711e-05
-1.69178e-06
7.84645e-05
-1.74107e-06
7.39557e-05
-1.70613e-06
7.00302e-05
-1.6096e-06
6.65921e-05
-1.46614e-06
6.35618e-05
-1.2892e-06
6.08744e-05
-1.09362e-06
5.84765e-05
-8.94633e-07
5.63243e-05
-7.05903e-07
5.43817e-05
-5.38126e-07
5.26186e-05
-3.98187e-07
5.101e-05
-2.89172e-07
4.95349e-05
-2.10892e-07
4.81731e-05
-1.61325e-07
4.68894e-05
-1.37803e-07
4.56986e-05
-1.34558e-07
4.45989e-05
-1.42441e-07
4.35829e-05
-1.52228e-07
4.2654e-05
-1.69703e-07
4.18113e-05
-1.86812e-07
4.10548e-05
-2.01304e-07
4.03858e-05
-2.11719e-07
3.98062e-05
-2.17217e-07
3.93187e-05
-2.17541e-07
3.89256e-05
-2.12875e-07
3.86297e-05
-2.03638e-07
3.84333e-05
-1.90425e-07
3.8338e-05
-1.74099e-07
3.83446e-05
-1.55913e-07
3.84555e-05
-1.37469e-07
3.86524e-05
-1.20394e-07
3.89345e-05
-1.07098e-07
3.93007e-05
-1.00055e-07
3.9744e-05
-1.00801e-07
4.0255e-05
-1.11183e-07
4.08231e-05
-1.32954e-07
4.14362e-05
-1.67656e-07
4.2081e-05
-2.16453e-07
4.27431e-05
-2.79861e-07
-3.57712e-07
0.000504558
0.000499491
0.000491878
0.000481775
0.000469369
0.000455014
0.000439067
0.000421807
0.000403412
0.000384001
0.000363674
0.000342527
0.000320657
0.000298163
0.00027515
0.000251727
0.000228015
0.000204146
0.000180265
0.000156533
0.00013313
0.000110262
8.81732e-05
6.71734e-05
4.76498e-05
3.00241e-05
1.46506e-05
1.75469e-06
-8.58818e-06
-1.64119e-05
-2.17648e-05
-2.49397e-05
-2.62743e-05
-2.6111e-05
-2.46025e-05
-2.21387e-05
-1.90609e-05
-1.56845e-05
-1.2288e-05
-9.10477e-06
-6.31697e-06
-4.05378e-06
-2.39606e-06
-1.38014e-06
-1.00101e-06
-1.20446e-06
-1.96537e-06
-3.17912e-06
-4.70436e-06
-6.39615e-06
-8.13722e-06
-9.84335e-06
-1.14529e-05
-1.29191e-05
-1.42083e-05
-1.53019e-05
-1.61966e-05
-1.69025e-05
-1.74406e-05
-1.78388e-05
-1.81279e-05
-1.83388e-05
-1.85002e-05
-1.8638e-05
-1.87725e-05
-1.8915e-05
-1.90672e-05
-1.92369e-05
-1.94237e-05
-1.9625e-05
-1.98367e-05
-2.00539e-05
-2.02715e-05
-2.04844e-05
-2.0688e-05
-2.08784e-05
-2.10525e-05
-2.12084e-05
-2.13459e-05
-2.14663e-05
-2.15734e-05
-2.16735e-05
-2.17743e-05
-2.18854e-05
-2.20184e-05
-2.2186e-05
-2.24025e-05
-2.26824e-05
)
;

boundaryField
{
    inlet
    {
        type            calculated;
        value           nonuniform List<scalar> 0();
    }
    outlet
    {
        type            calculated;
        value           nonuniform List<scalar> 0();
    }
    wall
    {
        type            calculated;
        value           uniform 0;
    }
    obstacle
    {
        type            calculated;
        value           nonuniform List<scalar> 0();
    }
    frontAndBack
    {
        type            empty;
        value           nonuniform List<scalar> 0();
    }
    procBoundary2to1
    {
        type            processor;
        value           nonuniform List<scalar> 
30
(
-0.000509284
-0.000894914
-0.00103715
-0.00110052
-0.00108524
-0.00109294
-0.00116896
-0.00118076
-0.00104176
-0.000793683
-0.000514169
-0.000240453
3.0093e-05
0.000292074
0.000477071
0.000461101
0.00025388
-1.13594e-05
-0.000278156
-0.000548435
-0.000823315
-0.00106565
-0.00119858
-0.00118146
-0.00110213
-0.00109392
-0.00110781
-0.00104147
-0.000895843
-0.000506251
)
;
    }
    procBoundary2to3
    {
        type            processor;
        value           nonuniform List<scalar> 
31
(
-1.8262e-05
4.87399e-05
0.000210299
0.000451834
0.000697541
0.000847981
0.000907729
0.000934463
0.000974382
0.00101365
0.00100664
0.000927355
0.000780635
0.000603297
0.000490329
-1.7542e-06
0.00051899
0.00067397
0.000845663
0.000970957
0.00103203
0.00102618
0.000981328
0.000941716
0.000914689
0.000850156
0.000693937
0.000449092
0.000206051
4.34087e-05
-2.30401e-05
)
;
    }
}


// ************************************************************************* //
