/*--------------------------------*- C++ -*----------------------------------*\
| =========                 |                                                 |
| \\      /  F ield         | OpenFOAM: The Open Source CFD Toolbox           |
|  \\    /   O peration     | Version:  2312                                  |
|   \\  /    A nd           | Website:  www.openfoam.com                      |
|    \\/     M anipulation  |                                                 |
\*---------------------------------------------------------------------------*/
FoamFile
{
    version     2.0;
    format      ascii;
    arch        "LSB;label=32;scalar=64";
    class       surfaceScalarField;
    location    "126000";
    object      phi;
}
// * * * * * * * * * * * * * * * * * * * * * * * * * * * * * * * * * * * * * //

dimensions      [0 3 -1 0 0 0 0];

oriented        oriented;

internalField   nonuniform List<scalar> 
5309
(
0.000664974
1.69266e-06
0.00066107
3.90358e-06
0.000655748
5.32279e-06
0.000649509
6.23908e-06
0.00064263
6.87855e-06
0.000635254
7.37588e-06
0.000627473
7.78155e-06
0.000619364
8.1086e-06
0.000611001
8.36305e-06
0.000602447
8.55387e-06
0.000593754
8.69335e-06
0.00058496
8.79381e-06
0.000576095
8.86485e-06
0.000567182
8.9128e-06
0.000558241
8.94147e-06
0.000549287
8.95331e-06
0.000540337
8.95014e-06
0.000531404
8.93355e-06
0.000522499
8.90482e-06
0.000513634
8.86506e-06
0.000504819
8.81506e-06
0.000496063
8.75542e-06
0.000487377
8.68654e-06
0.000478768
8.60875e-06
0.000470246
8.52223e-06
0.000461819
8.42714e-06
0.000453495
8.3236e-06
0.000445284
8.21161e-06
0.000437192
8.09131e-06
0.00042923
7.96256e-06
0.000421404
7.82558e-06
0.000413724
7.68003e-06
0.000406198
7.52642e-06
0.000398834
7.36399e-06
0.00039164
7.19383e-06
0.000384625
7.01445e-06
0.000377797
6.82801e-06
0.000371166
6.63158e-06
0.000364736
6.42939e-06
0.000358521
6.21578e-06
0.000352522
5.99874e-06
0.000346754
5.76759e-06
0.000341217
5.53719e-06
0.00033593
5.28751e-06
0.000330884
5.04605e-06
0.000326108
4.77555e-06
0.000321581
4.52662e-06
0.000317351
4.23014e-06
0.000313372
3.97948e-06
0.000309726
3.64561e-06
0.000306323
3.40349e-06
0.000303317
3.00583e-06
0.000300522
2.79504e-06
0.000298256
2.26576e-06
0.000296111
2.14536e-06
0.000294839
1.27199e-06
0.000293334
1.50446e-06
0.000293515
-1.80508e-07
0.000292327
1.18783e-06
-3.18034e-06
0.000295507
0.000667556
8.03651e-07
0.000669119
2.34002e-06
0.000670851
3.59105e-06
0.00067252
4.57052e-06
0.000674045
5.35282e-06
0.000675414
6.00674e-06
0.000676622
6.57391e-06
0.000677658
7.07273e-06
0.000678511
7.51026e-06
0.000679174
7.89092e-06
0.000679647
8.22033e-06
0.000679935
8.50541e-06
0.000680047
8.75317e-06
0.00067999
8.96945e-06
0.000679773
9.15859e-06
0.000679403
9.3235e-06
0.000678887
9.46632e-06
0.000678232
9.58861e-06
0.000677445
9.69183e-06
0.000676533
9.77703e-06
0.000675502
9.84532e-06
0.00067436
9.89726e-06
0.000673113
9.93367e-06
0.000671767
9.9546e-06
0.000670329
9.96081e-06
0.000668804
9.95187e-06
0.000667199
9.92869e-06
0.00066552
9.89032e-06
0.000663774
9.83806e-06
0.000661966
9.77021e-06
0.000660103
9.68888e-06
0.000658192
9.5912e-06
0.000656237
9.48066e-06
0.000654249
9.35255e-06
0.00065223
9.21272e-06
0.000650191
9.05339e-06
0.000648135
8.88438e-06
0.000646073
8.69284e-06
0.000644007
8.49515e-06
0.000641953
8.27008e-06
0.000639907
8.04486e-06
0.00063789
7.78435e-06
0.000635894
7.53374e-06
0.000633946
7.23484e-06
0.00063203
6.96253e-06
0.000630185
6.62043e-06
0.000628379
6.33256e-06
0.00062667
5.93932e-06
0.000625003
5.64594e-06
0.000623461
5.18857e-06
0.000621958
4.90615e-06
0.0006206
4.36389e-06
0.000619276
4.11909e-06
0.000618081
3.46071e-06
0.000616931
3.29503e-06
0.000615723
2.48009e-06
0.000614777
2.45003e-06
0.000613138
1.45931e-06
0.000612708
1.61719e-06
5.18785e-07
0.000609009
0.000666951
5.19713e-07
0.000667817
1.47337e-06
0.000669056
2.35268e-06
0.000670478
3.14774e-06
0.000671977
3.85439e-06
0.000673503
4.48026e-06
0.00067504
5.03757e-06
0.000676575
5.53744e-06
0.000678098
5.98767e-06
0.000679595
6.39315e-06
0.000681058
6.75743e-06
0.00068248
7.08376e-06
0.000683857
7.37566e-06
0.00068519
7.6366e-06
0.000686479
7.86986e-06
0.000687724
8.07804e-06
0.000688927
8.26338e-06
0.000690089
8.42742e-06
0.000691209
8.57165e-06
0.000692289
8.69696e-06
0.00069333
8.80451e-06
0.000694332
8.89472e-06
0.000695297
8.96859e-06
0.000696226
9.02604e-06
0.000697119
9.06803e-06
0.000697976
9.09397e-06
0.0006988
9.10497e-06
0.000699591
9.09982e-06
0.000700349
9.08007e-06
0.000701075
9.0437e-06
0.000701771
8.993e-06
0.000702437
8.92485e-06
0.000703075
8.84276e-06
0.000703686
8.74196e-06
0.000704271
8.62788e-06
0.000704831
8.49337e-06
0.000705368
8.34671e-06
0.000705884
8.17725e-06
0.000706382
7.99753e-06
0.00070686
7.79177e-06
0.000707326
7.57872e-06
0.000707775
7.33523e-06
0.00070822
7.08892e-06
0.000708649
6.80626e-06
0.000709084
6.52721e-06
0.0007095
6.20402e-06
0.00070994
5.89336e-06
0.00071035
5.52864e-06
0.000710808
5.18812e-06
0.000711215
4.78177e-06
0.000711707
4.41352e-06
0.000712104
3.9675e-06
0.000712649
3.57369e-06
0.000713015
3.09508e-06
0.000713632
2.67752e-06
0.000713926
2.18616e-06
0.000714631
1.7456e-06
0.000714799
1.29097e-06
0.000715599
8.17598e-07
5.00599e-07
0.000715617
0.000666854
3.32839e-07
0.000667307
1.01943e-06
0.000667969
1.69077e-06
0.000668791
2.32611e-06
0.000669729
2.91625e-06
0.000670751
3.45828e-06
0.000671835
3.95374e-06
0.000672966
4.4063e-06
0.000674134
4.81984e-06
0.00067533
5.1976e-06
0.000676545
5.54207e-06
0.000677773
5.85531e-06
0.00067901
6.1393e-06
0.00068025
6.39599e-06
0.000681493
6.62741e-06
0.000682735
6.83538e-06
0.000683977
7.02158e-06
0.000685217
7.18732e-06
0.000686455
7.33382e-06
0.00068769
7.46191e-06
0.000688922
7.57248e-06
0.000690151
7.66605e-06
0.000691376
7.74329e-06
0.000692598
7.80445e-06
0.000693816
7.85003e-06
0.00069503
7.88003e-06
0.00069624
7.89485e-06
0.000697445
7.89424e-06
0.000698647
7.87854e-06
0.000699843
7.84733e-06
0.000701035
7.8009e-06
0.000702222
7.7387e-06
0.000703403
7.66094e-06
0.000704578
7.56708e-06
0.000705749
7.4571e-06
0.000706912
7.33072e-06
0.000708071
7.18741e-06
0.000709221
7.02757e-06
0.000710369
6.84961e-06
0.000711505
6.65542e-06
0.000712642
6.44129e-06
0.000713765
6.21207e-06
0.000714894
5.95997e-06
0.000716005
5.69546e-06
0.000717129
5.40317e-06
0.000718229
5.10388e-06
0.000719354
4.7686e-06
0.000720446
4.43642e-06
0.00072158
4.05457e-06
0.000722668
3.69406e-06
0.00072382
3.2612e-06
0.000724906
2.88162e-06
0.000726087
2.39204e-06
0.000727173
2.00999e-06
0.000728395
1.4553e-06
0.000729483
1.09825e-06
0.000730762
4.66443e-07
0.000731873
1.79637e-07
0.000733282
-5.91014e-07
-7.61519e-07
0.000734544
0.000666738
2.61286e-07
0.000666969
7.88905e-07
0.000667354
1.30576e-06
0.000667875
1.80479e-06
0.000668511
2.28009e-06
0.000669241
2.72806e-06
0.000670048
3.14725e-06
0.000670917
3.53772e-06
0.000671836
3.90035e-06
0.000672797
4.23626e-06
0.000673793
4.54651e-06
0.000674816
4.8321e-06
0.000675861
5.09395e-06
0.000676924
5.33304e-06
0.000678001
5.55037e-06
0.00067909
5.747e-06
0.000680188
5.92389e-06
0.000681293
6.08195e-06
0.000682405
6.22196e-06
0.000683522
6.34463e-06
0.000684644
6.45048e-06
0.00068577
6.54007e-06
0.0006869
6.6137e-06
0.000688032
6.67184e-06
0.000689168
6.71456e-06
0.000690305
6.74227e-06
0.000691445
6.7548e-06
0.000692587
6.7526e-06
0.000693731
6.73515e-06
0.000694875
6.70308e-06
0.00069602
6.6554e-06
0.000697166
6.59316e-06
0.000698312
6.51464e-06
0.000699458
6.42165e-06
0.000700603
6.31132e-06
0.000701747
6.18679e-06
0.000702891
6.04338e-06
0.000704032
5.88644e-06
0.000705174
5.70834e-06
0.000706311
5.51812e-06
0.000707449
5.30338e-06
0.000708582
5.07917e-06
0.000709716
4.82545e-06
0.000710845
4.56698e-06
0.000711977
4.27142e-06
0.000713101
3.97919e-06
0.000714232
3.63817e-06
0.000715354
3.31373e-06
0.000716487
2.92206e-06
0.000717613
2.56813e-06
0.000718756
2.11768e-06
0.000719899
1.73881e-06
0.000721074
1.21725e-06
0.000722262
8.21557e-07
0.00072351
2.07956e-07
0.000724788
-1.80389e-07
0.000726128
-8.7351e-07
0.00072754
-1.23202e-06
0.000729032
-2.08284e-06
-2.39459e-06
0.000730665
0.000666724
2.04294e-07
0.000666898
6.14688e-07
0.000667181
1.0224e-06
0.000667565
1.42086e-06
0.000668039
1.80636e-06
0.000668591
2.17596e-06
0.000669211
2.52757e-06
0.000669888
2.85999e-06
0.000670616
3.17261e-06
0.000671387
3.46532e-06
0.000672195
3.73817e-06
0.000673036
3.99144e-06
0.000673905
4.22547e-06
0.000674797
4.4407e-06
0.00067571
4.63757e-06
0.00067664
4.81663e-06
0.000677586
4.97837e-06
0.000678544
5.12333e-06
0.000679514
5.25195e-06
0.000680494
5.36472e-06
0.000681483
5.46192e-06
0.000682479
5.54399e-06
0.000683481
5.61106e-06
0.00068449
5.66353e-06
0.000685503
5.70133e-06
0.00068652
5.72487e-06
0.000687541
5.73384e-06
0.000688565
5.72875e-06
0.000689591
5.70894e-06
0.000690619
5.67515e-06
0.000691648
5.62623e-06
0.000692678
5.56335e-06
0.000693708
5.48463e-06
0.000694738
5.39198e-06
0.000695767
5.28245e-06
0.000696795
5.15914e-06
0.00069782
5.01742e-06
0.000698845
4.86238e-06
0.000699866
4.68675e-06
0.000700885
4.49877e-06
0.000701902
4.28709e-06
0.000702916
4.06491e-06
0.000703927
3.81451e-06
0.000704937
3.55685e-06
0.000705944
3.26429e-06
0.000706953
2.97e-06
0.000707961
2.63093e-06
0.000708975
2.29956e-06
0.000709988
1.9091e-06
0.000711014
1.54215e-06
0.000712036
1.09504e-06
0.000713078
6.9693e-07
0.000714107
1.88633e-07
0.000715173
-2.44415e-07
0.000716235
-8.54568e-07
0.000717366
-1.31125e-06
0.000718513
-2.01982e-06
0.000719765
-2.48479e-06
0.000721013
-3.33085e-06
-3.78487e-06
0.000722404
0.000666708
1.6279e-07
0.000666833
4.90147e-07
0.000667038
8.16678e-07
0.000667322
1.13779e-06
0.000667677
1.45093e-06
0.000668099
1.75394e-06
0.000668581
2.04511e-06
0.000669118
2.32317e-06
0.000669704
2.58734e-06
0.000670332
2.8373e-06
0.000670998
3.07165e-06
0.000671699
3.2905e-06
0.00067243
3.49397e-06
0.000673189
3.68217e-06
0.000673971
3.85519e-06
0.000674775
4.01325e-06
0.000675597
4.15652e-06
0.000676435
4.28527e-06
0.000677287
4.39969e-06
0.000678152
4.50005e-06
0.000679027
4.58649e-06
0.000679912
4.65925e-06
0.000680804
4.71836e-06
0.000681704
4.76408e-06
0.000682609
4.79628e-06
0.000683519
4.81524e-06
0.000684432
4.82066e-06
0.000685348
4.81289e-06
0.000686265
4.79136e-06
0.000687184
4.75659e-06
0.000688102
4.70765e-06
0.00068902
4.64533e-06
0.000689937
4.56819e-06
0.000690851
4.4775e-06
0.000691763
4.37106e-06
0.000692671
4.25093e-06
0.000693575
4.11373e-06
0.000694474
3.96281e-06
0.000695368
3.79302e-06
0.000696257
3.60975e-06
0.000697139
3.40511e-06
0.000698016
3.18772e-06
0.000698885
2.94549e-06
0.00069975
2.69217e-06
0.000700605
2.40916e-06
0.000701457
2.11814e-06
0.000702298
1.79016e-06
0.000703138
1.45897e-06
0.000703968
1.07924e-06
0.000704806
7.03753e-07
0.00070564
2.61613e-07
0.000706496
-1.59069e-07
0.000707347
-6.62419e-07
0.000708229
-1.12688e-06
0.000709092
-1.71764e-06
0.000710011
-2.23012e-06
0.000710916
-2.92432e-06
0.000711912
-3.4811e-06
0.000712886
-4.30468e-06
-4.89525e-06
0.000713996
0.000666698
1.30962e-07
0.000666795
3.93946e-07
0.000666955
6.56659e-07
0.000667177
9.15871e-07
0.000667458
1.16983e-06
0.000667795
1.41697e-06
0.000668184
1.65598e-06
0.000668621
1.88574e-06
0.000669103
2.10535e-06
0.000669626
2.31409e-06
0.000670187
2.51132e-06
0.000670781
2.69663e-06
0.000671405
2.8698e-06
0.000672056
3.0307e-06
0.000672732
3.17927e-06
0.00067343
3.31547e-06
0.000674147
3.43931e-06
0.000674882
3.55083e-06
0.000675631
3.65007e-06
0.000676394
3.73711e-06
0.000677169
3.81197e-06
0.000677953
3.87475e-06
0.000678746
3.92542e-06
0.000679546
3.96408e-06
0.000680352
3.9906e-06
0.000681162
4.00511e-06
0.000681975
4.00736e-06
0.000682791
3.99749e-06
0.000683607
3.97512e-06
0.000684423
3.94042e-06
0.000685238
3.89282e-06
0.000686051
3.83261e-06
0.00068686
3.7589e-06
0.000687665
3.67221e-06
0.000688465
3.57121e-06
0.000689259
3.45679e-06
0.000690046
3.327e-06
0.000690825
3.18331e-06
0.000691596
3.02283e-06
0.000692357
2.84799e-06
0.000693108
2.65448e-06
0.00069385
2.44624e-06
0.000694578
2.2168e-06
0.000695298
1.97249e-06
0.000696004
1.70353e-06
0.000696702
1.42004e-06
0.000697384
1.10738e-06
0.000698062
7.81786e-07
0.000698719
4.21475e-07
0.000699369
5.37854e-08
0.000700001
-3.70263e-07
0.00070064
-7.98127e-07
0.000701262
-1.28399e-06
0.000701902
-1.76741e-06
0.000702516
-2.33115e-06
0.000703165
-2.8788e-06
0.000703777
-3.53677e-06
0.000704449
-4.15318e-06
0.000705068
-4.92401e-06
-5.60986e-06
0.000705783
0.000666693
1.04972e-07
0.000666771
3.15635e-07
0.000666901
5.26252e-07
0.000667083
7.34458e-07
0.000667314
9.39004e-07
0.000667592
1.13876e-06
0.000667915
1.3327e-06
0.000668281
1.51992e-06
0.000668687
1.69964e-06
0.00066913
1.87121e-06
0.000669607
2.0341e-06
0.000670116
2.18787e-06
0.000670653
2.33217e-06
0.000671217
2.46675e-06
0.000671805
2.59142e-06
0.000672414
2.70604e-06
0.000673043
2.81048e-06
0.000673689
2.90468e-06
0.000674351
2.98856e-06
0.000675026
3.06211e-06
0.000675713
3.12526e-06
0.000676409
3.17799e-06
0.000677114
3.22026e-06
0.000677827
3.25202e-06
0.000678544
3.27319e-06
0.000679265
3.28373e-06
0.000679989
3.28348e-06
0.000680714
3.2724e-06
0.000681439
3.25025e-06
0.000682163
3.21696e-06
0.000682883
3.17222e-06
0.0006836
3.11594e-06
0.000684311
3.04767e-06
0.000685016
2.96735e-06
0.000685713
2.87435e-06
0.000686401
2.76864e-06
0.000687079
2.64939e-06
0.000687745
2.51664e-06
0.000688399
2.36923e-06
0.00068904
2.20738e-06
0.000689664
2.02951e-06
0.000690275
1.83608e-06
0.000690866
1.62494e-06
0.000691442
1.39696e-06
0.000691996
1.14919e-06
0.000692533
8.83117e-07
0.000693046
5.94615e-07
0.000693542
2.86165e-07
0.000694011
-4.80444e-08
0.000694474
-4.08736e-07
0.000694903
-7.9939e-07
0.00069532
-1.21515e-06
0.000695703
-1.66727e-06
0.000696082
-2.14674e-06
0.000696421
-2.67008e-06
0.000696766
-3.22379e-06
0.000697061
-3.83145e-06
0.00069738
-4.4717e-06
0.000697634
-5.17836e-06
-5.91677e-06
0.000697941
0.000666689
8.30592e-08
0.000666755
2.49693e-07
0.000666864
4.16383e-07
0.000667017
5.81363e-07
0.000667213
7.43726e-07
0.000667449
9.02639e-07
0.000667724
1.05733e-06
0.000668037
1.2071e-06
0.000668385
1.35133e-06
0.000668767
1.48947e-06
0.00066918
1.62105e-06
0.000669622
1.74568e-06
0.000670092
1.86301e-06
0.000670586
1.97274e-06
0.000671102
2.07464e-06
0.00067164
2.16852e-06
0.000672196
2.25422e-06
0.000672769
2.33159e-06
0.000673357
2.40054e-06
0.000673958
2.46095e-06
0.000674571
2.51274e-06
0.000675193
2.55582e-06
0.000675823
2.59012e-06
0.00067646
2.61553e-06
0.000677101
2.63198e-06
0.000677745
2.63934e-06
0.000678391
2.63751e-06
0.000679037
2.62633e-06
0.000679682
2.60567e-06
0.000680324
2.5753e-06
0.000680961
2.53509e-06
0.000681592
2.48472e-06
0.000682216
2.42404e-06
0.00068283
2.3526e-06
0.000683434
2.27028e-06
0.000684027
2.17644e-06
0.000684605
2.07102e-06
0.000685168
1.95312e-06
0.000685715
1.8228e-06
0.000686243
1.67876e-06
0.000686752
1.52136e-06
0.000687239
1.34865e-06
0.000687702
1.16152e-06
0.000688142
9.5704e-07
0.000688555
7.37082e-07
0.00068894
4.97195e-07
0.000689294
2.41229e-07
0.000689618
-3.76155e-08
0.00068991
-3.40424e-07
0.000690172
-6.7095e-07
0.000690392
-1.01961e-06
0.000690582
-1.40509e-06
0.000690724
-1.8088e-06
0.000690837
-2.26004e-06
0.000690894
-2.7271e-06
0.000690927
-3.25704e-06
0.000690893
-3.7968e-06
0.000690843
-4.42185e-06
0.000690708
-5.04371e-06
-5.7824e-06
0.000690574
0.000666686
6.40589e-08
0.000666743
1.92555e-07
0.000666838
3.21152e-07
0.000666971
4.48542e-07
0.000667141
5.74066e-07
0.000667346
6.97113e-07
0.000667586
8.17113e-07
0.00066786
9.33541e-07
0.000668165
1.04592e-06
0.000668501
1.1538e-06
0.000668865
1.25682e-06
0.000669256
1.35462e-06
0.000669672
1.44691e-06
0.000670112
1.53342e-06
0.000670572
1.61392e-06
0.000671053
1.68821e-06
0.000671551
1.75613e-06
0.000672065
1.81752e-06
0.000672593
1.87226e-06
0.000673134
1.92022e-06
0.000673685
1.96131e-06
0.000674246
1.99542e-06
0.000674813
2.02245e-06
0.000675387
2.04228e-06
0.000675964
2.05485e-06
0.000676543
2.05999e-06
0.000677123
2.05764e-06
0.000677702
2.04757e-06
0.000678278
2.02975e-06
0.000678849
2.00387e-06
0.000679414
1.96991e-06
0.000679971
1.92744e-06
0.000680519
1.87649e-06
0.000681055
1.81645e-06
0.000681578
1.74747e-06
0.000682086
1.66863e-06
0.000682577
1.58031e-06
0.000683048
1.48114e-06
0.000683499
1.3719e-06
0.000683928
1.25051e-06
0.000684331
1.11842e-06
0.000684707
9.72458e-07
0.000685053
8.15207e-07
0.000685368
6.41783e-07
0.000685649
4.56729e-07
0.000685893
2.52531e-07
0.000686097
3.76545e-08
0.000686265
-2.05963e-07
0.000686385
-4.60634e-07
0.000686461
-7.46191e-07
0.000686483
-1.04149e-06
0.000686455
-1.37782e-06
0.000686366
-1.71989e-06
0.000686224
-2.11774e-06
0.00068601
-2.51315e-06
0.00068574
-2.98643e-06
0.000685385
-3.44193e-06
0.000684972
-4.00886e-06
0.000684458
-4.53005e-06
-5.21296e-06
0.000683889
0.000666684
4.71347e-08
0.000666734
1.41685e-07
0.000666819
2.36351e-07
0.000666938
3.302e-07
0.000667089
4.22765e-07
0.000667272
5.13615e-07
0.000667487
6.02342e-07
0.000667732
6.88566e-07
0.000668006
7.71935e-07
0.000668308
8.52123e-07
0.000668636
9.28839e-07
0.000668989
1.00182e-06
0.000669365
1.07082e-06
0.000669762
1.13562e-06
0.00067018
1.19604e-06
0.000670617
1.25191e-06
0.00067107
1.30308e-06
0.000671538
1.34941e-06
0.000672019
1.3908e-06
0.000672512
1.42711e-06
0.000673015
1.45826e-06
0.000673527
1.48415e-06
0.000674044
1.50469e-06
0.000674567
1.51977e-06
0.000675092
1.52933e-06
0.000675619
1.5332e-06
0.000676146
1.53137e-06
0.00067667
1.5236e-06
0.000677189
1.5099e-06
0.000677703
1.48997e-06
0.000678209
1.46385e-06
0.000678706
1.4311e-06
0.00067919
1.39186e-06
0.000679661
1.34549e-06
0.000680116
1.29228e-06
0.000680554
1.23127e-06
0.000680971
1.16304e-06
0.000681366
1.08614e-06
0.000681736
1.00161e-06
0.00068208
9.07242e-07
0.000682393
8.04859e-07
0.000682675
6.91075e-07
0.000682921
5.69008e-07
0.000683129
4.33402e-07
0.000683296
2.89543e-07
0.00068342
1.2936e-07
0.000683496
-3.89365e-08
0.000683522
-2.31534e-07
0.000683491
-4.30266e-07
0.000683402
-6.57024e-07
0.000683249
-8.87845e-07
0.000683028
-1.15684e-06
0.000682732
-1.42444e-06
0.00068236
-1.74527e-06
0.000681901
-2.05439e-06
0.000681354
-2.43984e-06
0.000680707
-2.79509e-06
0.000679961
-3.26232e-06
0.000679097
-3.66648e-06
-4.23729e-06
0.000678122
0.000666682
3.16402e-08
0.000666729
9.51245e-08
0.000666806
1.58725e-07
0.000666915
2.21831e-07
0.000667053
2.84139e-07
0.000667222
3.45366e-07
0.000667419
4.05246e-07
0.000667644
4.63526e-07
0.000667896
5.19972e-07
0.000668173
5.74365e-07
0.000668476
6.26506e-07
0.000668801
6.76211e-07
0.000669149
7.23314e-07
0.000669517
7.67662e-07
0.000669904
8.0912e-07
0.000670308
8.4756e-07
0.000670728
8.82878e-07
0.000671163
9.14967e-07
0.00067161
9.43748e-07
0.000672068
9.69125e-07
0.000672535
9.91037e-07
0.00067301
1.00939e-06
0.00067349
1.02414e-06
0.000673975
1.03519e-06
0.000674462
1.0425e-06
0.000674949
1.04594e-06
0.000675435
1.04552e-06
0.000675917
1.04104e-06
0.000676395
1.03255e-06
0.000676865
1.01978e-06
0.000677326
1.00282e-06
0.000677776
9.81313e-07
0.000678212
9.55405e-07
0.000678633
9.24592e-07
0.000679036
8.89153e-07
0.000679419
8.4833e-07
0.00067978
8.0264e-07
0.000680115
7.50925e-07
0.000680422
6.94101e-07
0.000680699
6.30382e-07
0.000680943
5.61345e-07
0.00068115
4.84233e-07
0.000681317
4.01717e-07
0.000681441
3.09493e-07
0.000681518
2.12056e-07
0.000681545
1.02733e-07
0.000681517
-1.09631e-08
0.000681429
-1.43246e-07
0.000681277
-2.7834e-07
0.000681054
-4.34539e-07
0.000680758
-5.91711e-07
0.000680379
-7.77932e-07
0.000679915
-9.60201e-07
0.000679353
-1.18368e-06
0.000678693
-1.3942e-06
0.000677918
-1.66469e-06
0.000677029
-1.90626e-06
0.000676004
-2.23706e-06
0.000674848
-2.51081e-06
-2.91925e-06
0.00067353
0.000666681
1.70405e-08
0.000666725
5.12572e-08
0.000666798
8.5581e-08
0.0006669
1.19695e-07
0.000667031
1.5344e-07
0.00066719
1.8667e-07
0.000667376
2.19244e-07
0.000667588
2.51029e-07
0.000667826
2.81902e-07
0.000668089
3.11745e-07
0.000668375
3.40453e-07
0.000668683
3.67926e-07
0.000669013
3.94077e-07
0.000669361
4.18819e-07
0.000669728
4.42081e-07
0.000670112
4.63792e-07
0.000670511
4.83895e-07
0.000670924
5.02331e-07
0.000671349
5.19057e-07
0.000671784
5.34023e-07
0.000672227
5.47195e-07
0.000672678
5.58524e-07
0.000673134
5.67988e-07
0.000673594
5.75532e-07
0.000674056
5.81145e-07
0.000674517
5.84761e-07
0.000674976
5.8638e-07
0.000675431
5.85915e-07
0.00067588
5.83383e-07
0.000676321
5.78661e-07
0.000676752
5.71795e-07
0.000677171
5.62605e-07
0.000677575
5.51183e-07
0.000677963
5.37261e-07
0.000678331
5.2101e-07
0.000678677
5.02023e-07
0.000678999
4.8061e-07
0.000679294
4.56145e-07
0.000679559
4.29167e-07
0.00067979
3.98706e-07
0.000679986
3.65661e-07
0.000680142
3.28502e-07
0.000680255
2.88752e-07
0.00068032
2.43988e-07
0.000680336
1.96756e-07
0.000680295
1.43237e-07
0.000680196
8.76857e-08
0.000680029
2.42001e-08
0.000679792
-4.1745e-08
0.000679477
-1.18916e-07
0.000679081
-1.95639e-07
0.000678591
-2.87871e-07
0.000678007
-3.76958e-07
0.000677312
-4.88246e-07
0.000676509
-5.91152e-07
0.000675571
-7.26707e-07
0.000674509
-8.44708e-07
0.000673284
-1.01174e-06
0.000671918
-1.14509e-06
-1.3531e-06
0.000670352
0.000666681
2.84933e-09
0.000666723
8.64965e-09
0.000666795
1.45279e-08
0.000666894
2.04681e-08
0.000667021
2.64466e-08
0.000667175
3.24421e-08
0.000667356
3.84357e-08
0.000667562
4.4409e-08
0.000667794
5.03447e-08
0.000668049
5.62274e-08
0.000668328
6.20435e-08
0.000668628
6.77805e-08
0.000668949
7.34271e-08
0.000669289
7.89726e-08
0.000669646
8.44074e-08
0.00067002
8.9724e-08
0.000670409
9.49166e-08
0.000670812
9.99817e-08
0.000671226
1.04917e-07
0.00067165
1.09721e-07
0.000672083
1.14396e-07
0.000672522
1.18942e-07
0.000672967
1.23363e-07
0.000673415
1.27664e-07
0.000673864
1.3185e-07
0.000674313
1.3593e-07
0.00067476
1.39911e-07
0.000675202
1.43804e-07
0.000675637
1.4762e-07
0.000676065
1.51373e-07
0.000676481
1.55074e-07
0.000676885
1.58741e-07
0.000677274
1.62386e-07
0.000677645
1.66029e-07
0.000677997
1.69682e-07
0.000678325
1.73364e-07
0.000678629
1.7709e-07
0.000678904
1.80878e-07
0.000679148
1.84753e-07
0.000679358
1.88764e-07
0.000679531
1.92986e-07
0.000679662
1.97498e-07
0.000679749
2.02248e-07
0.000679785
2.07211e-07
0.00067977
2.12448e-07
0.000679695
2.17984e-07
0.000679559
2.23874e-07
0.000679353
2.30053e-07
0.000679075
2.36435e-07
0.000678713
2.43115e-07
0.000678267
2.50324e-07
0.000677721
2.58017e-07
0.000677078
2.66285e-07
0.000676314
2.7502e-07
0.000675439
2.84428e-07
0.000674418
2.94343e-07
0.000673268
3.05067e-07
0.00067194
3.16308e-07
0.000670466
3.28474e-07
3.41109e-07
0.000668772
0.000666681
-1.13612e-08
0.000666724
-3.40695e-08
0.000666795
-5.66893e-08
0.000666894
-7.89831e-08
0.000667022
-1.00835e-07
0.000667176
-1.22137e-07
0.000667357
-1.42787e-07
0.000667564
-1.62688e-07
0.000667797
-1.81751e-07
0.000668053
-1.9989e-07
0.000668332
-2.17027e-07
0.000668633
-2.33087e-07
0.000668954
-2.48005e-07
0.000669295
-2.61716e-07
0.000669653
-2.74167e-07
0.000670028
-2.85303e-07
0.000670418
-2.95078e-07
0.000670822
-3.03441e-07
0.000671237
-3.10352e-07
0.000671662
-3.15763e-07
0.000672097
-3.1964e-07
0.000672537
-3.2193e-07
0.000672983
-3.22603e-07
0.000673433
-3.21598e-07
0.000673883
-3.18889e-07
0.000674334
-3.14396e-07
0.000674782
-3.08101e-07
0.000675225
-2.99898e-07
0.000675663
-2.89781e-07
0.000676092
-2.77602e-07
0.00067651
-2.63379e-07
0.000676916
-2.46902e-07
0.000677306
-2.28233e-07
0.00067768
-2.07069e-07
0.000678033
-1.8355e-07
0.000678363
-1.5723e-07
0.000678669
-1.28388e-07
0.000678946
-9.63687e-08
0.000679193
-6.17015e-08
0.000679405
-2.34627e-08
0.00067958
1.7645e-08
0.000679714
6.38329e-08
0.000679803
1.12911e-07
0.000679843
1.67546e-07
0.00067983
2.2519e-07
0.000679758
2.89757e-07
0.000679625
3.57115e-07
0.000679422
4.334e-07
0.000679146
5.11839e-07
0.000678787
6.02154e-07
0.000678344
6.93194e-07
0.000677802
8.00568e-07
0.000677162
9.05977e-07
0.000676403
1.03447e-06
0.000675531
1.15603e-06
0.000674514
1.31113e-06
0.000673369
1.45044e-06
0.000672046
1.63959e-06
0.000670577
1.79723e-06
2.03011e-06
0.000668888
0.000666681
-2.60558e-08
0.000666726
-7.82157e-08
0.000666799
-1.30296e-07
0.000666902
-1.81766e-07
0.000667033
-2.32367e-07
0.000667193
-2.81853e-07
0.00066738
-3.29997e-07
0.000667594
-3.76582e-07
0.000667834
-4.21406e-07
0.000668098
-4.64283e-07
0.000668386
-5.05041e-07
0.000668697
-5.43518e-07
0.000669028
-5.79573e-07
0.00066938
-6.13071e-07
0.000669749
-6.43898e-07
0.000670136
-6.71941e-07
0.000670538
-6.97106e-07
0.000670954
-7.19294e-07
0.000671382
-7.38429e-07
0.000671821
-7.54418e-07
0.000672268
-7.67199e-07
0.000672723
-7.76675e-07
0.000673183
-7.82794e-07
0.000673647
-7.85445e-07
0.000674113
-7.84585e-07
0.000674578
-7.80073e-07
0.000675042
-7.7188e-07
0.000675502
-7.59819e-07
0.000675956
-7.43882e-07
0.000676402
-7.23808e-07
0.000676839
-6.99634e-07
0.000677263
-6.70987e-07
0.000677672
-6.37981e-07
0.000678065
-6.00075e-07
0.000678439
-5.57522e-07
0.000678792
-5.09521e-07
0.00067912
-4.5656e-07
0.000679421
-3.97439e-07
0.000679692
-3.33036e-07
0.00067993
-2.61527e-07
0.000680132
-1.84459e-07
0.000680295
-9.91841e-08
0.000680417
-8.86965e-09
0.000680491
9.36389e-08
0.000680515
2.0181e-07
0.000680482
3.22694e-07
0.00068039
4.49051e-07
0.000680231
5.91908e-07
0.000680004
7.39181e-07
0.000679698
9.08271e-07
0.000679312
1.07934e-06
0.000678832
1.28022e-06
0.000678259
1.4784e-06
0.000677575
1.71849e-06
0.000676784
1.94719e-06
0.000675859
2.23642e-06
0.000674811
2.49882e-06
0.0006736
2.85065e-06
0.000672249
3.14826e-06
3.58001e-06
0.000670699
0.000666682
-4.16967e-08
0.000666729
-1.2522e-07
0.000666808
-2.08669e-07
0.000666917
-2.9119e-07
0.000667057
-3.72358e-07
0.000667227
-4.5178e-07
0.000667426
-5.29085e-07
0.000667653
-6.03927e-07
0.000667908
-6.75988e-07
0.000668189
-7.44973e-07
0.000668494
-8.10616e-07
0.000668823
-8.72673e-07
0.000669175
-9.3093e-07
0.000669547
-9.85188e-07
0.000669938
-1.03528e-06
0.000670347
-1.08104e-06
0.000670773
-1.12235e-06
0.000671212
-1.15906e-06
0.000671665
-1.19108e-06
0.000672129
-1.21828e-06
0.000672602
-1.24057e-06
0.000673083
-1.25784e-06
0.000673571
-1.27002e-06
0.000674062
-1.27695e-06
0.000674556
-1.27859e-06
0.000675051
-1.27476e-06
0.000675544
-1.26541e-06
0.000676035
-1.25029e-06
0.00067652
-1.2294e-06
0.000676999
-1.2024e-06
0.000677469
-1.16931e-06
0.000677927
-1.12966e-06
0.000678373
-1.08357e-06
0.000678803
-1.03035e-06
0.000679216
-9.70272e-07
0.000679609
-9.02342e-07
0.000679979
-8.27098e-07
0.000680325
-7.43053e-07
0.000680643
-6.51218e-07
0.000680931
-5.49348e-07
0.000681186
-4.39257e-07
0.000681404
-3.17515e-07
0.000681583
-1.87294e-07
0.00068172
-4.37147e-08
0.000681811
1.10489e-07
0.000681851
2.82692e-07
0.000681837
4.63321e-07
0.000681763
6.65913e-07
0.000681626
8.76144e-07
0.000681419
1.11519e-06
0.000681139
1.35936e-06
0.000680777
1.64226e-06
0.00068033
1.92506e-06
0.000679787
2.2615e-06
0.000679146
2.58805e-06
0.000678392
2.99094e-06
0.000677524
3.36626e-06
0.000676522
3.85277e-06
0.00067539
4.28013e-06
4.87183e-06
0.000674099
0.000666684
-5.88227e-08
0.000666735
-1.76704e-07
0.000666821
-2.94502e-07
0.000666941
-4.10989e-07
0.000667094
-5.25545e-07
0.00066728
-6.37596e-07
0.000667497
-7.46609e-07
0.000667746
-8.52089e-07
0.000668023
-9.5359e-07
0.000668329
-1.05071e-06
0.000668661
-1.14308e-06
0.000669019
-1.23039e-06
0.000669401
-1.31236e-06
0.000669804
-1.38873e-06
0.000670228
-1.45931e-06
0.000670671
-1.52391e-06
0.000671131
-1.58236e-06
0.000671606
-1.63452e-06
0.000672096
-1.68029e-06
0.000672597
-1.71951e-06
0.000673108
-1.75212e-06
0.000673629
-1.77797e-06
0.000674156
-1.79699e-06
0.000674688
-1.80904e-06
0.000675223
-1.81404e-06
0.00067576
-1.81181e-06
0.000676297
-1.80228e-06
0.000676832
-1.7852e-06
0.000677363
-1.76052e-06
0.000677889
-1.7279e-06
0.000678406
-1.6873e-06
0.000678915
-1.63826e-06
0.000679412
-1.58079e-06
0.000679896
-1.51424e-06
0.000680365
-1.43874e-06
0.000680816
-1.35332e-06
0.000681247
-1.25835e-06
0.000681656
-1.15241e-06
0.000682041
-1.03625e-06
0.0006824
-9.07741e-07
0.000682729
-7.68335e-07
0.000683026
-6.14804e-07
0.000683289
-4.49761e-07
0.000683513
-2.68338e-07
0.000683699
-7.54447e-08
0.000683842
1.39436e-07
0.000683938
3.67995e-07
0.000683982
6.21095e-07
0.000683972
8.86391e-07
0.000683904
1.18328e-06
0.000683772
1.49102e-06
0.000683575
1.8402e-06
0.000683303
2.19657e-06
0.000682956
2.60871e-06
0.000682523
3.02054e-06
0.000682005
3.50956e-06
0.000681387
3.98415e-06
0.000680671
4.56809e-06
0.00067984
5.11165e-06
5.81229e-06
0.0006789
0.000666686
-7.80788e-08
0.000666744
-2.34617e-07
0.00066684
-3.91039e-07
0.000666975
-5.45654e-07
0.000667147
-6.97593e-07
0.000667356
-8.46056e-07
0.000667599
-9.90306e-07
0.000667877
-1.12968e-06
0.000668187
-1.26358e-06
0.000668528
-1.3915e-06
0.000668898
-1.51298e-06
0.000669295
-1.62766e-06
0.000669718
-1.73519e-06
0.000670164
-1.83532e-06
0.000670633
-1.92783e-06
0.000671121
-2.01252e-06
0.000671628
-2.08926e-06
0.000672152
-2.1579e-06
0.00067269
-2.21835e-06
0.000673241
-2.2705e-06
0.000673803
-2.31427e-06
0.000674374
-2.34956e-06
0.000674954
-2.3763e-06
0.000675539
-2.39437e-06
0.000676129
-2.40369e-06
0.000676721
-2.40411e-06
0.000677314
-2.39553e-06
0.000677907
-2.37775e-06
0.000678497
-2.35064e-06
0.000679083
-2.31395e-06
0.000679663
-2.26752e-06
0.000680236
-2.211e-06
0.000680799
-2.14422e-06
0.000681352
-2.06669e-06
0.000681891
-1.97829e-06
0.000682416
-1.87831e-06
0.000682925
-1.76669e-06
0.000683415
-1.64246e-06
0.000683884
-1.5057e-06
0.000684331
-1.35502e-06
0.000684754
-1.19079e-06
0.00068515
-1.01099e-06
0.000685517
-8.16531e-07
0.000685853
-6.04471e-07
0.000686154
-3.76765e-07
0.000686423
-1.29423e-07
0.000686654
1.36835e-07
0.000686845
4.2997e-07
0.000686991
7.41019e-07
0.000687093
1.08162e-06
0.000687142
1.44181e-06
0.000687143
1.83893e-06
0.000687084
2.25587e-06
0.000686973
2.71981e-06
0.000686791
3.20217e-06
0.000686555
3.74581e-06
0.000686235
4.30356e-06
0.00068586
4.94294e-06
0.000685386
5.58623e-06
6.33899e-06
0.000684859
0.000666689
-1.00299e-07
0.000666756
-3.01491e-07
0.000666867
-5.02477e-07
0.000667023
-7.00961e-07
0.000667221
-8.95733e-07
0.00066746
-1.08569e-06
0.00066774
-1.26985e-06
0.000668057
-1.44732e-06
0.000668411
-1.61738e-06
0.000668799
-1.77937e-06
0.000669219
-1.93281e-06
0.000669669
-2.07727e-06
0.000670146
-2.21242e-06
0.000670649
-2.33803e-06
0.000671175
-2.45392e-06
0.000671722
-2.55996e-06
0.000672289
-2.65605e-06
0.000672873
-2.7421e-06
0.000673473
-2.81808e-06
0.000674086
-2.88393e-06
0.000674712
-2.93961e-06
0.000675347
-2.98511e-06
0.000675991
-3.02034e-06
0.000676642
-3.04529e-06
0.000677298
-3.05985e-06
0.000677958
-3.06396e-06
0.00067862
-3.05746e-06
0.000679283
-3.04028e-06
0.000679944
-3.01218e-06
0.000680603
-2.97307e-06
0.000681258
-2.9226e-06
0.000681908
-2.86066e-06
0.00068255
-2.78679e-06
0.000683185
-2.70089e-06
0.000683809
-2.60231e-06
0.000684421
-2.49099e-06
0.000685021
-2.36606e-06
0.000685606
-2.22753e-06
0.000686174
-2.07425e-06
0.000686726
-1.90634e-06
0.000687257
-1.72225e-06
0.000687769
-1.52236e-06
0.000688257
-1.30454e-06
0.000688722
-1.06958e-06
0.000689159
-8.1449e-07
0.000689571
-5.40772e-07
0.000689952
-2.44269e-07
0.000690309
7.24439e-08
0.000690631
4.19571e-07
0.000690924
7.88729e-07
0.000691176
1.18981e-06
0.000691399
1.61555e-06
0.000691575
2.07955e-06
0.000691725
2.56994e-06
0.00069182
3.10744e-06
0.000691893
3.6727e-06
0.000691899
4.29718e-06
0.000691894
4.94881e-06
0.000691804
5.67588e-06
6.42439e-06
0.000691719
0.000666693
-1.26646e-07
0.000666772
-3.80882e-07
0.000666905
-6.34698e-07
0.000667089
-8.84932e-07
0.000667323
-1.12986e-06
0.000667605
-1.36797e-06
0.000667933
-1.59795e-06
0.000668305
-1.81872e-06
0.000668717
-2.02942e-06
0.000669167
-2.22934e-06
0.000669652
-2.41787e-06
0.000670169
-2.59461e-06
0.000670716
-2.75935e-06
0.00067129
-2.912e-06
0.000671888
-3.05249e-06
0.000672509
-3.18082e-06
0.00067315
-3.29699e-06
0.000673809
-3.40104e-06
0.000674484
-3.49302e-06
0.000675173
-3.57302e-06
0.000675875
-3.64105e-06
0.000676587
-3.69722e-06
0.000677308
-3.74147e-06
0.000678036
-3.77392e-06
0.000678771
-3.79442e-06
0.00067951
-3.80309e-06
0.000680252
-3.79967e-06
0.000680996
-3.78427e-06
0.000681741
-3.75652e-06
0.000682484
-3.71656e-06
0.000683225
-3.6638e-06
0.000683963
-3.59849e-06
0.000684696
-3.51975e-06
0.000685423
-3.42805e-06
0.000686143
-3.32207e-06
0.000686855
-3.20261e-06
0.000687556
-3.06776e-06
0.000688248
-2.91891e-06
0.000688927
-2.75318e-06
0.000689593
-2.57293e-06
0.000690245
-2.37386e-06
0.000690882
-2.15985e-06
0.000691502
-1.92441e-06
0.000692107
-1.67384e-06
0.00069269
-1.39833e-06
0.000693258
-1.10812e-06
0.000693802
-7.88463e-07
0.000694331
-4.56184e-07
0.00069484
-9.02511e-08
0.000695335
2.94003e-07
0.0006958
7.25425e-07
0.000696254
1.16076e-06
0.000696677
1.65722e-06
0.000697097
2.1499e-06
0.000697477
2.7267e-06
0.000697867
3.28357e-06
0.000698207
3.95708e-06
0.000698574
4.58174e-06
0.000698878
5.37191e-06
6.06392e-06
0.000699238
0.000666699
-1.58873e-07
0.000666796
-4.78292e-07
0.000666958
-7.96751e-07
0.000667183
-1.10972e-06
0.000667468
-1.41467e-06
0.000667809
-1.70949e-06
0.000668204
-1.99248e-06
0.000668648
-2.26241e-06
0.000669137
-2.51854e-06
0.000669668
-2.76053e-06
0.000670237
-2.987e-06
0.000670841
-3.1981e-06
0.000671475
-3.39396e-06
0.000672138
-3.5747e-06
0.000672826
-3.74045e-06
0.000673536
-3.8914e-06
0.000674267
-4.02775e-06
0.000675016
-4.14978e-06
0.000675781
-4.25767e-06
0.000676559
-4.35171e-06
0.00067735
-4.43202e-06
0.000678152
-4.49886e-06
0.000678963
-4.55223e-06
0.000679781
-4.5924e-06
0.000680606
-4.61924e-06
0.000681436
-4.63301e-06
0.00068227
-4.6334e-06
0.000683106
-4.62073e-06
0.000683944
-4.59446e-06
0.000684783
-4.55505e-06
0.00068562
-4.50158e-06
0.000686457
-4.43479e-06
0.00068729
-4.35327e-06
0.00068812
-4.2582e-06
0.000688946
-4.14742e-06
0.000689766
-4.02291e-06
0.000690579
-3.88133e-06
0.000691387
-3.72593e-06
0.000692185
-3.55161e-06
0.000692976
-3.36366e-06
0.000693756
-3.15424e-06
0.000694528
-2.93189e-06
0.000695288
-2.68454e-06
0.00069604
-2.42594e-06
0.000696779
-2.13739e-06
0.000697512
-1.84066e-06
0.00069823
-1.50635e-06
0.000698942
-1.16851e-06
0.000699633
-7.80747e-07
0.000700324
-3.96897e-07
0.000700993
5.5531e-08
0.000701677
4.76694e-07
0.000702343
9.92114e-07
0.000703028
1.46498e-06
0.000703686
2.06792e-06
0.000704383
2.58721e-06
0.000705044
3.29569e-06
0.000705768
3.85739e-06
0.000706441
4.69935e-06
5.29225e-06
0.000707213
0.000666709
-2.00807e-07
0.000666834
-6.04143e-07
0.000667042
-1.00468e-06
0.000667329
-1.39591e-06
0.000667688
-1.77416e-06
0.000668115
-2.1365e-06
0.000668603
-2.48089e-06
0.000669147
-2.80611e-06
0.00066974
-3.11161e-06
0.000670377
-3.39726e-06
0.000671053
-3.66316e-06
0.000671765
-3.90958e-06
0.000672508
-4.13689e-06
0.000673278
-4.34554e-06
0.000674074
-4.53599e-06
0.000674891
-4.70879e-06
0.000675728
-4.86444e-06
0.000676582
-5.00349e-06
0.00067745
-5.12637e-06
0.000678332
-5.23358e-06
0.000679226
-5.32542e-06
0.000680129
-5.40231e-06
0.000681041
-5.46437e-06
0.000681961
-5.51201e-06
0.000682887
-5.54515e-06
0.000683818
-5.5642e-06
0.000684753
-5.56884e-06
0.000685692
-5.55955e-06
0.000686633
-5.53567e-06
0.000687576
-5.49793e-06
0.00068852
-5.44516e-06
0.000689464
-5.37849e-06
0.000690406
-5.29608e-06
0.000691348
-5.19975e-06
0.000692287
-5.08659e-06
0.000693224
-4.95962e-06
0.000694157
-4.81426e-06
0.000695086
-4.65547e-06
0.000696011
-4.47608e-06
0.000696931
-4.28419e-06
0.000697846
-4.06853e-06
0.000698756
-3.84218e-06
0.000699659
-3.58744e-06
0.000700558
-3.32524e-06
0.000701449
-3.02782e-06
0.000702336
-2.72853e-06
0.000703214
-2.38399e-06
0.000704093
-2.04734e-06
0.000704963
-1.65098e-06
0.000705845
-1.27904e-06
0.000706727
-8.25897e-07
0.000707627
-4.24029e-07
0.000708526
9.30775e-08
0.000709451
5.40174e-07
0.000710362
1.15753e-06
0.000711331
1.61752e-06
0.000712288
2.33887e-06
0.000713339
2.80633e-06
0.000714368
3.67009e-06
4.12307e-06
0.000715538
0.000666724
-2.58449e-07
0.0006669
-7.79949e-07
0.000667186
-1.29056e-06
0.000667573
-1.78332e-06
0.000668052
-2.25235e-06
0.000668609
-2.69405e-06
0.000669235
-3.107e-06
0.00066992
-3.49127e-06
0.000670657
-3.84775e-06
0.000671437
-4.17758e-06
0.000672256
-4.48186e-06
0.000673108
-4.76155e-06
0.000673988
-5.01763e-06
0.000674894
-5.25106e-06
0.000675821
-5.46288e-06
0.000676766
-5.65412e-06
0.000677727
-5.82579e-06
0.000678703
-5.97879e-06
0.00067969
-6.11391e-06
0.000680688
-6.23184e-06
0.000681696
-6.33313e-06
0.000682712
-6.41831e-06
0.000683736
-6.48772e-06
0.000684765
-6.54179e-06
0.000685801
-6.58062e-06
0.000686841
-6.60459e-06
0.000687886
-6.61353e-06
0.000688934
-6.60786e-06
0.000689986
-6.58709e-06
0.000691039
-6.5518e-06
0.000692095
-6.50102e-06
0.000693153
-6.43574e-06
0.000694211
-6.35428e-06
0.000695269
-6.25836e-06
0.000696328
-6.14518e-06
0.000697386
-6.01776e-06
0.000698443
-5.87151e-06
0.0006995
-5.71164e-06
0.000700554
-5.53061e-06
0.000701607
-5.33733e-06
0.000702658
-5.1195e-06
0.000703708
-4.89204e-06
0.000704756
-4.63495e-06
0.000705803
-4.37299e-06
0.000706849
-4.07372e-06
0.000707898
-3.77777e-06
0.000708947
-3.43257e-06
0.000710004
-3.10415e-06
0.00071106
-2.70744e-06
0.00071213
-2.34911e-06
0.000713197
-1.89217e-06
0.000714281
-1.50847e-06
0.000715352
-9.7819e-07
0.00071647
-5.77202e-07
0.000717578
4.95927e-08
0.000718769
4.26607e-07
0.000719971
1.13626e-06
0.000721281
1.49602e-06
0.000722586
2.36523e-06
2.67332e-06
0.000724036
0.000666739
-3.30359e-07
0.000666971
-1.01192e-06
0.000667358
-1.67813e-06
0.000667883
-2.30832e-06
0.000668524
-2.89328e-06
0.00066926
-3.43013e-06
0.000670074
-3.92043e-06
0.00067095
-4.36784e-06
0.000671879
-4.77629e-06
0.00067285
-5.14901e-06
0.000673857
-5.48851e-06
0.000674892
-5.79686e-06
0.00067595
-6.07604e-06
0.000677027
-6.32803e-06
0.000678119
-6.55487e-06
0.000679224
-6.75837e-06
0.000680338
-6.94024e-06
0.000681461
-7.10179e-06
0.000682591
-7.24424e-06
0.000683728
-7.36843e-06
0.00068487
-7.47526e-06
0.000686017
-7.56525e-06
0.000687168
-7.63906e-06
0.000688324
-7.69695e-06
0.000689482
-7.73942e-06
0.000690644
-7.76645e-06
0.000691809
-7.77845e-06
0.000692977
-7.77516e-06
0.000694146
-7.75693e-06
0.000695318
-7.72328e-06
0.000696491
-7.67454e-06
0.000697666
-7.6101e-06
0.000698842
-7.53022e-06
0.000700018
-7.43424e-06
0.000701195
-7.32225e-06
0.000702371
-7.19381e-06
0.000703548
-7.04853e-06
0.000704723
-6.8866e-06
0.000705899
-6.70662e-06
0.000707072
-6.51024e-06
0.000708246
-6.29395e-06
0.000709416
-6.06235e-06
0.000710589
-5.80784e-06
0.000711757
-5.54071e-06
0.000712929
-5.24565e-06
0.000714095
-4.94344e-06
0.000715267
-4.60484e-06
0.000716432
-4.26948e-06
0.000717608
-3.88359e-06
0.000718779
-3.51985e-06
0.000719969
-3.0821e-06
0.00072116
-2.69968e-06
0.000722386
-2.2041e-06
0.000723629
-1.82015e-06
0.000724936
-1.25787e-06
0.000726264
-9.01006e-07
0.000727661
-2.60936e-07
0.000729139
1.84792e-08
0.000730683
8.21202e-07
9.82171e-07
0.000732374
0.000666854
-5.17761e-07
0.00066731
-1.46744e-06
0.000667974
-2.34275e-06
0.0006688
-3.13378e-06
0.000669743
-3.83638e-06
0.000670771
-4.45821e-06
0.000671862
-5.01149e-06
0.000673001
-5.50733e-06
0.000674179
-5.95356e-06
0.000675385
-6.35507e-06
0.000676612
-6.71543e-06
0.000677853
-7.03789e-06
0.000679103
-7.326e-06
0.000680358
-7.58323e-06
0.000681616
-7.81287e-06
0.000682875
-8.01753e-06
0.000684134
-8.19946e-06
0.000685393
-8.36021e-06
0.00068665
-8.50128e-06
0.000687905
-8.62356e-06
0.000689158
-8.72823e-06
0.000690408
-8.8157e-06
0.000691656
-8.88698e-06
0.000692901
-8.942e-06
0.000694143
-8.98172e-06
0.000695383
-9.00552e-06
0.000696619
-9.01456e-06
0.000697851
-9.00757e-06
0.00069908
-8.98613e-06
0.000700305
-8.94817e-06
0.000701527
-8.89604e-06
0.000702743
-8.82651e-06
0.000703956
-8.74319e-06
0.000705163
-8.64116e-06
0.000706367
-8.52598e-06
0.000707563
-8.39031e-06
0.000708757
-8.24261e-06
0.000709943
-8.07197e-06
0.000711127
-7.89119e-06
0.000712301
-7.68415e-06
0.000713477
-7.46994e-06
0.00071464
-7.22498e-06
0.000715809
-6.97733e-06
0.000716961
-6.69295e-06
0.000718128
-6.41229e-06
0.000719272
-6.08713e-06
0.000720441
-5.7745e-06
0.00072158
-5.40764e-06
0.000722761
-5.0646e-06
0.000723897
-4.65607e-06
0.000725099
-4.28446e-06
0.000726236
-3.83648e-06
0.00072747
-3.43788e-06
0.000728608
-2.95806e-06
0.000729883
-2.53344e-06
0.000731025
-2.04272e-06
0.000732355
-1.59128e-06
0.000733514
-1.14037e-06
0.000734985
-6.49485e-07
-3.41141e-07
0.000736308
0.000666951
-8.02355e-07
0.00066782
-2.33599e-06
0.000669061
-3.5842e-06
0.000670488
-4.56083e-06
0.000671992
-5.34028e-06
0.000673525
-5.99133e-06
0.000675069
-6.55563e-06
0.000676614
-7.05158e-06
0.000678146
-7.48623e-06
0.000679655
-7.86403e-06
0.000681131
-8.19061e-06
0.000682566
-8.4729e-06
0.000683957
-8.71793e-06
0.000685306
-8.93154e-06
0.000686611
-9.11807e-06
0.000687874
-9.28046e-06
0.000689095
-9.42085e-06
0.000690276
-9.54083e-06
0.000691416
-9.64185e-06
0.000692518
-9.72497e-06
0.000693581
-9.79131e-06
0.000694607
-9.84144e-06
0.000695596
-9.87619e-06
0.00069655
-9.8956e-06
0.000697468
-9.90044e-06
0.000698353
-9.89028e-06
0.000699204
-9.86602e-06
0.000700024
-9.82671e-06
0.000700811
-9.77365e-06
0.000701568
-9.70511e-06
0.000702295
-9.62322e-06
0.000702994
-9.52505e-06
0.000703665
-9.41414e-06
0.000704309
-9.28567e-06
0.000704929
-9.14559e-06
0.000705525
-8.98596e-06
0.000706099
-8.81673e-06
0.000706652
-8.62486e-06
0.000707187
-8.42692e-06
0.000707704
-8.20138e-06
0.00070821
-7.9758e-06
0.0007087
-7.71461e-06
0.000709186
-7.46346e-06
0.000709657
-7.16358e-06
0.000710135
-6.89051e-06
0.000710595
-6.54707e-06
0.000711079
-6.25817e-06
0.000711534
-5.86326e-06
0.000712038
-5.56853e-06
0.000712491
-5.10926e-06
0.000713032
-4.82508e-06
0.000713476
-4.28105e-06
0.000714072
-4.03382e-06
0.000714489
-3.37446e-06
0.00071516
-3.20493e-06
0.000715509
-2.39109e-06
0.000716271
-2.35368e-06
0.000716498
-1.36773e-06
0.00071736
-1.51068e-06
-4.21561e-07
0.00071744
0.000667556
-1.69189e-06
0.000669122
-3.90134e-06
0.000670856
-5.3191e-06
0.00067253
-6.23392e-06
0.000674061
-6.87189e-06
0.000675438
-7.36771e-06
0.000676654
-7.77185e-06
0.0006777
-8.09738e-06
0.000678564
-8.3503e-06
0.000679239
-8.5396e-06
0.000679726
-8.67758e-06
0.00068003
-8.77656e-06
0.000680158
-8.84615e-06
0.000680119
-8.8927e-06
0.000679921
-8.92e-06
0.000679571
-8.93054e-06
0.000679077
-8.92615e-06
0.000678444
-8.90839e-06
0.000677681
-8.87859e-06
0.000676794
-8.83784e-06
0.000675789
-8.78694e-06
0.000674674
-8.7265e-06
0.000673455
-8.65694e-06
0.000672138
-8.57856e-06
0.000670729
-8.49156e-06
0.000669235
-8.39609e-06
0.000667661
-8.29227e-06
0.000666015
-8.1801e-06
0.000664301
-8.05971e-06
0.000662527
-7.93094e-06
0.000660697
-7.79402e-06
0.000658821
-7.64858e-06
0.000656902
-7.49513e-06
0.000654949
-7.33289e-06
0.000652966
-7.16294e-06
0.000650964
-6.98375e-06
0.000648945
-6.79749e-06
0.000646921
-6.6012e-06
0.000644894
-6.39911e-06
0.000642878
-6.1855e-06
0.00064087
-5.96843e-06
0.000638893
-5.73707e-06
0.000636936
-5.50645e-06
0.000635028
-5.25633e-06
0.000633152
-5.01445e-06
0.000631349
-4.74322e-06
0.000629584
-4.49366e-06
0.000627917
-4.19616e-06
0.000626293
-3.94472e-06
0.000624793
-3.60956e-06
0.000623335
-3.36659e-06
0.000622021
-2.96741e-06
0.000620743
-2.75595e-06
0.000619594
-2.22502e-06
0.000618495
-2.10604e-06
0.000617334
-1.22987e-06
0.000616444
-1.46342e-06
0.000614848
2.27924e-07
0.000614483
-1.14525e-06
3.21321e-06
0.000610848
0.000664975
0.000661073
0.000655754
0.00064952
0.000642649
0.000635281
0.000627509
0.000619412
0.000611061
0.000602522
0.000593844
0.000585068
0.000576221
0.000567329
0.000558409
0.000549478
0.000540552
0.000531644
0.000522765
0.000513927
0.00050514
0.000496414
0.000487757
0.000479178
0.000470687
0.000462291
0.000453998
0.000445818
0.000437759
0.000429828
0.000422034
0.000414385
0.00040689
0.000399557
0.000392394
0.00038541
0.000378613
0.000372012
0.000365612
0.000359427
0.000353459
0.000347721
0.000342215
0.000336959
0.000331944
0.000327201
0.000322707
0.000318511
0.000314567
0.000310957
0.00030759
0.000304623
0.000301867
0.000299642
0.000297536
0.000296306
0.000294843
0.000295071
0.000293925
0.000297139
0.000389244
-0.000195722
0.000459011
-0.000223859
0.000511759
-0.000247975
0.00054997
-0.000267804
0.00057537
-0.000283582
0.000589187
-0.000295528
0.000592506
-0.000303808
0.000586483
-0.000308695
0.000572474
-0.000310681
0.000552029
-0.000310354
0.00052694
-0.000308612
0.000499291
-0.000306485
0.000471131
-0.000305114
0.000444133
-0.000305689
-0.000308875
0.000654354
-0.000241066
0.000684341
-0.000253846
0.000700534
-0.000264169
0.000704476
-0.000271746
0.000697233
-0.000276339
0.000679902
-0.000278197
0.000653998
-0.000277904
0.000621462
-0.000276158
0.000585005
-0.000274225
0.000547519
-0.000272868
0.000511799
-0.000272892
0.000480075
-0.00027476
0.000453655
-0.000278694
0.00043218
-0.000284214
0.000413729
-0.000290424
0.000395431
-0.000295958
0.00037432
-0.000299113
0.000349473
-0.000300301
0.000321613
-0.000300385
0.000294496
-0.000302083
0.000270708
-0.000308806
0.000246793
-0.000316279
0.000220391
-0.000320931
0.000193191
-0.000326562
0.000165529
-0.000335449
0.000136705
-0.000345325
0.000107243
-0.00036008
7.31913e-05
-0.000375248
3.84879e-05
-0.000407348
-0.000379469
0.000713363
-0.000238813
0.000701863
-0.000242346
0.000682226
-0.000244531
0.000656235
-0.000245756
0.000626185
-0.000246289
0.000594496
-0.000246508
0.000563638
-0.000247046
0.000535938
-0.000248459
0.000512794
-0.000251081
0.000494565
-0.000254639
0.000480483
-0.00025881
0.000468867
-0.000263144
0.000457288
-0.000267115
0.000443122
-0.000270048
0.000424328
-0.000271629
0.000400059
-0.00027169
0.000371889
-0.000270943
0.000342631
-0.000271043
0.00031589
-0.000273644
0.000293606
-0.000279799
0.000271992
-0.000287193
0.000246651
-0.000290938
0.000219479
-0.000293758
0.000192834
-0.000299917
0.000165574
-0.000308189
0.000137222
-0.000316973
0.000106847
-0.000329705
7.4068e-05
-0.000342469
3.86235e-05
-0.000371904
-0.000340845
0.000716776
-0.000221044
0.000696818
-0.000222388
0.000675826
-0.000223539
0.000654832
-0.000224762
0.00063479
-0.000226248
0.000616307
-0.000228025
0.000599363
-0.000230102
0.000583321
-0.000232417
0.000566977
-0.000234737
0.000549116
-0.000236778
0.000528555
-0.000238249
0.000504448
-0.000239037
0.000476621
-0.000239289
0.000445853
-0.00023928
0.000413761
-0.000239536
0.000382777
-0.000240706
0.000355425
-0.000243591
0.000332658
-0.000248276
0.000313294
-0.00025428
0.000293332
-0.000259837
0.000268629
-0.00026249
0.000241029
-0.000263338
0.000214562
-0.000267292
0.000188826
-0.000274181
0.000161834
-0.000281197
0.00013352
-0.000288658
0.000103347
-0.000299533
7.17165e-05
-0.000310838
3.65106e-05
-0.000336698
-0.000304334
0.000709976
-0.000200356
0.000689083
-0.000201495
0.000668104
-0.00020256
0.000647018
-0.000203675
0.000625664
-0.000204894
0.000603815
-0.000206176
0.000581162
-0.000207449
0.000557388
-0.000208643
0.00053238
-0.000209729
0.000506341
-0.000210739
0.000479906
-0.000211814
0.000454005
-0.000213136
0.000429714
-0.000214997
0.000407922
-0.000217488
0.000388926
-0.00022054
0.000372281
-0.000224062
0.0003564
-0.000227709
0.000338981
-0.000230857
0.000317694
-0.000232993
0.000291614
-0.000233757
0.000263164
-0.000234039
0.000236646
-0.00023682
0.000212322
-0.000242967
0.000187081
-0.00024894
0.000159947
-0.000254063
0.000131773
-0.000260484
0.000102052
-0.000269812
7.08717e-05
-0.000279658
3.57273e-05
-0.000301553
-0.000268607
0.0007017
-0.000179652
0.000680915
-0.00018071
0.000660086
-0.00018173
0.00063918
-0.000182769
0.000618149
-0.000183862
0.000596999
-0.000185026
0.000575804
-0.000186255
0.000554708
-0.000187547
0.000533904
-0.000188924
0.000513589
-0.000190423
0.000493859
-0.000192085
0.000474617
-0.000193893
0.000455429
-0.000195809
0.000435646
-0.000197705
0.000414529
-0.000199423
0.000391228
-0.000200761
0.000365308
-0.000201789
0.000337078
-0.000202628
0.000307738
-0.000203653
0.000279506
-0.000205525
0.000254561
-0.000209095
0.000232221
-0.000214479
0.000208887
-0.000219634
0.000182803
-0.000222856
0.000155468
-0.000226728
0.00012766
-0.000232676
9.85237e-05
-0.000240676
6.79647e-05
-0.000249099
3.35939e-05
-0.000267183
-0.000235013
0.000693527
-0.000159183
0.000672982
-0.000160165
0.000652356
-0.000161105
0.000631635
-0.000162047
0.000610796
-0.000163024
0.000589822
-0.000164052
0.000568699
-0.000165131
0.000547406
-0.000166255
0.000525898
-0.000167416
0.000504081
-0.000168607
0.000481814
-0.000169817
0.000458948
-0.000171028
0.000435364
-0.000172225
0.000411071
-0.000173413
0.000386304
-0.000174656
0.00036158
-0.000176037
0.000337576
-0.000177785
0.000314946
-0.000179998
0.000293998
-0.000182705
0.000274315
-0.000185842
0.000254364
-0.000189144
0.00023182
-0.000191935
0.000205873
-0.000193687
0.000178635
-0.000195618
0.000151817
-0.00019991
0.000124694
-0.000205553
9.60804e-05
-0.000212063
6.59649e-05
-0.000218984
3.22837e-05
-0.000233502
-0.000202729
0.000685531
-0.000138932
0.000665161
-0.000139794
0.000644685
-0.000140629
0.000624102
-0.000141464
0.000603401
-0.000142323
0.000582569
-0.00014322
0.000561598
-0.00014416
0.000540483
-0.00014514
0.000519224
-0.000146157
0.000497828
-0.000147211
0.000476317
-0.000148306
0.000454741
-0.000149452
0.000433181
-0.000150665
0.000411735
-0.000151967
0.000390466
-0.000153387
0.00036936
-0.000154931
0.000348172
-0.000156597
0.000326496
-0.000158321
0.000303812
-0.000160021
0.000279491
-0.000161521
0.000253258
-0.000162911
0.000225647
-0.000164323
0.000198316
-0.000166357
0.000172553
-0.000169855
0.000147263
-0.00017462
0.000120659
-0.00017895
9.23927e-05
-0.000183796
6.28467e-05
-0.000189438
3.02675e-05
-0.000200922
-0.000172462
0.00067783
-0.00011882
0.000657598
-0.000119563
0.000637252
-0.000120283
0.000616792
-0.000121004
0.000596211
-0.000121742
0.0005755
-0.00012251
0.000554651
-0.00012331
0.000533654
-0.000124143
0.000512504
-0.000125007
0.000491193
-0.0001259
0.000469712
-0.000126825
0.000448045
-0.000127785
0.000426164
-0.000128784
0.00040402
-0.000129823
0.000381538
-0.000130905
0.00035863
-0.000132023
0.000335211
-0.000133178
0.000311263
-0.000134374
0.000286899
-0.000135657
0.000262482
-0.000137104
0.000238449
-0.000138879
0.00021517
-0.000141044
0.000192541
-0.000143728
0.000169392
-0.000146706
0.00014425
-0.000149478
0.000117272
-0.000151971
8.92598e-05
-0.000155784
6.0332e-05
-0.00016051
2.8763e-05
-0.000169353
-0.000143699
0.000670576
-9.88221e-05
0.000650448
-9.94349e-05
0.000630201
-0.000100037
0.000609837
-0.000100639
0.000589349
-0.000101254
0.00056873
-0.000101891
0.000547971
-0.000102552
0.000527066
-0.000103238
0.000506009
-0.000103949
0.000484793
-0.000104685
0.000463415
-0.000105447
0.000441869
-0.000106238
0.000420148
-0.000107063
0.00039825
-0.000107925
0.000376176
-0.000108831
0.000353942
-0.000109789
0.000331578
-0.000110815
0.000309125
-0.00011192
0.000286604
-0.000113135
0.000263966
-0.000114466
0.000241019
-0.000115931
0.000217465
-0.00011749
0.000192865
-0.000119128
0.000166858
-0.0001207
0.000139853
-0.000122473
0.000112774
-0.000124892
8.55569e-05
-0.000128567
5.74546e-05
-0.000132407
2.70321e-05
-0.000138931
-0.000116667
0.00066397
-7.89031e-05
0.000643922
-7.93869e-05
0.000623752
-7.98672e-05
0.000603462
-8.03489e-05
0.000583047
-8.08393e-05
0.0005625
-8.13439e-05
0.000541814
-8.18663e-05
0.000520984
-8.24076e-05
0.000500003
-8.29682e-05
0.000478867
-8.35484e-05
0.000457569
-8.41495e-05
0.000436104
-8.47728e-05
0.000414462
-8.54214e-05
0.000392636
-8.60979e-05
0.000370612
-8.68075e-05
0.000348376
-8.75531e-05
0.000325904
-8.83428e-05
0.000303161
-8.91779e-05
0.000280096
-9.00697e-05
0.000256646
-9.10158e-05
0.000232753
-9.20389e-05
0.000208408
-9.31444e-05
0.000183681
-9.44003e-05
0.000158809
-9.58283e-05
0.000133971
-9.76345e-05
0.000108893
-9.98144e-05
8.27501e-05
-0.000102424
5.52145e-05
-0.000104872
2.56644e-05
-0.000109381
-9.10025e-05
0.000658261
-5.90428e-05
0.000638273
-5.93986e-05
0.000618162
-5.97558e-05
0.000597928
-6.01149e-05
0.000577567
-6.04791e-05
0.000557076
-6.08523e-05
0.000536447
-6.12374e-05
0.000515675
-6.16356e-05
0.000494755
-6.2048e-05
0.000473681
-6.24745e-05
0.000452447
-6.29162e-05
0.000431048
-6.33736e-05
0.000409476
-6.38493e-05
0.000387723
-6.43446e-05
0.000365779
-6.48635e-05
0.000343634
-6.54078e-05
0.000321274
-6.59835e-05
0.000298689
-6.65927e-05
0.000275866
-6.72463e-05
0.000252798
-6.79479e-05
0.000229477
-6.87183e-05
0.000205894
-6.95609e-05
0.000182006
-7.05123e-05
0.000157744
-7.15664e-05
0.00013291
-7.28008e-05
0.000107231
-7.41358e-05
8.05327e-05
-7.57255e-05
5.30572e-05
-7.73964e-05
2.42769e-05
-8.06004e-05
-6.67256e-05
0.00065371
-3.92228e-05
0.000633765
-3.94531e-05
0.000613695
-3.96864e-05
0.000593501
-3.99211e-05
0.000573181
-4.01584e-05
0.000552729
-4.04005e-05
0.000532141
-4.06495e-05
0.000511412
-4.09065e-05
0.000490536
-4.11724e-05
0.000469509
-4.1447e-05
0.000448324
-4.17312e-05
0.000426975
-4.20251e-05
0.000405456
-4.23302e-05
0.000383759
-4.26472e-05
0.000361874
-4.29787e-05
0.000339792
-4.33256e-05
0.0003175
-4.36918e-05
0.000294986
-4.40786e-05
0.000272232
-4.44925e-05
0.000249219
-4.49347e-05
0.000225917
-4.54164e-05
0.000202293
-4.5937e-05
0.000178299
-4.65188e-05
0.000153891
-4.7158e-05
0.000128995
-4.79045e-05
0.000103583
-4.87244e-05
7.76094e-05
-4.97515e-05
5.10561e-05
-5.08432e-05
2.32477e-05
-5.27919e-05
-4.34779e-05
0.000650558
-1.94282e-05
0.00063064
-1.95352e-05
0.000610597
-1.96439e-05
0.000590429
-1.97531e-05
0.000570134
-1.98629e-05
0.000549708
-1.99742e-05
0.000529146
-2.00882e-05
0.000508445
-2.02054e-05
0.000487599
-2.03261e-05
0.000466602
-2.04504e-05
0.00044545
-2.05785e-05
0.000424135
-2.07105e-05
0.000402652
-2.08468e-05
0.000380992
-2.09879e-05
0.000359148
-2.11347e-05
0.00033711
-2.12876e-05
0.000314867
-2.14484e-05
0.000292406
-2.16174e-05
0.000269711
-2.17975e-05
0.000246765
-2.19888e-05
0.000223545
-2.21967e-05
0.000200029
-2.24207e-05
0.000176182
-2.26716e-05
0.00015197
-2.29463e-05
0.000127331
-2.32657e-05
0.00010222
-2.36132e-05
7.6521e-05
-2.40525e-05
5.0185e-05
-2.45072e-05
2.27337e-05
-2.53406e-05
-2.07442e-05
0.000648989
3.54665e-07
0.000629084
3.69653e-07
0.000609055
3.85761e-07
0.000588899
4.02844e-07
0.000568615
4.20919e-07
0.000548201
4.40129e-07
0.000527652
4.60652e-07
0.000506964
4.82652e-07
0.000486131
5.06262e-07
0.000465149
5.31599e-07
0.000444012
5.58788e-07
0.000422713
5.87985e-07
0.000401247
6.19378e-07
0.000379606
6.53197e-07
0.000357782
6.89694e-07
0.000335765
7.2917e-07
0.000313545
7.71959e-07
0.000291109
8.18463e-07
0.000268442
8.69149e-07
0.000245529
9.24578e-07
0.000222347
9.85441e-07
0.000198873
1.05252e-06
0.000175075
1.1269e-06
0.000150919
1.20968e-06
0.00012635
1.30278e-06
0.00010133
1.40773e-06
7.57481e-05
1.52897e-06
4.95755e-05
1.66531e-06
2.23974e-05
1.83752e-06
1.65316e-06
0.000649104
2.01384e-05
0.000629198
2.02757e-05
0.000609167
2.04167e-05
0.00058901
2.056e-05
0.000568725
2.0706e-05
0.000548309
2.08559e-05
0.000527759
2.1011e-05
0.000507069
2.11723e-05
0.000486235
2.13404e-05
0.000465251
2.15155e-05
0.000444112
2.16981e-05
0.000422811
2.18886e-05
0.000401343
2.20878e-05
0.000379699
2.22967e-05
0.000357872
2.25167e-05
0.000335853
2.27487e-05
0.000313629
2.29953e-05
0.00029119
2.32576e-05
0.00026852
2.35393e-05
0.000245603
2.38418e-05
0.000222417
2.41717e-05
0.000198939
2.45303e-05
0.000175135
2.49305e-05
0.000150974
2.53713e-05
0.000126399
2.58775e-05
0.000101371
2.64354e-05
7.57818e-05
2.71183e-05
4.95996e-05
2.78475e-05
2.24086e-05
2.90286e-05
2.40617e-05
0.000650901
3.9936e-05
0.00063098
4.01971e-05
0.000610933
4.04629e-05
0.000590762
4.07319e-05
0.000570462
4.10055e-05
0.000550032
4.12863e-05
0.000529466
4.15768e-05
0.00050876
4.18783e-05
0.000487908
4.21918e-05
0.000466906
4.25177e-05
0.000445748
4.28567e-05
0.000424427
4.32095e-05
0.000402937
4.35779e-05
0.00038127
4.39632e-05
0.000359418
4.43684e-05
0.000337372
4.4795e-05
0.00031512
4.52477e-05
0.000292649
4.57284e-05
0.000269943
4.62449e-05
0.000246986
4.67991e-05
0.000223754
4.74039e-05
0.000200224
4.80601e-05
0.000176363
4.8792e-05
0.000152135
4.95983e-05
0.000127481
5.05324e-05
0.000102353
5.15631e-05
7.66341e-05
5.28372e-05
5.0269e-05
5.42126e-05
2.27739e-05
5.65237e-05
4.68356e-05
0.000654274
5.97609e-05
0.000634323
6.01482e-05
0.000614247
6.05383e-05
0.000594047
6.09318e-05
0.00057372
6.13327e-05
0.000553261
6.1745e-05
0.000532666
6.2172e-05
0.000511929
6.26153e-05
0.000491045
6.3076e-05
0.000470009
6.35542e-05
0.000448814
6.40513e-05
0.000427455
6.45683e-05
0.000405925
6.51081e-05
0.000384216
6.56724e-05
0.000362318
6.62659e-05
0.000340223
6.68908e-05
0.000317916
6.7554e-05
0.000295386
6.82584e-05
0.000272615
6.90159e-05
0.000249583
6.98314e-05
0.00022626
7.07272e-05
0.000202611
7.17087e-05
0.000178588
7.28146e-05
0.000154146
7.40411e-05
0.00012921
7.54677e-05
0.000103763
7.7011e-05
7.77605e-05
7.88392e-05
5.11767e-05
8.07963e-05
2.33109e-05
8.43894e-05
7.01466e-05
0.000659033
7.96275e-05
0.000639037
8.01439e-05
0.000618918
8.06576e-05
0.000598676
8.11741e-05
0.000578307
8.17015e-05
0.000557806
8.22458e-05
0.000537167
8.28109e-05
0.000516385
8.33979e-05
0.000495453
8.40077e-05
0.000474367
8.46404e-05
0.00045312
8.52977e-05
0.000431707
8.59814e-05
0.00041012
8.66951e-05
0.000388351
8.74416e-05
0.00036639
8.82269e-05
0.000344226
8.90545e-05
0.000321847
8.9933e-05
0.000299241
9.08646e-05
0.000276396
9.18613e-05
0.000253305
9.29219e-05
0.000229962
9.40703e-05
0.000206356
9.53145e-05
0.000182445
9.6726e-05
0.000158153
9.83327e-05
0.000133271
0.00010035
0.00010752
0.000102762
8.07456e-05
0.000105613
5.3211e-05
0.000108331
2.43722e-05
0.000113228
9.45188e-05
0.000664933
9.95541e-05
0.000644876
0.000100201
0.000624697
0.000100836
0.000604397
0.000101474
0.000583971
0.000102127
0.000563413
0.000102804
0.000542716
0.000103508
0.000521872
0.000104241
0.000500877
0.000105002
0.000479726
0.000105792
0.000458413
0.000106611
0.00043693
0.000107464
0.00041527
0.000108355
0.000393424
0.000109288
0.000371378
0.000110272
0.000349119
0.000111314
0.000326622
0.000112431
0.00030385
0.000113637
0.000280749
0.000114962
0.000257259
0.000116412
0.00023332
0.000118009
0.000208925
0.000119709
0.000184153
0.000121498
0.000159256
0.00012323
0.000134403
0.000125202
0.000109286
0.000127879
8.30614e-05
0.000131838
5.54305e-05
0.000135962
2.57805e-05
0.000142878
0.000120299
0.000671712
0.000119561
0.000651574
0.000120338
0.000631317
0.000121094
0.000610941
0.00012185
0.000590442
0.000122627
0.00056981
0.000123436
0.000549037
0.000124281
0.000528117
0.000125161
0.000507043
0.000126076
0.000485811
0.000127024
0.000464414
0.000128008
0.000442848
0.00012903
0.000421106
0.000130097
0.000399185
0.000131209
0.000377088
0.000132369
0.000354831
0.000133571
0.000332445
0.000134817
0.00030997
0.000136111
0.000287427
0.000137505
0.000264765
0.000139074
0.000241783
0.000140992
0.000218173
0.000143319
0.000193488
0.000146183
0.000167379
0.000149339
0.000140302
0.00015228
0.000113184
0.000154997
8.59086e-05
0.000159114
5.77108e-05
0.00016416
2.71638e-05
0.000173425
0.000147463
0.000679119
0.00013968
0.000658877
0.00014058
0.00063852
0.000141451
0.000618048
0.000142322
0.000597454
0.000143221
0.000576729
0.00014416
0.000555864
0.000145146
0.000534851
0.000146174
0.000513683
0.000147244
0.000492353
0.000148354
0.000470852
0.00014951
0.000449162
0.00015072
0.000427256
0.000152003
0.000405083
0.000153382
0.000382568
0.000154884
0.000359622
0.000156518
0.000336158
0.00015828
0.000312163
0.000160107
0.000287752
0.000161915
0.000263299
0.000163528
0.000239248
0.000165042
0.000215968
0.0001666
0.000193324
0.000168827
0.0001701
0.000172562
0.000144837
0.000177544
0.000117756
0.000182078
8.96612e-05
0.000187208
6.06327e-05
0.000193188
2.89208e-05
0.000205137
0.000176384
0.000686953
0.00015994
0.000666572
0.000160961
0.000646085
0.000161938
0.000625489
0.000162918
0.000604774
0.000163936
0.000583927
0.000165007
0.00056294
0.000166133
0.000541807
0.000167307
0.000520529
0.000168522
0.000499112
0.000169771
0.000477581
0.000171041
0.000455985
0.000172316
0.000434405
0.000173583
0.000412941
0.000174845
0.000391654
0.000176171
0.000370528
0.000177643
0.000349315
0.000179493
0.000327598
0.000181824
0.000304851
0.000184662
0.000280443
0.000187935
0.00025411
0.000191375
0.000226419
0.000194291
0.000199064
0.000196182
0.000173291
0.000198335
0.000147933
0.000202902
0.000121216
0.000208795
9.28385e-05
0.000215586
6.31765e-05
0.00022285
3.04385e-05
0.000237875
0.000206822
0.000695061
0.000180417
0.000674506
0.000181515
0.00065387
0.000182574
0.000633136
0.000183652
0.000612284
0.000184788
0.000591295
0.000185997
0.000570155
0.000187274
0.000548843
0.000188619
0.000527313
0.000190053
0.000505471
0.000191612
0.000483174
0.000193338
0.000460274
0.000195216
0.000436652
0.000197205
0.000412319
0.000199179
0.000387512
0.000200978
0.000362756
0.000202399
0.000338734
0.000203516
0.000316101
0.000204457
0.000295156
0.000205607
0.000275461
0.000207631
0.000255451
0.000211385
0.000232785
0.000216957
0.000206715
0.000222252
0.000179412
0.000225637
0.00015254
0.000229774
0.00012532
0.000236015
9.65854e-05
0.000244321
6.6341e-05
0.000253094
3.24848e-05
0.000271731
0.000239307
0.000703325
0.000201128
0.000682531
0.000202309
0.00066169
0.000203415
0.000640771
0.000204571
0.000619726
0.000205833
0.000598562
0.000207161
0.000577352
0.000208484
0.00055624
0.00020973
0.000535422
0.000210871
0.000515093
0.000211941
0.00049535
0.000213082
0.000476091
0.000214475
0.000456883
0.000216413
0.000437066
0.000218995
0.000415899
0.000222145
0.000392531
0.000225767
0.00036653
0.000229516
0.000338223
0.000232764
0.000308827
0.000235003
0.00028058
0.000235878
0.00025565
0.000236315
0.000233283
0.000239324
0.000209842
0.000245692
0.000183644
0.000251836
0.000156228
0.00025719
0.000128325
0.000263918
9.90609e-05
0.000273584
6.83635e-05
0.000283792
3.38053e-05
0.00030629
0.000273112
0.000711682
0.00022182
0.000690782
0.000223209
0.000669794
0.000224403
0.000648694
0.00022567
0.000627324
0.000227203
0.000605456
0.00022903
0.000582779
0.000231161
0.000558977
0.000233531
0.000533939
0.00023591
0.000507868
0.000238012
0.000481404
0.000239546
0.000455483
0.000240395
0.00043118
0.000240716
0.000409388
0.000240788
0.000390395
0.000241138
0.000373745
0.000242417
0.000357833
0.000245429
0.000340349
0.000250248
0.000318964
0.000256388
0.000292775
0.000262067
0.000264262
0.000264828
0.000237733
0.000265853
0.000213359
0.000270066
0.00018801
0.000277185
0.00016077
0.00028443
0.000132493
0.000292195
0.000102639
0.000303439
7.13126e-05
0.000315118
3.59718e-05
0.00034163
0.000309084
0.000718532
0.000239596
0.000698568
0.000243174
0.00067757
0.000245401
0.000656571
0.000246669
0.000636524
0.000247249
0.000618035
0.000247519
0.00060108
0.000248115
0.000585026
0.000249586
0.00056866
0.000252275
0.000550766
0.000255905
0.000530163
0.00026015
0.000506002
0.000264556
0.000478116
0.000268602
0.000447293
0.00027161
0.00041516
0.000273271
0.000384156
0.000273421
0.000356803
0.000272782
0.000334035
0.000273017
0.000314646
0.000275776
0.000294607
0.000282106
0.000269792
0.000289644
0.000242124
0.000293521
0.000215619
0.000296571
0.0001898
0.000303005
0.000162696
0.000311533
0.000134269
0.000320622
0.000103956
0.000333752
7.21709e-05
0.000346903
3.67628e-05
0.000377039
0.000345847
0.000715176
0.00024186
0.000703662
0.000254689
0.000684007
0.000265056
0.000657996
0.00027268
0.000627927
0.000277317
0.000596224
0.000279223
0.000565356
0.000278983
0.000537652
0.00027729
0.000514508
0.00027542
0.00049628
0.000274133
0.000482194
0.000274236
0.000470562
0.000276188
0.000458953
0.000280211
0.000444739
0.000285824
0.000425884
0.000292127
0.000401548
0.000297757
0.00037332
0.00030101
0.000344024
0.000302313
0.000317266
0.000302534
0.000294956
0.000304416
0.000273261
0.000311338
0.000247815
0.000318967
0.000220574
0.000323812
0.000193858
0.000329721
0.000166489
0.000338902
0.000138021
0.000349089
0.000107506
0.000364267
7.45551e-05
0.000379855
3.89106e-05
0.000412683
0.000384758
0.000656219
0.000196488
0.00068622
0.000224688
0.000702412
0.000248865
0.00070634
0.000268752
0.000699071
0.000284586
0.000681705
0.000296589
0.000655764
0.000304925
0.000623187
0.000309866
0.000586696
0.000311911
0.000549183
0.000311646
0.000513445
0.000309974
0.000481707
0.000307926
0.000455277
0.000306641
0.000433787
0.000307314
0.000415306
0.000310608
0.000396964
0.000316098
0.000375798
0.000322176
0.00035089
0.00032722
0.00032298
0.000330445
0.000295839
0.000331557
0.000272012
0.000335165
0.000248006
0.000342973
0.000221512
0.000350305
0.000194233
0.000357
0.000166468
0.000366667
0.000137515
0.000378043
0.000107934
0.000393847
7.36849e-05
0.000414104
3.87811e-05
0.000447587
0.000423539
0.000391025
0.000102601
0.000460848
0.000154866
0.000513627
0.000196085
0.000551855
0.000230524
0.000577259
0.000259181
0.000591071
0.000282777
0.000594376
0.000301619
0.000588331
0.000315912
0.000574295
0.000325947
0.00055382
0.000332121
0.000528708
0.000335086
0.000501029
0.000335605
0.000472837
0.000334833
0.000445813
0.000334338
0.000421096
0.000335325
0.000398537
0.000338658
0.000376685
0.000344028
0.000354002
0.000349903
0.000329144
0.000355303
0.000302467
0.000358234
0.000276525
0.000361107
0.000251544
0.000367953
0.000225482
0.000376368
0.000198319
0.000384163
0.000170546
0.00039444
0.000140619
0.00040797
0.000111915
0.000422551
7.55228e-05
0.000450497
4.06661e-05
0.000482444
0.000464205
2.83964e-06
3.96714e-07
1.53728e-07
-2.39774e-06
-3.58793e-06
-4.49893e-06
-5.34033e-06
-5.86348e-06
-6.41581e-06
-7.03667e-06
-7.36214e-06
-7.44098e-06
-7.59743e-06
-7.94125e-06
-8.57868e-06
-9.39582e-06
-1.01848e-05
-1.07919e-05
-1.11592e-05
-1.14372e-05
-1.19801e-05
-1.31109e-05
-1.50965e-05
-1.80902e-05
-2.2109e-05
-2.68844e-05
-3.15222e-05
-3.36344e-05
-2.77567e-05
)
;

boundaryField
{
    inlet
    {
        type            calculated;
        value           nonuniform List<scalar> 
30
(
-0.000666667
-0.000666667
-0.000666667
-0.000666667
-0.000666667
-0.000666667
-0.000666667
-0.000666667
-0.000666667
-0.000666667
-0.000666667
-0.000666667
-0.000666667
-0.000666667
-0.000666667
-0.000666667
-0.000666667
-0.000666667
-0.000666667
-0.000666667
-0.000666667
-0.000666667
-0.000666667
-0.000666667
-0.000666667
-0.000666667
-0.000666667
-0.000666667
-0.000666667
-0.000666667
)
;
    }
    outlet
    {
        type            calculated;
        value           nonuniform List<scalar> 0();
    }
    wall
    {
        type            calculated;
        value           uniform 0;
    }
    obstacle
    {
        type            calculated;
        value           uniform 0;
    }
    frontAndBack
    {
        type            empty;
        value           nonuniform List<scalar> 0();
    }
    procBoundary0to1
    {
        type            processor;
        value           nonuniform List<scalar> 
61
(
0.000101985
0.000154091
0.000195228
0.000229593
0.000258182
0.000281712
0.000300489
0.000314718
0.000324691
0.000330799
0.000333701
0.000334133
0.000333274
0.000332687
0.000333559
0.000419449
0.000314256
0.000320225
0.000325147
0.000328245
0.000329199
0.000332594
0.000340195
0.000347332
0.000353762
0.000363111
0.000374149
0.000389543
0.0004093
0.000442052
0.000417956
0.000461365
0.000484887
0.00045074
0.000425102
0.00040916
0.000395351
0.000385005
0.000376891
0.000368506
0.000361728
0.00035856
0.000355381
0.00035006
0.000344371
0.000339295
0.000336143
0.000335127
0.00033544
0.000335972
0.000335364
0.000332664
0.000327078
0.000317897
0.000304613
0.000286796
0.000263957
0.000235162
0.000198197
0.000148988
7.48444e-05
)
;
    }
}


// ************************************************************************* //
