/*--------------------------------*- C++ -*----------------------------------*\
| =========                 |                                                 |
| \\      /  F ield         | OpenFOAM: The Open Source CFD Toolbox           |
|  \\    /   O peration     | Version:  2312                                  |
|   \\  /    A nd           | Website:  www.openfoam.com                      |
|    \\/     M anipulation  |                                                 |
\*---------------------------------------------------------------------------*/
FoamFile
{
    version     2.0;
    format      ascii;
    arch        "LSB;label=32;scalar=64";
    class       volVectorField;
    location    "58000";
    object      U;
}
// * * * * * * * * * * * * * * * * * * * * * * * * * * * * * * * * * * * * * //

dimensions      [0 1 -1 0 0 0 0];

internalField   nonuniform List<vector> 
2685
(
(0.000207551 -7.83e-07 0)
(0.000210564 -6.50125e-07 0)
(0.000213329 -5.33936e-07 0)
(0.000215862 -4.33468e-07 0)
(0.000218178 -3.47617e-07 0)
(0.000220294 -2.75186e-07 0)
(0.000222224 -2.14907e-07 0)
(0.000223983 -1.6548e-07 0)
(0.000225586 -1.25592e-07 0)
(0.000227044 -9.3951e-08 0)
(0.00022837 -6.93051e-08 0)
(0.000229575 -5.04668e-08 0)
(0.00023067 -3.63326e-08 0)
(0.000231665 -2.58996e-08 0)
(0.000232568 -1.82795e-08 0)
(0.000233389 -1.2709e-08 0)
(0.000234135 -8.55648e-09 0)
(0.000234814 -5.32376e-09 0)
(0.000235431 -2.64259e-09 0)
(0.000235993 -2.66933e-10 0)
(0.000236505 1.93881e-09 0)
(0.000236973 4.01414e-09 0)
(0.000237401 5.91815e-09 0)
(0.000237794 7.54627e-09 0)
(0.000238157 8.74759e-09 0)
(0.000238493 9.34307e-09 0)
(0.000238806 9.14454e-09 0)
(0.000239099 7.97397e-09 0)
(0.000239376 5.68241e-09 0)
(0.00023964 2.16725e-09 0)
(0.000239893 -2.614e-09 0)
(0.000240138 -8.63517e-09 0)
(0.000240377 -1.57999e-08 0)
(0.00024061 -2.3949e-08 0)
(0.00024084 -3.28763e-08 0)
(0.000241068 -4.2351e-08 0)
(0.000241295 -5.21391e-08 0)
(0.000241521 -6.20186e-08 0)
(0.000241747 -7.17873e-08 0)
(0.000241975 -8.12624e-08 0)
(0.000242202 -9.02783e-08 0)
(0.000242431 -9.86824e-08 0)
(0.00024266 -1.06333e-07 0)
(0.00024289 -1.13104e-07 0)
(0.00024312 -1.18886e-07 0)
(0.00024335 -1.23601e-07 0)
(0.000243578 -1.27205e-07 0)
(0.000243803 -1.29688e-07 0)
(0.000244026 -1.31078e-07 0)
(0.000244244 -1.31436e-07 0)
(0.000244455 -1.30848e-07 0)
(0.00024466 -1.29421e-07 0)
(0.000244856 -1.27275e-07 0)
(0.000245042 -1.24534e-07 0)
(0.000245218 -1.21318e-07 0)
(0.000245382 -1.17736e-07 0)
(0.000245535 -1.13878e-07 0)
(0.000245675 -1.0981e-07 0)
(0.000245803 -1.05575e-07 0)
(0.000245918 -1.01197e-07 0)
(0.000246022 -9.66865e-08 0)
(0.000246114 -9.20574e-08 0)
(0.000246195 -8.73319e-08 0)
(0.000246265 -8.25468e-08 0)
(0.000246324 -7.77543e-08 0)
(0.000246374 -7.30182e-08 0)
(0.000246414 -6.84119e-08 0)
(0.000246446 -6.40078e-08 0)
(0.00024647 -5.98713e-08 0)
(0.000246487 -5.60362e-08 0)
(0.000246498 -5.24972e-08 0)
(0.000246503 -4.91822e-08 0)
(0.000246504 -4.59434e-08 0)
(0.000246501 -4.26452e-08 0)
(0.000246494 -3.92381e-08 0)
(0.000246484 -3.55746e-08 0)
(0.000246472 -3.15234e-08 0)
(0.000246457 -2.70751e-08 0)
(0.00024644 -2.22291e-08 0)
(0.000246422 -1.70992e-08 0)
(0.000246402 -1.17665e-08 0)
(0.000246382 -6.51168e-09 0)
(0.000246361 -1.40075e-09 0)
(0.000246342 3.15152e-09 0)
(0.000246323 7.22176e-09 0)
(0.000246307 1.03e-08 0)
(0.000246291 1.25274e-08 0)
(0.000246281 1.38789e-08 0)
(0.000246268 1.29255e-08 0)
(0.00054184 -1.27204e-05 0)
(0.000547539 -1.17472e-05 0)
(0.000552944 -1.0829e-05 0)
(0.000558069 -9.96554e-06 0)
(0.000562923 -9.15601e-06 0)
(0.000567518 -8.39928e-06 0)
(0.000571866 -7.69388e-06 0)
(0.000575978 -7.03807e-06 0)
(0.000579863 -6.42994e-06 0)
(0.000583533 -5.86745e-06 0)
(0.000586997 -5.3485e-06 0)
(0.000590264 -4.87095e-06 0)
(0.000593345 -4.43264e-06 0)
(0.000596248 -4.03143e-06 0)
(0.000598981 -3.66519e-06 0)
(0.000601553 -3.33178e-06 0)
(0.000603973 -3.0291e-06 0)
(0.000606248 -2.75511e-06 0)
(0.000608387 -2.50785e-06 0)
(0.000610396 -2.28547e-06 0)
(0.000612284 -2.08626e-06 0)
(0.000614059 -1.90865e-06 0)
(0.000615728 -1.75123e-06 0)
(0.000617299 -1.61266e-06 0)
(0.000618779 -1.49168e-06 0)
(0.000620177 -1.38703e-06 0)
(0.0006215 -1.29741e-06 0)
(0.000622755 -1.22149e-06 0)
(0.000623949 -1.15781e-06 0)
(0.000625089 -1.1049e-06 0)
(0.000626182 -1.06126e-06 0)
(0.000627233 -1.02547e-06 0)
(0.000628246 -9.96252e-07 0)
(0.000629228 -9.72489e-07 0)
(0.000630181 -9.53239e-07 0)
(0.000631108 -9.37683e-07 0)
(0.000632012 -9.25103e-07 0)
(0.000632896 -9.14857e-07 0)
(0.000633759 -9.06383e-07 0)
(0.000634605 -8.99187e-07 0)
(0.000635432 -8.92827e-07 0)
(0.000636242 -8.86874e-07 0)
(0.000637035 -8.80876e-07 0)
(0.000637809 -8.74324e-07 0)
(0.000638565 -8.66635e-07 0)
(0.000639301 -8.57158e-07 0)
(0.000640016 -8.45197e-07 0)
(0.000640709 -8.30055e-07 0)
(0.000641378 -8.11091e-07 0)
(0.00064202 -7.87792e-07 0)
(0.000642636 -7.59841e-07 0)
(0.000643223 -7.27181e-07 0)
(0.000643779 -6.90045e-07 0)
(0.000644303 -6.48947e-07 0)
(0.000644796 -6.04628e-07 0)
(0.000645256 -5.57969e-07 0)
(0.000645683 -5.0989e-07 0)
(0.000646077 -4.61257e-07 0)
(0.00064644 -4.12814e-07 0)
(0.000646772 -3.65151e-07 0)
(0.000647075 -3.1871e-07 0)
(0.000647348 -2.73812e-07 0)
(0.000647593 -2.30723e-07 0)
(0.000647811 -1.89685e-07 0)
(0.000648004 -1.5096e-07 0)
(0.000648172 -1.14813e-07 0)
(0.000648317 -8.15185e-08 0)
(0.000648441 -5.12847e-08 0)
(0.000648545 -2.42648e-08 0)
(0.000648631 -4.67605e-10 0)
(0.000648701 2.02104e-08 0)
(0.000648757 3.80288e-08 0)
(0.000648801 5.33813e-08 0)
(0.000648834 6.65843e-08 0)
(0.000648857 7.78837e-08 0)
(0.000648872 8.73268e-08 0)
(0.000648878 9.50447e-08 0)
(0.000648876 1.00831e-07 0)
(0.000648866 1.0464e-07 0)
(0.000648851 1.06033e-07 0)
(0.000648827 1.04917e-07 0)
(0.000648801 1.00963e-07 0)
(0.000648767 9.44382e-08 0)
(0.000648737 8.50812e-08 0)
(0.000648697 7.42394e-08 0)
(0.000648668 6.12746e-08 0)
(0.000648627 4.8302e-08 0)
(0.000648607 3.68674e-08 0)
(0.000648561 2.18735e-08 0)
(0.000774828 -2.64488e-05 0)
(0.000779176 -2.49904e-05 0)
(0.000783372 -2.36011e-05 0)
(0.000787422 -2.22801e-05 0)
(0.000791334 -2.10258e-05 0)
(0.000795114 -1.98361e-05 0)
(0.000798769 -1.87089e-05 0)
(0.000802305 -1.76413e-05 0)
(0.000805728 -1.66306e-05 0)
(0.000809043 -1.56739e-05 0)
(0.000812254 -1.47685e-05 0)
(0.000815365 -1.39115e-05 0)
(0.00081838 -1.31003e-05 0)
(0.000821301 -1.23323e-05 0)
(0.000824132 -1.16053e-05 0)
(0.000826874 -1.09171e-05 0)
(0.000829528 -1.02661e-05 0)
(0.000832098 -9.65057e-06 0)
(0.000834583 -9.06949e-06 0)
(0.000836985 -8.52205e-06 0)
(0.000839306 -8.00783e-06 0)
(0.000841546 -7.52665e-06 0)
(0.000843708 -7.07856e-06 0)
(0.000845792 -6.6637e-06 0)
(0.000847801 -6.28218e-06 0)
(0.000849737 -5.93396e-06 0)
(0.000851606 -5.61873e-06 0)
(0.00085341 -5.33581e-06 0)
(0.000855154 -5.08407e-06 0)
(0.000856845 -4.86191e-06 0)
(0.000858487 -4.66733e-06 0)
(0.000860086 -4.49796e-06 0)
(0.000861646 -4.35121e-06 0)
(0.000863171 -4.22435e-06 0)
(0.000864666 -4.11463e-06 0)
(0.000866134 -4.01934e-06 0)
(0.000867578 -3.93583e-06 0)
(0.000869002 -3.86146e-06 0)
(0.000870409 -3.79365e-06 0)
(0.000871802 -3.72985e-06 0)
(0.000873186 -3.66758e-06 0)
(0.000874563 -3.6045e-06 0)
(0.000875933 -3.53853e-06 0)
(0.000877299 -3.46786e-06 0)
(0.000878659 -3.39103e-06 0)
(0.000880012 -3.30693e-06 0)
(0.000881353 -3.21477e-06 0)
(0.000882679 -3.11407e-06 0)
(0.000883985 -3.00463e-06 0)
(0.000885264 -2.88658e-06 0)
(0.000886511 -2.76038e-06 0)
(0.00088772 -2.62686e-06 0)
(0.000888886 -2.48724e-06 0)
(0.000890003 -2.34308e-06 0)
(0.000891068 -2.19621e-06 0)
(0.000892078 -2.04851e-06 0)
(0.00089303 -1.90177e-06 0)
(0.000893924 -1.75745e-06 0)
(0.000894759 -1.61658e-06 0)
(0.000895537 -1.47973e-06 0)
(0.00089626 -1.34712e-06 0)
(0.000896928 -1.21887e-06 0)
(0.000897544 -1.09513e-06 0)
(0.000898111 -9.76205e-07 0)
(0.00089863 -8.62581e-07 0)
(0.000899104 -7.54786e-07 0)
(0.000899535 -6.53551e-07 0)
(0.000899928 -5.59554e-07 0)
(0.000900284 -4.73695e-07 0)
(0.000900608 -3.96378e-07 0)
(0.000900902 -3.28009e-07 0)
(0.000901171 -2.67766e-07 0)
(0.000901416 -2.15112e-07 0)
(0.000901641 -1.67892e-07 0)
(0.000901843 -1.25385e-07 0)
(0.00090203 -8.51178e-08 0)
(0.000902192 -4.76692e-08 0)
(0.000902341 -1.07956e-08 0)
(0.000902465 2.32927e-08 0)
(0.000902579 5.62949e-08 0)
(0.000902669 8.46417e-08 0)
(0.000902754 1.09907e-07 0)
(0.000902821 1.28258e-07 0)
(0.000902883 1.42221e-07 0)
(0.000902945 1.47936e-07 0)
(0.000902989 1.51245e-07 0)
(0.000903065 1.44989e-07 0)
(0.000903089 1.43231e-07 0)
(0.000903188 1.27902e-07 0)
(0.000955976 -3.2393e-05 0)
(0.000957056 -3.0735e-05 0)
(0.000958104 -2.91629e-05 0)
(0.000959123 -2.76758e-05 0)
(0.000960115 -2.62724e-05 0)
(0.000961084 -2.495e-05 0)
(0.000962033 -2.37056e-05 0)
(0.000962964 -2.25352e-05 0)
(0.000963882 -2.14345e-05 0)
(0.000964789 -2.0399e-05 0)
(0.000965689 -1.94241e-05 0)
(0.000966585 -1.85053e-05 0)
(0.000967481 -1.76385e-05 0)
(0.000968377 -1.68197e-05 0)
(0.000969277 -1.60454e-05 0)
(0.000970182 -1.53123e-05 0)
(0.000971092 -1.46174e-05 0)
(0.000972008 -1.39582e-05 0)
(0.000972928 -1.33323e-05 0)
(0.000973853 -1.27376e-05 0)
(0.000974781 -1.21726e-05 0)
(0.000975711 -1.16363e-05 0)
(0.000976641 -1.11284e-05 0)
(0.000977571 -1.06495e-05 0)
(0.000978497 -1.0201e-05 0)
(0.000979419 -9.78479e-06 0)
(0.000980335 -9.40271e-06 0)
(0.000981244 -9.05609e-06 0)
(0.000982148 -8.74526e-06 0)
(0.00098305 -8.46923e-06 0)
(0.000983951 -8.22568e-06 0)
(0.000984858 -8.01132e-06 0)
(0.000985775 -7.82238e-06 0)
(0.000986705 -7.65524e-06 0)
(0.000987652 -7.50699e-06 0)
(0.000988619 -7.37571e-06 0)
(0.000989608 -7.26047e-06 0)
(0.000990621 -7.16105e-06 0)
(0.000991657 -7.0774e-06 0)
(0.000992721 -7.00902e-06 0)
(0.000993812 -6.95444e-06 0)
(0.000994936 -6.91084e-06 0)
(0.000996094 -6.87401e-06 0)
(0.00099729 -6.83853e-06 0)
(0.000998527 -6.79822e-06 0)
(0.000999805 -6.74668e-06 0)
(0.00100112 -6.67785e-06 0)
(0.00100248 -6.58652e-06 0)
(0.00100387 -6.46868e-06 0)
(0.00100529 -6.32174e-06 0)
(0.00100672 -6.14467e-06 0)
(0.00100816 -5.93801e-06 0)
(0.0010096 -5.70382e-06 0)
(0.00101103 -5.44553e-06 0)
(0.00101243 -5.16771e-06 0)
(0.00101379 -4.87568e-06 0)
(0.0010151 -4.5751e-06 0)
(0.00101636 -4.27139e-06 0)
(0.00101755 -3.96934e-06 0)
(0.00101868 -3.6727e-06 0)
(0.00101974 -3.38416e-06 0)
(0.00102072 -3.1053e-06 0)
(0.00102164 -2.83732e-06 0)
(0.00102249 -2.58081e-06 0)
(0.00102328 -2.33701e-06 0)
(0.001024 -2.10669e-06 0)
(0.00102466 -1.89204e-06 0)
(0.00102526 -1.69372e-06 0)
(0.00102581 -1.51418e-06 0)
(0.00102631 -1.35225e-06 0)
(0.00102677 -1.2092e-06 0)
(0.00102719 -1.08075e-06 0)
(0.00102757 -9.66577e-07 0)
(0.00102792 -8.60536e-07 0)
(0.00102824 -7.61801e-07 0)
(0.00102853 -6.66417e-07 0)
(0.0010288 -5.73117e-07 0)
(0.00102904 -4.85796e-07 0)
(0.00102927 -3.98715e-07 0)
(0.00102946 -3.29023e-07 0)
(0.00102964 -2.57555e-07 0)
(0.00102978 -2.19558e-07 0)
(0.00102993 -1.72937e-07 0)
(0.00103001 -1.72731e-07 0)
(0.00103017 -1.52173e-07 0)
(0.00103021 -1.78837e-07 0)
(0.00103039 -1.772e-07 0)
(0.0010304 -2.0475e-07 0)
(0.00103062 -2.13259e-07 0)
(0.00107194 -3.1363e-05 0)
(0.00107071 -2.97467e-05 0)
(0.00106954 -2.82102e-05 0)
(0.00106844 -2.67533e-05 0)
(0.00106739 -2.53754e-05 0)
(0.00106641 -2.40756e-05 0)
(0.00106547 -2.28529e-05 0)
(0.00106458 -2.17056e-05 0)
(0.00106373 -2.06316e-05 0)
(0.00106292 -1.9628e-05 0)
(0.00106213 -1.86917e-05 0)
(0.00106138 -1.7819e-05 0)
(0.00106065 -1.70059e-05 0)
(0.00105994 -1.62477e-05 0)
(0.00105927 -1.55393e-05 0)
(0.00105862 -1.48754e-05 0)
(0.001058 -1.42507e-05 0)
(0.00105741 -1.36609e-05 0)
(0.00105686 -1.31028e-05 0)
(0.00105634 -1.25742e-05 0)
(0.00105587 -1.20734e-05 0)
(0.00105543 -1.15991e-05 0)
(0.00105503 -1.11502e-05 0)
(0.00105467 -1.07258e-05 0)
(0.00105436 -1.03257e-05 0)
(0.00105408 -9.9511e-06 0)
(0.00105383 -9.60498e-06 0)
(0.00105361 -9.29166e-06 0)
(0.00105342 -9.01614e-06 0)
(0.00105326 -8.78297e-06 0)
(0.00105312 -8.59504e-06 0)
(0.00105301 -8.45275e-06 0)
(0.00105293 -8.35377e-06 0)
(0.00105289 -8.29343e-06 0)
(0.00105288 -8.26568e-06 0)
(0.00105293 -8.26423e-06 0)
(0.00105302 -8.28363e-06 0)
(0.00105316 -8.31996e-06 0)
(0.00105336 -8.371e-06 0)
(0.00105362 -8.43587e-06 0)
(0.00105393 -8.51421e-06 0)
(0.00105431 -8.6052e-06 0)
(0.00105475 -8.70673e-06 0)
(0.00105526 -8.81473e-06 0)
(0.00105584 -8.92304e-06 0)
(0.00105649 -9.02365e-06 0)
(0.00105722 -9.10729e-06 0)
(0.00105802 -9.16428e-06 0)
(0.0010589 -9.18537e-06 0)
(0.00105985 -9.16249e-06 0)
(0.00106088 -9.08934e-06 0)
(0.00106196 -8.9618e-06 0)
(0.00106311 -8.77817e-06 0)
(0.00106429 -8.53926e-06 0)
(0.00106551 -8.24839e-06 0)
(0.00106674 -7.91111e-06 0)
(0.00106797 -7.53503e-06 0)
(0.00106918 -7.129e-06 0)
(0.00107037 -6.70269e-06 0)
(0.00107151 -6.26535e-06 0)
(0.0010726 -5.82569e-06 0)
(0.00107363 -5.3904e-06 0)
(0.0010746 -4.96527e-06 0)
(0.00107549 -4.55344e-06 0)
(0.00107632 -4.15841e-06 0)
(0.00107708 -3.78115e-06 0)
(0.00107777 -3.4251e-06 0)
(0.0010784 -3.09085e-06 0)
(0.00107896 -2.78274e-06 0)
(0.00107947 -2.5008e-06 0)
(0.00107992 -2.24821e-06 0)
(0.00108033 -2.02311e-06 0)
(0.00108069 -1.82361e-06 0)
(0.00108101 -1.64723e-06 0)
(0.0010813 -1.48373e-06 0)
(0.00108156 -1.33697e-06 0)
(0.00108181 -1.18588e-06 0)
(0.00108202 -1.05195e-06 0)
(0.00108223 -8.99604e-07 0)
(0.00108239 -7.77548e-07 0)
(0.00108257 -6.31171e-07 0)
(0.00108268 -5.36337e-07 0)
(0.00108282 -4.20745e-07 0)
(0.00108287 -3.69923e-07 0)
(0.001083 -3.12265e-07 0)
(0.001083 -3.04952e-07 0)
(0.00108312 -3.17823e-07 0)
(0.0010831 -3.29961e-07 0)
(0.00108322 -4.00606e-07 0)
(0.00111165 -2.67252e-05 0)
(0.00110941 -2.53836e-05 0)
(0.0011073 -2.41138e-05 0)
(0.00110532 -2.29129e-05 0)
(0.00110347 -2.17764e-05 0)
(0.00110173 -2.06989e-05 0)
(0.0011001 -1.96753e-05 0)
(0.00109857 -1.87011e-05 0)
(0.00109714 -1.77732e-05 0)
(0.00109578 -1.68897e-05 0)
(0.00109449 -1.60503e-05 0)
(0.00109326 -1.52558e-05 0)
(0.00109207 -1.45073e-05 0)
(0.00109092 -1.38061e-05 0)
(0.0010898 -1.3153e-05 0)
(0.00108871 -1.25475e-05 0)
(0.00108765 -1.19884e-05 0)
(0.00108662 -1.14738e-05 0)
(0.00108562 -1.10014e-05 0)
(0.00108467 -1.05686e-05 0)
(0.00108376 -1.01727e-05 0)
(0.0010829 -9.81061e-06 0)
(0.0010821 -9.4787e-06 0)
(0.00108136 -9.17323e-06 0)
(0.00108069 -8.89086e-06 0)
(0.00108009 -8.62952e-06 0)
(0.00107955 -8.38902e-06 0)
(0.00107909 -8.17131e-06 0)
(0.0010787 -7.98018e-06 0)
(0.00107837 -7.82043e-06 0)
(0.00107811 -7.69671e-06 0)
(0.00107791 -7.61245e-06 0)
(0.00107776 -7.56918e-06 0)
(0.00107767 -7.56639e-06 0)
(0.00107763 -7.60183e-06 0)
(0.00107763 -7.6722e-06 0)
(0.00107769 -7.77397e-06 0)
(0.00107779 -7.90399e-06 0)
(0.00107793 -8.05988e-06 0)
(0.00107813 -8.23999e-06 0)
(0.00107837 -8.44304e-06 0)
(0.00107866 -8.66756e-06 0)
(0.001079 -8.91115e-06 0)
(0.00107939 -9.17001e-06 0)
(0.00107982 -9.43842e-06 0)
(0.00108031 -9.70871e-06 0)
(0.00108084 -9.97142e-06 0)
(0.00108144 -1.02156e-05 0)
(0.00108209 -1.04296e-05 0)
(0.0010828 -1.06015e-05 0)
(0.00108359 -1.07197e-05 0)
(0.00108443 -1.07742e-05 0)
(0.00108534 -1.07565e-05 0)
(0.0010863 -1.06609e-05 0)
(0.00108732 -1.04848e-05 0)
(0.00108837 -1.02288e-05 0)
(0.00108945 -9.89767e-06 0)
(0.00109053 -9.49888e-06 0)
(0.00109161 -9.0432e-06 0)
(0.00109267 -8.54274e-06 0)
(0.00109369 -8.01098e-06 0)
(0.00109466 -7.46018e-06 0)
(0.00109557 -6.90254e-06 0)
(0.00109642 -6.34708e-06 0)
(0.00109719 -5.80299e-06 0)
(0.00109788 -5.27558e-06 0)
(0.0010985 -4.77194e-06 0)
(0.00109905 -4.29539e-06 0)
(0.00109953 -3.85191e-06 0)
(0.00109995 -3.44398e-06 0)
(0.0011003 -3.0746e-06 0)
(0.0011006 -2.74562e-06 0)
(0.00110086 -2.45216e-06 0)
(0.00110107 -2.19764e-06 0)
(0.00110125 -1.96397e-06 0)
(0.00110139 -1.76369e-06 0)
(0.00110152 -1.56179e-06 0)
(0.00110161 -1.39164e-06 0)
(0.0011017 -1.19951e-06 0)
(0.00110175 -1.048e-06 0)
(0.00110182 -8.66337e-07 0)
(0.00110184 -7.40774e-07 0)
(0.00110189 -5.95e-07 0)
(0.00110189 -5.10625e-07 0)
(0.00110192 -4.35523e-07 0)
(0.00110191 -3.96713e-07 0)
(0.00110193 -4.12907e-07 0)
(0.00110191 -4.04479e-07 0)
(0.00110193 -4.98309e-07 0)
(0.00111696 -2.09818e-05 0)
(0.0011143 -1.9961e-05 0)
(0.00111177 -1.9005e-05 0)
(0.00110936 -1.81114e-05 0)
(0.00110707 -1.72746e-05 0)
(0.0011049 -1.64868e-05 0)
(0.00110284 -1.57385e-05 0)
(0.0011009 -1.50206e-05 0)
(0.00109905 -1.43253e-05 0)
(0.0010973 -1.36475e-05 0)
(0.00109563 -1.29854e-05 0)
(0.00109403 -1.23402e-05 0)
(0.0010925 -1.17159e-05 0)
(0.00109102 -1.11177e-05 0)
(0.00108959 -1.05516e-05 0)
(0.00108819 -1.00234e-05 0)
(0.00108684 -9.53804e-06 0)
(0.00108552 -9.09993e-06 0)
(0.00108424 -8.7124e-06 0)
(0.00108301 -8.37753e-06 0)
(0.00108184 -8.0957e-06 0)
(0.00108072 -7.86536e-06 0)
(0.00107967 -7.68319e-06 0)
(0.0010787 -7.54456e-06 0)
(0.00107782 -7.44445e-06 0)
(0.00107704 -7.37837e-06 0)
(0.00107636 -7.34319e-06 0)
(0.00107578 -7.33734e-06 0)
(0.00107533 -7.36054e-06 0)
(0.00107499 -7.4133e-06 0)
(0.00107476 -7.496e-06 0)
(0.00107465 -7.60836e-06 0)
(0.00107466 -7.74916e-06 0)
(0.00107477 -7.91633e-06 0)
(0.001075 -8.10732e-06 0)
(0.00107532 -8.31945e-06 0)
(0.00107573 -8.5504e-06 0)
(0.00107623 -8.79831e-06 0)
(0.00107682 -9.06183e-06 0)
(0.00107748 -9.33993e-06 0)
(0.0010782 -9.63161e-06 0)
(0.00107899 -9.93568e-06 0)
(0.00107984 -1.02505e-05 0)
(0.00108074 -1.05737e-05 0)
(0.00108169 -1.09021e-05 0)
(0.00108268 -1.12313e-05 0)
(0.00108372 -1.15554e-05 0)
(0.0010848 -1.18669e-05 0)
(0.00108593 -1.21565e-05 0)
(0.00108709 -1.24131e-05 0)
(0.00108831 -1.26241e-05 0)
(0.00108956 -1.27758e-05 0)
(0.00109085 -1.28549e-05 0)
(0.00109217 -1.28491e-05 0)
(0.00109351 -1.27489e-05 0)
(0.00109487 -1.25484e-05 0)
(0.00109622 -1.22463e-05 0)
(0.00109754 -1.18462e-05 0)
(0.00109884 -1.13565e-05 0)
(0.00110008 -1.07892e-05 0)
(0.00110126 -1.01597e-05 0)
(0.00110235 -9.48406e-06 0)
(0.00110336 -8.77954e-06 0)
(0.00110427 -8.06132e-06 0)
(0.00110508 -7.34491e-06 0)
(0.00110579 -6.64207e-06 0)
(0.0011064 -5.96516e-06 0)
(0.00110691 -5.32256e-06 0)
(0.00110734 -4.72301e-06 0)
(0.00110768 -4.17222e-06 0)
(0.00110795 -3.6731e-06 0)
(0.00110816 -3.22956e-06 0)
(0.00110831 -2.83441e-06 0)
(0.00110841 -2.49291e-06 0)
(0.00110848 -2.18342e-06 0)
(0.0011085 -1.92033e-06 0)
(0.0011085 -1.66503e-06 0)
(0.00110848 -1.45173e-06 0)
(0.00110844 -1.22492e-06 0)
(0.00110838 -1.04485e-06 0)
(0.00110833 -8.43697e-07 0)
(0.00110827 -6.99052e-07 0)
(0.0011082 -5.45867e-07 0)
(0.00110815 -4.47812e-07 0)
(0.00110809 -3.75091e-07 0)
(0.00110804 -3.26057e-07 0)
(0.00110798 -3.52828e-07 0)
(0.00110796 -3.38069e-07 0)
(0.00110789 -4.49295e-07 0)
(0.00113915 -1.47015e-05 0)
(0.00113584 -1.39122e-05 0)
(0.00113261 -1.31845e-05 0)
(0.00112946 -1.25177e-05 0)
(0.00112639 -1.19073e-05 0)
(0.0011234 -1.13444e-05 0)
(0.00112048 -1.08175e-05 0)
(0.00111765 -1.03142e-05 0)
(0.00111491 -9.82262e-06 0)
(0.00111224 -9.33413e-06 0)
(0.00110966 -8.84429e-06 0)
(0.00110715 -8.35342e-06 0)
(0.00110472 -7.86613e-06 0)
(0.00110236 -7.39015e-06 0)
(0.00110007 -6.93501e-06 0)
(0.00109784 -6.51085e-06 0)
(0.00109568 -6.12761e-06 0)
(0.00109357 -5.7945e-06 0)
(0.00109153 -5.51963e-06 0)
(0.00108956 -5.30954e-06 0)
(0.00108765 -5.16862e-06 0)
(0.00108583 -5.09851e-06 0)
(0.00108408 -5.09794e-06 0)
(0.00108243 -5.16316e-06 0)
(0.00108089 -5.28881e-06 0)
(0.00107945 -5.46898e-06 0)
(0.00107814 -5.69814e-06 0)
(0.00107695 -5.97149e-06 0)
(0.0010759 -6.28481e-06 0)
(0.001075 -6.63584e-06 0)
(0.00107425 -7.02219e-06 0)
(0.00107365 -7.4401e-06 0)
(0.00107321 -7.88481e-06 0)
(0.00107294 -8.35075e-06 0)
(0.00107282 -8.83195e-06 0)
(0.00107286 -9.32261e-06 0)
(0.00107304 -9.81772e-06 0)
(0.00107337 -1.03134e-05 0)
(0.00107384 -1.08069e-05 0)
(0.00107444 -1.12966e-05 0)
(0.00107516 -1.17819e-05 0)
(0.00107599 -1.22625e-05 0)
(0.00107694 -1.27386e-05 0)
(0.00107799 -1.32103e-05 0)
(0.00107915 -1.36766e-05 0)
(0.00108041 -1.41356e-05 0)
(0.00108175 -1.45829e-05 0)
(0.00108319 -1.50118e-05 0)
(0.00108471 -1.54121e-05 0)
(0.0010863 -1.57705e-05 0)
(0.00108795 -1.6071e-05 0)
(0.00108965 -1.62955e-05 0)
(0.00109139 -1.64256e-05 0)
(0.00109315 -1.64439e-05 0)
(0.0010949 -1.63364e-05 0)
(0.00109664 -1.60937e-05 0)
(0.00109834 -1.57122e-05 0)
(0.00109998 -1.51949e-05 0)
(0.00110154 -1.45513e-05 0)
(0.00110301 -1.37965e-05 0)
(0.00110438 -1.295e-05 0)
(0.00110562 -1.2034e-05 0)
(0.00110674 -1.10725e-05 0)
(0.00110772 -1.00883e-05 0)
(0.00110857 -9.10444e-06 0)
(0.00110929 -8.14019e-06 0)
(0.00110989 -7.21379e-06 0)
(0.00111037 -6.33896e-06 0)
(0.00111074 -5.5272e-06 0)
(0.00111102 -4.78637e-06 0)
(0.00111121 -4.11914e-06 0)
(0.00111133 -3.5289e-06 0)
(0.00111139 -3.00713e-06 0)
(0.00111139 -2.55706e-06 0)
(0.00111134 -2.15725e-06 0)
(0.00111126 -1.81868e-06 0)
(0.00111115 -1.50624e-06 0)
(0.00111102 -1.248e-06 0)
(0.00111088 -9.95614e-07 0)
(0.00111073 -7.98556e-07 0)
(0.00111057 -5.99088e-07 0)
(0.00111043 -4.59462e-07 0)
(0.00111028 -3.2584e-07 0)
(0.00111017 -2.45168e-07 0)
(0.00111004 -1.97424e-07 0)
(0.00110997 -1.67657e-07 0)
(0.00110984 -2.15159e-07 0)
(0.0011098 -2.13181e-07 0)
(0.00110968 -3.39478e-07 0)
(0.00119732 -6.41921e-06 0)
(0.00119313 -5.74854e-06 0)
(0.00118899 -5.13261e-06 0)
(0.00118488 -4.57453e-06 0)
(0.00118081 -4.0743e-06 0)
(0.00117677 -3.62843e-06 0)
(0.00117277 -3.22967e-06 0)
(0.00116881 -2.86787e-06 0)
(0.0011649 -2.53165e-06 0)
(0.00116104 -2.21027e-06 0)
(0.00115724 -1.89565e-06 0)
(0.0011535 -1.58405e-06 0)
(0.00114984 -1.2766e-06 0)
(0.00114625 -9.78772e-07 0)
(0.00114275 -6.99056e-07 0)
(0.00113932 -4.47606e-07 0)
(0.00113598 -2.35227e-07 0)
(0.00113274 -7.26401e-08 0)
(0.00112958 3.00015e-08 0)
(0.00112651 6.35633e-08 0)
(0.00112354 2.07342e-08 0)
(0.00112067 -1.03185e-07 0)
(0.0011179 -3.09832e-07 0)
(0.00111523 -5.97995e-07 0)
(0.00111266 -9.64571e-07 0)
(0.00111021 -1.40566e-06 0)
(0.00110788 -1.91767e-06 0)
(0.00110566 -2.49765e-06 0)
(0.00110357 -3.1432e-06 0)
(0.00110161 -3.84978e-06 0)
(0.00109978 -4.61095e-06 0)
(0.0010981 -5.41861e-06 0)
(0.00109657 -6.26232e-06 0)
(0.00109519 -7.1304e-06 0)
(0.00109399 -8.01103e-06 0)
(0.00109295 -8.89218e-06 0)
(0.00109209 -9.76514e-06 0)
(0.0010914 -1.06245e-05 0)
(0.00109089 -1.14676e-05 0)
(0.00109055 -1.22947e-05 0)
(0.00109038 -1.31068e-05 0)
(0.00109038 -1.39059e-05 0)
(0.00109054 -1.4693e-05 0)
(0.00109086 -1.5468e-05 0)
(0.00109134 -1.62282e-05 0)
(0.00109197 -1.69685e-05 0)
(0.00109274 -1.76807e-05 0)
(0.00109363 -1.83528e-05 0)
(0.00109464 -1.89696e-05 0)
(0.00109575 -1.95125e-05 0)
(0.00109695 -1.99601e-05 0)
(0.00109821 -2.02901e-05 0)
(0.00109952 -2.04802e-05 0)
(0.00110086 -2.05105e-05 0)
(0.0011022 -2.03657e-05 0)
(0.00110353 -2.00366e-05 0)
(0.00110482 -1.95214e-05 0)
(0.00110607 -1.88262e-05 0)
(0.00110724 -1.79651e-05 0)
(0.00110833 -1.69589e-05 0)
(0.00110932 -1.58342e-05 0)
(0.00111021 -1.46208e-05 0)
(0.00111099 -1.33507e-05 0)
(0.00111165 -1.20553e-05 0)
(0.0011122 -1.07651e-05 0)
(0.00111264 -9.50692e-06 0)
(0.00111298 -8.30439e-06 0)
(0.00111321 -7.17586e-06 0)
(0.00111336 -6.13514e-06 0)
(0.00111344 -5.1913e-06 0)
(0.00111344 -4.34681e-06 0)
(0.00111338 -3.60348e-06 0)
(0.00111327 -2.95237e-06 0)
(0.00111312 -2.39314e-06 0)
(0.00111293 -1.90635e-06 0)
(0.00111272 -1.49724e-06 0)
(0.00111249 -1.13683e-06 0)
(0.00111225 -8.43416e-07 0)
(0.001112 -5.79185e-07 0)
(0.00111176 -3.78179e-07 0)
(0.00111152 -1.9646e-07 0)
(0.00111131 -7.58791e-08 0)
(0.00111109 2.28626e-08 0)
(0.00111093 7.35192e-08 0)
(0.00111073 8.43718e-08 0)
(0.00111063 8.54082e-08 0)
(0.00111045 1.01609e-08 0)
(0.0011104 -5.72802e-09 0)
(0.00111021 -1.50221e-07 0)
(0.0012676 3.55788e-06 0)
(0.00126309 4.16244e-06 0)
(0.00125861 4.72136e-06 0)
(0.00125415 5.23192e-06 0)
(0.00124971 5.69271e-06 0)
(0.00124528 6.10387e-06 0)
(0.00124087 6.46748e-06 0)
(0.00123647 6.78723e-06 0)
(0.00123209 7.06791e-06 0)
(0.00122772 7.31485e-06 0)
(0.00122339 7.53292e-06 0)
(0.00121909 7.72517e-06 0)
(0.00121483 7.89175e-06 0)
(0.00121063 8.02965e-06 0)
(0.0012065 8.13293e-06 0)
(0.00120243 8.19371e-06 0)
(0.00119844 8.2033e-06 0)
(0.00119454 8.1531e-06 0)
(0.00119073 8.0353e-06 0)
(0.001187 7.84327e-06 0)
(0.00118337 7.57188e-06 0)
(0.00117984 7.21801e-06 0)
(0.0011764 6.78104e-06 0)
(0.00117305 6.26296e-06 0)
(0.00116979 5.66797e-06 0)
(0.00116661 5.00111e-06 0)
(0.00116352 4.26652e-06 0)
(0.00116051 3.46606e-06 0)
(0.00115758 2.59875e-06 0)
(0.00115473 1.66417e-06 0)
(0.00115196 6.62137e-07 0)
(0.00114927 -4.05875e-07 0)
(0.00114667 -1.53468e-06 0)
(0.00114414 -2.71486e-06 0)
(0.00114172 -3.93392e-06 0)
(0.00113941 -5.17942e-06 0)
(0.00113722 -6.43836e-06 0)
(0.00113516 -7.6997e-06 0)
(0.00113324 -8.95639e-06 0)
(0.00113146 -1.02039e-05 0)
(0.00112983 -1.14355e-05 0)
(0.00112835 -1.26481e-05 0)
(0.00112702 -1.38387e-05 0)
(0.00112583 -1.50027e-05 0)
(0.00112478 -1.61333e-05 0)
(0.00112386 -1.72211e-05 0)
(0.00112306 -1.82537e-05 0)
(0.00112237 -1.92154e-05 0)
(0.00112179 -2.00875e-05 0)
(0.00112129 -2.08485e-05 0)
(0.00112087 -2.14749e-05 0)
(0.00112052 -2.19427e-05 0)
(0.00112022 -2.22292e-05 0)
(0.00111996 -2.23147e-05 0)
(0.00111974 -2.2185e-05 0)
(0.00111954 -2.18326e-05 0)
(0.00111936 -2.12583e-05 0)
(0.00111919 -2.04717e-05 0)
(0.00111902 -1.94907e-05 0)
(0.00111885 -1.83409e-05 0)
(0.00111866 -1.70538e-05 0)
(0.00111846 -1.56648e-05 0)
(0.00111824 -1.42115e-05 0)
(0.001118 -1.2731e-05 0)
(0.00111774 -1.12587e-05 0)
(0.00111746 -9.82613e-06 0)
(0.00111716 -8.46024e-06 0)
(0.00111683 -7.1821e-06 0)
(0.0011165 -6.00675e-06 0)
(0.00111614 -4.94383e-06 0)
(0.00111577 -3.99597e-06 0)
(0.0011154 -3.16394e-06 0)
(0.00111501 -2.43971e-06 0)
(0.00111462 -1.82051e-06 0)
(0.00111422 -1.29045e-06 0)
(0.00111383 -8.49973e-07 0)
(0.00111344 -4.77206e-07 0)
(0.00111307 -1.80966e-07 0)
(0.00111271 6.543e-08 0)
(0.00111237 2.44093e-07 0)
(0.00111204 3.83929e-07 0)
(0.00111177 4.65669e-07 0)
(0.00111148 5.10447e-07 0)
(0.00111127 5.17887e-07 0)
(0.00111102 4.76407e-07 0)
(0.00111088 4.41245e-07 0)
(0.00111065 3.24111e-07 0)
(0.00111058 2.86997e-07 0)
(0.00111034 1.09202e-07 0)
(0.00130431 1.31782e-05 0)
(0.00130063 1.3733e-05 0)
(0.00129697 1.42482e-05 0)
(0.00129333 1.47215e-05 0)
(0.00128972 1.51514e-05 0)
(0.00128612 1.55376e-05 0)
(0.00128254 1.58808e-05 0)
(0.00127896 1.61821e-05 0)
(0.0012754 1.64434e-05 0)
(0.00127185 1.66661e-05 0)
(0.00126832 1.68506e-05 0)
(0.0012648 1.69958e-05 0)
(0.0012613 1.70986e-05 0)
(0.00125783 1.71544e-05 0)
(0.00125439 1.71572e-05 0)
(0.001251 1.70999e-05 0)
(0.00124764 1.69755e-05 0)
(0.00124433 1.67777e-05 0)
(0.00124107 1.65014e-05 0)
(0.00123785 1.61436e-05 0)
(0.00123468 1.57033e-05 0)
(0.00123156 1.51814e-05 0)
(0.00122847 1.45802e-05 0)
(0.00122543 1.39033e-05 0)
(0.00122241 1.31546e-05 0)
(0.00121942 1.2339e-05 0)
(0.00121646 1.14611e-05 0)
(0.00121352 1.05254e-05 0)
(0.0012106 9.53554e-06 0)
(0.0012077 8.49189e-06 0)
(0.00120481 7.39291e-06 0)
(0.00120192 6.23715e-06 0)
(0.00119905 5.02362e-06 0)
(0.00119617 3.75356e-06 0)
(0.0011933 2.43101e-06 0)
(0.00119043 1.06134e-06 0)
(0.00118758 -3.46765e-07 0)
(0.00118473 -1.78264e-06 0)
(0.00118191 -3.23427e-06 0)
(0.00117913 -4.69064e-06 0)
(0.00117639 -6.14542e-06 0)
(0.00117369 -7.58943e-06 0)
(0.00117104 -9.01334e-06 0)
(0.00116842 -1.0408e-05 0)
(0.00116584 -1.17609e-05 0)
(0.0011633 -1.30588e-05 0)
(0.00116078 -1.42881e-05 0)
(0.00115828 -1.5433e-05 0)
(0.00115581 -1.64755e-05 0)
(0.00115336 -1.73955e-05 0)
(0.00115093 -1.81713e-05 0)
(0.00114852 -1.87807e-05 0)
(0.00114615 -1.92024e-05 0)
(0.00114382 -1.94184e-05 0)
(0.00114154 -1.94153e-05 0)
(0.00113931 -1.91867e-05 0)
(0.00113717 -1.87338e-05 0)
(0.0011351 -1.80662e-05 0)
(0.00113313 -1.72019e-05 0)
(0.00113126 -1.61658e-05 0)
(0.00112951 -1.49888e-05 0)
(0.00112786 -1.37059e-05 0)
(0.00112633 -1.23537e-05 0)
(0.00112491 -1.09691e-05 0)
(0.0011236 -9.58666e-06 0)
(0.0011224 -8.23762e-06 0)
(0.00112129 -6.94845e-06 0)
(0.00112027 -5.74014e-06 0)
(0.00111934 -4.62766e-06 0)
(0.00111847 -3.62086e-06 0)
(0.00111767 -2.72324e-06 0)
(0.00111693 -1.93658e-06 0)
(0.00111624 -1.25561e-06 0)
(0.00111559 -6.77805e-07 0)
(0.00111499 -1.9207e-07 0)
(0.00111443 2.0344e-07 0)
(0.0011139 5.23194e-07 0)
(0.00111341 7.65545e-07 0)
(0.00111296 9.46732e-07 0)
(0.00111255 1.06299e-06 0)
(0.00111217 1.12849e-06 0)
(0.00111185 1.14553e-06 0)
(0.00111153 1.11473e-06 0)
(0.00111129 1.06405e-06 0)
(0.00111102 9.54269e-07 0)
(0.00111086 8.75293e-07 0)
(0.00111062 7.00999e-07 0)
(0.00111054 6.39504e-07 0)
(0.00111029 4.10883e-07 0)
(0.00127175 1.96413e-05 0)
(0.00126995 2.01219e-05 0)
(0.00126819 2.05717e-05 0)
(0.00126647 2.09887e-05 0)
(0.00126478 2.13717e-05 0)
(0.00126312 2.17197e-05 0)
(0.00126148 2.20324e-05 0)
(0.00125986 2.23094e-05 0)
(0.00125826 2.25501e-05 0)
(0.00125668 2.27532e-05 0)
(0.00125511 2.29163e-05 0)
(0.00125355 2.30356e-05 0)
(0.00125201 2.31069e-05 0)
(0.00125048 2.31246e-05 0)
(0.00124896 2.30832e-05 0)
(0.00124745 2.29773e-05 0)
(0.00124595 2.28025e-05 0)
(0.00124446 2.25553e-05 0)
(0.00124296 2.22341e-05 0)
(0.00124146 2.18385e-05 0)
(0.00123994 2.13704e-05 0)
(0.00123839 2.08323e-05 0)
(0.00123682 2.0228e-05 0)
(0.00123521 1.95614e-05 0)
(0.00123356 1.88359e-05 0)
(0.00123186 1.80547e-05 0)
(0.0012301 1.72202e-05 0)
(0.00122828 1.63337e-05 0)
(0.00122639 1.53961e-05 0)
(0.00122445 1.4407e-05 0)
(0.00122243 1.33657e-05 0)
(0.00122035 1.22714e-05 0)
(0.00121819 1.11234e-05 0)
(0.00121597 9.92198e-06 0)
(0.00121367 8.66893e-06 0)
(0.00121129 7.36955e-06 0)
(0.00120884 6.03044e-06 0)
(0.00120633 4.66003e-06 0)
(0.00120374 3.26958e-06 0)
(0.00120107 1.87081e-06 0)
(0.00119832 4.71471e-07 0)
(0.00119549 -9.17031e-07 0)
(0.00119258 -2.28171e-06 0)
(0.0011896 -3.60906e-06 0)
(0.00118654 -4.88872e-06 0)
(0.0011834 -6.11016e-06 0)
(0.00118019 -7.26164e-06 0)
(0.00117689 -8.33096e-06 0)
(0.00117353 -9.3051e-06 0)
(0.00117009 -1.01697e-05 0)
(0.0011666 -1.091e-05 0)
(0.00116307 -1.15129e-05 0)
(0.00115953 -1.1965e-05 0)
(0.00115599 -1.22547e-05 0)
(0.00115248 -1.23738e-05 0)
(0.00114905 -1.23182e-05 0)
(0.00114571 -1.20891e-05 0)
(0.00114249 -1.1693e-05 0)
(0.00113942 -1.11421e-05 0)
(0.00113653 -1.04536e-05 0)
(0.00113382 -9.64922e-06 0)
(0.00113131 -8.7537e-06 0)
(0.001129 -7.79381e-06 0)
(0.0011269 -6.79682e-06 0)
(0.00112499 -5.78907e-06 0)
(0.00112328 -4.79491e-06 0)
(0.00112174 -3.83548e-06 0)
(0.00112037 -2.92852e-06 0)
(0.00111914 -2.08735e-06 0)
(0.00111805 -1.32221e-06 0)
(0.00111707 -6.38536e-07 0)
(0.00111619 -3.9813e-08 0)
(0.00111541 4.74834e-07 0)
(0.00111471 9.05162e-07 0)
(0.00111408 1.25626e-06 0)
(0.00111351 1.52941e-06 0)
(0.001113 1.73195e-06 0)
(0.00111255 1.86615e-06 0)
(0.00111215 1.93932e-06 0)
(0.0011118 1.95773e-06 0)
(0.00111148 1.92299e-06 0)
(0.00111122 1.85445e-06 0)
(0.00111097 1.73408e-06 0)
(0.00111078 1.6145e-06 0)
(0.00111058 1.42874e-06 0)
(0.00111046 1.30115e-06 0)
(0.00111029 1.06362e-06 0)
(0.00111023 9.75988e-07 0)
(0.00111006 6.89541e-07 0)
(0.00116279 2.12558e-05 0)
(0.00116351 2.16189e-05 0)
(0.00116429 2.19614e-05 0)
(0.00116512 2.22817e-05 0)
(0.001166 2.25783e-05 0)
(0.00116693 2.28498e-05 0)
(0.00116789 2.30947e-05 0)
(0.00116888 2.33115e-05 0)
(0.0011699 2.34979e-05 0)
(0.00117094 2.36514e-05 0)
(0.001172 2.3769e-05 0)
(0.00117307 2.38475e-05 0)
(0.00117415 2.38837e-05 0)
(0.00117523 2.38743e-05 0)
(0.0011763 2.38168e-05 0)
(0.00117736 2.3709e-05 0)
(0.00117839 2.35494e-05 0)
(0.0011794 2.33375e-05 0)
(0.00118036 2.30735e-05 0)
(0.00118126 2.27586e-05 0)
(0.00118211 2.23945e-05 0)
(0.00118288 2.19832e-05 0)
(0.00118357 2.15266e-05 0)
(0.00118417 2.10264e-05 0)
(0.00118468 2.04838e-05 0)
(0.00118508 1.98993e-05 0)
(0.00118538 1.9273e-05 0)
(0.00118557 1.86043e-05 0)
(0.00118564 1.78922e-05 0)
(0.0011856 1.71353e-05 0)
(0.00118544 1.6332e-05 0)
(0.00118516 1.54807e-05 0)
(0.00118475 1.45807e-05 0)
(0.00118421 1.3632e-05 0)
(0.00118353 1.26361e-05 0)
(0.00118271 1.1596e-05 0)
(0.00118175 1.05171e-05 0)
(0.00118065 9.4064e-06 0)
(0.00117939 8.2723e-06 0)
(0.00117798 7.12522e-06 0)
(0.00117642 5.9807e-06 0)
(0.0011747 4.8519e-06 0)
(0.00117284 3.75179e-06 0)
(0.00117081 2.69316e-06 0)
(0.00116863 1.68502e-06 0)
(0.00116629 7.35573e-07 0)
(0.00116381 -1.47436e-07 0)
(0.00116121 -9.57913e-07 0)
(0.00115849 -1.69151e-06 0)
(0.00115567 -2.34563e-06 0)
(0.00115276 -2.91773e-06 0)
(0.0011498 -3.40411e-06 0)
(0.00114681 -3.80206e-06 0)
(0.00114381 -4.1091e-06 0)
(0.00114084 -4.32277e-06 0)
(0.00113793 -4.44101e-06 0)
(0.0011351 -4.46264e-06 0)
(0.00113238 -4.38794e-06 0)
(0.0011298 -4.21931e-06 0)
(0.00112737 -3.96174e-06 0)
(0.00112511 -3.62298e-06 0)
(0.00112303 -3.21352e-06 0)
(0.00112114 -2.74612e-06 0)
(0.00111943 -2.23535e-06 0)
(0.0011179 -1.6967e-06 0)
(0.00111655 -1.14593e-06 0)
(0.00111537 -5.97944e-07 0)
(0.00111434 -6.67607e-08 0)
(0.00111345 4.35814e-07 0)
(0.0011127 8.99129e-07 0)
(0.00111205 1.31556e-06 0)
(0.00111151 1.67876e-06 0)
(0.00111107 1.9854e-06 0)
(0.0011107 2.23219e-06 0)
(0.0011104 2.4192e-06 0)
(0.00111016 2.54628e-06 0)
(0.00110997 2.61581e-06 0)
(0.00110983 2.63163e-06 0)
(0.00110973 2.59553e-06 0)
(0.00110966 2.51877e-06 0)
(0.00110961 2.39578e-06 0)
(0.00110959 2.25416e-06 0)
(0.00110958 2.066e-06 0)
(0.00110959 1.89481e-06 0)
(0.0011096 1.66056e-06 0)
(0.00110962 1.50088e-06 0)
(0.00110963 1.23055e-06 0)
(0.00110964 1.12739e-06 0)
(0.00110965 8.16635e-07 0)
(0.00100147 1.68474e-05 0)
(0.00100497 1.70572e-05 0)
(0.00100853 1.72584e-05 0)
(0.00101214 1.74496e-05 0)
(0.00101581 1.76294e-05 0)
(0.00101953 1.77966e-05 0)
(0.00102328 1.79498e-05 0)
(0.00102707 1.80876e-05 0)
(0.00103089 1.82087e-05 0)
(0.00103473 1.83114e-05 0)
(0.00103859 1.83941e-05 0)
(0.00104245 1.84551e-05 0)
(0.00104632 1.84926e-05 0)
(0.00105018 1.85049e-05 0)
(0.00105403 1.84905e-05 0)
(0.00105785 1.84482e-05 0)
(0.00106164 1.83769e-05 0)
(0.00106539 1.8276e-05 0)
(0.00106909 1.81452e-05 0)
(0.00107272 1.79846e-05 0)
(0.00107629 1.77942e-05 0)
(0.00107978 1.7574e-05 0)
(0.00108318 1.73241e-05 0)
(0.00108649 1.70443e-05 0)
(0.00108969 1.67341e-05 0)
(0.00109279 1.63926e-05 0)
(0.00109578 1.60189e-05 0)
(0.00109865 1.56117e-05 0)
(0.00110138 1.51696e-05 0)
(0.00110399 1.46916e-05 0)
(0.00110645 1.41768e-05 0)
(0.00110877 1.36251e-05 0)
(0.00111093 1.30373e-05 0)
(0.00111292 1.24151e-05 0)
(0.00111475 1.17617e-05 0)
(0.00111639 1.10813e-05 0)
(0.00111784 1.03796e-05 0)
(0.0011191 9.66338e-06 0)
(0.00112016 8.94012e-06 0)
(0.00112102 8.21753e-06 0)
(0.00112167 7.50353e-06 0)
(0.00112213 6.80546e-06 0)
(0.00112238 6.12938e-06 0)
(0.00112245 5.47951e-06 0)
(0.00112233 4.86083e-06 0)
(0.00112204 4.27608e-06 0)
(0.0011216 3.72526e-06 0)
(0.00112101 3.20726e-06 0)
(0.00112028 2.72042e-06 0)
(0.00111945 2.26274e-06 0)
(0.00111852 1.83351e-06 0)
(0.00111752 1.43448e-06 0)
(0.00111645 1.06789e-06 0)
(0.00111535 7.37294e-07 0)
(0.00111421 4.47533e-07 0)
(0.00111307 2.04136e-07 0)
(0.00111194 1.26058e-08 0)
(0.00111083 -1.22344e-07 0)
(0.00110976 -1.97531e-07 0)
(0.00110875 -2.1186e-07 0)
(0.00110781 -1.66656e-07 0)
(0.00110696 -6.58216e-08 0)
(0.0011062 8.44817e-08 0)
(0.00110555 2.76109e-07 0)
(0.001105 4.99672e-07 0)
(0.00110456 7.44808e-07 0)
(0.00110424 1.00116e-06 0)
(0.00110401 1.25834e-06 0)
(0.00110389 1.50706e-06 0)
(0.00110386 1.73869e-06 0)
(0.00110392 1.94635e-06 0)
(0.00110406 2.12345e-06 0)
(0.00110426 2.26595e-06 0)
(0.00110452 2.37044e-06 0)
(0.00110482 2.43564e-06 0)
(0.00110516 2.46128e-06 0)
(0.00110552 2.44791e-06 0)
(0.0011059 2.39929e-06 0)
(0.00110629 2.31534e-06 0)
(0.00110667 2.20655e-06 0)
(0.00110704 2.06652e-06 0)
(0.0011074 1.9192e-06 0)
(0.00110773 1.73991e-06 0)
(0.00110803 1.58105e-06 0)
(0.00110832 1.37643e-06 0)
(0.00110855 1.23656e-06 0)
(0.0011088 1.01221e-06 0)
(0.00110893 9.24512e-07 0)
(0.00110917 6.73312e-07 0)
(0.000874565 6.19949e-06 0)
(0.000880094 6.28316e-06 0)
(0.000885677 6.36703e-06 0)
(0.000891311 6.45038e-06 0)
(0.000896992 6.53248e-06 0)
(0.000902716 6.6126e-06 0)
(0.000908479 6.68998e-06 0)
(0.000914277 6.76384e-06 0)
(0.000920104 6.83336e-06 0)
(0.000925956 6.89768e-06 0)
(0.000931827 6.95588e-06 0)
(0.00093771 7.00702e-06 0)
(0.0009436 7.05019e-06 0)
(0.000949488 7.08453e-06 0)
(0.000955368 7.10923e-06 0)
(0.000961231 7.1236e-06 0)
(0.000967069 7.12707e-06 0)
(0.000972875 7.11921e-06 0)
(0.000978639 7.09956e-06 0)
(0.000984353 7.06783e-06 0)
(0.000990008 7.02385e-06 0)
(0.000995597 6.96752e-06 0)
(0.00100111 6.89878e-06 0)
(0.00100654 6.81756e-06 0)
(0.00101188 6.72376e-06 0)
(0.00101711 6.61723e-06 0)
(0.00102224 6.49774e-06 0)
(0.00102724 6.365e-06 0)
(0.00103211 6.21874e-06 0)
(0.00103684 6.05881e-06 0)
(0.00104142 5.88518e-06 0)
(0.00104584 5.69801e-06 0)
(0.00105009 5.49771e-06 0)
(0.00105415 5.28494e-06 0)
(0.00105801 5.06068e-06 0)
(0.00106168 4.82625e-06 0)
(0.00106514 4.58327e-06 0)
(0.00106838 4.33365e-06 0)
(0.0010714 4.0795e-06 0)
(0.0010742 3.8231e-06 0)
(0.00107679 3.56684e-06 0)
(0.00107916 3.3129e-06 0)
(0.00108132 3.06314e-06 0)
(0.00108328 2.81897e-06 0)
(0.00108504 2.58133e-06 0)
(0.00108661 2.35072e-06 0)
(0.00108801 2.12745e-06 0)
(0.00108925 1.9118e-06 0)
(0.00109032 1.70422e-06 0)
(0.00109124 1.50581e-06 0)
(0.00109203 1.31745e-06 0)
(0.00109268 1.1392e-06 0)
(0.0010932 9.7245e-07 0)
(0.00109362 8.19197e-07 0)
(0.00109393 6.81721e-07 0)
(0.00109415 5.62419e-07 0)
(0.00109429 4.63542e-07 0)
(0.00109439 3.86918e-07 0)
(0.00109444 3.33765e-07 0)
(0.00109447 3.04463e-07 0)
(0.0010945 2.98475e-07 0)
(0.00109455 3.14248e-07 0)
(0.00109463 3.49369e-07 0)
(0.00109476 4.00702e-07 -1.18735e-39)
(0.00109495 4.6468e-07 0)
(0.00109521 5.37375e-07 1.10183e-39)
(0.00109555 6.14877e-07 0)
(0.00109595 6.93262e-07 1.01464e-39)
(0.00109644 7.6903e-07 0)
(0.001097 8.38859e-07 -9.26013e-40)
(0.00109762 9.0012e-07 0)
(0.0010983 9.50426e-07 0)
(0.00109903 9.88264e-07 0)
(0.00109979 1.01237e-06 0)
(0.00110058 1.0223e-06 0)
(0.00110138 1.01802e-06 0)
(0.00110218 9.99789e-07 0)
(0.00110297 9.69177e-07 0)
(0.00110373 9.26186e-07 0)
(0.00110446 8.74928e-07 0)
(0.00110516 8.12987e-07 -4.14713e-40)
(0.00110579 7.49501e-07 0)
(0.00110639 6.75124e-07 0)
(0.00110691 6.09607e-07 0)
(0.00110742 5.27942e-07 0)
(0.0011078 4.7169e-07 0)
(0.00110823 3.84417e-07 0)
(0.00110844 3.49628e-07 0)
(0.00110885 2.53289e-07 0)
(0.000869808 -7.33944e-06 0)
(0.000875202 -7.37248e-06 0)
(0.000880653 -7.4007e-06 0)
(0.000886158 -7.42393e-06 0)
(0.000891715 -7.44206e-06 0)
(0.00089732 -7.45501e-06 0)
(0.00090297 -7.46269e-06 0)
(0.000908662 -7.46498e-06 0)
(0.00091439 -7.46176e-06 0)
(0.000920152 -7.45282e-06 0)
(0.00092594 -7.43793e-06 0)
(0.000931752 -7.41679e-06 0)
(0.00093758 -7.38905e-06 0)
(0.000943417 -7.35436e-06 0)
(0.000949258 -7.31242e-06 0)
(0.000955095 -7.26292e-06 0)
(0.000960919 -7.20563e-06 0)
(0.000966724 -7.14038e-06 0)
(0.000972499 -7.06699e-06 0)
(0.000978238 -6.98557e-06 0)
(0.00098393 -6.89619e-06 0)
(0.000989568 -6.79898e-06 0)
(0.000995143 -6.69406e-06 0)
(0.00100065 -6.58156e-06 0)
(0.00100607 -6.46154e-06 0)
(0.00101141 -6.334e-06 0)
(0.00101664 -6.19883e-06 0)
(0.00102177 -6.05579e-06 0)
(0.00102679 -5.90456e-06 0)
(0.00103167 -5.7448e-06 0)
(0.00103642 -5.57624e-06 0)
(0.00104102 -5.39869e-06 0)
(0.00104545 -5.21213e-06 0)
(0.00104972 -5.01674e-06 0)
(0.0010538 -4.81296e-06 0)
(0.00105769 -4.60149e-06 0)
(0.00106138 -4.38335e-06 0)
(0.00106486 -4.15983e-06 0)
(0.00106813 -3.93248e-06 0)
(0.00107117 -3.70306e-06 0)
(0.001074 -3.47347e-06 0)
(0.00107661 -3.2457e-06 0)
(0.001079 -3.02152e-06 0)
(0.00108119 -2.80236e-06 0)
(0.00108317 -2.58921e-06 0)
(0.00108495 -2.38258e-06 0)
(0.00108654 -2.18257e-06 0)
(0.00108796 -1.98908e-06 0)
(0.0010892 -1.802e-06 0)
(0.00109029 -1.62143e-06 0)
(0.00109122 -1.44811e-06 0)
(0.00109202 -1.28279e-06 0)
(0.00109267 -1.12519e-06 0)
(0.00109321 -9.7648e-07 0)
(0.00109362 -8.38481e-07 0)
(0.00109394 -7.13347e-07 0)
(0.00109416 -6.03423e-07 0)
(0.00109431 -5.1098e-07 0)
(0.0010944 -4.38001e-07 0)
(0.00109445 -3.85887e-07 0)
(0.00109449 -3.55323e-07 0)
(0.00109452 -3.46151e-07 0)
(0.00109457 -3.57255e-07 0)
(0.00109465 -3.86715e-07 0)
(0.00109478 -4.3188e-07 1.18735e-39)
(0.00109497 -4.89644e-07 0)
(0.00109522 -5.56511e-07 -1.10183e-39)
(0.00109556 -6.28919e-07 0)
(0.00109597 -7.03218e-07 -1.01464e-39)
(0.00109645 -7.76068e-07 0)
(0.00109701 -8.44234e-07 9.26013e-40)
(0.00109763 -9.05049e-07 0)
(0.00109831 -9.56066e-07 0)
(0.00109903 -9.95582e-07 0)
(0.0010998 -1.0222e-06 0)
(0.00110059 -1.03515e-06 0)
(0.00110139 -1.03431e-06 0)
(0.00110218 -1.01953e-06 0)
(0.00110297 -9.92435e-07 0)
(0.00110374 -9.52465e-07 0)
(0.00110447 -9.04136e-07 0)
(0.00110516 -8.44163e-07 4.14713e-40)
(0.0011058 -7.82661e-07 0)
(0.0011064 -7.08836e-07 0)
(0.00110692 -6.44334e-07 0)
(0.00110742 -5.6169e-07 0)
(0.0011078 -5.05733e-07 0)
(0.00110823 -4.16034e-07 0)
(0.00110844 -3.81219e-07 0)
(0.00110885 -2.81264e-07 0)
(0.000999834 -1.75109e-05 0)
(0.00100309 -1.76783e-05 0)
(0.00100641 -1.78346e-05 0)
(0.0010098 -1.7979e-05 0)
(0.00101324 -1.81106e-05 0)
(0.00101673 -1.82287e-05 0)
(0.00102027 -1.83326e-05 0)
(0.00102386 -1.84213e-05 0)
(0.00102749 -1.84942e-05 0)
(0.00103115 -1.85502e-05 0)
(0.00103484 -1.85884e-05 0)
(0.00103855 -1.86074e-05 0)
(0.00104228 -1.86061e-05 0)
(0.00104603 -1.85831e-05 0)
(0.00104977 -1.85371e-05 0)
(0.00105351 -1.8467e-05 0)
(0.00105724 -1.83719e-05 0)
(0.00106094 -1.82513e-05 0)
(0.00106461 -1.81048e-05 0)
(0.00106824 -1.79323e-05 0)
(0.00107181 -1.77337e-05 0)
(0.00107533 -1.75094e-05 0)
(0.00107878 -1.72594e-05 0)
(0.00108216 -1.69837e-05 0)
(0.00108545 -1.66822e-05 0)
(0.00108864 -1.63543e-05 0)
(0.00109174 -1.59992e-05 0)
(0.00109474 -1.56158e-05 0)
(0.00109762 -1.52027e-05 0)
(0.00110038 -1.47586e-05 0)
(0.00110301 -1.4282e-05 0)
(0.00110551 -1.37722e-05 0)
(0.00110787 -1.32288e-05 0)
(0.00111007 -1.26523e-05 0)
(0.00111212 -1.20443e-05 0)
(0.00111399 -1.14076e-05 0)
(0.00111568 -1.07462e-05 0)
(0.00111719 -1.00655e-05 0)
(0.00111851 -9.37189e-06 0)
(0.00111963 -8.67248e-06 0)
(0.00112054 -7.97468e-06 0)
(0.00112125 -7.28604e-06 0)
(0.00112176 -6.61349e-06 0)
(0.00112207 -5.96282e-06 0)
(0.00112218 -5.33804e-06 0)
(0.00112211 -4.74373e-06 0)
(0.00112187 -4.18233e-06 0)
(0.00112146 -3.65365e-06 0)
(0.0011209 -3.15639e-06 0)
(0.00112021 -2.68871e-06 0)
(0.0011194 -2.24851e-06 0)
(0.0011185 -1.83484e-06 0)
(0.00111751 -1.44943e-06 0)
(0.00111646 -1.09446e-06 0)
(0.00111537 -7.73421e-07 0)
(0.00111424 -4.91122e-07 0)
(0.00111311 -2.53066e-07 0)
(0.00111198 -6.47766e-08 0)
(0.00111087 6.90059e-08 0)
(0.0011098 1.4497e-07 0)
(0.00110879 1.61833e-07 0)
(0.00110785 1.20666e-07 0)
(0.001107 2.50054e-08 0)
(0.00110624 -1.19375e-07 0)
(0.00110558 -3.0476e-07 0)
(0.00110503 -5.22159e-07 0)
(0.00110459 -7.61582e-07 0)
(0.00110427 -1.01299e-06 0)
(0.00110404 -1.26624e-06 0)
(0.00110392 -1.5122e-06 0)
(0.00110389 -1.7423e-06 0)
(0.00110395 -1.94963e-06 0)
(0.00110408 -2.12752e-06 0)
(0.00110428 -2.27174e-06 0)
(0.00110454 -2.37874e-06 0)
(0.00110484 -2.44695e-06 0)
(0.00110518 -2.47599e-06 0)
(0.00110555 -2.46602e-06 0)
(0.00110592 -2.42086e-06 0)
(0.00110631 -2.33991e-06 0)
(0.00110669 -2.23403e-06 0)
(0.00110706 -2.09599e-06 0)
(0.00110741 -1.95069e-06 0)
(0.00110775 -1.77201e-06 0)
(0.00110805 -1.61424e-06 0)
(0.00110834 -1.40876e-06 0)
(0.00110856 -1.26929e-06 0)
(0.00110881 -1.04266e-06 0)
(0.00110894 -9.55002e-07 0)
(0.00110918 -7.00354e-07 0)
(0.00116382 -2.13444e-05 0)
(0.00116432 -2.16679e-05 0)
(0.00116488 -2.19723e-05 0)
(0.00116549 -2.22561e-05 0)
(0.00116617 -2.2518e-05 0)
(0.00116689 -2.2757e-05 0)
(0.00116765 -2.29721e-05 0)
(0.00116846 -2.31623e-05 0)
(0.0011693 -2.3326e-05 0)
(0.00117018 -2.34616e-05 0)
(0.00117108 -2.35666e-05 0)
(0.00117201 -2.36384e-05 0)
(0.00117295 -2.36739e-05 0)
(0.00117392 -2.36701e-05 0)
(0.00117489 -2.36241e-05 0)
(0.00117587 -2.35332e-05 0)
(0.00117684 -2.33956e-05 0)
(0.00117779 -2.32099e-05 0)
(0.00117873 -2.29757e-05 0)
(0.00117963 -2.26933e-05 0)
(0.00118048 -2.23639e-05 0)
(0.00118128 -2.19893e-05 0)
(0.00118202 -2.15713e-05 0)
(0.00118268 -2.11118e-05 0)
(0.00118327 -2.06124e-05 0)
(0.00118377 -2.0074e-05 0)
(0.00118417 -1.94969e-05 0)
(0.00118447 -1.8881e-05 0)
(0.00118468 -1.82254e-05 0)
(0.00118477 -1.7529e-05 0)
(0.00118475 -1.67898e-05 0)
(0.00118462 -1.6006e-05 0)
(0.00118437 -1.5176e-05 0)
(0.001184 -1.42985e-05 0)
(0.0011835 -1.33734e-05 0)
(0.00118287 -1.24019e-05 0)
(0.0011821 -1.13869e-05 0)
(0.0011812 -1.03332e-05 0)
(0.00118014 -9.24782e-06 0)
(0.00117893 -8.13868e-06 0)
(0.00117758 -7.01625e-06 0)
(0.00117606 -5.89542e-06 0)
(0.00117439 -4.78913e-06 0)
(0.00117257 -3.71e-06 0)
(0.00117059 -2.6705e-06 0)
(0.00116845 -1.67959e-06 0)
(0.00116615 -7.45359e-07 0)
(0.00116371 1.24537e-07 0)
(0.00116114 9.24019e-07 0)
(0.00115844 1.64868e-06 0)
(0.00115565 2.29578e-06 0)
(0.00115277 2.86278e-06 0)
(0.00114983 3.34571e-06 0)
(0.00114685 3.74165e-06 0)
(0.00114386 4.04791e-06 0)
(0.0011409 4.26188e-06 0)
(0.00113799 4.38138e-06 0)
(0.00113516 4.40513e-06 0)
(0.00113244 4.33342e-06 0)
(0.00112986 4.1686e-06 0)
(0.00112743 3.91556e-06 0)
(0.00112516 3.58197e-06 0)
(0.00112308 3.17815e-06 0)
(0.00112118 2.71668e-06 0)
(0.00111947 2.21189e-06 0)
(0.00111795 1.67897e-06 0)
(0.00111659 1.1334e-06 0)
(0.00111541 5.89844e-07 0)
(0.00111438 6.21006e-08 0)
(0.00111349 -4.38125e-07 0)
(0.00111273 -9.00228e-07 0)
(0.00111209 -1.31657e-06 0)
(0.00111155 -1.68073e-06 0)
(0.0011111 -1.9892e-06 0)
(0.00111073 -2.23858e-06 0)
(0.00111043 -2.42862e-06 0)
(0.00111019 -2.55906e-06 0)
(0.00111 -2.63193e-06 0)
(0.00110986 -2.65111e-06 0)
(0.00110976 -2.61791e-06 0)
(0.00110969 -2.54396e-06 0)
(0.00110964 -2.4229e-06 0)
(0.00110962 -2.28324e-06 0)
(0.00110961 -2.09571e-06 0)
(0.00110962 -1.92562e-06 0)
(0.00110962 -1.69058e-06 0)
(0.00110964 -1.53134e-06 0)
(0.00110965 -1.25885e-06 0)
(0.00110966 -1.15576e-06 0)
(0.00110967 -8.41721e-07 0)
(0.00127431 -1.93351e-05 0)
(0.00127237 -1.97813e-05 0)
(0.00127047 -2.0201e-05 0)
(0.00126861 -2.0592e-05 0)
(0.0012668 -2.09528e-05 0)
(0.00126502 -2.12823e-05 0)
(0.00126327 -2.158e-05 0)
(0.00126154 -2.18456e-05 0)
(0.00125985 -2.20791e-05 0)
(0.00125817 -2.22801e-05 0)
(0.00125652 -2.24472e-05 0)
(0.00125489 -2.25782e-05 0)
(0.00125327 -2.26693e-05 0)
(0.00125168 -2.27161e-05 0)
(0.00125011 -2.2713e-05 0)
(0.00124855 -2.26545e-05 0)
(0.00124701 -2.25351e-05 0)
(0.00124549 -2.23503e-05 0)
(0.00124397 -2.20967e-05 0)
(0.00124246 -2.17726e-05 0)
(0.00124095 -2.13777e-05 0)
(0.00123943 -2.09137e-05 0)
(0.00123789 -2.03832e-05 0)
(0.00123632 -1.97898e-05 0)
(0.00123473 -1.91371e-05 0)
(0.00123309 -1.84285e-05 0)
(0.0012314 -1.76666e-05 0)
(0.00122966 -1.68536e-05 0)
(0.00122786 -1.59906e-05 0)
(0.001226 -1.50779e-05 0)
(0.00122408 -1.41151e-05 0)
(0.00122209 -1.3101e-05 0)
(0.00122004 -1.20344e-05 0)
(0.00121791 -1.09144e-05 0)
(0.00121571 -9.741e-06 0)
(0.00121344 -8.51576e-06 0)
(0.00121109 -7.24373e-06 0)
(0.00120868 -5.93128e-06 0)
(0.00120619 -4.5866e-06 0)
(0.00120362 -3.22082e-06 0)
(0.00120098 -1.84493e-06 0)
(0.00119826 -4.66748e-07 0)
(0.00119545 9.02415e-07 0)
(0.00119256 2.24988e-06 0)
(0.00118959 3.56238e-06 0)
(0.00118655 4.82955e-06 0)
(0.00118343 6.0409e-06 0)
(0.00118022 7.1847e-06 0)
(0.00117694 8.24875e-06 0)
(0.00117358 9.21996e-06 0)
(0.00117016 1.00838e-05 0)
(0.00116667 1.08253e-05 0)
(0.00116315 1.14309e-05 0)
(0.0011596 1.1887e-05 0)
(0.00115607 1.21817e-05 0)
(0.00115256 1.23062e-05 0)
(0.00114912 1.22564e-05 0)
(0.00114578 1.20331e-05 0)
(0.00114256 1.16428e-05 0)
(0.00113949 1.10976e-05 0)
(0.00113659 1.04147e-05 0)
(0.00113388 9.6159e-06 0)
(0.00113136 8.72591e-06 0)
(0.00112905 7.77149e-06 0)
(0.00112695 6.77978e-06 0)
(0.00112504 5.77698e-06 0)
(0.00112332 4.78724e-06 0)
(0.00112178 3.83151e-06 0)
(0.00112041 2.92735e-06 0)
(0.00111918 2.08796e-06 0)
(0.00111808 1.32354e-06 0)
(0.0011171 6.39494e-07 0)
(0.00111623 3.94193e-08 0)
(0.00111544 -4.77368e-07 0)
(0.00111474 -9.10433e-07 0)
(0.00111411 -1.26469e-06 0)
(0.00111354 -1.54124e-06 0)
(0.00111303 -1.74714e-06 0)
(0.00111258 -1.88463e-06 0)
(0.00111218 -1.96063e-06 0)
(0.00111183 -1.9817e-06 0)
(0.00111151 -1.94874e-06 0)
(0.00111125 -1.88196e-06 0)
(0.001111 -1.76205e-06 0)
(0.00111081 -1.64337e-06 0)
(0.00111061 -1.45666e-06 0)
(0.00111049 -1.32935e-06 0)
(0.00111032 -1.08953e-06 0)
(0.00111026 -1.00189e-06 0)
(0.00111008 -7.12027e-07 0)
(0.00130785 -1.26279e-05 0)
(0.00130408 -1.31616e-05 0)
(0.00130035 -1.36616e-05 0)
(0.00129666 -1.41253e-05 0)
(0.00129299 -1.45503e-05 0)
(0.00128934 -1.49357e-05 0)
(0.00128572 -1.52814e-05 0)
(0.00128212 -1.5588e-05 0)
(0.00127853 -1.5857e-05 0)
(0.00127496 -1.60902e-05 0)
(0.00127141 -1.62891e-05 0)
(0.00126787 -1.6454e-05 0)
(0.00126435 -1.65837e-05 0)
(0.00126087 -1.66749e-05 0)
(0.00125741 -1.67226e-05 0)
(0.00125399 -1.67205e-05 0)
(0.00125062 -1.66613e-05 0)
(0.00124729 -1.65378e-05 0)
(0.001244 -1.63434e-05 0)
(0.00124077 -1.60731e-05 0)
(0.00123758 -1.57235e-05 0)
(0.00123445 -1.52938e-05 0)
(0.00123136 -1.47848e-05 0)
(0.00122831 -1.41987e-05 0)
(0.00122529 -1.35388e-05 0)
(0.00122231 -1.28091e-05 0)
(0.00121936 -1.20141e-05 0)
(0.00121642 -1.11583e-05 0)
(0.00121351 -1.0246e-05 0)
(0.00121062 -9.28057e-06 0)
(0.00120774 -8.26148e-06 0)
(0.00120487 -7.18744e-06 0)
(0.00120201 -6.05668e-06 0)
(0.00119915 -4.86817e-06 0)
(0.0011963 -3.62279e-06 0)
(0.00119344 -2.32437e-06 0)
(0.00119058 -9.77978e-07 0)
(0.00118773 4.07772e-07 0)
(0.0011849 1.82242e-06 0)
(0.00118208 3.25406e-06 0)
(0.0011793 4.69226e-06 0)
(0.00117656 6.13044e-06 0)
(0.00117386 7.55962e-06 0)
(0.0011712 8.9705e-06 0)
(0.00116858 1.03539e-05 0)
(0.001166 1.16976e-05 0)
(0.00116345 1.29884e-05 0)
(0.00116092 1.42126e-05 0)
(0.00115842 1.53545e-05 0)
(0.00115593 1.63959e-05 0)
(0.00115347 1.73167e-05 0)
(0.00115104 1.8095e-05 0)
(0.00114862 1.87082e-05 0)
(0.00114624 1.91349e-05 0)
(0.0011439 1.93565e-05 0)
(0.00114161 1.93593e-05 0)
(0.00113939 1.91367e-05 0)
(0.00113723 1.86895e-05 0)
(0.00113516 1.80274e-05 0)
(0.00113319 1.71682e-05 0)
(0.00113132 1.61369e-05 0)
(0.00112955 1.49646e-05 0)
(0.0011279 1.36861e-05 0)
(0.00112637 1.23383e-05 0)
(0.00112495 1.09579e-05 0)
(0.00112364 9.57944e-06 0)
(0.00112243 8.23401e-06 0)
(0.00112132 6.94784e-06 0)
(0.00112031 5.74179e-06 0)
(0.00111937 4.63061e-06 0)
(0.0011185 3.62409e-06 0)
(0.00111771 2.72574e-06 0)
(0.00111696 1.9374e-06 0)
(0.00111627 1.25397e-06 0)
(0.00111563 6.73144e-07 0)
(0.00111502 1.83961e-07 0)
(0.00111446 -2.1517e-07 0)
(0.00111393 -5.38482e-07 0)
(0.00111344 -7.8421e-07 0)
(0.00111299 -9.68274e-07 0)
(0.00111259 -1.08712e-06 0)
(0.0011122 -1.15431e-06 0)
(0.00111188 -1.17291e-06 0)
(0.00111156 -1.14234e-06 0)
(0.00111132 -1.09226e-06 0)
(0.00111105 -9.81189e-07 0)
(0.00111089 -9.02201e-07 0)
(0.00111065 -7.25185e-07 0)
(0.00111057 -6.63491e-07 0)
(0.00111032 -4.30942e-07 0)
(0.0012714 -2.895e-06 0)
(0.00126685 -3.49633e-06 0)
(0.00126234 -4.05857e-06 0)
(0.00125787 -4.57806e-06 0)
(0.00125342 -5.05231e-06 0)
(0.00124899 -5.48001e-06 0)
(0.00124458 -5.8615e-06 0)
(0.00124019 -6.19915e-06 0)
(0.00123582 -6.49686e-06 0)
(0.00123147 -6.75945e-06 0)
(0.00122714 -6.99214e-06 0)
(0.00122285 -7.19963e-06 0)
(0.00121859 -7.38468e-06 0)
(0.00121438 -7.54717e-06 0)
(0.00121022 -7.68363e-06 0)
(0.00120613 -7.78769e-06 0)
(0.00120211 -7.85112e-06 0)
(0.00119818 -7.86489e-06 0)
(0.00119432 -7.82022e-06 0)
(0.00119055 -7.70916e-06 0)
(0.00118688 -7.52501e-06 0)
(0.0011833 -7.26264e-06 0)
(0.0011798 -6.91894e-06 0)
(0.0011764 -6.49324e-06 0)
(0.00117309 -5.98758e-06 0)
(0.00116987 -5.40605e-06 0)
(0.00116673 -4.75361e-06 0)
(0.00116367 -4.03432e-06 0)
(0.00116068 -3.24988e-06 0)
(0.00115777 -2.39914e-06 0)
(0.00115495 -1.48177e-06 0)
(0.00115219 -4.9742e-07 0)
(0.00114952 5.527e-07 0)
(0.00114692 1.66368e-06 0)
(0.0011444 2.82639e-06 0)
(0.00114199 4.02848e-06 0)
(0.00113968 5.25758e-06 0)
(0.00113748 6.50081e-06 0)
(0.00113542 7.74717e-06 0)
(0.00113349 8.98978e-06 0)
(0.0011317 1.02237e-05 0)
(0.00113006 1.14427e-05 0)
(0.00112857 1.26437e-05 0)
(0.00112722 1.38237e-05 0)
(0.00112602 1.49784e-05 0)
(0.00112496 1.61009e-05 0)
(0.00112402 1.7182e-05 0)
(0.00112321 1.82094e-05 0)
(0.00112251 1.91674e-05 0)
(0.00112191 2.00373e-05 0)
(0.0011214 2.07975e-05 0)
(0.00112097 2.14245e-05 0)
(0.0011206 2.18941e-05 0)
(0.0011203 2.21833e-05 0)
(0.00112003 2.22722e-05 0)
(0.0011198 2.21462e-05 0)
(0.0011196 2.17976e-05 0)
(0.00111942 2.12271e-05 0)
(0.00111924 2.0444e-05 0)
(0.00111907 1.94665e-05 0)
(0.00111889 1.832e-05 0)
(0.0011187 1.70361e-05 0)
(0.00111849 1.56504e-05 0)
(0.00111827 1.42004e-05 0)
(0.00111803 1.27232e-05 0)
(0.00111777 1.12541e-05 0)
(0.00111749 9.82454e-06 0)
(0.00111719 8.46117e-06 0)
(0.00111686 7.1849e-06 0)
(0.00111653 6.0106e-06 0)
(0.00111617 4.94782e-06 0)
(0.0011158 3.99913e-06 0)
(0.00111543 3.16539e-06 0)
(0.00111504 2.43859e-06 0)
(0.00111465 1.8162e-06 0)
(0.00111425 1.28249e-06 0)
(0.00111386 8.38236e-07 0)
(0.00111347 4.61711e-07 0)
(0.0011131 1.6196e-07 0)
(0.00111274 -8.74678e-08 0)
(0.0011124 -2.68733e-07 0)
(0.00111207 -4.10264e-07 0)
(0.0011118 -4.93473e-07 0)
(0.00111151 -5.38328e-07 0)
(0.0011113 -5.46197e-07 0)
(0.00111105 -5.03095e-07 0)
(0.00111091 -4.67707e-07 0)
(0.00111068 -3.47352e-07 0)
(0.00111061 -3.09895e-07 0)
(0.00111037 -1.27509e-07 0)
(0.0012007 7.14799e-06 0)
(0.00119648 6.45941e-06 0)
(0.00119231 5.81818e-06 0)
(0.00118818 5.22978e-06 0)
(0.0011841 4.69712e-06 0)
(0.00118006 4.22002e-06 0)
(0.00117605 3.79477e-06 0)
(0.00117209 3.41375e-06 0)
(0.00116816 3.06655e-06 0)
(0.00116429 2.74183e-06 0)
(0.00116047 2.42905e-06 0)
(0.00115672 2.12043e-06 0)
(0.00115303 1.81257e-06 0)
(0.00114941 1.50695e-06 0)
(0.00114587 1.20949e-06 0)
(0.00114241 9.2905e-07 0)
(0.00113903 6.76107e-07 0)
(0.00113574 4.61667e-07 0)
(0.00113253 2.96589e-07 0)
(0.00112942 1.91082e-07 0)
(0.00112639 1.54226e-07 0)
(0.00112346 1.93317e-07 0)
(0.00112063 3.12962e-07 0)
(0.00111789 5.1468e-07 0)
(0.00111525 7.9725e-07 0)
(0.00111271 1.15747e-06 0)
(0.00111029 1.59151e-06 0)
(0.00110798 2.09571e-06 0)
(0.00110579 2.66728e-06 0)
(0.00110371 3.30411e-06 0)
(0.00110176 4.00101e-06 0)
(0.00109995 4.75207e-06 0)
(0.00109827 5.54933e-06 0)
(0.00109675 6.3825e-06 0)
(0.00109538 7.23988e-06 0)
(0.00109418 8.1097e-06 0)
(0.00109314 8.97996e-06 0)
(0.00109228 9.84203e-06 0)
(0.00109159 1.06905e-05 0)
(0.00109107 1.15229e-05 0)
(0.00109072 1.23393e-05 0)
(0.00109054 1.3141e-05 0)
(0.00109053 1.39301e-05 0)
(0.00109069 1.47077e-05 0)
(0.001091 1.54738e-05 0)
(0.00109147 1.62259e-05 0)
(0.00109209 1.69591e-05 0)
(0.00109284 1.76652e-05 0)
(0.00109373 1.83323e-05 0)
(0.00109473 1.89454e-05 0)
(0.00109583 1.94857e-05 0)
(0.00109702 1.9932e-05 0)
(0.00109828 2.02615e-05 0)
(0.00109958 2.0452e-05 0)
(0.00110091 2.04834e-05 0)
(0.00110225 2.03401e-05 0)
(0.00110357 2.00128e-05 0)
(0.00110486 1.94995e-05 0)
(0.0011061 1.88062e-05 0)
(0.00110727 1.79472e-05 0)
(0.00110836 1.6943e-05 0)
(0.00110935 1.58205e-05 0)
(0.00111024 1.46093e-05 0)
(0.00111102 1.33417e-05 0)
(0.00111168 1.20489e-05 0)
(0.00111223 1.07613e-05 0)
(0.00111267 9.50554e-06 0)
(0.001113 8.30513e-06 0)
(0.00111324 7.17822e-06 0)
(0.00111339 6.13842e-06 0)
(0.00111346 5.19474e-06 0)
(0.00111347 4.3495e-06 0)
(0.00111341 3.6046e-06 0)
(0.0011133 2.95109e-06 0)
(0.00111315 2.38891e-06 0)
(0.00111296 1.89867e-06 0)
(0.00111275 1.48597e-06 0)
(0.00111252 1.12189e-06 0)
(0.00111228 8.2503e-07 0)
(0.00111202 5.57753e-07 0)
(0.00111179 3.54115e-07 0)
(0.00111154 1.70632e-07 0)
(0.00111134 4.85028e-08 0)
(0.00111111 -5.03503e-08 0)
(0.00111096 -1.01511e-07 0)
(0.00111076 -1.10646e-07 0)
(0.00111066 -1.11483e-07 0)
(0.00111047 -3.27137e-08 0)
(0.00111042 -1.64645e-08 0)
(0.00111023 1.33077e-07 0)
(0.00114187 1.55463e-05 0)
(0.00113848 1.47187e-05 0)
(0.00113517 1.39486e-05 0)
(0.00113196 1.32388e-05 0)
(0.00112882 1.25889e-05 0)
(0.00112576 1.19937e-05 0)
(0.00112279 1.14442e-05 0)
(0.0011199 1.09288e-05 0)
(0.0011171 1.04351e-05 0)
(0.00111438 9.95123e-06 0)
(0.00111174 9.46863e-06 0)
(0.00110919 8.98307e-06 0)
(0.00110671 8.49519e-06 0)
(0.00110431 8.00991e-06 0)
(0.00110198 7.53525e-06 0)
(0.00109972 7.08098e-06 0)
(0.00109752 6.65742e-06 0)
(0.00109539 6.2746e-06 0)
(0.00109331 5.9418e-06 0)
(0.0010913 5.66712e-06 0)
(0.00108935 5.45705e-06 0)
(0.00108747 5.31588e-06 0)
(0.00108567 5.24514e-06 0)
(0.00108396 5.24353e-06 0)
(0.00108233 5.3072e-06 0)
(0.00108081 5.43073e-06 0)
(0.00107939 5.60818e-06 0)
(0.00107809 5.83403e-06 0)
(0.00107693 6.10341e-06 0)
(0.00107589 6.41195e-06 0)
(0.00107501 6.75794e-06 0)
(0.00107427 7.13884e-06 0)
(0.00107368 7.55083e-06 0)
(0.00107326 7.98917e-06 0)
(0.00107299 8.44828e-06 0)
(0.00107288 8.92228e-06 0)
(0.00107292 9.40538e-06 0)
(0.00107311 9.89263e-06 0)
(0.00107345 1.03802e-05 0)
(0.00107392 1.08654e-05 0)
(0.00107452 1.13467e-05 0)
(0.00107524 1.18236e-05 0)
(0.00107607 1.22959e-05 0)
(0.00107702 1.27641e-05 0)
(0.00107807 1.32281e-05 0)
(0.00107922 1.36873e-05 0)
(0.00108048 1.41398e-05 0)
(0.00108182 1.45815e-05 0)
(0.00108326 1.50055e-05 0)
(0.00108477 1.54018e-05 0)
(0.00108636 1.57571e-05 0)
(0.001088 1.60554e-05 0)
(0.0010897 1.62785e-05 0)
(0.00109144 1.64078e-05 0)
(0.00109319 1.64259e-05 0)
(0.00109494 1.63187e-05 0)
(0.00109668 1.60765e-05 0)
(0.00109837 1.56958e-05 0)
(0.00110001 1.51794e-05 0)
(0.00110157 1.4537e-05 0)
(0.00110304 1.37834e-05 0)
(0.0011044 1.29384e-05 0)
(0.00110565 1.2024e-05 0)
(0.00110676 1.10643e-05 0)
(0.00110775 1.00821e-05 0)
(0.0011086 9.10033e-06 0)
(0.00110932 8.13805e-06 0)
(0.00110992 7.21339e-06 0)
(0.00111039 6.33993e-06 0)
(0.00111077 5.52897e-06 0)
(0.00111105 4.78832e-06 0)
(0.00111124 4.12051e-06 0)
(0.00111136 3.52902e-06 0)
(0.00111142 3.00529e-06 0)
(0.00111142 2.55277e-06 0)
(0.00111138 2.15001e-06 0)
(0.00111129 1.80836e-06 0)
(0.00111118 1.49273e-06 0)
(0.00111105 1.23145e-06 0)
(0.0011109 9.76324e-07 0)
(0.00111076 7.7681e-07 0)
(0.0011106 5.75663e-07 0)
(0.00111046 4.34486e-07 0)
(0.0011103 3.007e-07 0)
(0.0011102 2.1938e-07 0)
(0.00111006 1.73224e-07 0)
(0.00110999 1.43454e-07 0)
(0.00110986 1.94329e-07 0)
(0.00110982 1.92562e-07 0)
(0.00110969 3.23767e-07 0)
(0.00111926 2.20822e-05 0)
(0.00111647 2.10083e-05 0)
(0.00111381 1.99979e-05 0)
(0.00111127 1.90519e-05 0)
(0.00110887 1.81677e-05 0)
(0.00110658 1.73395e-05 0)
(0.00110441 1.65592e-05 0)
(0.00110237 1.58175e-05 0)
(0.00110043 1.51049e-05 0)
(0.0010986 1.44139e-05 0)
(0.00109686 1.37392e-05 0)
(0.0010952 1.30794e-05 0)
(0.00109362 1.24358e-05 0)
(0.00109211 1.18125e-05 0)
(0.00109065 1.1215e-05 0)
(0.00108923 1.06495e-05 0)
(0.00108785 1.01217e-05 0)
(0.00108652 9.63677e-06 0)
(0.00108522 9.1991e-06 0)
(0.00108396 8.81199e-06 0)
(0.00108275 8.47747e-06 0)
(0.00108159 8.19586e-06 0)
(0.00108049 7.96559e-06 0)
(0.00107946 7.78326e-06 0)
(0.00107851 7.64421e-06 0)
(0.00107765 7.54335e-06 0)
(0.00107688 7.47619e-06 0)
(0.00107622 7.43954e-06 0)
(0.00107566 7.43179e-06 0)
(0.00107522 7.45266e-06 0)
(0.0010749 7.50262e-06 0)
(0.00107469 7.58208e-06 0)
(0.00107459 7.69075e-06 0)
(0.00107461 7.82741e-06 0)
(0.00107474 7.99004e-06 0)
(0.00107497 8.17608e-06 0)
(0.0010753 8.3829e-06 0)
(0.00107573 8.6082e-06 0)
(0.00107624 8.8502e-06 0)
(0.00107683 9.10759e-06 0)
(0.0010775 9.37942e-06 0)
(0.00107823 9.66478e-06 0)
(0.00107903 9.96259e-06 0)
(0.00107988 1.02713e-05 0)
(0.00108078 1.05887e-05 0)
(0.00108173 1.09117e-05 0)
(0.00108273 1.12359e-05 0)
(0.00108377 1.15556e-05 0)
(0.00108485 1.18633e-05 0)
(0.00108597 1.21498e-05 0)
(0.00108714 1.24039e-05 0)
(0.00108835 1.26129e-05 0)
(0.0010896 1.27632e-05 0)
(0.00109089 1.28415e-05 0)
(0.00109221 1.28352e-05 0)
(0.00109355 1.2735e-05 0)
(0.0010949 1.25346e-05 0)
(0.00109625 1.2233e-05 0)
(0.00109758 1.18334e-05 0)
(0.00109887 1.13445e-05 0)
(0.00110011 1.07781e-05 0)
(0.00110129 1.01497e-05 0)
(0.00110238 9.47524e-06 0)
(0.00110339 8.77211e-06 0)
(0.0011043 8.0554e-06 0)
(0.00110511 7.34054e-06 0)
(0.00110582 6.6392e-06 0)
(0.00110643 5.9636e-06 0)
(0.00110694 5.32204e-06 0)
(0.00110737 4.72309e-06 0)
(0.00110771 4.17244e-06 0)
(0.00110799 3.67288e-06 0)
(0.00110819 3.22841e-06 0)
(0.00110835 2.83177e-06 0)
(0.00110845 2.48843e-06 0)
(0.00110851 2.1767e-06 0)
(0.00110853 1.91126e-06 0)
(0.00110853 1.65348e-06 0)
(0.00110851 1.43782e-06 0)
(0.00110847 1.20883e-06 0)
(0.00110841 1.02677e-06 0)
(0.00110835 8.24241e-07 0)
(0.00110829 6.78242e-07 0)
(0.00110822 5.24902e-07 0)
(0.00110817 4.26172e-07 0)
(0.0011081 3.54776e-07 0)
(0.00110806 3.05584e-07 0)
(0.001108 3.35223e-07 0)
(0.00110797 3.20524e-07 0)
(0.0011079 4.35977e-07 0)
(0.00111364 2.81885e-05 0)
(0.00111126 2.67775e-05 0)
(0.00110901 2.54391e-05 0)
(0.0011069 2.41725e-05 0)
(0.00110492 2.29745e-05 0)
(0.00110306 2.18405e-05 0)
(0.00110133 2.07651e-05 0)
(0.0010997 1.97431e-05 0)
(0.00109819 1.87701e-05 0)
(0.00109676 1.78428e-05 0)
(0.00109541 1.69597e-05 0)
(0.00109413 1.61203e-05 0)
(0.00109291 1.53255e-05 0)
(0.00109173 1.45766e-05 0)
(0.00109059 1.3875e-05 0)
(0.00108948 1.32214e-05 0)
(0.00108841 1.26155e-05 0)
(0.00108736 1.2056e-05 0)
(0.00108634 1.1541e-05 0)
(0.00108536 1.10682e-05 0)
(0.00108442 1.0635e-05 0)
(0.00108352 1.02387e-05 0)
(0.00108268 9.87617e-06 0)
(0.0010819 9.54372e-06 0)
(0.00108117 9.23759e-06 0)
(0.00108052 8.95443e-06 0)
(0.00107993 8.69211e-06 0)
(0.00107941 8.45042e-06 0)
(0.00107897 8.23129e-06 0)
(0.00107859 8.03848e-06 0)
(0.00107828 7.87675e-06 0)
(0.00107803 7.75073e-06 0)
(0.00107784 7.66386e-06 0)
(0.00107771 7.61767e-06 0)
(0.00107763 7.61164e-06 0)
(0.00107759 7.64355e-06 0)
(0.00107761 7.71014e-06 0)
(0.00107767 7.80793e-06 0)
(0.00107778 7.9338e-06 0)
(0.00107794 8.08544e-06 0)
(0.00107814 8.26125e-06 0)
(0.00107839 8.46003e-06 0)
(0.00107869 8.68037e-06 0)
(0.00107903 8.91998e-06 0)
(0.00107942 9.17509e-06 0)
(0.00107986 9.44008e-06 0)
(0.00108035 9.70734e-06 0)
(0.00108089 9.96741e-06 0)
(0.00108148 1.02094e-05 0)
(0.00108214 1.04216e-05 0)
(0.00108285 1.05921e-05 0)
(0.00108363 1.07094e-05 0)
(0.00108448 1.07632e-05 0)
(0.00108538 1.07452e-05 0)
(0.00108635 1.06495e-05 0)
(0.00108736 1.04735e-05 0)
(0.00108841 1.02178e-05 0)
(0.00108948 9.88706e-06 0)
(0.00109057 9.48879e-06 0)
(0.00109165 9.03374e-06 0)
(0.00109271 8.534e-06 0)
(0.00109373 8.00306e-06 0)
(0.0010947 7.45318e-06 0)
(0.00109561 6.89654e-06 0)
(0.00109645 6.34212e-06 0)
(0.00109722 5.79907e-06 0)
(0.00109791 5.27263e-06 0)
(0.00109853 4.76982e-06 0)
(0.00109908 4.29388e-06 0)
(0.00109956 3.8507e-06 0)
(0.00109998 3.44276e-06 0)
(0.00110033 3.07297e-06 0)
(0.00110064 2.74328e-06 0)
(0.00110089 2.44873e-06 0)
(0.00110111 2.19293e-06 0)
(0.00110128 1.95772e-06 0)
(0.00110143 1.75586e-06 0)
(0.00110155 1.55231e-06 0)
(0.00110164 1.3806e-06 0)
(0.00110173 1.18705e-06 0)
(0.00110178 1.03425e-06 0)
(0.00110184 8.51727e-07 0)
(0.00110187 7.25288e-07 0)
(0.00110191 5.79502e-07 0)
(0.00110191 4.94686e-07 0)
(0.00110194 4.20638e-07 0)
(0.00110192 3.81725e-07 0)
(0.00110194 4.00121e-07 0)
(0.00110192 3.91738e-07 0)
(0.00110194 4.8879e-07 0)
(0.0010729 3.31251e-05 0)
(0.00107159 3.14274e-05 0)
(0.00107036 2.98093e-05 0)
(0.00106919 2.82711e-05 0)
(0.00106809 2.68126e-05 0)
(0.00106706 2.5433e-05 0)
(0.00106608 2.41317e-05 0)
(0.00106515 2.29074e-05 0)
(0.00106427 2.17585e-05 0)
(0.00106343 2.0683e-05 0)
(0.00106263 1.96778e-05 0)
(0.00106186 1.874e-05 0)
(0.00106111 1.78658e-05 0)
(0.00106039 1.70512e-05 0)
(0.0010597 1.62916e-05 0)
(0.00105904 1.55818e-05 0)
(0.0010584 1.49165e-05 0)
(0.0010578 1.42905e-05 0)
(0.00105722 1.36997e-05 0)
(0.00105668 1.31406e-05 0)
(0.00105618 1.2611e-05 0)
(0.00105572 1.21093e-05 0)
(0.00105529 1.16343e-05 0)
(0.00105491 1.11846e-05 0)
(0.00105456 1.07594e-05 0)
(0.00105425 1.03585e-05 0)
(0.00105398 9.98313e-06 0)
(0.00105375 9.63609e-06 0)
(0.00105354 9.32173e-06 0)
(0.00105336 9.04502e-06 0)
(0.00105321 8.81049e-06 0)
(0.00105308 8.62103e-06 0)
(0.00105298 8.47702e-06 0)
(0.00105291 8.37615e-06 0)
(0.00105288 8.31378e-06 0)
(0.00105289 8.28387e-06 0)
(0.00105293 8.28016e-06 0)
(0.00105303 8.29723e-06 0)
(0.00105318 8.33119e-06 0)
(0.00105339 8.37987e-06 0)
(0.00105365 8.4424e-06 0)
(0.00105397 8.51847e-06 0)
(0.00105435 8.6073e-06 0)
(0.00105479 8.70682e-06 0)
(0.00105531 8.81301e-06 0)
(0.00105588 8.91971e-06 0)
(0.00105654 9.01893e-06 0)
(0.00105726 9.10142e-06 0)
(0.00105807 9.1575e-06 0)
(0.00105895 9.17791e-06 0)
(0.0010599 9.15454e-06 0)
(0.00106092 9.0811e-06 0)
(0.00106201 8.95342e-06 0)
(0.00106315 8.7698e-06 0)
(0.00106433 8.53101e-06 0)
(0.00106555 8.24035e-06 0)
(0.00106678 7.90336e-06 0)
(0.001068 7.52763e-06 0)
(0.00106922 7.12199e-06 0)
(0.0010704 6.69612e-06 0)
(0.00107154 6.25927e-06 0)
(0.00107263 5.82015e-06 0)
(0.00107366 5.38544e-06 0)
(0.00107463 4.96091e-06 0)
(0.00107552 4.54968e-06 0)
(0.00107635 4.15521e-06 0)
(0.00107711 3.77844e-06 0)
(0.0010778 3.42276e-06 0)
(0.00107843 3.08873e-06 0)
(0.001079 2.78063e-06 0)
(0.0010795 2.49852e-06 0)
(0.00107995 2.24553e-06 0)
(0.00108036 2.01987e-06 0)
(0.00108072 1.81963e-06 0)
(0.00108104 1.64244e-06 0)
(0.00108133 1.47803e-06 0)
(0.00108159 1.33039e-06 0)
(0.00108184 1.17842e-06 0)
(0.00108205 1.04372e-06 0)
(0.00108226 8.90681e-07 0)
(0.00108242 7.68077e-07 0)
(0.00108259 6.2137e-07 0)
(0.0010827 5.26255e-07 0)
(0.00108284 4.10845e-07 0)
(0.00108289 3.59992e-07 0)
(0.00108301 3.03151e-07 0)
(0.00108301 2.96001e-07 0)
(0.00108312 3.10417e-07 0)
(0.00108311 3.22721e-07 0)
(0.00108323 3.95534e-07 0)
(0.000954596 3.41857e-05 0)
(0.000955721 3.24379e-05 0)
(0.000956812 3.07761e-05 0)
(0.000957872 2.92004e-05 0)
(0.000958903 2.77102e-05 0)
(0.000959907 2.63038e-05 0)
(0.000960888 2.49788e-05 0)
(0.000961848 2.3732e-05 0)
(0.000962791 2.25594e-05 0)
(0.00096372 2.14568e-05 0)
(0.000964638 2.04195e-05 0)
(0.000965549 1.9443e-05 0)
(0.000966456 1.85228e-05 0)
(0.000967361 1.76548e-05 0)
(0.000968268 1.68349e-05 0)
(0.000969177 1.60597e-05 0)
(0.000970091 1.53258e-05 0)
(0.00097101 1.46304e-05 0)
(0.000971934 1.39707e-05 0)
(0.000972863 1.33445e-05 0)
(0.000973795 1.27496e-05 0)
(0.00097473 1.21845e-05 0)
(0.000975668 1.16481e-05 0)
(0.000976605 1.11401e-05 0)
(0.000977541 1.06612e-05 0)
(0.000978474 1.02127e-05 0)
(0.000979401 9.79638e-06 0)
(0.000980323 9.41413e-06 0)
(0.000981238 9.06726e-06 0)
(0.000982148 8.75608e-06 0)
(0.000983054 8.47958e-06 0)
(0.000983961 8.23546e-06 0)
(0.000984873 8.02041e-06 0)
(0.000985794 7.83067e-06 0)
(0.000986728 7.66265e-06 0)
(0.000987679 7.51343e-06 0)
(0.000988649 7.38111e-06 0)
(0.000989641 7.26479e-06 0)
(0.000990656 7.16426e-06 0)
(0.000991695 7.07949e-06 0)
(0.00099276 7.01001e-06 0)
(0.000993853 6.95436e-06 0)
(0.000994977 6.90976e-06 0)
(0.000996136 6.87201e-06 0)
(0.000997333 6.83571e-06 0)
(0.000998569 6.79468e-06 0)
(0.000999847 6.74253e-06 0)
(0.00100116 6.67321e-06 0)
(0.00100252 6.5815e-06 0)
(0.00100391 6.46338e-06 0)
(0.00100533 6.31627e-06 0)
(0.00100676 6.13912e-06 0)
(0.0010082 5.93246e-06 0)
(0.00100964 5.69833e-06 0)
(0.00101106 5.44015e-06 0)
(0.00101246 5.16249e-06 0)
(0.00101382 4.87067e-06 0)
(0.00101513 4.57031e-06 0)
(0.00101639 4.26686e-06 0)
(0.00101758 3.96509e-06 0)
(0.00101871 3.66874e-06 0)
(0.00101976 3.3805e-06 0)
(0.00102075 3.10195e-06 0)
(0.00102167 2.83425e-06 0)
(0.00102252 2.57799e-06 0)
(0.0010233 2.33439e-06 0)
(0.00102402 2.10421e-06 0)
(0.00102468 1.8896e-06 0)
(0.00102529 1.69126e-06 0)
(0.00102584 1.51158e-06 0)
(0.00102634 1.34946e-06 0)
(0.00102679 1.20613e-06 0)
(0.00102721 1.07736e-06 0)
(0.00102759 9.62832e-07 0)
(0.00102794 8.56444e-07 0)
(0.00102826 7.57355e-07 0)
(0.00102855 6.61679e-07 0)
(0.00102882 5.68107e-07 0)
(0.00102906 4.80622e-07 0)
(0.00102928 3.93411e-07 0)
(0.00102947 3.23717e-07 0)
(0.00102965 2.52313e-07 0)
(0.00102979 2.1449e-07 0)
(0.00102994 1.68185e-07 0)
(0.00103002 1.68303e-07 0)
(0.00103018 1.4835e-07 0)
(0.00103021 1.75357e-07 0)
(0.00103039 1.74571e-07 0)
(0.0010304 2.02361e-07 0)
(0.00103062 2.11998e-07 0)
(0.000770219 2.79945e-05 0)
(0.000774736 2.64636e-05 0)
(0.000779093 2.50025e-05 0)
(0.000783297 2.3611e-05 0)
(0.000787355 2.2288e-05 0)
(0.000791273 2.10321e-05 0)
(0.00079506 1.98411e-05 0)
(0.000798721 1.87127e-05 0)
(0.000802263 1.76442e-05 0)
(0.000805691 1.66329e-05 0)
(0.000809011 1.56758e-05 0)
(0.000812226 1.477e-05 0)
(0.000815341 1.39128e-05 0)
(0.00081836 1.31016e-05 0)
(0.000821285 1.23337e-05 0)
(0.000824118 1.16068e-05 0)
(0.000826863 1.0919e-05 0)
(0.00082952 1.02682e-05 0)
(0.000832092 9.65311e-06 0)
(0.00083458 9.07244e-06 0)
(0.000836984 8.52544e-06 0)
(0.000839308 8.01164e-06 0)
(0.00084155 7.53086e-06 0)
(0.000843714 7.08313e-06 0)
(0.0008458 6.66858e-06 0)
(0.000847811 6.2873e-06 0)
(0.00084975 5.93923e-06 0)
(0.00085162 5.62407e-06 0)
(0.000853426 5.34112e-06 0)
(0.000855173 5.08925e-06 0)
(0.000856865 4.86689e-06 0)
(0.000858509 4.672e-06 0)
(0.00086011 4.50225e-06 0)
(0.000861671 4.35504e-06 0)
(0.000863198 4.22767e-06 0)
(0.000864695 4.1174e-06 0)
(0.000866163 4.02152e-06 0)
(0.000867609 3.9374e-06 0)
(0.000869033 3.86242e-06 0)
(0.000870441 3.79401e-06 0)
(0.000871835 3.72963e-06 0)
(0.000873219 3.66681e-06 0)
(0.000874595 3.60322e-06 0)
(0.000875966 3.53679e-06 0)
(0.000877331 3.46571e-06 0)
(0.000878691 3.38853e-06 0)
(0.000880043 3.30413e-06 0)
(0.000881384 3.21173e-06 0)
(0.000882709 3.11085e-06 0)
(0.000884014 3.00128e-06 0)
(0.000885292 2.88316e-06 0)
(0.000886538 2.75692e-06 0)
(0.000887747 2.62341e-06 0)
(0.000888911 2.48383e-06 0)
(0.000890028 2.33974e-06 0)
(0.000891092 2.19295e-06 0)
(0.000892101 2.04535e-06 0)
(0.000893052 1.89872e-06 0)
(0.000893945 1.75451e-06 0)
(0.00089478 1.61376e-06 0)
(0.000895558 1.47702e-06 0)
(0.000896279 1.34454e-06 0)
(0.000896947 1.2164e-06 0)
(0.000897563 1.09277e-06 0)
(0.000898129 9.73951e-07 0)
(0.000898647 8.60419e-07 0)
(0.000899121 7.52702e-07 0)
(0.000899552 6.51531e-07 0)
(0.000899944 5.57585e-07 0)
(0.0009003 4.71763e-07 0)
(0.000900623 3.94468e-07 0)
(0.000900917 3.26103e-07 0)
(0.000901185 2.65852e-07 0)
(0.000901429 2.13187e-07 0)
(0.000901654 1.6596e-07 0)
(0.000901855 1.23458e-07 0)
(0.00090204 8.3227e-08 0)
(0.000902202 4.58246e-08 0)
(0.00090235 9.02851e-09 0)
(0.000902472 -2.49701e-08 0)
(0.000902586 -5.78443e-08 0)
(0.000902674 -8.60579e-08 0)
(0.000902758 -1.11154e-07 0)
(0.000902824 -1.29337e-07 0)
(0.000902885 -1.43112e-07 0)
(0.000902947 -1.48629e-07 0)
(0.000902989 -1.51791e-07 0)
(0.000903065 -1.45316e-07 0)
(0.000903088 -1.43454e-07 0)
(0.000903187 -1.27821e-07 0)
(0.000535822 1.37536e-05 0)
(0.000541829 1.27244e-05 0)
(0.000547531 1.17501e-05 0)
(0.000552939 1.0831e-05 0)
(0.000558065 9.96686e-06 0)
(0.00056292 9.1568e-06 0)
(0.000567517 8.39969e-06 0)
(0.000571866 7.69403e-06 0)
(0.000575979 7.03808e-06 0)
(0.000579865 6.42989e-06 0)
(0.000583535 5.86743e-06 0)
(0.000586999 5.34856e-06 0)
(0.000590267 4.87114e-06 0)
(0.000593348 4.43301e-06 0)
(0.000596251 4.03201e-06 0)
(0.000598985 3.66598e-06 0)
(0.000601558 3.33281e-06 0)
(0.000603978 3.03036e-06 0)
(0.000606254 2.75661e-06 0)
(0.000608393 2.50956e-06 0)
(0.000610403 2.28738e-06 0)
(0.000612292 2.08835e-06 0)
(0.000614067 1.91089e-06 0)
(0.000615737 1.75359e-06 0)
(0.000617309 1.61511e-06 0)
(0.000618791 1.49417e-06 0)
(0.00062019 1.38953e-06 0)
(0.000621513 1.29989e-06 0)
(0.000622769 1.22389e-06 0)
(0.000623965 1.16011e-06 0)
(0.000625106 1.10705e-06 0)
(0.0006262 1.06324e-06 0)
(0.000627251 1.02724e-06 0)
(0.000628266 9.97786e-07 0)
(0.000629248 9.73772e-07 0)
(0.000630201 9.54258e-07 0)
(0.000631129 9.38433e-07 0)
(0.000632034 9.2558e-07 0)
(0.000632917 9.15066e-07 0)
(0.000633781 9.0633e-07 0)
(0.000634627 8.98883e-07 0)
(0.000635454 8.92285e-07 0)
(0.000636264 8.86113e-07 0)
(0.000637056 8.79916e-07 0)
(0.00063783 8.73188e-07 0)
(0.000638585 8.65348e-07 0)
(0.000639321 8.55745e-07 0)
(0.000640035 8.43684e-07 0)
(0.000640727 8.28467e-07 0)
(0.000641395 8.09454e-07 0)
(0.000642037 7.86128e-07 0)
(0.000642652 7.58171e-07 0)
(0.000643238 7.25524e-07 0)
(0.000643793 6.88416e-07 0)
(0.000644317 6.47361e-07 0)
(0.000644809 6.03099e-07 0)
(0.000645268 5.56507e-07 0)
(0.000645695 5.08505e-07 0)
(0.000646089 4.59956e-07 0)
(0.000646451 4.11603e-07 0)
(0.000646782 3.64034e-07 0)
(0.000647084 3.17688e-07 0)
(0.000647357 2.72884e-07 0)
(0.000647601 2.29886e-07 0)
(0.000647819 1.88933e-07 0)
(0.000648011 1.50287e-07 0)
(0.000648179 1.1421e-07 0)
(0.000648324 8.09756e-08 0)
(0.000648447 5.07901e-08 0)
(0.00064855 2.38051e-08 0)
(0.000648636 2.78407e-11 0)
(0.000648706 -2.06456e-08 0)
(0.000648762 -3.84731e-08 0)
(0.000648805 -5.38479e-08 0)
(0.000648838 -6.70769e-08 0)
(0.000648861 -7.84037e-08 0)
(0.000648875 -8.78706e-08 0)
(0.00064888 -9.56166e-08 0)
(0.000648878 -1.01425e-07 0)
(0.000648868 -1.05251e-07 0)
(0.000648852 -1.06652e-07 0)
(0.000648828 -1.05537e-07 0)
(0.000648802 -1.01571e-07 0)
(0.000648768 -9.50272e-08 0)
(0.000648737 -8.56357e-08 0)
(0.000648697 -7.47493e-08 0)
(0.000648669 -6.17069e-08 0)
(0.000648627 -4.86242e-08 0)
(0.000648606 -3.71296e-08 0)
(0.000648561 -2.1961e-08 0)
(0.000204267 9.3469e-07 0)
(0.000207547 7.8406e-07 0)
(0.000210562 6.50965e-07 0)
(0.000213327 5.34599e-07 0)
(0.00021586 4.33985e-07 0)
(0.000218177 3.4802e-07 0)
(0.000220293 2.755e-07 0)
(0.000222224 2.15155e-07 0)
(0.000223983 1.65679e-07 0)
(0.000225585 1.25759e-07 0)
(0.000227043 9.40965e-08 0)
(0.000228369 6.94393e-08 0)
(0.000229575 5.0598e-08 0)
(0.00023067 3.64677e-08 0)
(0.000231665 2.60446e-08 0)
(0.000232568 1.84397e-08 0)
(0.00023339 1.28893e-08 0)
(0.000234136 8.76118e-09 0)
(0.000234815 5.55644e-09 0)
(0.000235432 2.90612e-09 0)
(0.000235995 5.63245e-10 0)
(0.000236507 -1.60887e-09 0)
(0.000236976 -3.65094e-09 0)
(0.000237405 -5.52338e-09 0)
(0.000237799 -7.12293e-09 0)
(0.000238162 -8.29995e-09 0)
(0.000238499 -8.8766e-09 0)
(0.000238812 -8.66573e-09 0)
(0.000239106 -7.49013e-09 0)
(0.000239384 -5.20144e-09 0)
(0.000239649 -1.69733e-09 0)
(0.000239902 3.06471e-09 0)
(0.000240148 9.05889e-09 0)
(0.000240387 1.61896e-08 0)
(0.00024062 2.42985e-08 0)
(0.000240851 3.31807e-08 0)
(0.000241079 4.26069e-08 0)
(0.000241306 5.23442e-08 0)
(0.000241532 6.2172e-08 0)
(0.000241759 7.18888e-08 0)
(0.000241986 8.13133e-08 0)
(0.000242214 9.02806e-08 0)
(0.000242442 9.86391e-08 0)
(0.000242671 1.06248e-07 0)
(0.000242901 1.12981e-07 0)
(0.000243131 1.18731e-07 0)
(0.00024336 1.23419e-07 0)
(0.000243587 1.27001e-07 0)
(0.000243813 1.29468e-07 0)
(0.000244035 1.30846e-07 0)
(0.000244252 1.31197e-07 0)
(0.000244463 1.30607e-07 0)
(0.000244668 1.29181e-07 0)
(0.000244863 1.27038e-07 0)
(0.000245049 1.24303e-07 0)
(0.000245224 1.21094e-07 0)
(0.000245388 1.17519e-07 0)
(0.00024554 1.13669e-07 0)
(0.00024568 1.0961e-07 0)
(0.000245808 1.05383e-07 0)
(0.000245923 1.01012e-07 0)
(0.000246027 9.65098e-08 0)
(0.000246118 9.18878e-08 0)
(0.000246199 8.71689e-08 0)
(0.000246268 8.23898e-08 0)
(0.000246328 7.76028e-08 0)
(0.000246377 7.28712e-08 0)
(0.000246417 6.82683e-08 0)
(0.000246449 6.38662e-08 0)
(0.000246472 5.97306e-08 0)
(0.000246489 5.58949e-08 0)
(0.0002465 5.23533e-08 0)
(0.000246505 4.90334e-08 0)
(0.000246506 4.57845e-08 0)
(0.000246503 4.24814e-08 0)
(0.000246496 3.90711e-08 0)
(0.000246486 3.54041e-08 0)
(0.000246474 3.13578e-08 0)
(0.000246459 2.69176e-08 0)
(0.000246442 2.20817e-08 0)
(0.000246423 1.69641e-08 0)
(0.000246403 1.16454e-08 0)
(0.000246382 6.40592e-09 0)
(0.000246362 1.31134e-09 0)
(0.000246342 -3.22482e-09 0)
(0.000246323 -7.27755e-09 0)
(0.000246307 -1.03399e-08 0)
(0.000246291 -1.2549e-08 0)
(0.000246281 -1.38838e-08 0)
(0.000246268 -1.29093e-08 0)
)
;

boundaryField
{
    inlet
    {
        type            fixedValue;
        value           nonuniform List<vector> 0();
    }
    outlet
    {
        type            zeroGradient;
    }
    wall
    {
        type            noSlip;
    }
    obstacle
    {
        type            noSlip;
    }
    frontAndBack
    {
        type            empty;
    }
    procBoundary3to2
    {
        type            processor;
        value           nonuniform List<vector> 
31
(
(0.000204272 -9.33364e-07 0)
(0.000535837 -1.37484e-05 0)
(0.00077032 -2.79768e-05 0)
(0.000954863 -3.41366e-05 0)
(0.00107325 -3.30589e-05 0)
(0.00111402 -2.81397e-05 0)
(0.00111974 -2.20666e-05 0)
(0.00114254 -1.55489e-05 0)
(0.00120155 -7.13905e-06 0)
(0.00127214 2.91146e-06 0)
(0.00130803 1.2587e-05 0)
(0.00127359 1.91325e-05 0)
(0.00116214 2.0874e-05 0)
(0.000998032 1.66303e-05 0)
(0.000869093 6.11678e-06 0)
(0.000869093 6.11678e-06 0)
(0.000864473 -7.30176e-06 0)
(0.000996644 -1.73337e-05 0)
(0.00116339 -2.10037e-05 0)
(0.00127631 -1.88653e-05 0)
(0.00131165 -1.2064e-05 0)
(0.00127598 -2.25857e-06 0)
(0.00120498 7.87744e-06 0)
(0.00114535 1.64249e-05 0)
(0.00112218 2.32157e-05 0)
(0.00111616 2.96707e-05 0)
(0.00107428 3.49014e-05 0)
(0.000953435 3.60179e-05 0)
(0.000765534 2.95948e-05 0)
(0.000529499 1.4837e-05 0)
(0.000200704 1.10347e-06 0)
)
;
    }
}


// ************************************************************************* //
