/*--------------------------------*- C++ -*----------------------------------*\
| =========                 |                                                 |
| \\      /  F ield         | OpenFOAM: The Open Source CFD Toolbox           |
|  \\    /   O peration     | Version:  2312                                  |
|   \\  /    A nd           | Website:  www.openfoam.com                      |
|    \\/     M anipulation  |                                                 |
\*---------------------------------------------------------------------------*/
FoamFile
{
    version     2.0;
    format      ascii;
    arch        "LSB;label=32;scalar=64";
    class       volVectorField;
    location    "38000";
    object      U;
}
// * * * * * * * * * * * * * * * * * * * * * * * * * * * * * * * * * * * * * //

dimensions      [0 1 -1 0 0 0 0];

internalField   nonuniform List<vector> 
2715
(
(0.000992484 4.94183e-06 0)
(0.000990038 1.24575e-05 0)
(0.000986873 1.74787e-05 0)
(0.000980501 2.06623e-05 0)
(0.000971089 2.27453e-05 0)
(0.0009598 2.42387e-05 0)
(0.0009477 2.53776e-05 0)
(0.000935325 2.62367e-05 0)
(0.000922817 2.68402e-05 0)
(0.000910154 2.72134e-05 0)
(0.000897291 2.73938e-05 0)
(0.000884225 2.74244e-05 0)
(0.000870992 2.73431e-05 0)
(0.000857647 2.71781e-05 0)
(0.000844243 2.69474e-05 0)
(0.000830816 2.66628e-05 0)
(0.000817393 2.63323e-05 0)
(0.000803991 2.59624e-05 0)
(0.000790628 2.55586e-05 0)
(0.000777317 2.51257e-05 0)
(0.000764074 2.46676e-05 0)
(0.000750913 2.41874e-05 0)
(0.00073785 2.3687e-05 0)
(0.000724898 2.31684e-05 0)
(0.00071207 2.26325e-05 0)
(0.00069938 2.20808e-05 0)
(0.000686839 2.15134e-05 0)
(0.00067446 2.09317e-05 0)
(0.000662256 2.03352e-05 0)
(0.000650238 1.97257e-05 0)
(0.000638421 1.91017e-05 0)
(0.000626816 1.84659e-05 0)
(0.000615436 1.78155e-05 0)
(0.000604292 1.71548e-05 0)
(0.000593401 1.64792e-05 0)
(0.000582768 1.57953e-05 0)
(0.000572415 1.50957e-05 0)
(0.000562344 1.43911e-05 0)
(0.00055258 1.36688e-05 0)
(0.000543118 1.29468e-05 0)
(0.000533996 1.22032e-05 0)
(0.000525188 1.14681e-05 0)
(0.000516761 1.07041e-05 0)
(0.000508644 9.96182e-06 0)
(0.000500975 9.1767e-06 0)
(0.000493572 8.43433e-06 0)
(0.000486746 7.62418e-06 0)
(0.000480036 6.88869e-06 0)
(0.000474213 6.04475e-06 0)
(0.000468054 5.31469e-06 0)
(0.000463614 4.42851e-06 0)
(0.000457498 3.65682e-06 0)
(0.0004555 2.76702e-06 0)
(0.000447786 1.70504e-06 0)
(0.000451364 1.1385e-06 0)
(0.000436974 -1.27759e-06 0)
(0.000455425 1.02472e-07 0)
(0.000419444 -7.73453e-06 0)
(0.000477834 2.02862e-06 0)
(0.000383091 -2.44735e-05 0)
(0.00100003 5.80202e-06 0)
(0.00100172 1.4992e-05 0)
(0.00100423 2.15221e-05 0)
(0.00100706 2.60845e-05 0)
(0.00100979 2.94419e-05 0)
(0.00101219 3.21225e-05 0)
(0.00101421 3.4374e-05 0)
(0.00101589 3.62829e-05 0)
(0.00101726 3.78817e-05 0)
(0.00101837 3.9201e-05 0)
(0.00101923 4.02823e-05 0)
(0.00101982 4.11713e-05 0)
(0.00102014 4.19086e-05 0)
(0.0010202 4.25243e-05 0)
(0.00102001 4.30382e-05 0)
(0.00101958 4.34632e-05 0)
(0.00101892 4.38079e-05 0)
(0.00101806 4.4079e-05 0)
(0.00101699 4.4282e-05 0)
(0.00101573 4.44217e-05 0)
(0.00101429 4.45017e-05 0)
(0.00101268 4.45247e-05 0)
(0.00101091 4.44927e-05 0)
(0.00100898 4.44067e-05 0)
(0.00100692 4.42679e-05 0)
(0.00100471 4.40761e-05 0)
(0.00100239 4.38326e-05 0)
(0.00099994 4.35358e-05 0)
(0.000997412 4.31877e-05 0)
(0.000994748 4.27852e-05 0)
(0.000992049 4.23319e-05 0)
(0.000989206 4.1822e-05 0)
(0.000986383 4.12625e-05 0)
(0.000983389 4.06428e-05 0)
(0.000980494 3.99766e-05 0)
(0.000977372 3.92443e-05 0)
(0.00097447 3.84719e-05 0)
(0.00097123 3.76234e-05 0)
(0.000968402 3.67474e-05 0)
(0.000965034 3.57778e-05 0)
(0.000962395 3.48038e-05 0)
(0.000958853 3.3705e-05 0)
(0.000956566 3.26443e-05 0)
(0.00095274 3.14023e-05 0)
(0.000951059 3.02746e-05 0)
(0.000946725 2.88635e-05 0)
(0.000946055 2.77032e-05 0)
(0.00094079 2.60755e-05 0)
(0.000941796 2.49414e-05 0)
(0.000934828 2.30102e-05 0)
(0.000938625 2.20021e-05 0)
(0.000928571 1.96132e-05 0)
(0.000937041 1.88966e-05 0)
(0.000921454 1.57871e-05 0)
(0.000937783 1.56223e-05 0)
(0.000912369 1.13828e-05 0)
(0.000941975 1.21033e-05 0)
(0.000899277 6.26523e-06 0)
(0.000951512 7.89275e-06 0)
(0.000879037 8.51738e-07 0)
(0.000999989 1.96258e-06 0)
(0.00100078 5.76406e-06 0)
(0.00100224 9.2891e-06 0)
(0.00100423 1.24538e-05 0)
(0.00100654 1.52555e-05 0)
(0.00100897 1.77392e-05 0)
(0.00101139 1.99598e-05 0)
(0.00101376 2.19601e-05 0)
(0.00101607 2.37676e-05 0)
(0.00101833 2.53987e-05 0)
(0.00102055 2.68668e-05 0)
(0.00102272 2.81852e-05 0)
(0.00102483 2.93683e-05 0)
(0.00102689 3.04299e-05 0)
(0.00102887 3.13825e-05 0)
(0.00103079 3.22358e-05 0)
(0.00103264 3.29981e-05 0)
(0.00103442 3.36748e-05 0)
(0.00103615 3.42717e-05 0)
(0.00103781 3.4792e-05 0)
(0.00103942 3.52402e-05 0)
(0.00104097 3.56177e-05 0)
(0.00104247 3.59285e-05 0)
(0.0010439 3.61717e-05 0)
(0.00104529 3.63517e-05 0)
(0.00104661 3.64652e-05 0)
(0.00104791 3.65178e-05 0)
(0.00104912 3.65031e-05 0)
(0.00105033 3.64295e-05 0)
(0.00105144 3.62859e-05 0)
(0.00105257 3.60857e-05 0)
(0.00105356 3.58111e-05 0)
(0.00105463 3.54832e-05 0)
(0.00105552 3.50741e-05 0)
(0.00105653 3.46173e-05 0)
(0.0010573 3.40694e-05 0)
(0.0010583 3.34832e-05 0)
(0.00105893 3.2791e-05 0)
(0.00105995 3.2076e-05 0)
(0.00106043 3.1233e-05 0)
(0.00106153 3.03917e-05 0)
(0.00106179 2.93901e-05 0)
(0.00106306 2.8428e-05 0)
(0.00106304 2.72577e-05 0)
(0.00106461 2.61839e-05 0)
(0.00106417 2.48322e-05 0)
(0.00106623 2.36611e-05 0)
(0.00106518 2.21122e-05 0)
(0.00106802 2.08647e-05 0)
(0.00106601 1.91008e-05 0)
(0.00107007 1.78063e-05 0)
(0.00106661 1.58118e-05 0)
(0.00107254 1.45095e-05 0)
(0.00106682 1.22843e-05 0)
(0.00107561 1.10242e-05 0)
(0.0010664 8.62109e-06 0)
(0.00107955 7.46455e-06 0)
(0.00106498 5.08394e-06 0)
(0.00108478 4.06108e-06 0)
(0.00106209 2.20752e-06 0)
(0.00100001 1.74164e-06 0)
(0.00100047 5.1594e-06 0)
(0.00100128 8.42032e-06 0)
(0.00100239 1.14481e-05 0)
(0.00100374 1.42019e-05 0)
(0.00100526 1.66787e-05 0)
(0.00100689 1.89003e-05 0)
(0.00100858 2.08963e-05 0)
(0.00101033 2.2694e-05 0)
(0.00101212 2.43139e-05 0)
(0.00101394 2.57719e-05 0)
(0.00101578 2.70806e-05 0)
(0.00101764 2.82525e-05 0)
(0.00101951 2.92994e-05 0)
(0.00102139 3.02331e-05 0)
(0.00102327 3.10637e-05 0)
(0.00102515 3.18003e-05 0)
(0.00102703 3.24499e-05 0)
(0.0010289 3.30188e-05 0)
(0.00103077 3.35112e-05 0)
(0.00103264 3.39319e-05 0)
(0.0010345 3.42831e-05 0)
(0.00103636 3.45688e-05 0)
(0.00103821 3.47894e-05 0)
(0.00104006 3.49484e-05 0)
(0.0010419 3.50445e-05 0)
(0.00104374 3.50811e-05 0)
(0.00104556 3.50553e-05 0)
(0.0010474 3.49711e-05 0)
(0.00104921 3.48235e-05 0)
(0.00105104 3.46177e-05 0)
(0.00105283 3.43463e-05 0)
(0.00105465 3.40166e-05 0)
(0.00105641 3.36184e-05 0)
(0.00105823 3.31614e-05 0)
(0.00105996 3.26323e-05 0)
(0.00106178 3.20439e-05 0)
(0.00106348 3.13793e-05 0)
(0.0010653 3.06549e-05 0)
(0.00106696 2.98506e-05 0)
(0.0010688 2.8985e-05 0)
(0.00107039 2.80372e-05 0)
(0.00107227 2.70251e-05 0)
(0.00107379 2.59317e-05 0)
(0.00107573 2.47666e-05 0)
(0.00107715 2.35283e-05 0)
(0.00107919 2.22027e-05 0)
(0.00108049 2.08257e-05 0)
(0.00108267 1.93293e-05 0)
(0.00108379 1.78297e-05 0)
(0.0010862 1.6149e-05 0)
(0.00108709 1.45615e-05 0)
(0.00108982 1.26789e-05 0)
(0.00109037 1.10719e-05 0)
(0.00109356 8.96465e-06 0)
(0.00109363 7.46383e-06 0)
(0.00109748 5.09716e-06 0)
(0.00109685 3.90874e-06 0)
(0.00110163 1.19639e-06 0)
(0.00109996 6.0797e-07 0)
(0.001 1.15316e-06 0)
(0.00100023 3.43208e-06 0)
(0.00100067 5.64549e-06 0)
(0.00100134 7.76169e-06 0)
(0.0010022 9.75931e-06 0)
(0.00100323 1.16281e-05 0)
(0.00100441 1.33666e-05 0)
(0.00100569 1.4979e-05 0)
(0.00100705 1.64714e-05 0)
(0.00100848 1.78497e-05 0)
(0.00100996 1.91195e-05 0)
(0.00101149 2.02856e-05 0)
(0.00101305 2.13528e-05 0)
(0.00101465 2.23259e-05 0)
(0.00101627 2.321e-05 0)
(0.00101791 2.40097e-05 0)
(0.00101956 2.47297e-05 0)
(0.00102123 2.53737e-05 0)
(0.00102291 2.59452e-05 0)
(0.00102459 2.6447e-05 0)
(0.00102629 2.68814e-05 0)
(0.00102799 2.72505e-05 0)
(0.0010297 2.75557e-05 0)
(0.00103141 2.77985e-05 0)
(0.00103313 2.79796e-05 0)
(0.00103485 2.80999e-05 0)
(0.00103658 2.81594e-05 0)
(0.00103831 2.81589e-05 0)
(0.00104005 2.80972e-05 0)
(0.00104178 2.79756e-05 0)
(0.00104352 2.77912e-05 0)
(0.00104526 2.75468e-05 0)
(0.001047 2.7237e-05 0)
(0.00104874 2.68671e-05 0)
(0.00105049 2.64275e-05 0)
(0.00105222 2.59286e-05 0)
(0.00105397 2.53541e-05 0)
(0.0010557 2.47226e-05 0)
(0.00105744 2.40065e-05 0)
(0.00105918 2.32392e-05 0)
(0.00106091 2.23736e-05 0)
(0.00106264 2.14681e-05 0)
(0.00106437 2.04438e-05 0)
(0.0010661 1.93999e-05 0)
(0.00106782 1.82052e-05 0)
(0.00106955 1.70266e-05 0)
(0.00107126 1.56471e-05 0)
(0.001073 1.43437e-05 0)
(0.00107469 1.276e-05 0)
(0.00107646 1.13517e-05 0)
(0.00107814 9.5364e-06 0)
(0.00107998 8.05664e-06 0)
(0.00108163 5.96738e-06 0)
(0.0010836 4.46985e-06 0)
(0.00108525 2.04061e-06 0)
(0.00108744 6.15387e-07 0)
(0.00108907 -2.24532e-06 0)
(0.00109157 -3.44522e-06 0)
(0.00109307 -6.87584e-06 0)
(0.00109588 -7.63168e-06 0)
(0.001 9.27101e-07 0)
(0.00100017 2.77256e-06 0)
(0.00100051 4.59084e-06 0)
(0.001001 6.36304e-06 0)
(0.00100165 8.0717e-06 0)
(0.00100242 9.70296e-06 0)
(0.00100331 1.12475e-05 0)
(0.0010043 1.27006e-05 0)
(0.00100537 1.40606e-05 0)
(0.00100651 1.53279e-05 0)
(0.0010077 1.65041e-05 0)
(0.00100895 1.75911e-05 0)
(0.00101024 1.85911e-05 0)
(0.00101158 1.95068e-05 0)
(0.00101294 2.03408e-05 0)
(0.00101434 2.10962e-05 0)
(0.00101576 2.17758e-05 0)
(0.0010172 2.23825e-05 0)
(0.00101866 2.29188e-05 0)
(0.00102014 2.33873e-05 0)
(0.00102163 2.37895e-05 0)
(0.00102314 2.41277e-05 0)
(0.00102465 2.44028e-05 0)
(0.00102618 2.46168e-05 0)
(0.00102771 2.47696e-05 0)
(0.00102925 2.48632e-05 0)
(0.0010308 2.48964e-05 0)
(0.00103235 2.48715e-05 0)
(0.0010339 2.47859e-05 0)
(0.00103547 2.46429e-05 0)
(0.00103703 2.44377e-05 0)
(0.00103859 2.41754e-05 0)
(0.00104016 2.38481e-05 0)
(0.00104173 2.34641e-05 0)
(0.00104329 2.30109e-05 0)
(0.00104486 2.2502e-05 0)
(0.00104642 2.19176e-05 0)
(0.00104798 2.12801e-05 0)
(0.00104953 2.05578e-05 0)
(0.0010511 1.97875e-05 0)
(0.00105264 1.89192e-05 0)
(0.00105421 1.80123e-05 0)
(0.00105573 1.69878e-05 0)
(0.0010573 1.59414e-05 0)
(0.0010588 1.47484e-05 0)
(0.00106039 1.35612e-05 0)
(0.00106187 1.21836e-05 0)
(0.0010635 1.08576e-05 0)
(0.00106495 9.27454e-06 0)
(0.00106663 7.81734e-06 0)
(0.00106805 6.00211e-06 0)
(0.00106981 4.43193e-06 0)
(0.00107117 2.34865e-06 0)
(0.00107307 6.96549e-07 0)
(0.00107434 -1.71305e-06 0)
(0.00107645 -3.40777e-06 0)
(0.00107761 -6.24602e-06 0)
(0.00108007 -7.92597e-06 0)
(0.00108099 -1.13401e-05 0)
(0.00108378 -1.29032e-05 0)
(0.001 7.32678e-07 0)
(0.00100013 2.19149e-06 0)
(0.00100037 3.63079e-06 0)
(0.00100074 5.0379e-06 0)
(0.00100121 6.40141e-06 0)
(0.0010018 7.71197e-06 0)
(0.00100248 8.96271e-06 0)
(0.00100326 1.01491e-05 0)
(0.00100411 1.12686e-05 0)
(0.00100503 1.23201e-05 0)
(0.00100601 1.33034e-05 0)
(0.00100705 1.42189e-05 0)
(0.00100813 1.50673e-05 0)
(0.00100926 1.58495e-05 0)
(0.00101043 1.65665e-05 0)
(0.00101163 1.72195e-05 0)
(0.00101286 1.78097e-05 0)
(0.00101412 1.83387e-05 0)
(0.0010154 1.88074e-05 0)
(0.0010167 1.92173e-05 0)
(0.00101802 1.9569e-05 0)
(0.00101935 1.98639e-05 0)
(0.0010207 2.01022e-05 0)
(0.00102206 2.02851e-05 0)
(0.00102343 2.04121e-05 0)
(0.00102481 2.04847e-05 0)
(0.00102619 2.05013e-05 0)
(0.00102758 2.04638e-05 0)
(0.00102897 2.03695e-05 0)
(0.00103037 2.0221e-05 0)
(0.00103177 2.00139e-05 0)
(0.00103316 1.97523e-05 0)
(0.00103456 1.94292e-05 0)
(0.00103595 1.90511e-05 0)
(0.00103734 1.86074e-05 0)
(0.00103873 1.81087e-05 0)
(0.0010401 1.75385e-05 0)
(0.00104148 1.69139e-05 0)
(0.00104284 1.62097e-05 0)
(0.00104421 1.54534e-05 0)
(0.00104555 1.46059e-05 0)
(0.00104691 1.37116e-05 0)
(0.00104823 1.27093e-05 0)
(0.00104958 1.16701e-05 0)
(0.00105086 1.04989e-05 0)
(0.0010522 9.30823e-06 0)
(0.00105345 7.94985e-06 0)
(0.0010548 6.60149e-06 0)
(0.00105601 5.03168e-06 0)
(0.00105738 3.52036e-06 0)
(0.00105855 1.7058e-06 0)
(0.00105999 2.94688e-08 0)
(0.00106112 -2.07184e-06 0)
(0.00106267 -3.90148e-06 0)
(0.00106375 -6.33946e-06 0)
(0.00106544 -8.29618e-06 0)
(0.00106641 -1.11521e-05 0)
(0.00106833 -1.32026e-05 0)
(0.00106907 -1.66097e-05 0)
(0.00107116 -1.86962e-05 0)
(0.001 5.83705e-07 0)
(0.0010001 1.74711e-06 0)
(0.00100029 2.89861e-06 0)
(0.00100057 4.03031e-06 0)
(0.00100095 5.13471e-06 0)
(0.00100142 6.20513e-06 0)
(0.00100197 7.23593e-06 0)
(0.00100259 8.22265e-06 0)
(0.00100329 9.16197e-06 0)
(0.00100405 1.00516e-05 0)
(0.00100487 1.08898e-05 0)
(0.00100575 1.16759e-05 0)
(0.00100667 1.24092e-05 0)
(0.00100764 1.30895e-05 0)
(0.00100864 1.37164e-05 0)
(0.00100968 1.42902e-05 0)
(0.00101075 1.48111e-05 0)
(0.00101186 1.52793e-05 0)
(0.00101298 1.56951e-05 0)
(0.00101413 1.60592e-05 0)
(0.00101529 1.63715e-05 0)
(0.00101648 1.66328e-05 0)
(0.00101767 1.68428e-05 0)
(0.00101888 1.70022e-05 0)
(0.0010201 1.71104e-05 0)
(0.00102133 1.71681e-05 0)
(0.00102256 1.71743e-05 0)
(0.0010238 1.71297e-05 0)
(0.00102504 1.70325e-05 0)
(0.00102628 1.68839e-05 0)
(0.00102752 1.66811e-05 0)
(0.00102876 1.64258e-05 0)
(0.00102999 1.61137e-05 0)
(0.00103122 1.5748e-05 0)
(0.00103244 1.5322e-05 0)
(0.00103366 1.48409e-05 0)
(0.00103486 1.42947e-05 0)
(0.00103606 1.36922e-05 0)
(0.00103724 1.30182e-05 0)
(0.00103841 1.22871e-05 0)
(0.00103956 1.14758e-05 0)
(0.00104071 1.06076e-05 0)
(0.00104182 9.6473e-06 0)
(0.00104295 8.63226e-06 0)
(0.00104402 7.50869e-06 0)
(0.00104512 6.33601e-06 0)
(0.00104615 5.03165e-06 0)
(0.00104723 3.68979e-06 0)
(0.00104821 2.18311e-06 0)
(0.00104928 6.60054e-07 0)
(0.0010502 -1.07657e-06 0)
(0.00105128 -2.79434e-06 0)
(0.00105213 -4.80141e-06 0)
(0.00105325 -6.73245e-06 0)
(0.00105403 -9.0663e-06 0)
(0.00105523 -1.12249e-05 0)
(0.0010559 -1.39535e-05 0)
(0.00105721 -1.63436e-05 0)
(0.00105765 -1.9561e-05 0)
(0.00105898 -2.21728e-05 0)
(0.001 4.66191e-07 0)
(0.00100008 1.39597e-06 0)
(0.00100024 2.31783e-06 0)
(0.00100047 3.2264e-06 0)
(0.00100078 4.11643e-06 0)
(0.00100116 4.98303e-06 0)
(0.00100162 5.82182e-06 0)
(0.00100214 6.62909e-06 0)
(0.00100272 7.40172e-06 0)
(0.00100337 8.13721e-06 0)
(0.00100406 8.83352e-06 0)
(0.00100481 9.48903e-06 0)
(0.0010056 1.01025e-05 0)
(0.00100644 1.06731e-05 0)
(0.00100731 1.12001e-05 0)
(0.00100822 1.16832e-05 0)
(0.00100916 1.2122e-05 0)
(0.00101012 1.25164e-05 0)
(0.00101111 1.28663e-05 0)
(0.00101213 1.31718e-05 0)
(0.00101316 1.34326e-05 0)
(0.00101421 1.36488e-05 0)
(0.00101527 1.38203e-05 0)
(0.00101635 1.3947e-05 0)
(0.00101743 1.40286e-05 0)
(0.00101853 1.40651e-05 0)
(0.00101962 1.40557e-05 0)
(0.00102072 1.40004e-05 0)
(0.00102183 1.38981e-05 0)
(0.00102293 1.37488e-05 0)
(0.00102403 1.35507e-05 0)
(0.00102512 1.33042e-05 0)
(0.00102621 1.30065e-05 0)
(0.00102728 1.26584e-05 0)
(0.00102835 1.22562e-05 0)
(0.00102941 1.1801e-05 0)
(0.00103045 1.12878e-05 0)
(0.00103148 1.07188e-05 0)
(0.00103248 1.00866e-05 0)
(0.00103347 9.39546e-06 0)
(0.00103444 8.63449e-06 0)
(0.00103539 7.81118e-06 0)
(0.0010363 6.90945e-06 0)
(0.00103721 5.94185e-06 0)
(0.00103806 4.88453e-06 0)
(0.00103892 3.75797e-06 0)
(0.00103971 2.52644e-06 0)
(0.00104051 1.22305e-06 0)
(0.00104123 -2.05746e-07 0)
(0.00104199 -1.70571e-06 0)
(0.00104263 -3.35757e-06 0)
(0.00104336 -5.07535e-06 0)
(0.0010439 -6.98401e-06 0)
(0.0010446 -8.94863e-06 0)
(0.00104504 -1.11622e-05 0)
(0.00104573 -1.34089e-05 0)
(0.00104603 -1.59868e-05 0)
(0.00104672 -1.85501e-05 0)
(0.00104677 -2.15628e-05 0)
(0.00104738 -2.44682e-05 0)
(0.001 3.68895e-07 0)
(0.00100007 1.10484e-06 0)
(0.0010002 1.8352e-06 0)
(0.0010004 2.55615e-06 0)
(0.00100066 3.26393e-06 0)
(0.00100098 3.95495e-06 0)
(0.00100137 4.62589e-06 0)
(0.00100181 5.27378e-06 0)
(0.00100232 5.89599e-06 0)
(0.00100287 6.49028e-06 0)
(0.00100347 7.05472e-06 0)
(0.00100412 7.5877e-06 0)
(0.00100481 8.08789e-06 0)
(0.00100554 8.55422e-06 0)
(0.0010063 8.98584e-06 0)
(0.0010071 9.38206e-06 0)
(0.00100793 9.74235e-06 0)
(0.00100878 1.00663e-05 0)
(0.00100966 1.03534e-05 0)
(0.00101057 1.06035e-05 0)
(0.00101149 1.08162e-05 0)
(0.00101242 1.09913e-05 0)
(0.00101337 1.11285e-05 0)
(0.00101433 1.12274e-05 0)
(0.0010153 1.12876e-05 0)
(0.00101628 1.13087e-05 0)
(0.00101726 1.12902e-05 0)
(0.00101824 1.12316e-05 0)
(0.00101922 1.11321e-05 0)
(0.0010202 1.0991e-05 0)
(0.00102117 1.08074e-05 0)
(0.00102213 1.05803e-05 0)
(0.00102309 1.03086e-05 0)
(0.00102403 9.99095e-06 0)
(0.00102496 9.62602e-06 0)
(0.00102587 9.21205e-06 0)
(0.00102676 8.74756e-06 0)
(0.00102764 8.23016e-06 0)
(0.00102848 7.65827e-06 0)
(0.00102931 7.02865e-06 0)
(0.0010301 6.33979e-06 0)
(0.00103087 5.58716e-06 0)
(0.00103159 4.76967e-06 0)
(0.00103229 3.88083e-06 0)
(0.00103294 2.92058e-06 0)
(0.00103357 1.87941e-06 0)
(0.00103413 7.59453e-07 0)
(0.00103467 -4.5356e-07 0)
(0.00103513 -1.75309e-06 0)
(0.0010356 -3.16184e-06 0)
(0.00103595 -4.66702e-06 0)
(0.00103632 -6.30432e-06 0)
(0.00103654 -8.04757e-06 0)
(0.00103682 -9.95235e-06 0)
(0.00103689 -1.19708e-05 0)
(0.00103707 -1.41908e-05 0)
(0.00103696 -1.65282e-05 0)
(0.00103705 -1.91213e-05 0)
(0.00103665 -2.18255e-05 0)
(0.00103655 -2.48546e-05 0)
(0.001 2.85845e-07 0)
(0.00100006 8.56217e-07 0)
(0.00100017 1.42258e-06 0)
(0.00100034 1.98219e-06 0)
(0.00100057 2.53233e-06 0)
(0.00100085 3.07036e-06 0)
(0.00100119 3.59379e-06 0)
(0.00100158 4.10036e-06 0)
(0.00100202 4.58798e-06 0)
(0.0010025 5.05481e-06 0)
(0.00100303 5.49925e-06 0)
(0.0010036 5.91986e-06 0)
(0.00100421 6.31543e-06 0)
(0.00100486 6.68492e-06 0)
(0.00100554 7.02744e-06 0)
(0.00100625 7.34221e-06 0)
(0.00100699 7.62861e-06 0)
(0.00100776 7.88604e-06 0)
(0.00100855 8.11403e-06 0)
(0.00100936 8.3121e-06 0)
(0.00101019 8.47985e-06 0)
(0.00101103 8.61682e-06 0)
(0.00101188 8.72267e-06 0)
(0.00101275 8.79687e-06 0)
(0.00101362 8.83908e-06 0)
(0.0010145 8.84864e-06 0)
(0.00101538 8.8252e-06 0)
(0.00101626 8.76787e-06 0)
(0.00101713 8.67631e-06 0)
(0.001018 8.54929e-06 0)
(0.00101887 8.38652e-06 0)
(0.00101972 8.18627e-06 0)
(0.00102056 7.94842e-06 0)
(0.00102138 7.6705e-06 0)
(0.00102219 7.35275e-06 0)
(0.00102298 6.99163e-06 0)
(0.00102374 6.58804e-06 0)
(0.00102447 6.13681e-06 0)
(0.00102517 5.6401e-06 0)
(0.00102585 5.09022e-06 0)
(0.00102648 4.49153e-06 0)
(0.00102708 3.83239e-06 0)
(0.00102764 3.12095e-06 0)
(0.00102815 2.33941e-06 0)
(0.00102861 1.50229e-06 0)
(0.00102902 5.82032e-07 0)
(0.00102937 -3.96106e-07 0)
(0.00102967 -1.47494e-06 0)
(0.00102989 -2.61188e-06 0)
(0.00103007 -3.87549e-06 0)
(0.00103014 -5.19463e-06 0)
(0.00103018 -6.67751e-06 0)
(0.00103008 -8.20551e-06 0)
(0.00102997 -9.95054e-06 0)
(0.00102967 -1.1717e-05 0)
(0.00102938 -1.37793e-05 0)
(0.00102885 -1.58166e-05 0)
(0.00102837 -1.82673e-05 0)
(0.00102751 -2.06055e-05 0)
(0.00102674 -2.35296e-05 0)
(0.001 2.13001e-07 0)
(0.00100005 6.38072e-07 0)
(0.00100015 1.06031e-06 0)
(0.00100031 1.47777e-06 0)
(0.00100051 1.88853e-06 0)
(0.00100076 2.29068e-06 0)
(0.00100106 2.68244e-06 0)
(0.00100141 3.06212e-06 0)
(0.0010018 3.42817e-06 0)
(0.00100224 3.77918e-06 0)
(0.00100271 4.11388e-06 0)
(0.00100322 4.43113e-06 0)
(0.00100378 4.72992e-06 0)
(0.00100436 5.00932e-06 0)
(0.00100498 5.26858e-06 0)
(0.00100562 5.50695e-06 0)
(0.00100629 5.72385e-06 0)
(0.00100699 5.91868e-06 0)
(0.00100771 6.09097e-06 0)
(0.00100845 6.24022e-06 0)
(0.0010092 6.36604e-06 0)
(0.00100997 6.46791e-06 0)
(0.00101075 6.54554e-06 0)
(0.00101153 6.59832e-06 0)
(0.00101233 6.626e-06 0)
(0.00101312 6.62784e-06 0)
(0.00101392 6.60365e-06 0)
(0.00101472 6.55243e-06 0)
(0.00101551 6.47407e-06 0)
(0.00101629 6.36722e-06 0)
(0.00101706 6.23193e-06 0)
(0.00101782 6.06628e-06 0)
(0.00101857 5.87067e-06 0)
(0.0010193 5.64229e-06 0)
(0.00102 5.38217e-06 0)
(0.00102068 5.08618e-06 0)
(0.00102133 4.75644e-06 0)
(0.00102195 4.38676e-06 0)
(0.00102253 3.98116e-06 0)
(0.00102308 3.53025e-06 0)
(0.00102358 3.04124e-06 0)
(0.00102404 2.49973e-06 0)
(0.00102444 1.91826e-06 0)
(0.00102479 1.27445e-06 0)
(0.00102508 5.89703e-07 0)
(0.00102532 -1.71082e-07 0)
(0.00102548 -9.72068e-07 0)
(0.00102557 -1.86858e-06 0)
(0.00102557 -2.80183e-06 0)
(0.0010255 -3.85939e-06 0)
(0.00102533 -4.94375e-06 0)
(0.00102507 -6.1942e-06 0)
(0.00102468 -7.45037e-06 0)
(0.00102422 -8.93516e-06 0)
(0.00102358 -1.03858e-05 0)
(0.00102288 -1.21602e-05 0)
(0.00102195 -1.3828e-05 0)
(0.00102096 -1.59653e-05 0)
(0.00101966 -1.78668e-05 0)
(0.0010183 -2.04591e-05 0)
(0.001 1.4736e-07 0)
(0.00100005 4.41461e-07 0)
(0.00100014 7.33671e-07 0)
(0.00100028 1.02269e-06 0)
(0.00100047 1.30722e-06 0)
(0.0010007 1.58599e-06 0)
(0.00100097 1.85778e-06 0)
(0.00100129 2.12142e-06 0)
(0.00100165 2.37586e-06 0)
(0.00100205 2.6201e-06 0)
(0.00100249 2.85322e-06 0)
(0.00100296 3.07438e-06 0)
(0.00100347 3.28285e-06 0)
(0.00100401 3.47793e-06 0)
(0.00100458 3.65902e-06 0)
(0.00100517 3.82555e-06 0)
(0.0010058 3.97704e-06 0)
(0.00100644 4.113e-06 0)
(0.00100711 4.23307e-06 0)
(0.00100779 4.33679e-06 0)
(0.00100849 4.42386e-06 0)
(0.0010092 4.49383e-06 0)
(0.00100992 4.54646e-06 0)
(0.00101065 4.58123e-06 0)
(0.00101138 4.59797e-06 0)
(0.00101212 4.59602e-06 0)
(0.00101285 4.57527e-06 0)
(0.00101359 4.53487e-06 0)
(0.00101431 4.47481e-06 0)
(0.00101503 4.3939e-06 0)
(0.00101573 4.29234e-06 0)
(0.00101642 4.16842e-06 0)
(0.00101709 4.02271e-06 0)
(0.00101774 3.8527e-06 0)
(0.00101837 3.65959e-06 0)
(0.00101896 3.43966e-06 0)
(0.00101953 3.19519e-06 0)
(0.00102005 2.9206e-06 0)
(0.00102054 2.61997e-06 0)
(0.00102099 2.28478e-06 0)
(0.00102139 1.92219e-06 0)
(0.00102173 1.519e-06 0)
(0.00102202 1.08747e-06 0)
(0.00102225 6.0702e-07 0)
(0.0010224 9.82772e-08 0)
(0.00102249 -4.71104e-07 0)
(0.00102249 -1.06682e-06 0)
(0.00102242 -1.74063e-06 0)
(0.00102224 -2.4358e-06 0)
(0.00102198 -3.23441e-06 0)
(0.00102159 -4.04287e-06 0)
(0.0010211 -4.99227e-06 0)
(0.00102047 -5.92909e-06 0)
(0.00101972 -7.0639e-06 0)
(0.0010188 -8.14512e-06 0)
(0.00101775 -9.51222e-06 0)
(0.00101649 -1.07527e-05 0)
(0.00101509 -1.24156e-05 0)
(0.00101341 -1.38228e-05 0)
(0.00101157 -1.58634e-05 0)
(0.001 8.65294e-08 0)
(0.00100005 2.59236e-07 0)
(0.00100013 4.3086e-07 0)
(0.00100026 6.00652e-07 0)
(0.00100044 7.67862e-07 0)
(0.00100066 9.31753e-07 0)
(0.00100091 1.09162e-06 0)
(0.00100121 1.24678e-06 0)
(0.00100155 1.39661e-06 0)
(0.00100193 1.54052e-06 0)
(0.00100234 1.67796e-06 0)
(0.00100279 1.80842e-06 0)
(0.00100327 1.93144e-06 0)
(0.00100378 2.04661e-06 0)
(0.00100432 2.15353e-06 0)
(0.00100488 2.25186e-06 0)
(0.00100547 2.34129e-06 0)
(0.00100608 2.42149e-06 0)
(0.00100672 2.49224e-06 0)
(0.00100736 2.55323e-06 0)
(0.00100802 2.60427e-06 0)
(0.0010087 2.64505e-06 0)
(0.00100938 2.67542e-06 0)
(0.00101007 2.69505e-06 0)
(0.00101077 2.7038e-06 0)
(0.00101146 2.70126e-06 0)
(0.00101215 2.68736e-06 0)
(0.00101284 2.66152e-06 0)
(0.00101352 2.62378e-06 0)
(0.00101419 2.57332e-06 0)
(0.00101485 2.51033e-06 0)
(0.00101549 2.43366e-06 0)
(0.00101611 2.34373e-06 0)
(0.00101671 2.23886e-06 0)
(0.00101728 2.11993e-06 0)
(0.00101782 1.98442e-06 0)
(0.00101832 1.834e-06 0)
(0.00101879 1.66482e-06 0)
(0.00101921 1.47987e-06 0)
(0.00101959 1.27323e-06 0)
(0.00101991 1.05009e-06 0)
(0.00102018 8.0127e-07 0)
(0.00102039 5.3555e-07 0)
(0.00102053 2.38611e-07 0)
(0.00102059 -7.48562e-08 0)
(0.00102058 -4.27415e-07 0)
(0.00102047 -7.94769e-07 0)
(0.00102028 -1.21308e-06 0)
(0.00101998 -1.64215e-06 0)
(0.00101957 -2.13944e-06 0)
(0.00101904 -2.63873e-06 0)
(0.00101838 -3.23207e-06 0)
(0.00101758 -3.8108e-06 0)
(0.00101663 -4.52314e-06 0)
(0.00101551 -5.19088e-06 0)
(0.00101421 -6.05361e-06 0)
(0.00101271 -6.81866e-06 0)
(0.00101101 -7.87481e-06 0)
(0.00100905 -8.73977e-06 0)
(0.00100687 -1.00459e-05 0)
(0.001 2.84657e-08 0)
(0.00100004 8.52889e-08 0)
(0.00100013 1.41766e-07 0)
(0.00100026 1.97652e-07 0)
(0.00100042 2.52701e-07 0)
(0.00100064 3.06672e-07 0)
(0.00100089 3.59333e-07 0)
(0.00100118 4.10461e-07 0)
(0.00100151 4.59848e-07 0)
(0.00100187 5.07298e-07 0)
(0.00100227 5.52629e-07 0)
(0.00100271 5.9567e-07 0)
(0.00100317 6.3627e-07 0)
(0.00100367 6.74282e-07 0)
(0.00100419 7.0958e-07 0)
(0.00100474 7.42039e-07 0)
(0.00100532 7.71555e-07 0)
(0.00100591 7.98018e-07 0)
(0.00100652 8.21345e-07 0)
(0.00100715 8.41433e-07 0)
(0.0010078 8.58213e-07 0)
(0.00100845 8.71581e-07 0)
(0.00100912 8.81482e-07 0)
(0.00100979 8.87795e-07 0)
(0.00101046 8.90481e-07 0)
(0.00101113 8.89388e-07 0)
(0.00101181 8.84497e-07 0)
(0.00101247 8.75606e-07 0)
(0.00101313 8.62727e-07 0)
(0.00101378 8.45578e-07 0)
(0.00101441 8.24227e-07 0)
(0.00101503 7.98265e-07 0)
(0.00101563 7.67858e-07 0)
(0.0010162 7.32403e-07 0)
(0.00101674 6.92234e-07 0)
(0.00101725 6.46445e-07 0)
(0.00101772 5.95656e-07 0)
(0.00101816 5.38491e-07 0)
(0.00101855 4.76048e-07 0)
(0.00101889 4.06211e-07 0)
(0.00101918 3.30878e-07 0)
(0.0010194 2.46763e-07 0)
(0.00101957 1.57078e-07 0)
(0.00101966 5.66666e-08 0)
(0.00101968 -4.91245e-08 0)
(0.00101961 -1.68494e-07 0)
(0.00101945 -2.92701e-07 0)
(0.0010192 -4.34632e-07 0)
(0.00101883 -5.79804e-07 0)
(0.00101835 -7.48777e-07 0)
(0.00101774 -9.17746e-07 0)
(0.001017 -1.1197e-06 0)
(0.00101611 -1.31559e-06 0)
(0.00101505 -1.55857e-06 0)
(0.00101382 -1.78456e-06 0)
(0.0010124 -2.07962e-06 0)
(0.00101077 -2.33836e-06 0)
(0.00100892 -2.70072e-06 -3.5348e-38)
(0.00100681 -2.99278e-06 0)
(0.00100445 -3.4426e-06 0)
(0.001 -2.86941e-08 0)
(0.00100004 -8.59538e-08 0)
(0.00100013 -1.42844e-07 0)
(0.00100026 -1.9912e-07 0)
(0.00100042 -2.5454e-07 0)
(0.00100064 -3.08861e-07 0)
(0.00100089 -3.61851e-07 0)
(0.00100118 -4.13286e-07 0)
(0.00100151 -4.6296e-07 0)
(0.00100187 -5.10675e-07 0)
(0.00100227 -5.56252e-07 0)
(0.00100271 -5.9952e-07 0)
(0.00100317 -6.40328e-07 0)
(0.00100367 -6.78528e-07 0)
(0.00100419 -7.13997e-07 0)
(0.00100474 -7.46609e-07 0)
(0.00100532 -7.76262e-07 0)
(0.00100591 -8.02847e-07 0)
(0.00100652 -8.26282e-07 0)
(0.00100715 -8.46463e-07 0)
(0.0010078 -8.63325e-07 0)
(0.00100845 -8.76761e-07 0)
(0.00100912 -8.8672e-07 0)
(0.00100979 -8.9308e-07 0)
(0.00101046 -8.95806e-07 0)
(0.00101113 -8.94745e-07 0)
(0.00101181 -8.8988e-07 0)
(0.00101247 -8.81009e-07 0)
(0.00101313 -8.68148e-07 0)
(0.00101378 -8.51012e-07 0)
(0.00101441 -8.29672e-07 0)
(0.00101503 -8.0372e-07 0)
(0.00101563 -7.73324e-07 0)
(0.0010162 -7.3788e-07 0)
(0.00101674 -6.97724e-07 0)
(0.00101725 -6.51953e-07 0)
(0.00101772 -6.01186e-07 0)
(0.00101816 -5.44049e-07 0)
(0.00101855 -4.81641e-07 0)
(0.00101889 -4.11848e-07 0)
(0.00101918 -3.36566e-07 0)
(0.0010194 -2.52514e-07 0)
(0.00101957 -1.62898e-07 0)
(0.00101966 -6.25723e-08 0)
(0.00101968 4.31236e-08 0)
(0.00101961 1.62367e-07 0)
(0.00101945 2.86426e-07 0)
(0.0010192 4.28192e-07 0)
(0.00101883 5.73187e-07 0)
(0.00101835 7.41964e-07 0)
(0.00101774 9.10719e-07 0)
(0.001017 1.11244e-06 0)
(0.00101611 1.30806e-06 0)
(0.00101505 1.55076e-06 0)
(0.00101382 1.77643e-06 0)
(0.0010124 2.07115e-06 0)
(0.00101077 2.32952e-06 0)
(0.00100891 2.69149e-06 3.5348e-38)
(0.00100681 2.98311e-06 0)
(0.00100445 3.43248e-06 0)
(0.001 -8.67558e-08 0)
(0.00100005 -2.59895e-07 0)
(0.00100013 -4.31928e-07 0)
(0.00100026 -6.02106e-07 0)
(0.00100044 -7.69683e-07 0)
(0.00100065 -9.33921e-07 0)
(0.00100091 -1.09411e-06 0)
(0.00100121 -1.24958e-06 0)
(0.00100155 -1.39969e-06 0)
(0.00100193 -1.54386e-06 0)
(0.00100234 -1.68154e-06 0)
(0.00100279 -1.81222e-06 0)
(0.00100327 -1.93546e-06 0)
(0.00100378 -2.05081e-06 0)
(0.00100432 -2.1579e-06 0)
(0.00100488 -2.25638e-06 0)
(0.00100547 -2.34594e-06 0)
(0.00100608 -2.42627e-06 0)
(0.00100671 -2.49712e-06 0)
(0.00100736 -2.5582e-06 0)
(0.00100802 -2.60932e-06 0)
(0.0010087 -2.65017e-06 0)
(0.00100938 -2.6806e-06 0)
(0.00101007 -2.70027e-06 0)
(0.00101076 -2.70906e-06 0)
(0.00101146 -2.70655e-06 0)
(0.00101215 -2.69267e-06 0)
(0.00101284 -2.66686e-06 0)
(0.00101352 -2.62913e-06 0)
(0.00101419 -2.57869e-06 0)
(0.00101485 -2.51571e-06 0)
(0.00101549 -2.43904e-06 0)
(0.00101611 -2.34913e-06 0)
(0.00101671 -2.24426e-06 0)
(0.00101728 -2.12535e-06 0)
(0.00101782 -1.98986e-06 0)
(0.00101832 -1.83946e-06 0)
(0.00101879 -1.67031e-06 0)
(0.00101921 -1.48539e-06 0)
(0.00101959 -1.2788e-06 0)
(0.00101991 -1.05571e-06 0)
(0.00102018 -8.06957e-07 0)
(0.00102039 -5.41317e-07 0)
(0.00102052 -2.4447e-07 0)
(0.00102059 6.88916e-08 0)
(0.00102057 4.21337e-07 0)
(0.00102047 7.88567e-07 0)
(0.00102028 1.20673e-06 0)
(0.00101998 1.63563e-06 0)
(0.00101957 2.13274e-06 0)
(0.00101904 2.63182e-06 0)
(0.00101838 3.22493e-06 0)
(0.00101758 3.8034e-06 0)
(0.00101663 4.51547e-06 0)
(0.0010155 5.18289e-06 0)
(0.00101421 6.0453e-06 0)
(0.00101271 6.80998e-06 0)
(0.00101101 7.86576e-06 0)
(0.00100905 8.73028e-06 0)
(0.00100686 1.0036e-05 0)
(0.001 -1.47581e-07 0)
(0.00100005 -4.42105e-07 0)
(0.00100014 -7.34715e-07 0)
(0.00100028 -1.02411e-06 0)
(0.00100047 -1.309e-06 0)
(0.0010007 -1.58811e-06 0)
(0.00100097 -1.86021e-06 0)
(0.00100129 -2.12416e-06 0)
(0.00100165 -2.37887e-06 0)
(0.00100205 -2.62336e-06 0)
(0.00100249 -2.85672e-06 0)
(0.00100296 -3.0781e-06 0)
(0.00100347 -3.28677e-06 0)
(0.00100401 -3.48203e-06 0)
(0.00100458 -3.66329e-06 0)
(0.00100517 -3.82996e-06 0)
(0.0010058 -3.98158e-06 0)
(0.00100644 -4.11767e-06 0)
(0.00100711 -4.23783e-06 0)
(0.00100779 -4.34164e-06 0)
(0.00100849 -4.42879e-06 0)
(0.0010092 -4.49882e-06 0)
(0.00100992 -4.55151e-06 0)
(0.00101065 -4.58633e-06 0)
(0.00101138 -4.6031e-06 0)
(0.00101212 -4.60118e-06 0)
(0.00101285 -4.58045e-06 0)
(0.00101358 -4.54007e-06 0)
(0.00101431 -4.48002e-06 0)
(0.00101503 -4.39913e-06 0)
(0.00101573 -4.29758e-06 0)
(0.00101642 -4.17367e-06 0)
(0.00101709 -4.02796e-06 0)
(0.00101774 -3.85796e-06 0)
(0.00101836 -3.66486e-06 0)
(0.00101896 -3.44495e-06 0)
(0.00101952 -3.2005e-06 0)
(0.00102005 -2.92593e-06 0)
(0.00102054 -2.62534e-06 0)
(0.00102099 -2.29019e-06 0)
(0.00102138 -1.92765e-06 0)
(0.00102173 -1.52453e-06 0)
(0.00102202 -1.09307e-06 0)
(0.00102224 -6.12709e-07 0)
(0.0010224 -1.04072e-07 0)
(0.00102249 4.65204e-07 0)
(0.00102249 1.06081e-06 0)
(0.00102242 1.73447e-06 0)
(0.00102224 2.42949e-06 0)
(0.00102197 3.22792e-06 0)
(0.00102159 4.03618e-06 0)
(0.0010211 4.98536e-06 0)
(0.00102047 5.92194e-06 0)
(0.00101972 7.05649e-06 0)
(0.0010188 8.13743e-06 0)
(0.00101775 9.50422e-06 0)
(0.00101649 1.07444e-05 0)
(0.00101508 1.24069e-05 0)
(0.00101341 1.38137e-05 0)
(0.00101156 1.58539e-05 0)
(0.001 -2.13215e-07 0)
(0.00100005 -6.38695e-07 0)
(0.00100015 -1.06132e-06 0)
(0.00100031 -1.47915e-06 0)
(0.00100051 -1.89025e-06 0)
(0.00100076 -2.29273e-06 0)
(0.00100106 -2.68479e-06 0)
(0.00100141 -3.06476e-06 0)
(0.0010018 -3.43108e-06 0)
(0.00100223 -3.78234e-06 0)
(0.00100271 -4.11727e-06 0)
(0.00100322 -4.43473e-06 0)
(0.00100378 -4.7337e-06 0)
(0.00100436 -5.01329e-06 0)
(0.00100498 -5.2727e-06 0)
(0.00100562 -5.51121e-06 0)
(0.00100629 -5.72823e-06 0)
(0.00100699 -5.92317e-06 0)
(0.00100771 -6.09557e-06 0)
(0.00100845 -6.2449e-06 0)
(0.0010092 -6.37079e-06 0)
(0.00100997 -6.47273e-06 0)
(0.00101074 -6.5504e-06 0)
(0.00101153 -6.60323e-06 0)
(0.00101233 -6.63094e-06 0)
(0.00101312 -6.63281e-06 0)
(0.00101392 -6.60864e-06 0)
(0.00101471 -6.55743e-06 0)
(0.00101551 -6.47909e-06 0)
(0.00101629 -6.37224e-06 0)
(0.00101706 -6.23696e-06 0)
(0.00101782 -6.07132e-06 0)
(0.00101857 -5.87571e-06 0)
(0.00101929 -5.64734e-06 0)
(0.00102 -5.38723e-06 0)
(0.00102068 -5.09125e-06 0)
(0.00102133 -4.76153e-06 0)
(0.00102194 -4.39187e-06 0)
(0.00102253 -3.9863e-06 0)
(0.00102307 -3.53542e-06 0)
(0.00102358 -3.04646e-06 0)
(0.00102403 -2.505e-06 0)
(0.00102444 -1.92359e-06 0)
(0.00102479 -1.27986e-06 0)
(0.00102508 -5.95188e-07 0)
(0.00102531 1.65494e-07 0)
(0.00102547 9.66364e-07 0)
(0.00102557 1.86274e-06 0)
(0.00102557 2.79583e-06 0)
(0.0010255 3.85322e-06 0)
(0.00102532 4.9374e-06 0)
(0.00102507 6.18764e-06 0)
(0.00102468 7.44359e-06 0)
(0.00102421 8.92814e-06 0)
(0.00102358 1.03785e-05 0)
(0.00102287 1.21526e-05 0)
(0.00102194 1.38202e-05 0)
(0.00102096 1.59571e-05 0)
(0.00101966 1.78582e-05 0)
(0.0010183 2.04502e-05 0)
(0.001 -2.8605e-07 0)
(0.00100006 -8.56811e-07 0)
(0.00100017 -1.42354e-06 0)
(0.00100034 -1.9835e-06 0)
(0.00100057 -2.53397e-06 0)
(0.00100085 -3.07231e-06 0)
(0.00100119 -3.59604e-06 0)
(0.00100158 -4.10288e-06 0)
(0.00100202 -4.59075e-06 0)
(0.0010025 -5.05782e-06 0)
(0.00100303 -5.50247e-06 0)
(0.0010036 -5.92328e-06 0)
(0.00100421 -6.31904e-06 0)
(0.00100486 -6.68869e-06 0)
(0.00100554 -7.03136e-06 0)
(0.00100625 -7.34627e-06 0)
(0.00100699 -7.63279e-06 0)
(0.00100776 -7.89032e-06 0)
(0.00100855 -8.11841e-06 0)
(0.00100936 -8.31655e-06 0)
(0.00101019 -8.48437e-06 0)
(0.00101103 -8.6214e-06 0)
(0.00101188 -8.72729e-06 0)
(0.00101275 -8.80153e-06 0)
(0.00101362 -8.84377e-06 0)
(0.0010145 -8.85336e-06 0)
(0.00101537 -8.82994e-06 0)
(0.00101625 -8.77262e-06 0)
(0.00101713 -8.68107e-06 0)
(0.001018 -8.55405e-06 0)
(0.00101886 -8.39128e-06 0)
(0.00101972 -8.19104e-06 0)
(0.00102056 -7.95319e-06 0)
(0.00102138 -7.67528e-06 0)
(0.00102219 -7.35753e-06 0)
(0.00102297 -6.99642e-06 0)
(0.00102373 -6.59284e-06 0)
(0.00102447 -6.14163e-06 0)
(0.00102517 -5.64495e-06 0)
(0.00102585 -5.09509e-06 0)
(0.00102648 -4.49644e-06 0)
(0.00102708 -3.83735e-06 0)
(0.00102763 -3.12597e-06 0)
(0.00102815 -2.3445e-06 0)
(0.0010286 -1.50746e-06 0)
(0.00102902 -5.87302e-07 0)
(0.00102936 3.90731e-07 0)
(0.00102967 1.46945e-06 0)
(0.00102989 2.60627e-06 0)
(0.00103007 3.86973e-06 0)
(0.00103014 5.1887e-06 0)
(0.00103018 6.6714e-06 0)
(0.00103008 8.19921e-06 0)
(0.00102996 9.94401e-06 0)
(0.00102966 1.17102e-05 0)
(0.00102938 1.37723e-05 0)
(0.00102884 1.58093e-05 0)
(0.00102836 1.82598e-05 0)
(0.00102751 2.05976e-05 0)
(0.00102674 2.35214e-05 0)
(0.001 -3.69088e-07 0)
(0.00100007 -1.1054e-06 0)
(0.0010002 -1.8361e-06 0)
(0.0010004 -2.55738e-06 0)
(0.00100066 -3.26548e-06 0)
(0.00100098 -3.95679e-06 0)
(0.00100137 -4.62801e-06 0)
(0.00100181 -5.27615e-06 0)
(0.00100231 -5.8986e-06 0)
(0.00100287 -6.49311e-06 0)
(0.00100347 -7.05776e-06 0)
(0.00100412 -7.59092e-06 0)
(0.00100481 -8.09128e-06 0)
(0.00100554 -8.55777e-06 0)
(0.0010063 -8.98952e-06 0)
(0.0010071 -9.38587e-06 0)
(0.00100793 -9.74627e-06 0)
(0.00100878 -1.00703e-05 0)
(0.00100966 -1.03575e-05 0)
(0.00101056 -1.06077e-05 0)
(0.00101148 -1.08205e-05 0)
(0.00101242 -1.09956e-05 0)
(0.00101337 -1.11328e-05 0)
(0.00101433 -1.12317e-05 0)
(0.0010153 -1.1292e-05 0)
(0.00101628 -1.13131e-05 0)
(0.00101726 -1.12947e-05 0)
(0.00101824 -1.1236e-05 0)
(0.00101922 -1.11366e-05 0)
(0.00102019 -1.09955e-05 0)
(0.00102117 -1.08119e-05 0)
(0.00102213 -1.05848e-05 0)
(0.00102309 -1.03131e-05 0)
(0.00102403 -9.99538e-06 0)
(0.00102496 -9.63046e-06 0)
(0.00102587 -9.21649e-06 0)
(0.00102676 -8.752e-06 0)
(0.00102763 -8.23462e-06 0)
(0.00102848 -7.66275e-06 0)
(0.0010293 -7.03316e-06 0)
(0.00103009 -6.34432e-06 0)
(0.00103086 -5.59174e-06 0)
(0.00103159 -4.77429e-06 0)
(0.00103229 -3.88551e-06 0)
(0.00103294 -2.92533e-06 0)
(0.00103356 -1.88425e-06 0)
(0.00103412 -7.64381e-07 0)
(0.00103467 4.4852e-07 0)
(0.00103513 1.74794e-06 0)
(0.00103559 3.15656e-06 0)
(0.00103594 4.66159e-06 0)
(0.00103631 6.29873e-06 0)
(0.00103653 8.0418e-06 0)
(0.00103681 9.94639e-06 0)
(0.00103688 1.19646e-05 0)
(0.00103707 1.41844e-05 0)
(0.00103695 1.65216e-05 0)
(0.00103704 1.91144e-05 0)
(0.00103665 2.18184e-05 0)
(0.00103654 2.48472e-05 0)
(0.001 -4.66369e-07 0)
(0.00100008 -1.39649e-06 0)
(0.00100024 -2.31867e-06 0)
(0.00100047 -3.22755e-06 0)
(0.00100078 -4.11787e-06 0)
(0.00100116 -4.98473e-06 0)
(0.00100162 -5.82378e-06 0)
(0.00100214 -6.63128e-06 0)
(0.00100272 -7.40413e-06 0)
(0.00100337 -8.13983e-06 0)
(0.00100406 -8.83632e-06 0)
(0.00100481 -9.49201e-06 0)
(0.0010056 -1.01056e-05 0)
(0.00100644 -1.06764e-05 0)
(0.00100731 -1.12035e-05 0)
(0.00100822 -1.16867e-05 0)
(0.00100915 -1.21256e-05 0)
(0.00101012 -1.25201e-05 0)
(0.00101111 -1.28701e-05 0)
(0.00101213 -1.31756e-05 0)
(0.00101316 -1.34365e-05 0)
(0.00101421 -1.36528e-05 0)
(0.00101527 -1.38243e-05 0)
(0.00101635 -1.39511e-05 0)
(0.00101743 -1.40327e-05 0)
(0.00101852 -1.40692e-05 0)
(0.00101962 -1.40597e-05 0)
(0.00102072 -1.40045e-05 0)
(0.00102182 -1.39021e-05 0)
(0.00102292 -1.37528e-05 0)
(0.00102402 -1.35548e-05 0)
(0.00102512 -1.33082e-05 0)
(0.0010262 -1.30106e-05 0)
(0.00102728 -1.26625e-05 0)
(0.00102835 -1.22602e-05 0)
(0.0010294 -1.18051e-05 0)
(0.00103044 -1.12918e-05 0)
(0.00103147 -1.07228e-05 0)
(0.00103248 -1.00906e-05 0)
(0.00103347 -9.39954e-06 0)
(0.00103443 -8.63858e-06 0)
(0.00103538 -7.81531e-06 0)
(0.0010363 -6.91362e-06 0)
(0.0010372 -5.94607e-06 0)
(0.00103806 -4.8888e-06 0)
(0.00103891 -3.76231e-06 0)
(0.0010397 -2.53086e-06 0)
(0.00104051 -1.22756e-06 0)
(0.00104122 2.01138e-07 0)
(0.00104199 1.70099e-06 0)
(0.00104263 3.35273e-06 0)
(0.00104335 5.07038e-06 0)
(0.0010439 6.97889e-06 0)
(0.0010446 8.94334e-06 0)
(0.00104503 1.11567e-05 0)
(0.00104572 1.34033e-05 0)
(0.00104602 1.59809e-05 0)
(0.00104671 1.85441e-05 0)
(0.00104676 2.15564e-05 0)
(0.00104737 2.44618e-05 0)
(0.001 -5.83868e-07 0)
(0.0010001 -1.74758e-06 0)
(0.00100029 -2.89937e-06 0)
(0.00100057 -4.03135e-06 0)
(0.00100095 -5.13602e-06 0)
(0.00100142 -6.20668e-06 0)
(0.00100197 -7.23771e-06 0)
(0.00100259 -8.22465e-06 0)
(0.00100329 -9.16417e-06 0)
(0.00100405 -1.00539e-05 0)
(0.00100487 -1.08924e-05 0)
(0.00100575 -1.16786e-05 0)
(0.00100667 -1.24121e-05 0)
(0.00100763 -1.30924e-05 0)
(0.00100864 -1.37195e-05 0)
(0.00100968 -1.42934e-05 0)
(0.00101075 -1.48143e-05 0)
(0.00101185 -1.52826e-05 0)
(0.00101298 -1.56986e-05 0)
(0.00101413 -1.60627e-05 0)
(0.00101529 -1.6375e-05 0)
(0.00101647 -1.66363e-05 0)
(0.00101767 -1.68464e-05 0)
(0.00101888 -1.70058e-05 0)
(0.0010201 -1.7114e-05 0)
(0.00102132 -1.71718e-05 0)
(0.00102256 -1.71779e-05 0)
(0.00102379 -1.71333e-05 0)
(0.00102503 -1.70362e-05 0)
(0.00102628 -1.68876e-05 0)
(0.00102751 -1.66847e-05 0)
(0.00102875 -1.64294e-05 0)
(0.00102999 -1.61173e-05 0)
(0.00103122 -1.57516e-05 0)
(0.00103244 -1.53255e-05 0)
(0.00103365 -1.48445e-05 0)
(0.00103486 -1.42983e-05 0)
(0.00103605 -1.36958e-05 0)
(0.00103723 -1.30218e-05 0)
(0.00103841 -1.22907e-05 0)
(0.00103956 -1.14794e-05 0)
(0.00104071 -1.06112e-05 0)
(0.00104182 -9.65096e-06 0)
(0.00104294 -8.63596e-06 0)
(0.00104402 -7.51243e-06 0)
(0.00104512 -6.33981e-06 0)
(0.00104614 -5.03551e-06 0)
(0.00104723 -3.69374e-06 0)
(0.0010482 -2.18713e-06 0)
(0.00104928 -6.64169e-07 0)
(0.00105019 1.07236e-06 0)
(0.00105127 2.79001e-06 0)
(0.00105212 4.79696e-06 0)
(0.00105324 6.72785e-06 0)
(0.00105402 9.06154e-06 0)
(0.00105522 1.122e-05 0)
(0.00105589 1.39484e-05 0)
(0.0010572 1.63383e-05 0)
(0.00105764 1.95555e-05 0)
(0.00105897 2.21672e-05 0)
(0.001 -7.32823e-07 0)
(0.00100013 -2.19192e-06 0)
(0.00100037 -3.63148e-06 0)
(0.00100074 -5.03884e-06 0)
(0.00100121 -6.40257e-06 0)
(0.0010018 -7.71336e-06 0)
(0.00100248 -8.9643e-06 0)
(0.00100326 -1.01509e-05 0)
(0.00100411 -1.12706e-05 0)
(0.00100503 -1.23222e-05 0)
(0.00100601 -1.33057e-05 0)
(0.00100705 -1.42214e-05 0)
(0.00100813 -1.50699e-05 0)
(0.00100926 -1.58521e-05 0)
(0.00101043 -1.65692e-05 0)
(0.00101163 -1.72223e-05 0)
(0.00101286 -1.78127e-05 0)
(0.00101412 -1.83417e-05 0)
(0.0010154 -1.88104e-05 0)
(0.0010167 -1.92203e-05 0)
(0.00101802 -1.95721e-05 0)
(0.00101935 -1.98671e-05 0)
(0.0010207 -2.01054e-05 0)
(0.00102206 -2.02883e-05 0)
(0.00102343 -2.04153e-05 0)
(0.00102481 -2.04879e-05 0)
(0.00102619 -2.05045e-05 0)
(0.00102758 -2.0467e-05 0)
(0.00102897 -2.03727e-05 0)
(0.00103037 -2.02241e-05 0)
(0.00103176 -2.00171e-05 0)
(0.00103316 -1.97554e-05 0)
(0.00103455 -1.94323e-05 0)
(0.00103595 -1.90542e-05 0)
(0.00103733 -1.86105e-05 0)
(0.00103872 -1.81118e-05 0)
(0.0010401 -1.75415e-05 0)
(0.00104148 -1.6917e-05 0)
(0.00104284 -1.62127e-05 0)
(0.00104421 -1.54565e-05 0)
(0.00104555 -1.4609e-05 0)
(0.00104691 -1.37146e-05 0)
(0.00104822 -1.27124e-05 0)
(0.00104957 -1.16732e-05 0)
(0.00105085 -1.05021e-05 0)
(0.0010522 -9.31142e-06 0)
(0.00105345 -7.95308e-06 0)
(0.00105479 -6.6048e-06 0)
(0.001056 -5.03505e-06 0)
(0.00105738 -3.52382e-06 0)
(0.00105855 -1.70934e-06 0)
(0.00105998 -3.31281e-08 0)
(0.00106112 2.06808e-06 0)
(0.00106266 3.8976e-06 0)
(0.00106374 6.33548e-06 0)
(0.00106544 8.2921e-06 0)
(0.0010664 1.11479e-05 0)
(0.00106832 1.31983e-05 0)
(0.00106905 1.66051e-05 0)
(0.00107115 1.86917e-05 0)
(0.001 -9.27226e-07 0)
(0.00100017 -2.77293e-06 0)
(0.00100051 -4.59143e-06 0)
(0.001001 -6.36384e-06 0)
(0.00100165 -8.07271e-06 0)
(0.00100242 -9.70415e-06 0)
(0.00100331 -1.12489e-05 0)
(0.0010043 -1.27021e-05 0)
(0.00100537 -1.40623e-05 0)
(0.00100651 -1.53298e-05 0)
(0.0010077 -1.65061e-05 0)
(0.00100895 -1.75932e-05 0)
(0.00101024 -1.85933e-05 0)
(0.00101158 -1.9509e-05 0)
(0.00101294 -2.03431e-05 0)
(0.00101434 -2.10986e-05 0)
(0.00101576 -2.17783e-05 0)
(0.0010172 -2.23851e-05 0)
(0.00101866 -2.29214e-05 0)
(0.00102014 -2.33899e-05 0)
(0.00102163 -2.37921e-05 0)
(0.00102313 -2.41304e-05 0)
(0.00102465 -2.44055e-05 0)
(0.00102617 -2.46195e-05 0)
(0.00102771 -2.47723e-05 0)
(0.00102925 -2.48659e-05 0)
(0.00103079 -2.4899e-05 0)
(0.00103234 -2.48742e-05 0)
(0.0010339 -2.47886e-05 0)
(0.00103546 -2.46455e-05 0)
(0.00103702 -2.44403e-05 0)
(0.00103859 -2.4178e-05 0)
(0.00104015 -2.38506e-05 0)
(0.00104172 -2.34667e-05 0)
(0.00104328 -2.30134e-05 0)
(0.00104485 -2.25046e-05 0)
(0.00104641 -2.19201e-05 0)
(0.00104798 -2.12826e-05 0)
(0.00104953 -2.05603e-05 0)
(0.00105109 -1.979e-05 0)
(0.00105263 -1.89216e-05 0)
(0.0010542 -1.80148e-05 0)
(0.00105572 -1.69903e-05 0)
(0.00105729 -1.59439e-05 0)
(0.0010588 -1.47509e-05 0)
(0.00106038 -1.35638e-05 0)
(0.00106187 -1.21862e-05 0)
(0.00106349 -1.08602e-05 0)
(0.00106494 -9.27724e-06 0)
(0.00106662 -7.82013e-06 0)
(0.00106804 -6.00496e-06 0)
(0.0010698 -4.43486e-06 0)
(0.00107116 -2.35165e-06 0)
(0.00107306 -6.99637e-07 0)
(0.00107433 1.70988e-06 0)
(0.00107644 3.40451e-06 0)
(0.0010776 6.24261e-06 0)
(0.00108006 7.9225e-06 0)
(0.00108098 1.13364e-05 0)
(0.00108377 1.28995e-05 0)
(0.001 -1.15327e-06 0)
(0.00100023 -3.43239e-06 0)
(0.00100067 -5.646e-06 0)
(0.00100134 -7.76237e-06 0)
(0.0010022 -9.76017e-06 0)
(0.00100323 -1.16291e-05 0)
(0.00100441 -1.33678e-05 0)
(0.00100569 -1.49803e-05 0)
(0.00100705 -1.64728e-05 0)
(0.00100848 -1.78513e-05 0)
(0.00100996 -1.91212e-05 0)
(0.00101149 -2.02874e-05 0)
(0.00101305 -2.13546e-05 0)
(0.00101465 -2.23278e-05 0)
(0.00101627 -2.32119e-05 0)
(0.0010179 -2.40117e-05 0)
(0.00101956 -2.47318e-05 0)
(0.00102123 -2.53758e-05 0)
(0.0010229 -2.59474e-05 0)
(0.00102459 -2.64492e-05 0)
(0.00102629 -2.68836e-05 0)
(0.00102799 -2.72527e-05 0)
(0.0010297 -2.75579e-05 0)
(0.00103141 -2.78007e-05 0)
(0.00103313 -2.79817e-05 0)
(0.00103485 -2.81021e-05 0)
(0.00103658 -2.81615e-05 0)
(0.00103831 -2.81611e-05 0)
(0.00104004 -2.80993e-05 0)
(0.00104178 -2.79777e-05 0)
(0.00104352 -2.77933e-05 0)
(0.00104525 -2.75489e-05 0)
(0.001047 -2.7239e-05 0)
(0.00104874 -2.6869e-05 0)
(0.00105048 -2.64295e-05 0)
(0.00105222 -2.59306e-05 0)
(0.00105396 -2.53559e-05 0)
(0.0010557 -2.47245e-05 0)
(0.00105744 -2.40083e-05 0)
(0.00105917 -2.3241e-05 0)
(0.00106091 -2.23754e-05 0)
(0.00106263 -2.14699e-05 0)
(0.00106436 -2.04456e-05 0)
(0.00106609 -1.94017e-05 0)
(0.00106781 -1.82071e-05 0)
(0.00106954 -1.70285e-05 0)
(0.00107125 -1.56489e-05 0)
(0.00107299 -1.43457e-05 0)
(0.00107468 -1.2762e-05 0)
(0.00107646 -1.13537e-05 0)
(0.00107813 -9.53845e-06 0)
(0.00107997 -8.05876e-06 0)
(0.00108162 -5.96956e-06 0)
(0.00108359 -4.47212e-06 0)
(0.00108524 -2.04297e-06 0)
(0.00108743 -6.17844e-07 0)
(0.00108906 2.24273e-06 0)
(0.00109156 3.44258e-06 0)
(0.00109305 6.87302e-06 0)
(0.00109587 7.62893e-06 0)
(0.00100001 -1.74173e-06 0)
(0.00100047 -5.15964e-06 0)
(0.00100128 -8.42072e-06 0)
(0.00100239 -1.14486e-05 0)
(0.00100374 -1.42026e-05 0)
(0.00100526 -1.66795e-05 0)
(0.00100689 -1.89012e-05 0)
(0.00100858 -2.08973e-05 0)
(0.00101033 -2.26951e-05 0)
(0.00101212 -2.43152e-05 0)
(0.00101394 -2.57732e-05 0)
(0.00101578 -2.7082e-05 0)
(0.00101764 -2.82539e-05 0)
(0.00101951 -2.93009e-05 0)
(0.00102139 -3.02347e-05 0)
(0.00102327 -3.10653e-05 0)
(0.00102515 -3.1802e-05 0)
(0.00102702 -3.24515e-05 0)
(0.0010289 -3.30204e-05 0)
(0.00103077 -3.35129e-05 0)
(0.00103263 -3.39336e-05 0)
(0.00103449 -3.42848e-05 0)
(0.00103635 -3.45705e-05 0)
(0.0010382 -3.47911e-05 0)
(0.00104006 -3.49501e-05 0)
(0.00104189 -3.50461e-05 0)
(0.00104374 -3.50828e-05 0)
(0.00104556 -3.50569e-05 0)
(0.0010474 -3.49727e-05 0)
(0.0010492 -3.4825e-05 0)
(0.00105103 -3.46192e-05 0)
(0.00105282 -3.43478e-05 0)
(0.00105464 -3.4018e-05 0)
(0.00105641 -3.36198e-05 0)
(0.00105822 -3.31627e-05 0)
(0.00105996 -3.26336e-05 0)
(0.00106178 -3.20451e-05 0)
(0.00106347 -3.13806e-05 0)
(0.0010653 -3.06561e-05 0)
(0.00106695 -2.98518e-05 0)
(0.00106879 -2.89862e-05 0)
(0.00107039 -2.80384e-05 0)
(0.00107226 -2.70262e-05 0)
(0.00107379 -2.59328e-05 0)
(0.00107572 -2.47678e-05 0)
(0.00107715 -2.35295e-05 0)
(0.00107918 -2.22039e-05 0)
(0.00108048 -2.08269e-05 0)
(0.00108266 -1.93306e-05 0)
(0.00108379 -1.7831e-05 0)
(0.00108619 -1.61503e-05 0)
(0.00108708 -1.45629e-05 0)
(0.00108981 -1.26803e-05 0)
(0.00109036 -1.10734e-05 0)
(0.00109355 -8.96623e-06 0)
(0.00109362 -7.46551e-06 0)
(0.00109747 -5.0989e-06 0)
(0.00109684 -3.91053e-06 0)
(0.00110162 -1.19833e-06 0)
(0.00109995 -6.09874e-07 0)
(0.000999989 -1.96264e-06 0)
(0.00100078 -5.76424e-06 0)
(0.00100224 -9.28939e-06 0)
(0.00100423 -1.24542e-05 0)
(0.00100654 -1.5256e-05 0)
(0.00100897 -1.77398e-05 0)
(0.00101139 -1.99604e-05 0)
(0.00101376 -2.19609e-05 0)
(0.00101607 -2.37684e-05 0)
(0.00101833 -2.53996e-05 0)
(0.00102055 -2.68678e-05 0)
(0.00102272 -2.81862e-05 0)
(0.00102483 -2.93693e-05 0)
(0.00102688 -3.0431e-05 0)
(0.00102887 -3.13837e-05 0)
(0.00103078 -3.2237e-05 0)
(0.00103264 -3.29993e-05 0)
(0.00103442 -3.3676e-05 0)
(0.00103615 -3.42729e-05 0)
(0.00103781 -3.47932e-05 0)
(0.00103942 -3.52415e-05 0)
(0.00104096 -3.56189e-05 0)
(0.00104246 -3.59296e-05 0)
(0.0010439 -3.61728e-05 0)
(0.00104529 -3.63528e-05 0)
(0.00104661 -3.64663e-05 0)
(0.00104791 -3.65189e-05 0)
(0.00104912 -3.65042e-05 0)
(0.00105033 -3.64305e-05 0)
(0.00105143 -3.62869e-05 0)
(0.00105256 -3.60866e-05 0)
(0.00105356 -3.5812e-05 0)
(0.00105462 -3.5484e-05 0)
(0.00105551 -3.50749e-05 0)
(0.00105653 -3.46181e-05 0)
(0.0010573 -3.40701e-05 0)
(0.00105829 -3.34838e-05 0)
(0.00105893 -3.27916e-05 0)
(0.00105995 -3.20765e-05 0)
(0.00106042 -3.12336e-05 0)
(0.00106152 -3.03923e-05 0)
(0.00106179 -2.93906e-05 0)
(0.00106305 -2.84285e-05 0)
(0.00106303 -2.72582e-05 0)
(0.0010646 -2.61844e-05 0)
(0.00106416 -2.48327e-05 0)
(0.00106622 -2.36616e-05 0)
(0.00106517 -2.21127e-05 0)
(0.00106801 -2.08653e-05 0)
(0.00106601 -1.91014e-05 0)
(0.00107006 -1.7807e-05 0)
(0.0010666 -1.58125e-05 0)
(0.00107253 -1.45102e-05 0)
(0.00106681 -1.22852e-05 0)
(0.0010756 -1.10251e-05 0)
(0.00106639 -8.62209e-06 0)
(0.00107954 -7.46561e-06 0)
(0.00106497 -5.08511e-06 0)
(0.00108477 -4.06238e-06 0)
(0.00106208 -2.20885e-06 0)
(0.00100003 -5.80206e-06 0)
(0.00100172 -1.49921e-05 0)
(0.00100423 -2.15223e-05 0)
(0.00100706 -2.60848e-05 0)
(0.00100979 -2.94422e-05 0)
(0.00101219 -3.21229e-05 0)
(0.00101421 -3.43745e-05 0)
(0.00101589 -3.62834e-05 0)
(0.00101726 -3.78822e-05 0)
(0.00101837 -3.92016e-05 0)
(0.00101923 -4.02829e-05 0)
(0.00101981 -4.1172e-05 0)
(0.00102014 -4.19093e-05 0)
(0.0010202 -4.2525e-05 0)
(0.00102001 -4.3039e-05 0)
(0.00101958 -4.3464e-05 0)
(0.00101892 -4.38087e-05 0)
(0.00101805 -4.40797e-05 0)
(0.00101699 -4.42828e-05 0)
(0.00101573 -4.44224e-05 0)
(0.00101429 -4.45024e-05 0)
(0.00101268 -4.45254e-05 0)
(0.00101091 -4.44934e-05 0)
(0.00100898 -4.44073e-05 0)
(0.00100691 -4.42685e-05 0)
(0.0010047 -4.40767e-05 0)
(0.00100239 -4.38331e-05 0)
(0.000999936 -4.35363e-05 0)
(0.000997408 -4.31882e-05 0)
(0.000994744 -4.27857e-05 0)
(0.000992045 -4.23323e-05 0)
(0.000989202 -4.18223e-05 0)
(0.000986378 -4.12628e-05 0)
(0.000983385 -4.0643e-05 0)
(0.00098049 -3.99768e-05 0)
(0.000977367 -3.92445e-05 0)
(0.000974465 -3.8472e-05 0)
(0.000971224 -3.76235e-05 0)
(0.000968397 -3.67474e-05 0)
(0.000965029 -3.57778e-05 0)
(0.000962389 -3.48038e-05 0)
(0.000958847 -3.37051e-05 0)
(0.00095656 -3.26443e-05 0)
(0.000952734 -3.14023e-05 0)
(0.000951053 -3.02746e-05 0)
(0.000946719 -2.88635e-05 0)
(0.000946049 -2.77033e-05 0)
(0.000940784 -2.60755e-05 0)
(0.00094179 -2.49415e-05 0)
(0.000934822 -2.30104e-05 0)
(0.000938618 -2.20023e-05 0)
(0.000928564 -1.96135e-05 0)
(0.000937034 -1.88969e-05 0)
(0.000921447 -1.57876e-05 0)
(0.000937776 -1.56227e-05 0)
(0.000912362 -1.13834e-05 0)
(0.000941968 -1.21039e-05 0)
(0.00089927 -6.26595e-06 0)
(0.000951505 -7.89353e-06 0)
(0.00087903 -8.52596e-07 0)
(0.000992484 -4.94184e-06 0)
(0.000990038 -1.24575e-05 0)
(0.000986873 -1.74788e-05 0)
(0.000980501 -2.06624e-05 0)
(0.000971089 -2.27453e-05 0)
(0.000959799 -2.42388e-05 0)
(0.0009477 -2.53777e-05 0)
(0.000935324 -2.62368e-05 0)
(0.000922816 -2.68404e-05 0)
(0.000910153 -2.72136e-05 0)
(0.00089729 -2.7394e-05 0)
(0.000884224 -2.74246e-05 0)
(0.000870991 -2.73433e-05 0)
(0.000857646 -2.71783e-05 0)
(0.000844241 -2.69476e-05 0)
(0.000830814 -2.66631e-05 0)
(0.000817391 -2.63325e-05 0)
(0.000803989 -2.59626e-05 0)
(0.000790626 -2.55588e-05 0)
(0.000777314 -2.51259e-05 0)
(0.000764071 -2.46678e-05 0)
(0.00075091 -2.41876e-05 0)
(0.000737847 -2.36871e-05 0)
(0.000724895 -2.31686e-05 0)
(0.000712067 -2.26327e-05 0)
(0.000699376 -2.20809e-05 0)
(0.000686835 -2.15135e-05 0)
(0.000674456 -2.09318e-05 0)
(0.000662252 -2.03353e-05 0)
(0.000650234 -1.97258e-05 0)
(0.000638417 -1.91018e-05 0)
(0.000626812 -1.84659e-05 0)
(0.000615432 -1.78156e-05 0)
(0.000604288 -1.71548e-05 0)
(0.000593396 -1.64792e-05 0)
(0.000582764 -1.57953e-05 0)
(0.000572411 -1.50957e-05 0)
(0.00056234 -1.43911e-05 0)
(0.000552576 -1.36688e-05 0)
(0.000543114 -1.29468e-05 0)
(0.000533992 -1.22032e-05 0)
(0.000525183 -1.14682e-05 0)
(0.000516756 -1.07042e-05 0)
(0.00050864 -9.9619e-06 0)
(0.00050097 -9.1768e-06 0)
(0.000493567 -8.43446e-06 0)
(0.000486741 -7.62434e-06 0)
(0.000480031 -6.88889e-06 0)
(0.000474208 -6.04498e-06 0)
(0.000468049 -5.31496e-06 0)
(0.00046361 -4.42883e-06 0)
(0.000457493 -3.65717e-06 0)
(0.000455495 -2.76743e-06 0)
(0.000447781 -1.70547e-06 0)
(0.000451359 -1.13901e-06 0)
(0.000436968 1.27706e-06 0)
(0.00045542 -1.03067e-07 0)
(0.000419438 7.73385e-06 0)
(0.000477827 -2.02933e-06 0)
(0.000383085 2.44728e-05 0)
(0.000527734 -1.1728e-05 -8.87207e-25)
(0.000669381 -9.70167e-06 -5.78533e-23)
(0.000788942 -1.40059e-05 -3.62449e-24)
(0.000889686 -1.81263e-05 -5.5728e-23)
(0.000973663 -2.17943e-05 0)
(0.00104174 -2.47908e-05 7.43017e-24)
(0.00109441 -2.73988e-05 5.43805e-23)
(0.00113203 -3.01708e-05 0)
(0.00115523 -3.38019e-05 -8.00639e-24)
(0.00116506 -3.88022e-05 8.43856e-23)
(0.00116352 -4.56033e-05 7.02516e-23)
(0.00115378 -5.44086e-05 6.38276e-23)
(0.00113969 -6.52107e-05 -5.68617e-23)
(0.00112615 -7.79998e-05 3.98852e-23)
(0.0011166 -9.24552e-05 3.95282e-23)
(0.000966361 6.49813e-07 0)
(0.00105146 1.78929e-07 6.12839e-23)
(0.00112173 3.75578e-08 5.88809e-23)
(0.00117523 -5.14664e-07 1.21589e-22)
(0.00121127 -2.22408e-06 -5.47604e-23)
(0.00123022 -5.81762e-06 5.5868e-23)
(0.001233 -1.18041e-05 2.53476e-24)
(0.00122139 -2.03868e-05 7.55013e-23)
(0.00119832 -3.1416e-05 -6.92983e-23)
(0.00116793 -4.43436e-05 -7.76149e-23)
(0.00113602 -5.85918e-05 -1.45237e-22)
(0.00110845 -7.34879e-05 -7.37943e-23)
(0.00109056 -8.87169e-05 8.62107e-23)
(0.00108514 -0.000103945 -1.72322e-22)
(0.00109028 -0.000118972 -2.11525e-23)
(0.00110149 -0.000133941 -5.07371e-24)
(0.00110917 -0.000148776 2.30406e-23)
(0.00110712 -0.000164723 1.83178e-23)
(0.00109315 -0.000182611 7.39811e-23)
(0.00107016 -0.00020371 1.32481e-22)
(0.00105964 -0.000231069 -2.86674e-23)
(0.00106102 -0.000261682 0)
(0.00105065 -0.000293959 -1.63295e-23)
(0.00103212 -0.000332172 1.726e-23)
(0.00101527 -0.00038114 -1.39051e-22)
(0.000997385 -0.000437054 0)
(0.000974147 -0.000512937 0)
(0.000941395 -0.000608039 -1.54593e-22)
(0.000938377 -0.000725255 -1.4164e-22)
(0.00073311 -0.000817756 6.61177e-23)
(0.00109129 1.04244e-06 0)
(0.00111123 -6.43571e-07 -1.89629e-24)
(0.00111964 -4.00119e-06 -5.95092e-23)
(0.00111702 -9.55218e-06 -6.6042e-23)
(0.00110495 -1.73512e-05 9.97444e-23)
(0.00108643 -2.71185e-05 -8.97137e-23)
(0.00106543 -3.81805e-05 -7.46092e-23)
(0.00104676 -4.96595e-05 -1.03456e-22)
(0.00103482 -6.05329e-05 3.37981e-23)
(0.00103274 -7.0186e-05 3.76266e-23)
(0.00104142 -7.85625e-05 8.45487e-23)
(0.00105877 -8.61524e-05 -9.84953e-24)
(0.001081 -9.37686e-05 1.03353e-23)
(0.00110165 -0.000101957 7.35243e-23)
(0.00111493 -0.000111435 -4.65613e-23)
(0.00111551 -0.000122483 1.04327e-22)
(0.00110135 -0.000135789 -1.24479e-23)
(0.00107859 -0.000152331 1.2912e-22)
(0.00105498 -0.000172165 -2.78067e-23)
(0.00104458 -0.000196316 0)
(0.00105065 -0.000223506 -1.59569e-23)
(0.00104603 -0.000250115 -5.37439e-23)
(0.00102369 -0.000280808 1.82925e-23)
(0.00100356 -0.000319848 -1.93627e-23)
(0.000986323 -0.00036799 0)
(0.000963034 -0.000423733 0)
(0.000934779 -0.000499112 0)
(0.000893694 -0.000587738 -1.03503e-22)
(0.000876713 -0.000718671 1.66782e-22)
(0.000664589 -0.000797626 -6.87568e-23)
(0.00110593 -2.68106e-06 0)
(0.00110828 -7.0011e-06 0)
(0.00110829 -1.2468e-05 -3.98611e-24)
(0.0011076 -1.89355e-05 4.09526e-24)
(0.00110785 -2.59936e-05 -2.87723e-23)
(0.00111041 -3.31152e-05 2.95022e-23)
(0.00111608 -3.99456e-05 0)
(0.00112477 -4.64101e-05 3.57853e-23)
(0.00113513 -5.27917e-05 -1.56745e-24)
(0.00114497 -5.97034e-05 -6.82272e-23)
(0.00115115 -6.77326e-05 -6.17258e-23)
(0.00115086 -7.739e-05 2.11227e-23)
(0.00114175 -8.87919e-05 -1.09916e-23)
(0.00112305 -0.000101956 -4.74045e-23)
(0.00109693 -0.000116782 4.72962e-23)
(0.00106743 -0.000133143 -6.53343e-23)
(0.00104276 -0.000151259 -4.20267e-23)
(0.00102959 -0.000170809 0)
(0.00102966 -0.000191589 -6.27463e-23)
(0.00103831 -0.000213549 0)
(0.00103614 -0.000235643 0)
(0.00101168 -0.000260063 7.21021e-23)
(0.000985303 -0.000292227 0)
(0.000968581 -0.00033161 9.13984e-23)
(0.000947655 -0.000377678 -9.93769e-23)
(0.000918367 -0.000431283 1.07981e-22)
(0.000881855 -0.000503596 2.70679e-23)
(0.000836166 -0.000586758 2.29384e-22)
(0.000800305 -0.000714766 -1.56228e-22)
(0.000583643 -0.000768256 -8.17602e-23)
(0.00109695 -1.18823e-05 3.20334e-23)
(0.00109666 -1.67655e-05 0)
(0.00109567 -2.21031e-05 0)
(0.00109436 -2.78476e-05 4.24889e-24)
(0.00109281 -3.39293e-05 -4.36989e-24)
(0.00109066 -4.03309e-05 3.66401e-23)
(0.00108734 -4.71834e-05 -3.78348e-23)
(0.00108205 -5.46987e-05 0)
(0.00107415 -6.31658e-05 3.89167e-23)
(0.0010633 -7.26992e-05 4.03658e-23)
(0.00104986 -8.32199e-05 4.1997e-23)
(0.00103527 -9.44025e-05 0)
(0.00102174 -0.000105813 0)
(0.00101241 -0.00011717 6.04425e-23)
(0.00100966 -0.00012845 -1.2849e-23)
(0.00101458 -0.000140098 1.09516e-22)
(0.00102561 -0.000152664 5.63605e-23)
(0.00103691 -0.000166561 6.37401e-23)
(0.00104154 -0.000182374 6.38814e-23)
(0.00103124 -0.000200273 7.33513e-23)
(0.00100334 -0.000221332 -1.93334e-23)
(0.000972711 -0.00024817 4.13008e-23)
(0.000955711 -0.000281858 7.10592e-23)
(0.000940464 -0.000319368 -9.36014e-23)
(0.000913123 -0.000362356 2.13644e-22)
(0.000877321 -0.000414641 -1.10972e-22)
(0.000836232 -0.000483805 -1.34222e-22)
(0.000783041 -0.000563121 5.0998e-23)
(0.000731774 -0.000691848 -5.84117e-23)
(0.00051342 -0.00073069 2.49127e-22)
(0.00108412 -1.71003e-05 -3.12884e-23)
(0.00108348 -2.17626e-05 -3.50263e-23)
(0.00108218 -2.67542e-05 0)
(0.00108048 -3.21101e-05 0)
(0.00107855 -3.78549e-05 0)
(0.00107644 -4.40306e-05 -3.22891e-23)
(0.0010742 -5.06563e-05 2.3606e-23)
(0.00107194 -5.77412e-05 1.00661e-23)
(0.00106997 -6.52341e-05 0)
(0.00106863 -7.30349e-05 3.3628e-23)
(0.00106844 -8.10627e-05 1.13295e-23)
(0.00106953 -8.9323e-05 -1.19608e-23)
(0.00107171 -9.80461e-05 1.24078e-23)
(0.00107394 -0.000107647 -1.32233e-23)
(0.0010743 -0.000118654 2.77404e-23)
(0.00107036 -0.000131514 -2.60224e-23)
(0.00105925 -0.000146356 7.98943e-23)
(0.00103927 -0.000163228 -4.78516e-23)
(0.00101124 -0.00018206 5.61081e-23)
(0.000979332 -0.000203119 -7.46725e-23)
(0.000952983 -0.00022716 6.50037e-23)
(0.000939612 -0.000254871 1.16101e-22)
(0.00093035 -0.000285428 -9.51825e-23)
(0.000906813 -0.00031836 -1.1295e-22)
(0.000870228 -0.000358677 -1.14454e-22)
(0.000830471 -0.000408904 0)
(0.000783423 -0.000473421 1.38073e-22)
(0.000723683 -0.000548408 -1.50156e-22)
(0.000656216 -0.000667703 -2.32497e-23)
(0.000439265 -0.000686189 -1.47088e-22)
(0.00107137 -2.28338e-05 0)
(0.00107059 -2.73832e-05 -1.00612e-24)
(0.00106909 -3.2233e-05 2.23739e-24)
(0.00106714 -3.7399e-05 2.31647e-24)
(0.00106492 -4.29011e-05 -4.75142e-24)
(0.00106249 -4.87549e-05 -4.0118e-23)
(0.0010598 -5.49715e-05 0)
(0.00105675 -6.15648e-05 0)
(0.00105317 -6.85581e-05 -4.5029e-23)
(0.00104885 -7.60176e-05 -3.34862e-23)
(0.0010435 -8.40613e-05 -6.11671e-23)
(0.00103666 -9.28673e-05 -1.26988e-23)
(0.0010279 -0.000102641 1.31797e-23)
(0.00101672 -0.000113516 1.41184e-23)
(0.0010031 -0.000125503 -7.55115e-23)
(0.000987431 -0.000138416 -1.2537e-23)
(0.00097118 -0.000152069 -4.87046e-23)
(0.000956525 -0.000166353 0)
(0.000945793 -0.000181633 -7.50192e-23)
(0.000940067 -0.00019867 -8.60663e-23)
(0.000937276 -0.000218345 -8.76713e-23)
(0.000929751 -0.000241119 -2.23133e-22)
(0.000906985 -0.000266924 2.66947e-23)
(0.000868621 -0.000297794 1.15387e-22)
(0.000828644 -0.000337439 0)
(0.00078727 -0.000385535 0)
(0.000735499 -0.000445194 0)
(0.00066785 -0.000515107 0)
(0.000587542 -0.000626489 -2.3713e-23)
(0.000373444 -0.000633668 0)
(0.00105891 -2.60085e-05 -1.09568e-24)
(0.00105786 -3.01942e-05 3.66381e-23)
(0.0010561 -3.46402e-05 0)
(0.00105383 -3.93518e-05 0)
(0.00105126 -4.43438e-05 0)
(0.00104842 -4.96377e-05 8.23419e-23)
(0.0010453 -5.52604e-05 0)
(0.0010418 -6.12457e-05 0)
(0.00103782 -6.76343e-05 -1.83509e-24)
(0.00103331 -7.44816e-05 0)
(0.00102823 -8.18407e-05 4.96902e-23)
(0.00102261 -8.97678e-05 -6.79847e-23)
(0.00101653 -9.82814e-05 1.39564e-23)
(0.00101015 -0.0001074 -6.0885e-23)
(0.00100369 -0.000117131 6.15404e-23)
(0.000997206 -0.000127598 -1.34364e-22)
(0.000990622 -0.000139076 0)
(0.00098301 -0.000152069 -7.92195e-23)
(0.000972909 -0.000167198 0)
(0.000957674 -0.000184901 1.10324e-22)
(0.000934572 -0.000205378 8.31975e-25)
(0.000901577 -0.000228467 1.05153e-22)
(0.000861301 -0.000254712 -2.91421e-23)
(0.000822357 -0.000285933 3.35087e-23)
(0.000787357 -0.000323343 -3.58725e-23)
(0.000743802 -0.000366289 4.17612e-23)
(0.000684759 -0.00041914 -4.51814e-23)
(0.000609874 -0.000483212 0)
(0.000518041 -0.000581737 2.17325e-22)
(0.000309128 -0.000575561 0)
(0.00104694 -2.80059e-05 0)
(0.00104558 -3.18492e-05 1.16931e-24)
(0.00104352 -3.5931e-05 2.07711e-23)
(0.00104095 -4.02494e-05 -2.4857e-24)
(0.00103803 -4.48178e-05 -5.18768e-24)
(0.00103482 -4.96595e-05 -3.68544e-23)
(0.00103128 -5.48067e-05 0)
(0.00102731 -6.02928e-05 0)
(0.00102283 -6.61579e-05 4.15605e-23)
(0.00101774 -7.24406e-05 1.27264e-23)
(0.00101195 -7.91895e-05 -6.63363e-24)
(0.00100536 -8.64541e-05 2.63567e-23)
(0.000997856 -9.43047e-05 -3.03258e-23)
(0.00098923 -0.000102834 7.74004e-23)
(0.000979221 -0.000112183 -1.65623e-23)
(0.000967424 -0.00012254 6.9668e-23)
(0.000953385 -0.000134113 1.97881e-23)
(0.00093652 -0.000147093 7.9629e-23)
(0.000916556 -0.000161513 2.19519e-23)
(0.0008934 -0.000177356 0)
(0.000868197 -0.000194628 -2.73734e-23)
(0.000842195 -0.000213752 -2.85098e-23)
(0.000817387 -0.000235989 0)
(0.000791514 -0.000262652 0)
(0.00075642 -0.000294135 2.04232e-23)
(0.000703602 -0.000331243 -9.1951e-23)
(0.000637452 -0.000378685 -2.49115e-23)
(0.000556481 -0.000436703 2.91235e-23)
(0.000456141 -0.000523248 1.94078e-25)
(0.00025256 -0.000510606 -3.57664e-23)
(0.00103566 -2.79845e-05 0)
(0.00103395 -3.13701e-05 0)
(0.00103158 -3.49617e-05 5.51784e-25)
(0.0010287 -3.87517e-05 2.09601e-23)
(0.00102545 -4.27499e-05 0)
(0.00102185 -4.69805e-05 0)
(0.00101788 -5.14727e-05 -5.84032e-24)
(0.00101343 -5.62605e-05 -1.86069e-23)
(0.00100843 -6.13763e-05 2.57885e-23)
(0.00100277 -6.68569e-05 -6.70093e-24)
(0.000996384 -7.27416e-05 6.94426e-24)
(0.000989155 -7.90791e-05 2.14863e-23)
(0.000981006 -8.59283e-05 3.8319e-23)
(0.000971796 -9.33595e-05 8.37311e-24)
(0.000961426 -0.000101458 -4.47202e-23)
(0.000949723 -0.000110307 0)
(0.000936608 -0.000120003 1.78076e-24)
(0.000921914 -0.000130639 0)
(0.000905602 -0.000142368 1.20308e-23)
(0.000887347 -0.000155463 -2.57977e-23)
(0.000866769 -0.000170421 5.44692e-23)
(0.000842419 -0.000187997 -4.84559e-23)
(0.000812457 -0.000208932 0)
(0.000772905 -0.00023347 0)
(0.000721453 -0.000261841 0)
(0.000659387 -0.000295521 1.95002e-22)
(0.000590534 -0.000337517 -2.83388e-23)
(0.000505679 -0.000387941 1.61394e-22)
(0.00039834 -0.000459995 0)
(0.00020119 -0.000441128 1.67057e-22)
(0.00102539 -2.6202e-05 0)
(0.00102332 -2.90849e-05 1.88648e-23)
(0.00102065 -3.21443e-05 -4.11538e-23)
(0.00101748 -3.5369e-05 -1.97362e-23)
(0.00101392 -3.87677e-05 -2.78679e-24)
(0.00100997 -4.2363e-05 2.87303e-24)
(0.00100559 -4.61833e-05 -3.02822e-24)
(0.0010007 -5.02586e-05 5.34197e-23)
(0.000995221 -5.46183e-05 -2.59452e-23)
(0.000989047 -5.9294e-05 0)
(0.000982098 -6.43193e-05 0)
(0.000974265 -6.97369e-05 3.12603e-23)
(0.00096545 -7.55946e-05 0)
(0.000955495 -8.19553e-05 3.52323e-23)
(0.000944265 -8.88881e-05 -1.32458e-24)
(0.000931512 -9.64845e-05 4.02856e-23)
(0.000917035 -0.000104852 -3.0922e-23)
(0.000900426 -0.000114141 -1.13377e-23)
(0.000881353 -0.000124544 5.08666e-23)
(0.000859092 -0.000136309 4.16471e-23)
(0.000833099 -0.00014971 1.46802e-23)
(0.000802209 -0.000164971 1.14923e-22)
(0.000765941 -0.000182253 1.79567e-23)
(0.000723057 -0.000201799 0)
(0.000674572 -0.00022459 2.36513e-23)
(0.000618693 -0.000252242 -2.3452e-22)
(0.000551962 -0.000286609 0)
(0.000462559 -0.00032791 -1.32926e-22)
(0.000349354 -0.000386341 0)
(0.000157956 -0.000366615 -1.71088e-22)
(0.00101649 -2.26091e-05 0)
(0.00101408 -2.49234e-05 -2.01882e-23)
(0.00101115 -2.73795e-05 2.09065e-23)
(0.00100773 -2.99646e-05 0)
(0.0010039 -3.26853e-05 0)
(0.000999636 -3.55607e-05 -2.98964e-24)
(0.000994901 -3.86151e-05 3.08563e-24)
(0.00098962 -4.18731e-05 -3.54839e-23)
(0.000983711 -4.53584e-05 -3.38101e-24)
(0.00097708 -4.90955e-05 1.44764e-23)
(0.000969639 -5.3111e-05 -1.52656e-23)
(0.000961274 -5.74373e-05 -1.52898e-23)
(0.000951879 -6.21129e-05 -2.56826e-23)
(0.000941292 -6.71856e-05 -4.47751e-23)
(0.000929366 -7.2711e-05 3.78433e-23)
(0.00091586 -7.87594e-05 -6.14536e-23)
(0.000900571 -8.54113e-05 3.37786e-23)
(0.000883134 -9.27706e-05 -3.61824e-23)
(0.000863275 -0.000100951 -6.44633e-23)
(0.000840435 -0.000110099 -7.00149e-23)
(0.000814261 -0.000120374 -3.18123e-23)
(0.000783859 -0.000132008 -1.5079e-23)
(0.000748758 -0.000145346 4.00218e-23)
(0.000707245 -0.00016097 2.27761e-23)
(0.000658383 -0.000179763 0)
(0.000597667 -0.000202504 1.08425e-22)
(0.000522545 -0.000229954 0)
(0.000425197 -0.00026276 -7.42766e-23)
(0.000307455 -0.000307816 -8.56797e-23)
(0.000122152 -0.000289048 2.39427e-23)
(0.00100936 -1.74409e-05 3.15572e-25)
(0.00100667 -1.91365e-05 1.0154e-23)
(0.00100352 -2.09364e-05 0)
(0.000999905 -2.28291e-05 1.12876e-23)
(0.000995852 -2.48189e-05 0)
(0.000991336 -2.69211e-05 1.22508e-23)
(0.000986314 -2.91543e-05 0)
(0.000980713 -3.15374e-05 1.317e-23)
(0.00097446 -3.4088e-05 -3.51953e-24)
(0.00096746 -3.6824e-05 -1.45933e-23)
(0.000959624 -3.97649e-05 3.54285e-24)
(0.000950832 -4.29345e-05 -1.62134e-23)
(0.000940974 -4.6361e-05 1.72049e-23)
(0.000929881 -5.00796e-05 -3.89341e-25)
(0.000917401 -5.41315e-05 5.02335e-24)
(0.000903283 -5.85679e-05 -5.72116e-24)
(0.000887321 -6.34482e-05 -2.26282e-23)
(0.000869131 -6.8848e-05 -6.88839e-24)
(0.000848422 -7.48563e-05 2.64043e-23)
(0.000824584 -8.15917e-05 1.47917e-23)
(0.000797194 -8.92008e-05 -4.81921e-25)
(0.000765214 -9.78892e-05 -8.98057e-23)
(0.000728005 -0.00010791 -2.96624e-23)
(0.000683664 -0.000119579 -4.42674e-23)
(0.000631263 -0.00013324 -3.83487e-23)
(0.00056701 -0.000149242 -1.41156e-23)
(0.000490175 -0.000168404 0)
(0.000392589 -0.000191736 -2.18094e-23)
(0.000274919 -0.000223537 1.08521e-22)
(9.49937e-05 -0.000208664 0)
(0.00100437 -1.10097e-05 0)
(0.00100148 -1.20448e-05 -5.20067e-24)
(0.000998164 -1.31437e-05 6.8794e-25)
(0.000994414 -1.42983e-05 -6.30812e-24)
(0.000990209 -1.55113e-05 0)
(0.000985516 -1.67922e-05 -6.07532e-24)
(0.00098029 -1.8153e-05 -1.62622e-24)
(0.000974465 -1.96054e-05 1.68055e-24)
(0.000967969 -2.11601e-05 1.79117e-24)
(0.000960709 -2.28279e-05 3.17424e-26)
(0.000952596 -2.46204e-05 1.57065e-23)
(0.000943506 -2.6552e-05 -2.07043e-24)
(0.000933324 -2.86396e-05 -2.24577e-24)
(0.000921878 -3.09047e-05 2.11063e-23)
(0.00090901 -3.33716e-05 0)
(0.000894469 -3.60715e-05 2.70621e-23)
(0.000878039 -3.90396e-05 1.76464e-25)
(0.000859334 -4.23217e-05 1.24497e-23)
(0.000838052 -4.59707e-05 6.80011e-24)
(0.000813581 -5.00572e-05 0)
(0.000785488 -5.46636e-05 3.29881e-23)
(0.000752745 -5.99011e-05 3.65319e-23)
(0.000714734 -6.58982e-05 0)
(0.000669594 -7.28347e-05 0)
(0.00061646 -8.09443e-05 5.17073e-23)
(0.000551564 -9.05831e-05 -7.6467e-24)
(0.00047398 -0.000102324 8.33881e-24)
(0.000374569 -0.000116687 6.79801e-23)
(0.000254614 -0.000135748 1.12114e-23)
(7.70058e-05 -0.000126179 0)
(0.00100179 -3.76703e-06 0)
(0.000998794 -4.11529e-06 -5.46982e-24)
(0.000995403 -4.48507e-06 1.71734e-25)
(0.000991581 -4.87346e-06 -5.71683e-24)
(0.000987298 -5.28133e-06 0)
(0.000982513 -5.71197e-06 -6.2095e-24)
(0.000977182 -6.16948e-06 -8.20034e-25)
(0.00097124 -6.65785e-06 2.13717e-24)
(0.000964619 -7.1807e-06 -4.30643e-25)
(0.000957225 -7.74162e-06 -1.88842e-24)
(0.000948969 -8.34452e-06 -1.86537e-26)
(0.000939726 -8.99421e-06 -2.14792e-26)
(0.000929377 -9.6964e-06 -2.47781e-26)
(0.000917749 -1.04582e-05 1.18177e-24)
(0.000904683 -1.12881e-05 0)
(0.000889924 -1.21962e-05 0)
(0.000873254 -1.31948e-05 0)
(0.000854285 -1.4299e-05 0)
(0.00083271 -1.55268e-05 -4.97099e-38)
(0.000807912 -1.69019e-05 0)
(0.000779456 -1.84518e-05 4.30858e-24)
(0.000746306 -2.02142e-05 2.02214e-25)
(0.000707834 -2.22345e-05 -1.04408e-23)
(0.000662163 -2.45779e-05 2.71942e-24)
(0.000608418 -2.73283e-05 3.23459e-24)
(0.000542812 -3.05952e-05 0)
(0.000464431 -3.45253e-05 -4.45396e-24)
(0.000364047 -3.92724e-05 1.00321e-23)
(0.000243422 -4.55272e-05 -5.70139e-24)
(6.76372e-05 -4.22235e-05 0)
(0.00100179 3.75642e-06 0)
(0.000998793 4.10411e-06 -5.13602e-24)
(0.000995402 4.47328e-06 -1.71736e-25)
(0.00099158 4.86103e-06 -5.71694e-24)
(0.000987297 5.26822e-06 0)
(0.000982512 5.69813e-06 -6.20962e-24)
(0.000977181 6.15485e-06 -8.20042e-25)
(0.000971239 6.64237e-06 1.27738e-24)
(0.000964618 7.16429e-06 4.58923e-25)
(0.000957224 7.72421e-06 -1.88844e-24)
(0.000948968 8.32603e-06 -1.86538e-26)
(0.000939725 8.97455e-06 -2.14794e-26)
(0.000929376 9.67547e-06 1.10956e-24)
(0.000917748 1.04359e-05 0)
(0.000904682 1.12643e-05 1.29645e-24)
(0.000889923 1.21708e-05 -1.35561e-24)
(0.000873253 1.31675e-05 0)
(0.000854283 1.42698e-05 1.63385e-24)
(0.000832708 1.54954e-05 -1.72016e-24)
(0.000807911 1.68681e-05 0)
(0.000779455 1.84154e-05 4.30862e-24)
(0.000746305 2.01749e-05 2.02215e-25)
(0.000707832 2.21919e-05 -7.77079e-24)
(0.000662161 2.45317e-05 2.86131e-24)
(0.000608416 2.7278e-05 3.40187e-24)
(0.00054281 3.05403e-05 1.95005e-25)
(0.000464428 3.44651e-05 -8.68728e-24)
(0.000364045 3.92063e-05 1.00322e-23)
(0.000243419 4.5454e-05 -5.70143e-24)
(6.76354e-05 4.21534e-05 -3.35068e-24)
(0.00100437 1.09993e-05 0)
(0.00100147 1.20338e-05 -5.20096e-24)
(0.000998162 1.31321e-05 0)
(0.000994412 1.42861e-05 -5.60022e-24)
(0.000990206 1.54984e-05 0)
(0.000985513 1.67786e-05 -6.07567e-24)
(0.000980287 1.81386e-05 1.62627e-24)
(0.000974462 1.95902e-05 -1.6806e-24)
(0.000967966 2.11439e-05 -1.79122e-24)
(0.000960706 2.28107e-05 -3.17435e-26)
(0.000952593 2.46022e-05 1.5634e-23)
(0.000943503 2.65326e-05 2.07049e-24)
(0.00093332 2.8619e-05 2.24584e-24)
(0.000921874 3.08826e-05 1.64279e-23)
(0.000909006 3.33481e-05 0)
(0.000894465 3.60464e-05 1.60318e-23)
(0.000878035 3.90127e-05 5.77878e-24)
(0.00085933 4.22928e-05 3.16234e-23)
(0.000838048 4.59396e-05 -6.8003e-24)
(0.000813576 5.00238e-05 0)
(0.000785483 5.46275e-05 3.29893e-23)
(0.00075274 5.98622e-05 3.65332e-23)
(0.000714729 6.5856e-05 0)
(0.000669588 7.27888e-05 0)
(0.000616454 8.08943e-05 5.1709e-23)
(0.000551558 9.05285e-05 0)
(0.000473973 0.000102264 0)
(0.000374562 0.000116621 8.81831e-23)
(0.000254608 0.000135675 -1.12117e-23)
(7.70004e-05 0.000126109 0)
(0.00100936 1.74309e-05 -3.15586e-25)
(0.00100667 1.9126e-05 1.08032e-23)
(0.00100351 2.09253e-05 0)
(0.000999901 2.28173e-05 1.12881e-23)
(0.000995848 2.48066e-05 0)
(0.000991332 2.6908e-05 1.22513e-23)
(0.000986309 2.91404e-05 0)
(0.000980708 3.15227e-05 1.31707e-23)
(0.000974455 3.40724e-05 3.5197e-24)
(0.000967454 3.68074e-05 -1.81787e-23)
(0.000959618 3.97473e-05 -2.99802e-25)
(0.000950827 4.29157e-05 -1.62144e-23)
(0.000940968 4.6341e-05 1.7206e-23)
(0.000929875 5.00582e-05 -3.88986e-25)
(0.000917394 5.41086e-05 0)
(0.000903277 5.85434e-05 -4.69537e-25)
(0.000887314 6.3422e-05 -2.26295e-23)
(0.000869124 6.88198e-05 5.73843e-24)
(0.000848414 7.48259e-05 2.68728e-23)
(0.000824577 8.15589e-05 -1.47924e-23)
(0.000797186 8.91655e-05 -1.12992e-24)
(0.000765206 9.78509e-05 -5.37812e-23)
(0.000727997 0.000107868 -4.92815e-23)
(0.000683655 0.000119534 -4.42697e-23)
(0.000631253 0.000133191 -6.44308e-23)
(0.000567 0.000149188 1.41162e-23)
(0.000490164 0.000168345 0)
(0.000392578 0.000191671 1.72862e-23)
(0.000274908 0.000223464 6.51713e-23)
(9.49847e-05 0.000208594 0)
(0.00101649 2.25997e-05 0)
(0.00101408 2.49135e-05 -2.01897e-23)
(0.00101114 2.7369e-05 2.09081e-23)
(0.00100773 2.99535e-05 0)
(0.00100389 3.26736e-05 0)
(0.000999629 3.55483e-05 2.98985e-24)
(0.000994895 3.86019e-05 -3.08584e-24)
(0.000989613 4.18591e-05 -4.20246e-23)
(0.000983704 4.53436e-05 3.38125e-24)
(0.000977073 4.90796e-05 1.44773e-23)
(0.000969631 5.30941e-05 -1.52665e-23)
(0.000961266 5.74193e-05 -7.2333e-24)
(0.000951871 6.20937e-05 -1.69543e-23)
(0.000941284 6.71651e-05 -6.25946e-23)
(0.000929357 7.2689e-05 3.78464e-23)
(0.000915851 7.87358e-05 -6.14581e-23)
(0.000900561 8.5386e-05 1.12348e-23)
(0.000883124 9.27433e-05 -1.25216e-23)
(0.000863265 0.000100922 -9.10422e-23)
(0.000840424 0.000110067 -5.65235e-23)
(0.00081425 0.00012034 -1.64308e-23)
(0.000783847 0.000131971 -3.27914e-23)
(0.000748746 0.000145305 3.91646e-23)
(0.000707232 0.000160926 4.38973e-23)
(0.00065837 0.000179715 0)
(0.000597653 0.000202451 1.08432e-22)
(0.000522531 0.000229895 0)
(0.000425182 0.000262696 -7.42804e-23)
(0.00030744 0.000307744 -8.56842e-23)
(0.000122139 0.000288978 -2.39442e-23)
(0.00102538 2.61933e-05 -6.03429e-25)
(0.00102331 2.90757e-05 2.19811e-23)
(0.00102064 3.21346e-05 -4.11389e-23)
(0.00101748 3.53587e-05 -2.23971e-23)
(0.00101391 3.87568e-05 2.78704e-24)
(0.00100996 4.23515e-05 -2.87328e-24)
(0.00100558 4.6171e-05 3.02849e-24)
(0.0010007 5.02456e-05 4.71677e-23)
(0.000995213 5.46044e-05 -2.59478e-23)
(0.000989038 5.92792e-05 0)
(0.000982088 6.43034e-05 0)
(0.000974255 6.972e-05 3.12628e-23)
(0.00096544 7.55766e-05 0)
(0.000955485 8.19359e-05 3.52352e-23)
(0.000944254 8.88673e-05 -1.3239e-24)
(0.000931501 9.64621e-05 4.02888e-23)
(0.000917023 0.000104828 -5.25407e-23)
(0.000900414 0.000114115 1.13387e-23)
(0.00088134 0.000124516 5.08705e-23)
(0.000859079 0.000136278 5.55327e-23)
(0.000833085 0.000149676 0)
(0.000802195 0.000164935 1.48659e-22)
(0.000765926 0.000182214 -1.79582e-23)
(0.000723041 0.000201756 0)
(0.000674555 0.000224543 -2.36532e-23)
(0.000618675 0.00025219 -1.83426e-22)
(0.000551943 0.000286552 0)
(0.00046254 0.000327846 -9.8081e-23)
(0.000349335 0.00038627 -3.85308e-23)
(0.000157939 0.000366545 -1.71105e-22)
(0.00103566 2.79766e-05 0)
(0.00103394 3.13618e-05 0)
(0.00103157 3.49529e-05 5.51469e-25)
(0.00102869 3.87423e-05 2.09621e-23)
(0.00102544 4.274e-05 0)
(0.00102184 4.69699e-05 0)
(0.00101787 5.14614e-05 5.84096e-24)
(0.00101342 5.62484e-05 -3.06733e-23)
(0.00100842 6.13634e-05 2.57911e-23)
(0.00100276 6.68431e-05 6.70168e-24)
(0.000996373 7.27269e-05 -6.94504e-24)
(0.000989143 7.90633e-05 3.63777e-23)
(0.000980994 8.59113e-05 2.28522e-23)
(0.000971784 9.33414e-05 0)
(0.000961414 0.000101438 -3.59953e-23)
(0.00094971 0.000110286 9.55736e-24)
(0.000936594 0.00011998 -8.22058e-24)
(0.000921899 0.000130614 0)
(0.000905587 0.000142342 -1.20321e-23)
(0.000887331 0.000155434 2.58005e-23)
(0.000866752 0.00017039 5.55208e-23)
(0.000842402 0.000187962 -7.89731e-23)
(0.000812439 0.000208895 0)
(0.000772886 0.000233429 0)
(0.000721433 0.000261795 0)
(0.000659366 0.000295471 1.95022e-22)
(0.000590512 0.000337461 2.83418e-23)
(0.000505655 0.000387879 9.94184e-23)
(0.000398316 0.000459925 0)
(0.00020117 0.000441057 1.67073e-22)
(0.00104693 2.79991e-05 0)
(0.00104557 3.18419e-05 -1.16945e-24)
(0.00104351 3.59232e-05 1.83447e-23)
(0.00104094 4.02411e-05 2.48601e-24)
(0.00103802 4.48089e-05 5.18834e-24)
(0.00103481 4.96501e-05 -4.75528e-23)
(0.00103127 5.47966e-05 0)
(0.0010273 6.0282e-05 0)
(0.00102282 6.61463e-05 5.37898e-23)
(0.00101772 7.24282e-05 -1.27281e-23)
(0.00101194 7.91762e-05 6.63452e-24)
(0.00100535 8.64398e-05 2.63612e-23)
(0.000997843 9.42893e-05 -3.03296e-23)
(0.000989216 0.000102818 4.56183e-23)
(0.000979207 0.000112165 1.65646e-23)
(0.000967409 0.000122521 6.96784e-23)
(0.000953369 0.000134092 5.85793e-23)
(0.000936503 0.00014707 8.07902e-23)
(0.000916538 0.000161489 -2.19549e-23)
(0.000893381 0.000177328 0)
(0.000868177 0.000194598 -8.12087e-23)
(0.000842174 0.000213719 2.85136e-23)
(0.000817365 0.000235953 0)
(0.000791491 0.000262612 0)
(0.000756396 0.000294092 0)
(0.000703577 0.000331194 -9.29379e-23)
(0.000637425 0.000378631 0)
(0.000556453 0.000436642 -2.91274e-23)
(0.000456112 0.000523178 -1.94424e-25)
(0.000252535 0.000510535 3.57716e-23)
(0.0010589 2.60026e-05 1.09583e-24)
(0.00105785 3.01878e-05 3.43919e-23)
(0.00105609 3.46333e-05 0)
(0.00105382 3.93445e-05 0)
(0.00105125 4.4336e-05 0)
(0.00104841 4.96293e-05 8.2354e-23)
(0.00104529 5.52514e-05 0)
(0.00104178 6.1236e-05 0)
(0.00103781 6.76239e-05 -1.83437e-24)
(0.0010333 7.44704e-05 0)
(0.00102822 8.18287e-05 4.96986e-23)
(0.00102259 8.97549e-05 -4.11085e-23)
(0.00101652 9.82674e-05 -1.39586e-23)
(0.00101013 0.000107385 -6.08941e-23)
(0.00100367 0.000117115 6.15511e-23)
(0.00099719 0.00012758 -1.34385e-22)
(0.000990605 0.000139057 0)
(0.000982992 0.000152048 -7.92314e-23)
(0.00097289 0.000167175 0)
(0.000957654 0.000184876 6.44793e-23)
(0.000934551 0.000205351 -8.32085e-25)
(0.000901555 0.000228437 1.03254e-22)
(0.000861277 0.000254678 2.91467e-23)
(0.000822331 0.000285896 -3.3514e-23)
(0.000787331 0.000323301 3.58782e-23)
(0.000743773 0.000366243 -4.17678e-23)
(0.000684729 0.000419087 4.51886e-23)
(0.000609842 0.000483153 0)
(0.000518007 0.000581669 2.17366e-22)
(0.000309099 0.00057549 0)
(0.00107136 2.28289e-05 0)
(0.00107058 2.73779e-05 -1.00572e-24)
(0.00106908 3.22273e-05 -2.23775e-24)
(0.00106713 3.73928e-05 -2.31685e-24)
(0.00106491 4.28945e-05 4.75218e-24)
(0.00106248 4.87477e-05 -4.01242e-23)
(0.00105979 5.49637e-05 0)
(0.00105674 6.15565e-05 0)
(0.00105316 6.8549e-05 -4.50364e-23)
(0.00104884 7.60078e-05 -5.66221e-23)
(0.00104348 8.40506e-05 -3.72335e-23)
(0.00103664 9.28558e-05 1.27012e-23)
(0.00102788 0.000102629 -1.31822e-23)
(0.0010167 0.000113503 -1.41211e-23)
(0.00100308 0.000125488 -4.6126e-23)
(0.000987412 0.0001384 3.36762e-24)
(0.00097116 0.000152051 -6.53327e-23)
(0.000956504 0.000166333 1.81727e-23)
(0.000945772 0.000181612 -9.40964e-23)
(0.000940045 0.000198647 -8.60814e-23)
(0.000937253 0.000218319 -8.76893e-23)
(0.000929727 0.000241091 -1.72832e-22)
(0.000906959 0.000266892 -2.66998e-23)
(0.000868593 0.000297758 1.1541e-22)
(0.000828614 0.000337399 0)
(0.000787238 0.00038549 0)
(0.000735466 0.000445144 0)
(0.000667814 0.00051505 0)
(0.000587504 0.000626423 -2.37083e-23)
(0.000373411 0.000633597 0)
(0.00108411 1.70963e-05 -3.3335e-23)
(0.00108346 2.17582e-05 -3.29355e-23)
(0.00108217 2.67494e-05 0)
(0.00108047 3.21049e-05 4.42906e-24)
(0.00107853 3.78492e-05 -4.55659e-24)
(0.00107642 4.40245e-05 -4.1729e-23)
(0.00107419 5.06497e-05 5.28537e-23)
(0.00107193 5.77341e-05 -1.0068e-23)
(0.00106995 6.52264e-05 0)
(0.00106862 7.30266e-05 5.5536e-23)
(0.00106842 8.10536e-05 -1.13318e-23)
(0.00106951 8.93131e-05 1.19633e-23)
(0.0010717 9.80353e-05 -1.24104e-23)
(0.00107392 0.000107635 1.32262e-23)
(0.00107428 0.000118641 -2.77464e-23)
(0.00107035 0.0001315 3.28194e-23)
(0.00105923 0.00014634 4.89071e-23)
(0.00103925 0.000163212 -8.17168e-23)
(0.00101121 0.000182042 9.16007e-23)
(0.000979308 0.000203098 -7.46901e-23)
(0.000952958 0.000227137 1.07293e-22)
(0.000939586 0.000254845 7.14764e-23)
(0.000930322 0.000285399 -9.52054e-23)
(0.000906783 0.000318328 -1.12973e-22)
(0.000870195 0.00035864 -1.44817e-22)
(0.000830437 0.000408862 3.25202e-23)
(0.000783387 0.000473372 1.38109e-22)
(0.000723644 0.000548353 -1.50197e-22)
(0.000656173 0.000667638 -2.32452e-23)
(0.000439228 0.000686119 -1.47148e-22)
(0.00109694 1.18792e-05 3.20389e-23)
(0.00109665 1.67621e-05 0)
(0.00109566 2.20993e-05 0)
(0.00109435 2.78434e-05 0)
(0.0010928 3.39246e-05 0)
(0.00109064 4.03258e-05 3.66472e-23)
(0.00108732 4.71778e-05 -3.78423e-23)
(0.00108203 5.46926e-05 0)
(0.00107414 6.31591e-05 3.89256e-23)
(0.00106328 7.26919e-05 4.03752e-23)
(0.00104984 8.32119e-05 4.2007e-23)
(0.00103526 9.43937e-05 0)
(0.00102172 0.000105803 0)
(0.00101239 0.00011716 4.80969e-23)
(0.00100964 0.000128438 0)
(0.00101456 0.000140085 1.09543e-22)
(0.00102559 0.00015265 5.63753e-23)
(0.00103689 0.000166545 6.3755e-23)
(0.00104151 0.000182356 6.38985e-23)
(0.00103122 0.000200254 7.33686e-23)
(0.00100331 0.00022131 1.93384e-23)
(0.000972682 0.000248146 -4.13115e-23)
(0.000955681 0.000281831 1.15327e-22)
(0.000940431 0.000319338 -9.3628e-23)
(0.000913088 0.000362321 2.13701e-22)
(0.000877284 0.000414602 -1.11005e-22)
(0.000836191 0.00048376 -1.34257e-22)
(0.000782998 0.000563069 1.76689e-23)
(0.000731726 0.000691786 -2.21461e-23)
(0.000513378 0.00073062 2.49249e-22)
(0.00110592 2.67886e-06 0)
(0.00110826 6.99861e-06 0)
(0.00110827 1.24652e-05 3.98692e-24)
(0.00110758 1.89323e-05 -4.09611e-24)
(0.00110784 2.59902e-05 -3.71465e-23)
(0.0011104 3.31113e-05 3.81192e-23)
(0.00111606 3.99413e-05 -8.84757e-24)
(0.00112475 4.64054e-05 4.49135e-23)
(0.00113512 5.27865e-05 -1.56704e-24)
(0.00114496 5.96979e-05 -8.77814e-23)
(0.00115114 6.77266e-05 -2.12164e-23)
(0.00115084 7.73836e-05 -2.11281e-23)
(0.00114173 8.87849e-05 1.09944e-23)
(0.00112304 0.000101948 -4.74164e-23)
(0.00109691 0.000116773 4.73097e-23)
(0.00106741 0.000133133 -5.24699e-23)
(0.00104274 0.000151248 -5.54654e-23)
(0.00102956 0.000170796 0)
(0.00102964 0.000191574 -6.27631e-23)
(0.00103829 0.000213533 0)
(0.00103611 0.000235625 -1.75958e-23)
(0.00101165 0.000260042 9.06653e-23)
(0.000985271 0.000292203 0)
(0.000968547 0.000331582 9.14243e-23)
(0.000947618 0.000377646 -9.94057e-23)
(0.000918327 0.000431246 1.08013e-22)
(0.000881812 0.000503553 -2.70777e-23)
(0.00083612 0.000586708 2.60153e-22)
(0.000800253 0.000714706 -1.26209e-22)
(0.000583596 0.000768186 -1.25048e-22)
(0.00109128 -1.04408e-06 0)
(0.00111122 6.41644e-07 1.89669e-24)
(0.00111962 3.99899e-06 -6.34155e-23)
(0.00111701 9.54966e-06 -5.8228e-23)
(0.00110494 1.73483e-05 9.17208e-23)
(0.00108641 2.71152e-05 -9.79367e-23)
(0.00106541 3.81766e-05 -6.61851e-23)
(0.00104675 4.9655e-05 -1.03482e-22)
(0.0010348 6.05277e-05 3.3808e-23)
(0.00103272 7.018e-05 4.68355e-23)
(0.0010414 7.85559e-05 5.60194e-23)
(0.00105875 8.61451e-05 9.85227e-24)
(0.00108098 9.37608e-05 -1.03383e-23)
(0.00110163 0.000101948 9.49898e-23)
(0.00111491 0.000111426 -4.65745e-23)
(0.00111549 0.000122473 8.04528e-23)
(0.00110132 0.000135778 1.24517e-23)
(0.00107857 0.000152319 7.59471e-23)
(0.00105495 0.000172151 2.78156e-23)
(0.00104455 0.000196301 0)
(0.00105062 0.000223489 1.59623e-23)
(0.00104599 0.000250095 -8.73599e-23)
(0.00102366 0.000280786 -1.8299e-23)
(0.00100353 0.000319823 1.93695e-23)
(0.000986284 0.000367961 0)
(0.000962991 0.0004237 0)
(0.000934733 0.000499072 0)
(0.000893644 0.000587691 -1.03547e-22)
(0.000876657 0.000718615 1.66892e-22)
(0.000664537 0.000797557 -6.88983e-23)
(0.000966353 -6.50925e-07 0)
(0.00105145 -1.80162e-07 5.75799e-23)
(0.00112172 -3.87977e-08 6.27077e-23)
(0.00117522 5.13421e-07 1.21617e-22)
(0.00121126 2.22282e-06 -7.00578e-23)
(0.00123021 5.81632e-06 6.37943e-23)
(0.00123299 1.18027e-05 1.05649e-23)
(0.00122137 2.03852e-05 5.9001e-23)
(0.0011983 3.14142e-05 -6.93593e-23)
(0.00116791 4.43413e-05 -6.00224e-23)
(0.00113601 5.85889e-05 -1.54407e-22)
(0.00110843 7.34843e-05 -6.438e-23)
(0.00109054 8.87126e-05 6.66885e-23)
(0.00108512 0.00010394 -1.52115e-22)
(0.00109026 0.000118966 2.11595e-23)
(0.00110147 0.000133935 -1.76624e-22)
(0.00110915 0.000148769 -2.30484e-23)
(0.00110709 0.000164714 -2.1967e-22)
(0.00109313 0.000182601 -7.40097e-23)
(0.00107013 0.000203698 -1.32532e-22)
(0.00105961 0.000231056 2.86781e-23)
(0.00106099 0.000261666 -1.17716e-22)
(0.00105062 0.00029394 1.63362e-23)
(0.00103208 0.00033215 -1.7267e-23)
(0.00101523 0.000381114 1.39117e-22)
(0.00099734 0.000437023 0)
(0.000974098 0.000512899 0)
(0.000941342 0.000607993 1.54702e-22)
(0.000938316 0.000725202 -1.80252e-22)
(0.000733053 0.000817688 6.62537e-23)
(0.000527727 1.17265e-05 8.87396e-25)
(0.000669374 9.69944e-06 -5.96859e-23)
(0.000788933 1.40031e-05 3.62534e-24)
(0.000889676 1.81231e-05 -6.31836e-23)
(0.000973652 2.17909e-05 0)
(0.00104173 2.47871e-05 -7.43222e-24)
(0.0010944 2.73948e-05 6.96862e-23)
(0.00113202 3.01666e-05 0)
(0.00115521 3.37975e-05 8.00885e-24)
(0.00116504 3.87976e-05 5.9607e-23)
(0.0011635 4.55984e-05 7.02459e-23)
(0.00115376 5.44033e-05 9.04846e-23)
(0.00113967 6.5205e-05 -1.12065e-22)
(0.00112613 7.79935e-05 1.16135e-22)
(0.00111658 9.24483e-05 -3.95424e-23)
(0.00111351 0.00010844 1.04976e-22)
(0.00111572 0.000125446 0)
(0.00111792 0.000143168 9.27138e-23)
(0.00111657 0.000162249 9.7644e-23)
(0.00110517 0.000182565 7.80913e-23)
(0.00109013 0.000207302 5.23601e-23)
(0.00108464 0.000237578 8.74862e-23)
(0.00107955 0.000272053 -2.90575e-23)
(0.00106773 0.000310519 1.54626e-23)
(0.0010543 0.000359992 -1.19283e-22)
(0.0010405 0.000418312 0)
(0.00102646 0.000491522 1.50573e-23)
(0.000997454 0.00059945 -1.48504e-22)
(0.00101402 0.000714721 0)
(0.000816901 0.000831075 0)
(0.000874419 0.000834715 0)
(0.00106872 0.000714268 0)
(0.00103933 0.000617655 -8.24145e-23)
(0.00105855 0.000501442 1.19846e-23)
(0.00106794 0.000434501 0)
(0.00107777 0.000374324 -9.14236e-23)
(0.00108837 0.00032546 1.42276e-23)
(0.00109773 0.000286441 -2.63913e-23)
(0.00110132 0.000251447 7.1612e-23)
(0.00110622 0.00022108 4.85657e-23)
(0.00111979 0.000196137 6.59608e-23)
(0.00112937 0.000175066 8.52651e-23)
(0.00112958 0.000154917 8.17262e-23)
(0.00112678 0.000136163 0)
(0.00112474 0.000118621 9.51939e-23)
(0.00112832 0.000102661 -3.75848e-23)
(0.00113828 8.8573e-05 1.06733e-22)
(0.00115189 7.61677e-05 -1.03074e-22)
(0.00116524 6.51566e-05 8.27353e-23)
(0.00117334 5.48815e-05 6.3765e-23)
(0.00117227 4.4587e-05 5.3975e-23)
(0.00115888 3.35645e-05 7.73114e-24)
(0.00113104 2.15045e-05 0)
(0.00108711 8.27967e-06 6.58786e-23)
(0.00102538 -6.05548e-06 -7.44012e-24)
(0.000943896 -2.0825e-05 0)
(0.000839705 -3.47985e-05 -6.07131e-23)
(0.000707083 -4.80785e-05 3.77304e-24)
(0.000530854 -4.85166e-05 -5.78215e-23)
(0.000267577 -2.90328e-05 9.67664e-25)
)
;

boundaryField
{
    inlet
    {
        type            fixedValue;
        value           uniform (0.001 0 0);
    }
    outlet
    {
        type            zeroGradient;
    }
    wall
    {
        type            noSlip;
    }
    obstacle
    {
        type            noSlip;
    }
    frontAndBack
    {
        type            empty;
    }
    procBoundary0to1
    {
        type            processor;
        value           nonuniform List<vector> 
61
(
(0.000267582 2.90317e-05 9.67469e-25)
(0.000530859 4.85163e-05 5.58199e-23)
(0.000707089 4.80781e-05 3.77216e-24)
(0.000839711 3.4798e-05 5.29531e-23)
(0.000943904 2.08247e-05 0)
(0.00102539 6.05504e-06 5.0077e-23)
(0.00108712 -8.28036e-06 -5.05553e-23)
(0.00113106 -2.15055e-05 0)
(0.0011589 -3.35659e-05 7.7286e-24)
(0.00117229 -4.45889e-05 -6.98975e-23)
(0.00117336 -5.48839e-05 -6.37415e-23)
(0.00116525 -6.51595e-05 -4.8892e-23)
(0.00115191 -7.61709e-05 3.3062e-23)
(0.0011383 -8.85767e-05 -3.42094e-23)
(0.00112834 -0.000102665 -3.75701e-23)
(0.00111353 -0.000108448 1.04938e-22)
(0.00111353 -0.000108448 1.04938e-22)
(0.00111574 -0.000125455 0)
(0.00111794 -0.000143178 9.26795e-23)
(0.0011166 -0.000162259 9.7607e-23)
(0.0011052 -0.000182577 1.279e-22)
(0.00109016 -0.000207315 -5.23379e-23)
(0.00108467 -0.000237593 1.42537e-22)
(0.00107959 -0.00027207 2.90439e-23)
(0.00106777 -0.000310539 -1.54558e-23)
(0.00105435 -0.000360016 -1.51412e-22)
(0.00104054 -0.00041834 0)
(0.00102652 -0.000491555 -1.50465e-23)
(0.00099751 -0.000599492 -1.16173e-22)
(0.00101408 -0.00071477 0)
(0.000816964 -0.000831142 0)
(0.000923996 0.00082847 -1.58785e-22)
(0.00112968 0.000716831 -1.54527e-23)
(0.00108344 0.0006327 -6.65759e-23)
(0.00109659 0.00051442 0)
(0.0010979 0.000451139 0)
(0.00110382 0.000389607 -1.08798e-22)
(0.0011108 0.000341124 -1.2712e-23)
(0.00111744 0.000301421 1.20261e-23)
(0.00111941 0.000265973 0)
(0.00112316 0.000235269 2.28458e-23)
(0.00113503 0.000209734 6.92524e-23)
(0.00114337 0.000187693 1.07969e-22)
(0.00114308 0.000166504 -1.40833e-23)
(0.0011399 0.000146821 -1.93975e-23)
(0.00113775 0.000128679 4.96696e-24)
(0.00114112 0.000112364 1.79888e-23)
(0.00115064 9.79988e-05 1.30597e-23)
(0.00116356 8.52182e-05 -7.75455e-23)
(0.00117596 7.35991e-05 7.49587e-23)
(0.00118317 6.26229e-05 -4.23501e-24)
(0.00118154 5.19516e-05 7.04973e-23)
(0.00116845 4.16063e-05 -5.76564e-23)
(0.00114221 3.18557e-05 4.89552e-23)
(0.00110181 2.31599e-05 1.20924e-22)
(0.00104623 1.56683e-05 -4.58082e-24)
(0.000973898 9.07798e-06 -5.93827e-23)
(0.000880766 3.30697e-06 -5.67333e-24)
(0.000757278 -1.88373e-06 5.31966e-23)
(0.000582571 -1.31714e-05 -5.90829e-23)
(0.00027854 3.59228e-06 0)
)
;
    }
}


// ************************************************************************* //
