/*--------------------------------*- C++ -*----------------------------------*\
| =========                 |                                                 |
| \\      /  F ield         | OpenFOAM: The Open Source CFD Toolbox           |
|  \\    /   O peration     | Version:  2312                                  |
|   \\  /    A nd           | Website:  www.openfoam.com                      |
|    \\/     M anipulation  |                                                 |
\*---------------------------------------------------------------------------*/
FoamFile
{
    version     2.0;
    format      ascii;
    arch        "LSB;label=32;scalar=64";
    class       volVectorField;
    location    "75000";
    object      U;
}
// * * * * * * * * * * * * * * * * * * * * * * * * * * * * * * * * * * * * * //

dimensions      [0 1 -1 0 0 0 0];

internalField   nonuniform List<vector> 
2685
(
(4.78594e-05 -6.9246e-06 0)
(5.83312e-05 -6.65735e-06 0)
(6.84771e-05 -6.35663e-06 0)
(7.82621e-05 -6.02893e-06 0)
(8.76574e-05 -5.68055e-06 0)
(9.66399e-05 -5.3175e-06 0)
(0.000105192 -4.9454e-06 0)
(0.000113302 -4.56942e-06 0)
(0.000120961 -4.19426e-06 0)
(0.000128168 -3.82406e-06 0)
(0.000134923 -3.46247e-06 0)
(0.000141232 -3.11261e-06 0)
(0.000147101 -2.77709e-06 0)
(0.000152543 -2.45803e-06 0)
(0.000157569 -2.15707e-06 0)
(0.000162196 -1.87543e-06 0)
(0.00016644 -1.6139e-06 0)
(0.000170319 -1.37291e-06 0)
(0.000173852 -1.15257e-06 0)
(0.00017706 -9.52699e-07 0)
(0.000179962 -7.72863e-07 0)
(0.000182579 -6.12427e-07 0)
(0.00018493 -4.70581e-07 0)
(0.000187038 -3.46369e-07 0)
(0.000188919 -2.38735e-07 0)
(0.000190595 -1.46548e-07 0)
(0.000192084 -6.8632e-08 0)
(0.000193403 -3.79289e-09 0)
(0.000194568 4.91627e-08 0)
(0.000195597 9.14079e-08 0)
(0.000196504 1.24079e-07 0)
(0.000197303 1.48261e-07 0)
(0.000198008 1.64982e-07 0)
(0.00019863 1.75201e-07 0)
(0.00019918 1.79813e-07 0)
(0.000199669 1.79641e-07 0)
(0.000200105 1.75439e-07 0)
(0.000200498 1.6789e-07 0)
(0.000200855 1.57611e-07 0)
(0.000201182 1.45159e-07 0)
(0.000201485 1.31028e-07 0)
(0.00020177 1.15663e-07 0)
(0.00020204 9.94537e-08 0)
(0.000202301 8.27469e-08 0)
(0.000202555 6.58433e-08 0)
(0.000202805 4.90009e-08 0)
(0.000203054 3.2436e-08 0)
(0.000203303 1.63258e-08 0)
(0.000203554 8.12054e-10 0)
(0.000203809 -1.39992e-08 0)
(0.000204068 -2.80353e-08 0)
(0.000204331 -4.12496e-08 0)
(0.0002046 -5.35964e-08 0)
(0.000204874 -6.50288e-08 0)
(0.000205154 -7.5513e-08 0)
(0.000205439 -8.5034e-08 0)
(0.000205729 -9.35899e-08 0)
(0.000206024 -1.01194e-07 0)
(0.000206324 -1.07868e-07 0)
(0.000206628 -1.13646e-07 0)
(0.000206935 -1.18564e-07 0)
(0.000207245 -1.22666e-07 0)
(0.000207558 -1.25995e-07 0)
(0.000207873 -1.28595e-07 0)
(0.000208189 -1.30511e-07 0)
(0.000208506 -1.31782e-07 0)
(0.000208823 -1.32456e-07 0)
(0.000209139 -1.32563e-07 0)
(0.000209454 -1.32167e-07 0)
(0.000209766 -1.31291e-07 0)
(0.000210076 -1.30045e-07 0)
(0.000210383 -1.28423e-07 0)
(0.000210686 -1.26608e-07 0)
(0.000210984 -1.24512e-07 0)
(0.000211278 -1.22451e-07 0)
(0.000211565 -1.20162e-07 0)
(0.000211848 -1.18218e-07 0)
(0.000212124 -1.16019e-07 0)
(0.000212396 -1.14619e-07 0)
(0.000212659 -1.12778e-07 0)
(0.000212919 -1.12459e-07 0)
(0.00021317 -1.11194e-07 0)
(0.000213422 -1.12714e-07 0)
(0.000213659 -1.12075e-07 0)
(0.000213908 -1.16661e-07 0)
(0.000214128 -1.16101e-07 0)
(0.000214389 -1.26117e-07 0)
(0.000214575 -1.23161e-07 0)
(0.000214915 -1.43061e-07 0)
(0.000303879 -3.89722e-05 0)
(0.000317218 -3.78748e-05 0)
(0.00033021 -3.66544e-05 0)
(0.000342822 -3.53297e-05 0)
(0.000355026 -3.39193e-05 0)
(0.000366801 -3.2441e-05 0)
(0.000378129 -3.09121e-05 0)
(0.000388999 -2.93487e-05 0)
(0.0003994 -2.77656e-05 0)
(0.000409329 -2.61769e-05 0)
(0.000418784 -2.4595e-05 0)
(0.000427766 -2.30312e-05 0)
(0.00043628 -2.14955e-05 0)
(0.000444333 -1.99967e-05 0)
(0.000451935 -1.85423e-05 0)
(0.000459095 -1.71388e-05 0)
(0.000465826 -1.57915e-05 0)
(0.000472143 -1.45048e-05 0)
(0.000478061 -1.32818e-05 0)
(0.000483595 -1.21251e-05 0)
(0.000488763 -1.10361e-05 0)
(0.000493581 -1.00157e-05 0)
(0.000498067 -9.06389e-06 0)
(0.000502239 -8.18022e-06 0)
(0.000506116 -7.36366e-06 0)
(0.000509714 -6.61269e-06 0)
(0.000513052 -5.92535e-06 0)
(0.000516148 -5.29935e-06 0)
(0.000519018 -4.73211e-06 0)
(0.000521679 -4.22081e-06 0)
(0.000524147 -3.76246e-06 0)
(0.000526439 -3.35391e-06 0)
(0.000528569 -2.99194e-06 0)
(0.000530551 -2.67329e-06 0)
(0.000532399 -2.39467e-06 0)
(0.000534126 -2.15286e-06 0)
(0.000535744 -1.9447e-06 0)
(0.000537265 -1.76713e-06 0)
(0.000538698 -1.6172e-06 0)
(0.000540053 -1.49212e-06 0)
(0.000541341 -1.38921e-06 0)
(0.000542568 -1.30598e-06 0)
(0.000543742 -1.24008e-06 0)
(0.00054487 -1.18932e-06 0)
(0.000545959 -1.15168e-06 0)
(0.000547013 -1.12528e-06 0)
(0.000548038 -1.10843e-06 0)
(0.000549037 -1.09955e-06 0)
(0.000550014 -1.09718e-06 0)
(0.000550973 -1.09994e-06 0)
(0.000551915 -1.10653e-06 0)
(0.000552843 -1.11589e-06 0)
(0.000553759 -1.12715e-06 0)
(0.000554665 -1.13967e-06 0)
(0.000555561 -1.15287e-06 0)
(0.00055645 -1.16629e-06 0)
(0.00055733 -1.17951e-06 0)
(0.000558204 -1.19217e-06 0)
(0.000559072 -1.20397e-06 0)
(0.000559932 -1.21462e-06 0)
(0.000560787 -1.22391e-06 0)
(0.000561634 -1.23164e-06 0)
(0.000562476 -1.23763e-06 0)
(0.00056331 -1.24175e-06 0)
(0.000564137 -1.24388e-06 0)
(0.000564956 -1.24387e-06 0)
(0.000565767 -1.24172e-06 0)
(0.00056657 -1.23721e-06 0)
(0.000567364 -1.23053e-06 0)
(0.000568147 -1.22133e-06 0)
(0.000568922 -1.21007e-06 0)
(0.000569684 -1.19624e-06 0)
(0.000570437 -1.18066e-06 0)
(0.000571175 -1.16258e-06 0)
(0.000571906 -1.14333e-06 0)
(0.000572617 -1.12175e-06 0)
(0.000573327 -1.09985e-06 0)
(0.000574006 -1.07589e-06 0)
(0.000574699 -1.0528e-06 0)
(0.000575342 -1.0278e-06 0)
(0.000576023 -1.00545e-06 0)
(0.000576622 -9.80799e-07 0)
(0.000577306 -9.61611e-07 0)
(0.000577844 -9.38613e-07 0)
(0.000578557 -9.25443e-07 0)
(0.000579003 -9.05641e-07 0)
(0.000579797 -9.01148e-07 0)
(0.000580087 -8.87688e-07 0)
(0.000581062 -8.92627e-07 0)
(0.000603042 -6.61611e-05 0)
(0.000612765 -6.44078e-05 0)
(0.000622198 -6.24746e-05 0)
(0.000631324 -6.03908e-05 0)
(0.000640132 -5.81842e-05 0)
(0.000648613 -5.58815e-05 0)
(0.000656761 -5.35077e-05 0)
(0.000664574 -5.1086e-05 0)
(0.00067205 -4.8638e-05 0)
(0.000679189 -4.61832e-05 0)
(0.000685994 -4.37391e-05 0)
(0.000692471 -4.13216e-05 0)
(0.000698625 -3.89446e-05 0)
(0.000704462 -3.66204e-05 0)
(0.000709992 -3.43593e-05 0)
(0.000715223 -3.21702e-05 0)
(0.000720165 -3.00602e-05 0)
(0.000724828 -2.80352e-05 0)
(0.000729223 -2.60996e-05 0)
(0.000733361 -2.42568e-05 0)
(0.000737254 -2.25093e-05 0)
(0.000740913 -2.08584e-05 0)
(0.000744351 -1.93046e-05 0)
(0.000747577 -1.78475e-05 0)
(0.000750605 -1.64861e-05 0)
(0.000753445 -1.52188e-05 0)
(0.000756109 -1.40433e-05 0)
(0.000758607 -1.29572e-05 0)
(0.000760952 -1.19574e-05 0)
(0.000763153 -1.10406e-05 0)
(0.000765222 -1.02032e-05 0)
(0.000767167 -9.44147e-06 0)
(0.000768998 -8.75141e-06 0)
(0.000770726 -8.12902e-06 0)
(0.000772359 -7.57015e-06 0)
(0.000773905 -7.07065e-06 0)
(0.000775374 -6.62633e-06 0)
(0.000776771 -6.2331e-06 0)
(0.000778106 -5.88692e-06 0)
(0.000779384 -5.58387e-06 0)
(0.000780613 -5.3201e-06 0)
(0.000781798 -5.09193e-06 0)
(0.000782946 -4.8958e-06 0)
(0.000784061 -4.72834e-06 0)
(0.000785148 -4.58631e-06 0)
(0.000786212 -4.46668e-06 0)
(0.000787257 -4.36656e-06 0)
(0.000788287 -4.28328e-06 0)
(0.000789305 -4.21432e-06 0)
(0.000790314 -4.15737e-06 0)
(0.000791318 -4.11032e-06 0)
(0.000792319 -4.07127e-06 0)
(0.000793318 -4.03848e-06 0)
(0.000794317 -4.01045e-06 0)
(0.000795317 -3.98582e-06 0)
(0.000796321 -3.96348e-06 0)
(0.000797327 -3.94237e-06 0)
(0.000798338 -3.92173e-06 0)
(0.000799353 -3.90072e-06 0)
(0.000800373 -3.87889e-06 0)
(0.000801397 -3.85556e-06 0)
(0.000802425 -3.83051e-06 0)
(0.000803457 -3.80312e-06 0)
(0.000804491 -3.77341e-06 0)
(0.00080553 -3.74074e-06 0)
(0.000806566 -3.70543e-06 0)
(0.000807607 -3.66672e-06 0)
(0.00080864 -3.62544e-06 0)
(0.000809679 -3.58057e-06 0)
(0.000810701 -3.53358e-06 0)
(0.000811734 -3.48303e-06 0)
(0.000812737 -3.43119e-06 0)
(0.000813759 -3.37597e-06 0)
(0.000814734 -3.32054e-06 0)
(0.000815745 -3.26208e-06 0)
(0.000816682 -3.2046e-06 0)
(0.000817682 -3.14465e-06 0)
(0.00081857 -3.08681e-06 0)
(0.000819568 -3.02741e-06 0)
(0.000820395 -2.97108e-06 0)
(0.000821405 -2.91456e-06 0)
(0.000822154 -2.86189e-06 0)
(0.0008232 -2.81063e-06 0)
(0.000823849 -2.76418e-06 0)
(0.00082497 -2.72019e-06 0)
(0.00082548 -2.68327e-06 0)
(0.000826736 -2.6472e-06 0)
(0.000827045 -2.62472e-06 0)
(0.000828536 -2.59457e-06 0)
(0.000898428 -8.26534e-05 0)
(0.000902467 -8.03599e-05 0)
(0.000906334 -7.78595e-05 0)
(0.000910023 -7.51876e-05 0)
(0.000913534 -7.23775e-05 0)
(0.000916865 -6.9461e-05 0)
(0.000920016 -6.64679e-05 0)
(0.000922989 -6.34259e-05 0)
(0.000925786 -6.03605e-05 0)
(0.000928409 -5.72947e-05 0)
(0.000930861 -5.42493e-05 0)
(0.000933148 -5.12428e-05 0)
(0.000935272 -4.82913e-05 0)
(0.000937239 -4.54089e-05 0)
(0.000939054 -4.26075e-05 0)
(0.000940722 -3.98975e-05 0)
(0.00094225 -3.72873e-05 0)
(0.000943644 -3.47839e-05 0)
(0.000944909 -3.23925e-05 0)
(0.000946051 -3.01166e-05 0)
(0.000947077 -2.79588e-05 0)
(0.000947993 -2.59203e-05 0)
(0.000948805 -2.40016e-05 0)
(0.00094952 -2.22022e-05 0)
(0.000950143 -2.05209e-05 0)
(0.000950682 -1.89556e-05 0)
(0.000951141 -1.75036e-05 0)
(0.000951528 -1.61619e-05 0)
(0.000951848 -1.49268e-05 0)
(0.000952107 -1.37944e-05 0)
(0.00095231 -1.27603e-05 0)
(0.000952464 -1.182e-05 0)
(0.000952573 -1.09686e-05 0)
(0.000952643 -1.02014e-05 0)
(0.000952679 -9.51344e-06 0)
(0.000952686 -8.89965e-06 0)
(0.000952668 -8.3551e-06 0)
(0.000952631 -7.87491e-06 0)
(0.000952577 -7.45425e-06 0)
(0.000952511 -7.08843e-06 0)
(0.000952438 -6.7729e-06 0)
(0.00095236 -6.50331e-06 0)
(0.000952281 -6.27548e-06 0)
(0.000952205 -6.08544e-06 0)
(0.000952133 -5.92939e-06 0)
(0.00095207 -5.80374e-06 0)
(0.000952018 -5.70503e-06 0)
(0.000951979 -5.63008e-06 0)
(0.000951955 -5.57575e-06 0)
(0.00095195 -5.53931e-06 0)
(0.000951964 -5.51799e-06 0)
(0.000951999 -5.50958e-06 0)
(0.000952058 -5.51167e-06 0)
(0.00095214 -5.5225e-06 0)
(0.000952249 -5.53987e-06 0)
(0.000952383 -5.56256e-06 0)
(0.000952545 -5.58846e-06 0)
(0.000952735 -5.61697e-06 0)
(0.000952956 -5.64581e-06 0)
(0.000953203 -5.6751e-06 0)
(0.000953485 -5.70211e-06 0)
(0.000953792 -5.72777e-06 0)
(0.000954136 -5.74862e-06 0)
(0.000954502 -5.7666e-06 0)
(0.000954909 -5.77718e-06 0)
(0.000955331 -5.78359e-06 0)
(0.0009558 -5.78005e-06 0)
(0.000956273 -5.77133e-06 0)
(0.0009568 -5.7505e-06 0)
(0.000957315 -5.72392e-06 0)
(0.000957895 -5.68407e-06 0)
(0.000958439 -5.63855e-06 0)
(0.000959066 -5.58027e-06 0)
(0.000959625 -5.5169e-06 0)
(0.000960291 -5.44345e-06 0)
(0.00096085 -5.36554e-06 0)
(0.000961551 -5.28261e-06 0)
(0.000962093 -5.19528e-06 0)
(0.000962827 -5.11017e-06 0)
(0.000963334 -5.01971e-06 0)
(0.000964104 -4.94027e-06 0)
(0.00096456 -4.85342e-06 0)
(0.000965375 -4.78658e-06 0)
(0.000965762 -4.71002e-06 0)
(0.000966643 -4.66042e-06 0)
(0.000966939 -4.60083e-06 0)
(0.000967924 -4.56961e-06 0)
(0.000968096 -4.53453e-06 0)
(0.000969244 -4.51829e-06 0)
(0.0011149 -8.44139e-05 0)
(0.00111335 -8.19844e-05 0)
(0.00111181 -7.93424e-05 0)
(0.00111029 -7.65246e-05 0)
(0.00110878 -7.35659e-05 0)
(0.00110729 -7.04994e-05 0)
(0.00110583 -6.73558e-05 0)
(0.00110439 -6.41637e-05 0)
(0.00110297 -6.09493e-05 0)
(0.00110157 -5.77361e-05 0)
(0.0011002 -5.45454e-05 0)
(0.00109884 -5.13962e-05 0)
(0.00109751 -4.83053e-05 0)
(0.00109619 -4.5287e-05 0)
(0.00109489 -4.23536e-05 0)
(0.0010936 -3.9515e-05 0)
(0.00109232 -3.67798e-05 0)
(0.00109105 -3.4155e-05 0)
(0.00108979 -3.16464e-05 0)
(0.00108854 -2.92585e-05 0)
(0.00108729 -2.6994e-05 0)
(0.00108604 -2.48545e-05 0)
(0.00108479 -2.28401e-05 0)
(0.00108355 -2.09504e-05 0)
(0.0010823 -1.91845e-05 0)
(0.00108105 -1.75407e-05 0)
(0.0010798 -1.60165e-05 0)
(0.00107855 -1.4609e-05 0)
(0.0010773 -1.33147e-05 0)
(0.00107604 -1.213e-05 0)
(0.00107479 -1.10507e-05 0)
(0.00107354 -1.00726e-05 0)
(0.00107228 -9.1908e-06 0)
(0.00107103 -8.40027e-06 0)
(0.00106979 -7.69568e-06 0)
(0.00106855 -7.07187e-06 0)
(0.00106731 -6.52389e-06 0)
(0.00106609 -6.04686e-06 0)
(0.00106487 -5.63583e-06 0)
(0.00106367 -5.28591e-06 0)
(0.00106248 -4.99209e-06 0)
(0.00106131 -4.74981e-06 0)
(0.00106015 -4.5546e-06 0)
(0.00105901 -4.40225e-06 0)
(0.0010579 -4.28857e-06 0)
(0.0010568 -4.20979e-06 0)
(0.00105574 -4.16204e-06 0)
(0.00105469 -4.14204e-06 0)
(0.00105368 -4.14615e-06 0)
(0.00105269 -4.17162e-06 0)
(0.00105174 -4.21498e-06 0)
(0.00105082 -4.2741e-06 0)
(0.00104993 -4.34562e-06 0)
(0.00104908 -4.4284e-06 0)
(0.00104827 -4.5191e-06 0)
(0.00104749 -4.61759e-06 0)
(0.00104675 -4.7202e-06 0)
(0.00104604 -4.82809e-06 0)
(0.00104538 -4.93681e-06 0)
(0.00104476 -5.04879e-06 0)
(0.00104418 -5.15835e-06 0)
(0.00104364 -5.26927e-06 0)
(0.00104316 -5.37442e-06 0)
(0.00104271 -5.47885e-06 0)
(0.00104232 -5.57424e-06 0)
(0.00104195 -5.66631e-06 0)
(0.00104166 -5.74639e-06 0)
(0.00104137 -5.81969e-06 0)
(0.00104117 -5.87914e-06 0)
(0.00104096 -5.92757e-06 0)
(0.00104084 -5.96272e-06 0)
(0.00104069 -5.98208e-06 0)
(0.00104064 -5.99218e-06 0)
(0.00104054 -5.98106e-06 0)
(0.00104056 -5.96846e-06 0)
(0.00104049 -5.928e-06 0)
(0.00104057 -5.89729e-06 0)
(0.00104053 -5.8306e-06 0)
(0.00104065 -5.78823e-06 0)
(0.00104062 -5.70095e-06 0)
(0.00104079 -5.65593e-06 0)
(0.00104077 -5.55739e-06 0)
(0.00104098 -5.52142e-06 0)
(0.00104096 -5.42459e-06 0)
(0.0010412 -5.40996e-06 0)
(0.00104118 -5.32974e-06 0)
(0.00104146 -5.34481e-06 0)
(0.00104145 -5.29643e-06 0)
(0.00104178 -5.34059e-06 0)
(0.00121901 -7.56367e-05 0)
(0.00121427 -7.3396e-05 0)
(0.00120968 -7.0963e-05 0)
(0.00120526 -6.837e-05 0)
(0.00120099 -6.56483e-05 0)
(0.00119689 -6.28271e-05 0)
(0.00119295 -5.99341e-05 0)
(0.00118917 -5.69945e-05 0)
(0.00118555 -5.40316e-05 0)
(0.00118207 -5.10663e-05 0)
(0.00117875 -4.81178e-05 0)
(0.00117556 -4.52027e-05 0)
(0.00117251 -4.23361e-05 0)
(0.00116958 -3.95314e-05 0)
(0.00116677 -3.68004e-05 0)
(0.00116407 -3.4153e-05 0)
(0.00116147 -3.15977e-05 0)
(0.00115897 -2.91406e-05 0)
(0.00115655 -2.67865e-05 0)
(0.00115421 -2.45395e-05 0)
(0.00115194 -2.24034e-05 0)
(0.00114974 -2.03809e-05 0)
(0.00114759 -1.84735e-05 0)
(0.0011455 -1.66814e-05 0)
(0.00114346 -1.5004e-05 0)
(0.00114146 -1.34403e-05 0)
(0.0011395 -1.19886e-05 0)
(0.00113758 -1.06469e-05 0)
(0.00113568 -9.41214e-06 0)
(0.00113381 -8.28112e-06 0)
(0.00113197 -7.25073e-06 0)
(0.00113015 -6.31725e-06 0)
(0.00112835 -5.47784e-06 0)
(0.00112657 -4.72831e-06 0)
(0.00112481 -4.06366e-06 0)
(0.00112307 -3.47918e-06 0)
(0.00112135 -2.97038e-06 0)
(0.00111964 -2.53286e-06 0)
(0.00111795 -2.16215e-06 0)
(0.00111627 -1.8538e-06 0)
(0.00111462 -1.60348e-06 0)
(0.00111298 -1.40684e-06 0)
(0.00111136 -1.25948e-06 0)
(0.00110975 -1.15756e-06 0)
(0.00110817 -1.09702e-06 0)
(0.00110661 -1.07451e-06 0)
(0.00110508 -1.08618e-06 0)
(0.00110356 -1.12922e-06 0)
(0.00110207 -1.19973e-06 0)
(0.00110061 -1.29527e-06 0)
(0.00109918 -1.41159e-06 0)
(0.00109777 -1.54698e-06 0)
(0.0010964 -1.69684e-06 0)
(0.00109506 -1.86072e-06 0)
(0.00109375 -2.03383e-06 0)
(0.00109247 -2.21792e-06 0)
(0.00109124 -2.40789e-06 0)
(0.00109003 -2.60764e-06 0)
(0.00108887 -2.811e-06 0)
(0.00108774 -3.02325e-06 0)
(0.00108666 -3.23641e-06 0)
(0.00108561 -3.45602e-06 0)
(0.00108463 -3.67235e-06 0)
(0.00108368 -3.88993e-06 0)
(0.0010828 -4.0989e-06 0)
(0.00108194 -4.30144e-06 0)
(0.00108118 -4.49163e-06 0)
(0.00108042 -4.66621e-06 0)
(0.00107977 -4.82694e-06 0)
(0.0010791 -4.96142e-06 0)
(0.00107855 -5.08517e-06 0)
(0.00107797 -5.17199e-06 0)
(0.0010775 -5.25726e-06 0)
(0.00107698 -5.29534e-06 0)
(0.00107658 -5.34726e-06 0)
(0.0010761 -5.34132e-06 0)
(0.00107576 -5.36972e-06 0)
(0.00107532 -5.32736e-06 0)
(0.00107502 -5.34374e-06 0)
(0.00107461 -5.27312e-06 0)
(0.00107436 -5.28934e-06 0)
(0.00107399 -5.1996e-06 0)
(0.00107377 -5.22857e-06 0)
(0.00107344 -5.13214e-06 0)
(0.00107325 -5.18768e-06 0)
(0.001073 -5.10155e-06 0)
(0.00107282 -5.19499e-06 0)
(0.00107267 -5.14021e-06 0)
(0.00107248 -5.27474e-06 0)
(0.00125811 -6.29885e-05 0)
(0.00125306 -6.11563e-05 0)
(0.00124818 -5.91504e-05 0)
(0.00124348 -5.6997e-05 0)
(0.00123896 -5.47215e-05 0)
(0.00123462 -5.2348e-05 0)
(0.00123046 -4.98992e-05 0)
(0.00122646 -4.73962e-05 0)
(0.00122263 -4.48587e-05 0)
(0.00121895 -4.23051e-05 0)
(0.00121542 -3.97518e-05 0)
(0.00121203 -3.72142e-05 0)
(0.00120877 -3.47057e-05 0)
(0.00120563 -3.22381e-05 0)
(0.00120261 -2.98226e-05 0)
(0.00119969 -2.74688e-05 0)
(0.00119686 -2.5186e-05 0)
(0.00119413 -2.29826e-05 0)
(0.00119149 -2.08638e-05 0)
(0.00118891 -1.88332e-05 0)
(0.0011864 -1.68943e-05 0)
(0.00118395 -1.505e-05 0)
(0.00118156 -1.33025e-05 0)
(0.00117921 -1.16554e-05 0)
(0.00117691 -1.01107e-05 0)
(0.00117464 -8.66674e-06 0)
(0.00117241 -7.32358e-06 0)
(0.00117022 -6.08032e-06 0)
(0.00116805 -4.93517e-06 0)
(0.00116591 -3.88523e-06 0)
(0.00116379 -2.92773e-06 0)
(0.00116169 -2.06026e-06 0)
(0.00115961 -1.27889e-06 0)
(0.00115754 -5.806e-07 0)
(0.0011555 3.71687e-08 0)
(0.00115347 5.77537e-07 0)
(0.00115145 1.04431e-06 0)
(0.00114945 1.44142e-06 0)
(0.00114746 1.77285e-06 0)
(0.00114548 2.04238e-06 0)
(0.00114352 2.2538e-06 0)
(0.00114157 2.41094e-06 0)
(0.00113964 2.51805e-06 0)
(0.00113772 2.57876e-06 0)
(0.00113581 2.59719e-06 0)
(0.00113392 2.57627e-06 0)
(0.00113205 2.5198e-06 0)
(0.0011302 2.42989e-06 0)
(0.00112837 2.31043e-06 0)
(0.00112655 2.16283e-06 0)
(0.00112476 1.99178e-06 0)
(0.00112299 1.798e-06 0)
(0.00112125 1.5874e-06 0)
(0.00111953 1.35948e-06 0)
(0.00111784 1.12112e-06 0)
(0.00111617 8.69041e-07 0)
(0.00111454 6.10473e-07 0)
(0.00111293 3.3886e-07 0)
(0.00111136 6.18577e-08 0)
(0.00110981 -2.29408e-07 0)
(0.00110831 -5.26116e-07 0)
(0.00110683 -8.36769e-07 0)
(0.0011054 -1.15137e-06 0)
(0.00110399 -1.47467e-06 0)
(0.00110266 -1.7978e-06 0)
(0.00110133 -2.1178e-06 0)
(0.0011001 -2.43141e-06 0)
(0.00109887 -2.7245e-06 0)
(0.00109775 -3.00754e-06 0)
(0.00109662 -3.25053e-06 0)
(0.00109561 -3.48553e-06 0)
(0.00109457 -3.66157e-06 0)
(0.00109367 -3.84056e-06 0)
(0.00109271 -3.94423e-06 0)
(0.00109189 -4.07192e-06 0)
(0.00109099 -4.1096e-06 0)
(0.00109024 -4.20185e-06 0)
(0.00108939 -4.18717e-06 0)
(0.0010887 -4.26556e-06 0)
(0.00108789 -4.21403e-06 0)
(0.00108725 -4.30274e-06 0)
(0.0010865 -4.22901e-06 0)
(0.0010859 -4.3507e-06 0)
(0.00108524 -4.26839e-06 0)
(0.00108467 -4.44341e-06 0)
(0.00108415 -4.36789e-06 0)
(0.00108358 -4.61167e-06 0)
(0.00108327 -4.56208e-06 0)
(0.00108264 -4.88075e-06 0)
(0.00130365 -5.28997e-05 0)
(0.00129943 -5.13899e-05 0)
(0.00129531 -4.97104e-05 0)
(0.00129131 -4.78831e-05 0)
(0.00128741 -4.59296e-05 0)
(0.00128362 -4.38702e-05 0)
(0.00127992 -4.1725e-05 0)
(0.00127633 -3.95129e-05 0)
(0.00127283 -3.72516e-05 0)
(0.00126942 -3.49586e-05 0)
(0.00126609 -3.265e-05 0)
(0.00126283 -3.034e-05 0)
(0.00125966 -2.80436e-05 0)
(0.00125655 -2.57734e-05 0)
(0.0012535 -2.35391e-05 0)
(0.0012505 -2.13513e-05 0)
(0.00124755 -1.92172e-05 0)
(0.00124465 -1.7144e-05 0)
(0.00124179 -1.5142e-05 0)
(0.00123897 -1.32187e-05 0)
(0.00123619 -1.13817e-05 0)
(0.00123344 -9.63206e-06 0)
(0.00123071 -7.9668e-06 0)
(0.00122801 -6.39041e-06 0)
(0.00122532 -4.9075e-06 0)
(0.00122265 -3.52003e-06 0)
(0.00122 -2.22624e-06 0)
(0.00121737 -1.02509e-06 0)
(0.00121476 8.29121e-08 0)
(0.00121216 1.0987e-06 0)
(0.00120957 2.02444e-06 0)
(0.001207 2.86246e-06 0)
(0.00120444 3.6164e-06 0)
(0.00120189 4.28875e-06 0)
(0.00119935 4.88152e-06 0)
(0.00119682 5.39735e-06 0)
(0.0011943 5.83969e-06 0)
(0.00119179 6.21214e-06 0)
(0.00118929 6.51849e-06 0)
(0.0011868 6.76217e-06 0)
(0.00118433 6.94716e-06 0)
(0.00118187 7.07677e-06 0)
(0.00117942 7.15501e-06 0)
(0.00117698 7.18511e-06 0)
(0.00117456 7.17129e-06 0)
(0.00117215 7.1162e-06 0)
(0.00116975 7.02415e-06 0)
(0.00116738 6.89684e-06 0)
(0.00116501 6.73881e-06 0)
(0.00116267 6.55034e-06 0)
(0.00116034 6.33678e-06 0)
(0.00115803 6.09706e-06 0)
(0.00115575 5.83827e-06 0)
(0.00115348 5.5577e-06 0)
(0.00115123 5.26463e-06 0)
(0.00114901 4.95403e-06 0)
(0.00114681 4.63675e-06 0)
(0.00114463 4.3041e-06 0)
(0.00114249 3.96726e-06 0)
(0.00114036 3.61406e-06 0)
(0.00113827 3.2554e-06 0)
(0.00113618 2.87876e-06 0)
(0.00113415 2.49425e-06 0)
(0.00113211 2.09453e-06 0)
(0.00113013 1.68652e-06 0)
(0.00112815 1.27501e-06 0)
(0.00112624 8.58974e-07 0)
(0.00112432 4.61267e-07 0)
(0.00112249 6.28878e-08 0)
(0.00112065 -2.89221e-07 0)
(0.00111892 -6.42793e-07 0)
(0.00111716 -9.20706e-07 0)
(0.00111554 -1.21119e-06 0)
(0.00111387 -1.39937e-06 0)
(0.00111235 -1.62598e-06 0)
(0.00111077 -1.72698e-06 0)
(0.00110935 -1.90888e-06 0)
(0.00110786 -1.94023e-06 0)
(0.00110651 -2.11112e-06 0)
(0.00110512 -2.09567e-06 0)
(0.00110383 -2.29367e-06 0)
(0.00110256 -2.25175e-06 0)
(0.00110131 -2.51425e-06 0)
(0.00110021 -2.46172e-06 0)
(0.00109897 -2.82046e-06 0)
(0.0010981 -2.77014e-06 0)
(0.00109681 -3.24771e-06 0)
(0.0010963 -3.21338e-06 0)
(0.00109487 -3.81932e-06 0)
(0.00137548 -4.44359e-05 0)
(0.00137152 -4.3095e-05 0)
(0.00136759 -4.15827e-05 0)
(0.00136372 -3.99187e-05 0)
(0.00135989 -3.81224e-05 0)
(0.00135612 -3.62134e-05 0)
(0.00135239 -3.42101e-05 0)
(0.00134872 -3.2131e-05 0)
(0.00134509 -2.9994e-05 0)
(0.00134151 -2.78151e-05 0)
(0.00133797 -2.56106e-05 0)
(0.00133447 -2.3396e-05 0)
(0.00133101 -2.11832e-05 0)
(0.00132759 -1.89869e-05 0)
(0.0013242 -1.68198e-05 0)
(0.00132086 -1.46911e-05 0)
(0.00131754 -1.26162e-05 0)
(0.00131426 -1.0597e-05 0)
(0.00131099 -8.63128e-06 0)
(0.00130774 -6.73536e-06 0)
(0.0013045 -4.91861e-06 0)
(0.00130131 -3.18545e-06 0)
(0.00129815 -1.54412e-06 0)
(0.00129499 5.35372e-09 0)
(0.00129184 1.46553e-06 0)
(0.00128871 2.83412e-06 0)
(0.0012856 4.11043e-06 0)
(0.00128251 5.29439e-06 0)
(0.00127942 6.38646e-06 0)
(0.00127635 7.38724e-06 0)
(0.00127329 8.29789e-06 0)
(0.00127025 9.12079e-06 0)
(0.00126722 9.85757e-06 0)
(0.00126419 1.05108e-05 0)
(0.00126118 1.10837e-05 0)
(0.00125818 1.15797e-05 0)
(0.00125519 1.20021e-05 0)
(0.00125221 1.23541e-05 0)
(0.00124924 1.26395e-05 0)
(0.00124629 1.28615e-05 0)
(0.00124334 1.30241e-05 0)
(0.00124041 1.31304e-05 0)
(0.00123749 1.31844e-05 0)
(0.00123458 1.31888e-05 0)
(0.00123168 1.31477e-05 0)
(0.00122879 1.30634e-05 0)
(0.00122592 1.29406e-05 0)
(0.00122305 1.27803e-05 0)
(0.00122021 1.25882e-05 0)
(0.00121737 1.23639e-05 0)
(0.00121455 1.21142e-05 0)
(0.00121174 1.18364e-05 0)
(0.00120894 1.15393e-05 0)
(0.00120616 1.12172e-05 0)
(0.00120339 1.08814e-05 0)
(0.00120063 1.05234e-05 0)
(0.00119789 1.01573e-05 0)
(0.00119517 9.77177e-06 0)
(0.00119246 9.3829e-06 0)
(0.00118977 8.97709e-06 0)
(0.0011871 8.56958e-06 0)
(0.00118444 8.14671e-06 0)
(0.0011818 7.71953e-06 0)
(0.00117916 7.27998e-06 0)
(0.00117655 6.83102e-06 0)
(0.00117393 6.37855e-06 0)
(0.00117134 5.91067e-06 0)
(0.00116874 5.45761e-06 0)
(0.00116619 4.98464e-06 0)
(0.00116362 4.55595e-06 0)
(0.00116111 4.10131e-06 0)
(0.00115859 3.72789e-06 0)
(0.00115615 3.31465e-06 0)
(0.00115371 3.02201e-06 0)
(0.00115134 2.66005e-06 0)
(0.001149 2.45812e-06 0)
(0.00114672 2.13529e-06 0)
(0.00114452 2.01509e-06 0)
(0.00114231 1.69637e-06 0)
(0.00114027 1.63645e-06 0)
(0.00113813 1.27454e-06 0)
(0.00113629 1.25258e-06 0)
(0.00113418 7.9765e-07 0)
(0.00113261 7.96843e-07 0)
(0.00113046 2.0525e-07 0)
(0.00112927 2.14665e-07 0)
(0.00112699 -5.45867e-07 0)
(0.0011263 -5.35484e-07 0)
(0.00112375 -1.48101e-06 0)
(0.00143257 -3.56757e-05 0)
(0.00142822 -3.44044e-05 0)
(0.00142391 -3.29658e-05 0)
(0.00141964 -3.13785e-05 0)
(0.00141541 -2.96609e-05 0)
(0.00141124 -2.78313e-05 0)
(0.00140713 -2.59084e-05 0)
(0.00140306 -2.39096e-05 0)
(0.00139906 -2.18514e-05 0)
(0.00139512 -1.97517e-05 0)
(0.00139123 -1.76242e-05 0)
(0.0013874 -1.54824e-05 0)
(0.00138364 -1.33441e-05 0)
(0.00137993 -1.12158e-05 0)
(0.00137628 -9.10476e-06 0)
(0.00137268 -7.03015e-06 0)
(0.00136913 -5.00171e-06 0)
(0.00136566 -3.03237e-06 0)
(0.00136225 -1.13376e-06 0)
(0.00135887 6.92964e-07 0)
(0.00135553 2.44888e-06 0)
(0.00135222 4.12678e-06 0)
(0.00134895 5.71573e-06 0)
(0.00134573 7.21583e-06 0)
(0.00134256 8.62899e-06 0)
(0.00133942 9.95467e-06 0)
(0.00133632 1.11894e-05 0)
(0.00133325 1.23325e-05 0)
(0.0013302 1.33856e-05 0)
(0.00132719 1.435e-05 0)
(0.00132421 1.52269e-05 0)
(0.00132125 1.60178e-05 0)
(0.00131831 1.67247e-05 0)
(0.00131539 1.73504e-05 0)
(0.0013125 1.78979e-05 0)
(0.00130962 1.83703e-05 0)
(0.00130676 1.87706e-05 0)
(0.00130391 1.9102e-05 0)
(0.00130108 1.93679e-05 0)
(0.00129826 1.95713e-05 0)
(0.00129545 1.9716e-05 0)
(0.00129265 1.98049e-05 0)
(0.00128986 1.98421e-05 0)
(0.00128707 1.98298e-05 0)
(0.0012843 1.97727e-05 0)
(0.00128153 1.96723e-05 0)
(0.00127876 1.9534e-05 0)
(0.001276 1.93577e-05 0)
(0.00127325 1.91502e-05 0)
(0.0012705 1.89094e-05 0)
(0.00126774 1.8644e-05 0)
(0.001265 1.83491e-05 0)
(0.00126225 1.80359e-05 0)
(0.00125951 1.76965e-05 0)
(0.00125676 1.73446e-05 0)
(0.00125402 1.6969e-05 0)
(0.00125127 1.65859e-05 0)
(0.00124853 1.61816e-05 0)
(0.00124579 1.57735e-05 0)
(0.00124305 1.53472e-05 0)
(0.00124029 1.49187e-05 0)
(0.00123755 1.44768e-05 0)
(0.0012348 1.40312e-05 0)
(0.00123205 1.35795e-05 0)
(0.00122929 1.31181e-05 0)
(0.00122654 1.26622e-05 0)
(0.00122376 1.21865e-05 0)
(0.001221 1.17342e-05 0)
(0.0012182 1.12485e-05 0)
(0.00121543 1.0813e-05 0)
(0.00121261 1.03259e-05 0)
(0.00120984 9.92457e-06 0)
(0.00120702 9.44565e-06 0)
(0.00120429 9.09643e-06 0)
(0.00120147 8.62928e-06 0)
(0.00119882 8.34356e-06 0)
(0.00119602 7.87738e-06 0)
(0.0011935 7.65474e-06 0)
(0.00119073 7.16082e-06 0)
(0.0011884 6.98933e-06 0)
(0.00118564 6.4237e-06 0)
(0.00118356 6.28699e-06 0)
(0.00118078 5.60308e-06 0)
(0.00117902 5.4913e-06 0)
(0.00117615 4.65063e-06 0)
(0.00117483 4.56496e-06 0)
(0.00117175 3.54131e-06 0)
(0.001171 3.49193e-06 0)
(0.00116753 2.26867e-06 0)
(0.00142052 -2.56546e-05 0)
(0.0014159 -2.44608e-05 0)
(0.00141133 -2.31164e-05 0)
(0.00140684 -2.16389e-05 0)
(0.00140243 -2.00448e-05 0)
(0.00139811 -1.83502e-05 0)
(0.00139387 -1.65715e-05 0)
(0.00138974 -1.47238e-05 0)
(0.00138571 -1.28224e-05 0)
(0.00138178 -1.0883e-05 0)
(0.00137796 -8.9187e-06 0)
(0.00137425 -6.94321e-06 0)
(0.00137064 -4.96792e-06 0)
(0.00136718 -3.00564e-06 0)
(0.00136381 -1.07301e-06 0)
(0.00136053 8.21073e-07 0)
(0.00135736 2.6761e-06 0)
(0.00135427 4.47733e-06 0)
(0.00135127 6.20813e-06 0)
(0.00134839 7.87322e-06 0)
(0.00134562 9.47161e-06 0)
(0.00134292 1.09973e-05 0)
(0.00134031 1.24503e-05 0)
(0.00133779 1.38271e-05 0)
(0.00133536 1.5123e-05 0)
(0.00133299 1.6336e-05 0)
(0.00133069 1.74655e-05 0)
(0.00132845 1.85118e-05 0)
(0.00132628 1.94751e-05 0)
(0.00132416 2.03564e-05 0)
(0.00132209 2.11569e-05 0)
(0.00132007 2.18779e-05 0)
(0.00131809 2.25217e-05 0)
(0.00131616 2.30904e-05 0)
(0.00131425 2.35868e-05 0)
(0.00131238 2.40135e-05 0)
(0.00131053 2.43735e-05 0)
(0.00130871 2.46696e-05 0)
(0.00130691 2.4905e-05 0)
(0.00130513 2.50826e-05 0)
(0.00130336 2.52059e-05 0)
(0.0013016 2.52775e-05 0)
(0.00129984 2.53015e-05 0)
(0.0012981 2.52797e-05 0)
(0.00129635 2.52168e-05 0)
(0.00129461 2.51137e-05 0)
(0.00129286 2.49759e-05 0)
(0.00129112 2.48028e-05 0)
(0.00128936 2.46014e-05 0)
(0.0012876 2.43689e-05 0)
(0.00128582 2.4114e-05 0)
(0.00128404 2.38317e-05 0)
(0.00128224 2.35329e-05 0)
(0.00128044 2.32095e-05 0)
(0.00127861 2.28752e-05 0)
(0.00127677 2.2519e-05 0)
(0.00127491 2.21563e-05 0)
(0.00127304 2.17746e-05 0)
(0.00127113 2.13892e-05 0)
(0.00126923 2.09888e-05 0)
(0.00126727 2.05849e-05 0)
(0.00126533 2.01719e-05 0)
(0.00126332 1.97528e-05 0)
(0.00126135 1.93335e-05 0)
(0.00125928 1.89014e-05 0)
(0.00125727 1.84825e-05 0)
(0.00125514 1.8039e-05 0)
(0.00125309 1.76274e-05 0)
(0.00125089 1.7174e-05 0)
(0.0012488 1.67782e-05 0)
(0.00124654 1.63158e-05 0)
(0.00124443 1.59448e-05 0)
(0.0012421 1.5472e-05 0)
(0.00124 1.51336e-05 0)
(0.0012376 1.46425e-05 0)
(0.00123553 1.43392e-05 0)
(0.00123308 1.38117e-05 0)
(0.00123109 1.3539e-05 0)
(0.00122858 1.29454e-05 0)
(0.00122673 1.26937e-05 0)
(0.00122415 1.19966e-05 0)
(0.0012225 1.17577e-05 0)
(0.00121982 1.09187e-05 0)
(0.00121843 1.06949e-05 0)
(0.0012156 9.68196e-06 0)
(0.00121455 9.49205e-06 0)
(0.00121147 8.28386e-06 0)
(0.00121087 8.1644e-06 0)
(0.00120738 6.75107e-06 0)
(0.00131364 -1.53835e-05 0)
(0.00130928 -1.43365e-05 0)
(0.00130502 -1.31673e-05 0)
(0.00130087 -1.18888e-05 0)
(0.00129683 -1.05164e-05 0)
(0.00129294 -9.06719e-06 0)
(0.00128918 -7.55095e-06 0)
(0.00128558 -5.98148e-06 0)
(0.00128213 -4.37111e-06 0)
(0.00127883 -2.72967e-06 0)
(0.0012757 -1.07244e-06 0)
(0.00127274 5.8923e-07 0)
(0.00126994 2.24962e-06 0)
(0.00126729 3.8906e-06 0)
(0.00126479 5.49992e-06 0)
(0.00126247 7.08025e-06 0)
(0.00126031 8.62284e-06 0)
(0.00125831 1.01245e-05 0)
(0.00125647 1.15866e-05 0)
(0.00125478 1.29983e-05 0)
(0.00125324 1.43506e-05 0)
(0.00125183 1.5641e-05 0)
(0.00125055 1.68679e-05 0)
(0.00124941 1.80276e-05 0)
(0.00124838 1.91165e-05 0)
(0.00124747 2.01339e-05 0)
(0.00124666 2.10803e-05 0)
(0.00124595 2.19556e-05 0)
(0.00124534 2.27598e-05 0)
(0.00124482 2.34935e-05 0)
(0.00124437 2.4158e-05 0)
(0.001244 2.47548e-05 0)
(0.00124369 2.52857e-05 0)
(0.00124345 2.57527e-05 0)
(0.00124326 2.61581e-05 0)
(0.00124312 2.65043e-05 0)
(0.00124302 2.67939e-05 0)
(0.00124295 2.70296e-05 0)
(0.00124292 2.72142e-05 0)
(0.00124292 2.73503e-05 0)
(0.00124293 2.74409e-05 0)
(0.00124296 2.74885e-05 0)
(0.001243 2.74963e-05 0)
(0.00124305 2.74661e-05 0)
(0.0012431 2.74018e-05 0)
(0.00124315 2.73043e-05 0)
(0.0012432 2.71781e-05 0)
(0.00124323 2.70231e-05 0)
(0.00124326 2.68448e-05 0)
(0.00124327 2.66413e-05 0)
(0.00124326 2.64196e-05 0)
(0.00124323 2.61762e-05 0)
(0.00124317 2.59194e-05 0)
(0.0012431 2.56437e-05 0)
(0.00124299 2.5359e-05 0)
(0.00124287 2.50581e-05 0)
(0.00124269 2.47514e-05 0)
(0.00124251 2.44315e-05 0)
(0.00124226 2.41078e-05 0)
(0.00124201 2.37746e-05 0)
(0.00124168 2.34375e-05 0)
(0.00124137 2.30966e-05 0)
(0.00124095 2.27489e-05 0)
(0.00124057 2.24056e-05 0)
(0.00124006 2.20491e-05 0)
(0.00123961 2.17084e-05 0)
(0.001239 2.13432e-05 0)
(0.00123849 2.101e-05 0)
(0.00123777 2.06348e-05 0)
(0.00123719 2.03139e-05 0)
(0.00123637 1.99251e-05 0)
(0.00123574 1.96203e-05 0)
(0.00123481 1.92104e-05 0)
(0.00123415 1.8923e-05 0)
(0.0012331 1.84781e-05 0)
(0.00123243 1.82048e-05 0)
(0.00123127 1.77034e-05 0)
(0.00123062 1.74367e-05 0)
(0.00122935 1.68503e-05 0)
(0.00122874 1.65821e-05 0)
(0.00122735 1.58797e-05 0)
(0.00122682 1.56081e-05 0)
(0.00122528 1.47612e-05 0)
(0.00122484 1.44977e-05 0)
(0.00122313 1.3484e-05 0)
(0.0012228 1.32581e-05 0)
(0.00122086 1.20629e-05 0)
(0.00122068 1.19207e-05 0)
(0.00121844 1.05364e-05 0)
(0.00112209 -6.29567e-06 0)
(0.00111865 -5.47876e-06 0)
(0.00111534 -4.57489e-06 0)
(0.00111217 -3.59633e-06 0)
(0.00110915 -2.55287e-06 0)
(0.00110629 -1.45036e-06 0)
(0.00110362 -3.00374e-07 0)
(0.00110114 8.8715e-07 0)
(0.00109886 2.10163e-06 0)
(0.00109677 3.33361e-06 0)
(0.00109489 4.5766e-06 0)
(0.00109322 5.8208e-06 0)
(0.00109174 7.05376e-06 0)
(0.00109048 8.27545e-06 0)
(0.00108944 9.48748e-06 0)
(0.00108861 1.06779e-05 0)
(0.00108797 1.18385e-05 0)
(0.00108754 1.29671e-05 0)
(0.0010873 1.40582e-05 0)
(0.00108724 1.51043e-05 0)
(0.00108737 1.61018e-05 0)
(0.00108767 1.70496e-05 0)
(0.00108814 1.79459e-05 0)
(0.00108877 1.87886e-05 0)
(0.00108955 1.95765e-05 0)
(0.00109049 2.03094e-05 0)
(0.00109156 2.09873e-05 0)
(0.00109276 2.16103e-05 0)
(0.00109408 2.21785e-05 0)
(0.00109551 2.26929e-05 0)
(0.00109705 2.31544e-05 0)
(0.00109869 2.35646e-05 0)
(0.00110042 2.39249e-05 0)
(0.00110222 2.42371e-05 0)
(0.0011041 2.4503e-05 0)
(0.00110605 2.47249e-05 0)
(0.00110805 2.49048e-05 0)
(0.0011101 2.50449e-05 0)
(0.00111219 2.51476e-05 0)
(0.00111433 2.5215e-05 0)
(0.00111649 2.52496e-05 0)
(0.00111867 2.52534e-05 0)
(0.00112088 2.52288e-05 0)
(0.00112309 2.51777e-05 0)
(0.00112531 2.51026e-05 0)
(0.00112753 2.50049e-05 0)
(0.00112975 2.48875e-05 0)
(0.00113196 2.4751e-05 0)
(0.00113416 2.45988e-05 0)
(0.00113634 2.44308e-05 0)
(0.0011385 2.42508e-05 0)
(0.00114064 2.40579e-05 0)
(0.00114275 2.38564e-05 0)
(0.00114483 2.36444e-05 0)
(0.00114687 2.34266e-05 0)
(0.00114889 2.32006e-05 0)
(0.00115085 2.29709e-05 0)
(0.0011528 2.27354e-05 0)
(0.00115467 2.24971e-05 0)
(0.00115654 2.22559e-05 0)
(0.00115832 2.20116e-05 0)
(0.00116009 2.17682e-05 0)
(0.00116177 2.15193e-05 0)
(0.00116346 2.12769e-05 0)
(0.00116503 2.1024e-05 0)
(0.00116663 2.07856e-05 0)
(0.00116808 2.0528e-05 0)
(0.00116959 2.0296e-05 0)
(0.00117092 2.0031e-05 0)
(0.00117235 1.98073e-05 0)
(0.00117355 1.95287e-05 0)
(0.0011749 1.93133e-05 0)
(0.00117598 1.90107e-05 0)
(0.00117726 1.88008e-05 0)
(0.00117821 1.84584e-05 0)
(0.00117942 1.82488e-05 0)
(0.00118025 1.78466e-05 0)
(0.00118139 1.76306e-05 0)
(0.00118209 1.71475e-05 0)
(0.00118315 1.6921e-05 0)
(0.00118373 1.63379e-05 0)
(0.00118468 1.61045e-05 0)
(0.00118513 1.54069e-05 0)
(0.00118594 1.5181e-05 0)
(0.00118627 1.4359e-05 0)
(0.0011869 1.41677e-05 0)
(0.00118713 1.32126e-05 0)
(0.00118749 1.30945e-05 0)
(0.0011877 1.19966e-05 0)
(0.000887762 -9.60859e-09 0)
(0.000886121 5.15644e-07 0)
(0.000884617 1.09152e-06 0)
(0.000883265 1.71325e-06 0)
(0.000882086 2.37566e-06 0)
(0.000881081 3.07367e-06 0)
(0.000880253 3.79729e-06 0)
(0.000879616 4.53995e-06 0)
(0.000879179 5.29641e-06 0)
(0.000878947 6.06054e-06 0)
(0.000878925 6.82661e-06 0)
(0.000879117 7.59134e-06 0)
(0.000879526 8.35246e-06 0)
(0.00088015 9.10487e-06 0)
(0.000880988 9.84106e-06 0)
(0.000882039 1.05558e-05 0)
(0.000883301 1.12461e-05 0)
(0.000884769 1.1909e-05 0)
(0.000886441 1.25423e-05 0)
(0.000888313 1.31444e-05 0)
(0.000890377 1.37134e-05 0)
(0.000892628 1.4248e-05 0)
(0.000895058 1.4747e-05 0)
(0.00089766 1.521e-05 0)
(0.000900426 1.56365e-05 0)
(0.000903349 1.60262e-05 0)
(0.00090642 1.63793e-05 0)
(0.000909631 1.66962e-05 0)
(0.000912973 1.69776e-05 0)
(0.000916437 1.72245e-05 0)
(0.000920016 1.74378e-05 0)
(0.0009237 1.7619e-05 0)
(0.00092748 1.77693e-05 0)
(0.000931348 1.78904e-05 0)
(0.000935296 1.79837e-05 0)
(0.000939316 1.80511e-05 0)
(0.000943398 1.80941e-05 0)
(0.000947536 1.81147e-05 0)
(0.000951722 1.81146e-05 0)
(0.000955948 1.80955e-05 0)
(0.000960208 1.80595e-05 0)
(0.000964493 1.80082e-05 0)
(0.000968798 1.79427e-05 0)
(0.000973116 1.78646e-05 0)
(0.000977442 1.77751e-05 0)
(0.000981768 1.76756e-05 0)
(0.000986091 1.75676e-05 0)
(0.000990405 1.74519e-05 0)
(0.000994705 1.73303e-05 0)
(0.000998986 1.72031e-05 0)
(0.00100324 1.70721e-05 0)
(0.00100748 1.69374e-05 0)
(0.00101168 1.68006e-05 0)
(0.00101585 1.66615e-05 0)
(0.00101998 1.65218e-05 0)
(0.00102408 1.63812e-05 0)
(0.00102813 1.62409e-05 0)
(0.00103214 1.6101e-05 0)
(0.0010361 1.59615e-05 0)
(0.00104003 1.58242e-05 0)
(0.00104389 1.56864e-05 0)
(0.00104771 1.55529e-05 0)
(0.00105147 1.54169e-05 0)
(0.0010552 1.52882e-05 0)
(0.00105884 1.51533e-05 0)
(0.00106247 1.50297e-05 0)
(0.001066 1.4894e-05 0)
(0.00106953 1.47754e-05 0)
(0.00107295 1.46355e-05 0)
(0.00107637 1.45207e-05 0)
(0.00107968 1.43708e-05 0)
(0.00108299 1.42581e-05 0)
(0.00108618 1.40899e-05 0)
(0.00108939 1.39769e-05 0)
(0.00109247 1.37793e-05 0)
(0.00109554 1.36635e-05 0)
(0.00109852 1.34243e-05 0)
(0.00110143 1.3304e-05 0)
(0.00110432 1.30113e-05 0)
(0.00110702 1.28872e-05 0)
(0.00110984 1.2531e-05 0)
(0.00111228 1.24071e-05 0)
(0.00111506 1.19806e-05 0)
(0.00111714 1.18661e-05 0)
(0.00111997 1.1364e-05 0)
(0.00112156 1.12723e-05 0)
(0.00112454 1.06888e-05 0)
(0.00112547 1.06357e-05 0)
(0.00112881 9.96168e-06 0)
(0.000718326 1.11789e-06 0)
(0.000718486 1.39401e-06 0)
(0.000718748 1.68729e-06 0)
(0.00071913 1.99578e-06 0)
(0.000719646 2.31464e-06 0)
(0.000720308 2.63749e-06 0)
(0.000721129 2.96372e-06 0)
(0.000722118 3.29108e-06 0)
(0.000723283 3.61694e-06 0)
(0.000724631 3.93896e-06 0)
(0.000726166 4.25511e-06 0)
(0.000727893 4.56318e-06 0)
(0.000729816 4.86066e-06 0)
(0.000731938 5.1456e-06 0)
(0.000734259 5.41672e-06 0)
(0.00073678 5.67272e-06 0)
(0.0007395 5.91238e-06 0)
(0.000742415 6.13482e-06 0)
(0.000745524 6.3392e-06 0)
(0.000748822 6.52449e-06 0)
(0.000752304 6.68994e-06 0)
(0.000755966 6.83521e-06 0)
(0.000759801 6.96028e-06 0)
(0.000763803 7.06517e-06 0)
(0.000767966 7.15009e-06 0)
(0.000772282 7.21553e-06 0)
(0.000776743 7.26223e-06 0)
(0.000781341 7.29106e-06 0)
(0.000786067 7.30296e-06 0)
(0.000790914 7.299e-06 0)
(0.000795873 7.28036e-06 0)
(0.000800935 7.2483e-06 0)
(0.000806091 7.20409e-06 0)
(0.000811332 7.14908e-06 0)
(0.000816651 7.08459e-06 0)
(0.000822038 7.01196e-06 0)
(0.000827486 6.9325e-06 0)
(0.000832985 6.8475e-06 0)
(0.00083853 6.75814e-06 0)
(0.000844111 6.66556e-06 0)
(0.000849722 6.57066e-06 0)
(0.000855355 6.4744e-06 0)
(0.000861002 6.37807e-06 0)
(0.000866658 6.28263e-06 0)
(0.000872317 6.18888e-06 0)
(0.000877973 6.09753e-06 0)
(0.000883622 6.00918e-06 0)
(0.000889257 5.9243e-06 0)
(0.000894874 5.84338e-06 0)
(0.000900469 5.76665e-06 0)
(0.000906039 5.69448e-06 0)
(0.000911578 5.62692e-06 0)
(0.000917085 5.56424e-06 0)
(0.000922556 5.50633e-06 0)
(0.000927989 5.45333e-06 0)
(0.000933381 5.40505e-06 0)
(0.000938729 5.36143e-06 0)
(0.000944035 5.32239e-06 0)
(0.000949292 5.28741e-06 0)
(0.000954504 5.25695e-06 0)
(0.000959664 5.22957e-06 0)
(0.00096478 5.20678e-06 0)
(0.00096984 5.18561e-06 0)
(0.000974856 5.16944e-06 -3.22639e-40)
(0.000979815 5.15279e-06 0)
(0.000984729 5.14197e-06 3.46328e-40)
(0.000989587 5.12782e-06 0)
(0.000994396 5.12097e-06 3.60744e-40)
(0.000999156 5.10692e-06 0)
(0.00100386 5.10255e-06 -3.66747e-40)
(0.00100852 5.08564e-06 0)
(0.00101311 5.08224e-06 0)
(0.00101768 5.05886e-06 0)
(0.00102213 5.05501e-06 0)
(0.00102663 5.02083e-06 0)
(0.00103092 5.01536e-06 0)
(0.00103535 4.96559e-06 0)
(0.00103944 4.95773e-06 0)
(0.00104382 4.88755e-06 0)
(0.00104765 4.87711e-06 0)
(0.00105204 4.7824e-06 -2.64956e-40)
(0.0010555 4.77012e-06 0)
(0.00105997 4.64772e-06 0)
(0.00106294 4.63522e-06 0)
(0.00106761 4.4832e-06 0)
(0.0010699 4.47313e-06 0)
(0.00107497 4.28995e-06 0)
(0.0010763 4.28478e-06 0)
(0.00108206 4.0684e-06 0)
(0.000714115 -6.82676e-07 0)
(0.000714105 -5.56181e-07 0)
(0.000714205 -4.52482e-07 0)
(0.000714434 -3.71769e-07 0)
(0.000714805 -3.14082e-07 0)
(0.000715328 -2.777e-07 0)
(0.000716016 -2.61768e-07 0)
(0.00071688 -2.6574e-07 0)
(0.000717931 -2.87542e-07 0)
(0.000719178 -3.25568e-07 0)
(0.000720627 -3.8202e-07 0)
(0.000722283 -4.57248e-07 0)
(0.000724148 -5.50866e-07 0)
(0.000726225 -6.62242e-07 0)
(0.000728514 -7.90802e-07 0)
(0.000731016 -9.36392e-07 0)
(0.00073373 -1.09873e-06 0)
(0.000736654 -1.27703e-06 0)
(0.000739783 -1.47026e-06 0)
(0.000743114 -1.67709e-06 0)
(0.000746641 -1.89585e-06 0)
(0.000750357 -2.12486e-06 0)
(0.000754257 -2.36262e-06 0)
(0.000758333 -2.60763e-06 0)
(0.000762576 -2.8583e-06 0)
(0.000766978 -3.11306e-06 0)
(0.000771531 -3.37038e-06 0)
(0.000776225 -3.62878e-06 0)
(0.000781051 -3.8867e-06 0)
(0.000786 -4.1426e-06 0)
(0.000791061 -4.39503e-06 0)
(0.000796225 -4.64256e-06 0)
(0.000801482 -4.88386e-06 0)
(0.000806823 -5.11767e-06 0)
(0.000812238 -5.3428e-06 0)
(0.000817718 -5.55821e-06 0)
(0.000823254 -5.76293e-06 0)
(0.000828837 -5.95613e-06 0)
(0.000834459 -6.13709e-06 0)
(0.000840111 -6.30521e-06 0)
(0.000845784 -6.46005e-06 0)
(0.000851473 -6.60139e-06 0)
(0.000857171 -6.7291e-06 0)
(0.000862872 -6.84264e-06 0)
(0.000868568 -6.9419e-06 0)
(0.000874255 -7.0269e-06 0)
(0.000879926 -7.09779e-06 0)
(0.000885577 -7.15483e-06 0)
(0.000891204 -7.19832e-06 0)
(0.000896801 -7.22872e-06 0)
(0.000902366 -7.24644e-06 0)
(0.000907896 -7.25211e-06 0)
(0.000913386 -7.24622e-06 0)
(0.000918836 -7.22954e-06 0)
(0.000924242 -7.20259e-06 0)
(0.000929603 -7.16623e-06 0)
(0.000934918 -7.12107e-06 0)
(0.000940184 -7.06785e-06 0)
(0.000945402 -7.00743e-06 0)
(0.000950569 -6.94017e-06 0)
(0.000955689 -6.86746e-06 0)
(0.000960755 -6.78885e-06 0)
(0.000965774 -6.70673e-06 0)
(0.000970739 -6.61925e-06 0)
(0.000975659 -6.53043e-06 3.22639e-40)
(0.000980523 -6.43623e-06 0)
(0.000985343 -6.34314e-06 -3.46328e-40)
(0.00099011 -6.24392e-06 0)
(0.000994831 -6.1486e-06 -3.60744e-40)
(0.000999504 -6.04543e-06 0)
(0.00100412 -5.94951e-06 3.66747e-40)
(0.00100871 -5.84258e-06 0)
(0.00101322 -5.74728e-06 0)
(0.00101772 -5.63576e-06 0)
(0.0010221 -5.54204e-06 0)
(0.00102654 -5.42403e-06 0)
(0.00103077 -5.33273e-06 0)
(0.00103515 -5.20546e-06 0)
(0.00103919 -5.11759e-06 0)
(0.00104354 -4.97779e-06 0)
(0.00104732 -4.89473e-06 0)
(0.00105169 -4.73908e-06 2.64956e-40)
(0.00105511 -4.66301e-06 0)
(0.00105957 -4.48875e-06 0)
(0.00106251 -4.4233e-06 0)
(0.00106718 -4.22752e-06 0)
(0.00106944 -4.17769e-06 0)
(0.00107452 -3.95616e-06 0)
(0.00107584 -3.92808e-06 0)
(0.00108161 -3.6736e-06 0)
(0.000879672 1.05155e-06 0)
(0.000877602 8.60311e-07 0)
(0.000875706 6.12219e-07 0)
(0.000873998 3.11238e-07 0)
(0.000872499 -3.95501e-08 0)
(0.000871226 -4.35477e-07 0)
(0.00087019 -8.74138e-07 0)
(0.000869404 -1.35512e-06 0)
(0.000868876 -1.87742e-06 0)
(0.000868602 -2.43596e-06 0)
(0.00086858 -3.0211e-06 0)
(0.000868814 -3.62611e-06 0)
(0.000869308 -4.24573e-06 0)
(0.00087006 -4.88046e-06 0)
(0.00087107 -5.53064e-06 0)
(0.000872332 -6.19233e-06 0)
(0.000873841 -6.85921e-06 0)
(0.000875592 -7.52616e-06 0)
(0.000877579 -8.19056e-06 0)
(0.000879793 -8.85085e-06 0)
(0.000882226 -9.50493e-06 0)
(0.000884868 -1.01502e-05 0)
(0.000887708 -1.07842e-05 0)
(0.000890736 -1.1405e-05 0)
(0.000893941 -1.20102e-05 0)
(0.00089731 -1.25976e-05 0)
(0.000900831 -1.31648e-05 0)
(0.000904494 -1.37101e-05 0)
(0.000908286 -1.42317e-05 0)
(0.000912195 -1.4728e-05 0)
(0.00091621 -1.51975e-05 0)
(0.000920318 -1.56391e-05 0)
(0.000924509 -1.60518e-05 0)
(0.000928771 -1.64348e-05 0)
(0.000933094 -1.67875e-05 0)
(0.000937468 -1.71095e-05 0)
(0.000941881 -1.74007e-05 0)
(0.000946326 -1.7661e-05 0)
(0.000950793 -1.78906e-05 0)
(0.000955273 -1.80897e-05 0)
(0.000959759 -1.82588e-05 0)
(0.000964243 -1.83984e-05 0)
(0.000968719 -1.85091e-05 0)
(0.00097318 -1.85923e-05 0)
(0.000977621 -1.86491e-05 0)
(0.000982036 -1.86807e-05 0)
(0.00098642 -1.86883e-05 0)
(0.00099077 -1.86734e-05 0)
(0.000995081 -1.86369e-05 0)
(0.00099935 -1.85807e-05 0)
(0.00100358 -1.85054e-05 0)
(0.00100775 -1.84132e-05 0)
(0.00101188 -1.83046e-05 0)
(0.00101596 -1.81819e-05 0)
(0.00101998 -1.80455e-05 0)
(0.00102395 -1.78978e-05 0)
(0.00102787 -1.77391e-05 0)
(0.00103173 -1.75713e-05 0)
(0.00103555 -1.73956e-05 0)
(0.0010393 -1.72126e-05 0)
(0.001043 -1.70248e-05 0)
(0.00104664 -1.68307e-05 0)
(0.00105024 -1.66356e-05 0)
(0.00105377 -1.64339e-05 0)
(0.00105727 -1.62357e-05 0)
(0.00106068 -1.60289e-05 0)
(0.00106409 -1.58311e-05 0)
(0.0010674 -1.56204e-05 0)
(0.00107071 -1.54254e-05 0)
(0.00107392 -1.52101e-05 0)
(0.00107714 -1.50193e-05 0)
(0.00108025 -1.4796e-05 0)
(0.00108338 -1.46095e-05 0)
(0.0010864 -1.43718e-05 0)
(0.00108943 -1.41888e-05 0)
(0.00109237 -1.39275e-05 0)
(0.00109529 -1.37469e-05 0)
(0.00109815 -1.3451e-05 0)
(0.00110093 -1.32721e-05 0)
(0.00110372 -1.29309e-05 0)
(0.00110632 -1.27553e-05 0)
(0.00110907 -1.23599e-05 0)
(0.00111142 -1.21927e-05 0)
(0.00111416 -1.17359e-05 0)
(0.00111617 -1.15866e-05 0)
(0.00111898 -1.10626e-05 0)
(0.00112052 -1.09454e-05 0)
(0.0011235 -1.03464e-05 0)
(0.0011244 -1.0279e-05 0)
(0.00112775 -9.59267e-06 0)
(0.00111617 8.62299e-06 0)
(0.00111217 8.02348e-06 0)
(0.00110834 7.3221e-06 0)
(0.0011047 6.52969e-06 0)
(0.00110127 5.65629e-06 0)
(0.00109805 4.70823e-06 0)
(0.00109507 3.6944e-06 0)
(0.00109233 2.62581e-06 0)
(0.00108982 1.50927e-06 0)
(0.00108757 3.5288e-07 0)
(0.00108559 -8.31091e-07 0)
(0.00108388 -2.03894e-06 0)
(0.00108244 -3.26878e-06 0)
(0.00108125 -4.50781e-06 0)
(0.00108032 -5.7455e-06 0)
(0.00107965 -6.9839e-06 0)
(0.00107925 -8.22044e-06 0)
(0.00107909 -9.44529e-06 0)
(0.00107916 -1.06526e-05 0)
(0.00107946 -1.1836e-05 0)
(0.00107997 -1.29878e-05 0)
(0.00108069 -1.41036e-05 0)
(0.00108161 -1.51808e-05 0)
(0.00108271 -1.62166e-05 0)
(0.00108398 -1.72079e-05 0)
(0.00108542 -1.81523e-05 0)
(0.001087 -1.90479e-05 0)
(0.00108871 -1.98931e-05 0)
(0.00109055 -2.06862e-05 0)
(0.00109249 -2.14257e-05 0)
(0.00109453 -2.21112e-05 0)
(0.00109666 -2.2742e-05 0)
(0.00109887 -2.33181e-05 0)
(0.00110113 -2.38396e-05 0)
(0.00110345 -2.43069e-05 0)
(0.00110581 -2.47207e-05 0)
(0.0011082 -2.50822e-05 0)
(0.00111062 -2.53924e-05 0)
(0.00111305 -2.56528e-05 0)
(0.00111548 -2.5865e-05 0)
(0.00111792 -2.60306e-05 0)
(0.00112035 -2.61516e-05 0)
(0.00112276 -2.62299e-05 0)
(0.00112516 -2.62677e-05 0)
(0.00112753 -2.62669e-05 0)
(0.00112987 -2.62303e-05 0)
(0.00113217 -2.61596e-05 0)
(0.00113444 -2.60579e-05 0)
(0.00113667 -2.59267e-05 0)
(0.00113886 -2.57697e-05 0)
(0.001141 -2.55875e-05 0)
(0.00114309 -2.53845e-05 0)
(0.00114513 -2.51604e-05 0)
(0.00114713 -2.49203e-05 0)
(0.00114907 -2.46631e-05 0)
(0.00115096 -2.43943e-05 0)
(0.0011528 -2.41122e-05 0)
(0.00115458 -2.38221e-05 0)
(0.00115632 -2.35228e-05 0)
(0.00115799 -2.3218e-05 0)
(0.00115963 -2.29083e-05 0)
(0.00116119 -2.25942e-05 0)
(0.00116274 -2.22805e-05 0)
(0.00116418 -2.19613e-05 0)
(0.00116564 -2.16493e-05 0)
(0.00116698 -2.1328e-05 0)
(0.00116835 -2.10228e-05 0)
(0.00116957 -2.07008e-05 0)
(0.00117087 -2.04065e-05 0)
(0.00117199 -2.00826e-05 0)
(0.00117321 -1.98024e-05 0)
(0.00117422 -1.94718e-05 0)
(0.00117538 -1.92065e-05 0)
(0.00117629 -1.88594e-05 0)
(0.00117739 -1.86066e-05 0)
(0.0011782 -1.82279e-05 0)
(0.00117925 -1.7982e-05 0)
(0.00117996 -1.7552e-05 0)
(0.00118097 -1.73062e-05 0)
(0.00118158 -1.68039e-05 0)
(0.00118253 -1.65541e-05 0)
(0.00118304 -1.59608e-05 0)
(0.00118391 -1.57098e-05 0)
(0.00118431 -1.50114e-05 0)
(0.00118506 -1.47732e-05 0)
(0.00118536 -1.39598e-05 0)
(0.00118594 -1.37609e-05 0)
(0.00118617 -1.28233e-05 0)
(0.0011865 -1.27015e-05 0)
(0.00118671 -1.16286e-05 0)
(0.00131128 1.88164e-05 0)
(0.00130659 1.7946e-05 0)
(0.00130202 1.69281e-05 0)
(0.00129758 1.57759e-05 0)
(0.00129328 1.45021e-05 0)
(0.00128915 1.31212e-05 0)
(0.00128518 1.16471e-05 0)
(0.0012814 1.00918e-05 0)
(0.0012778 8.47209e-06 0)
(0.00127441 6.8026e-06 0)
(0.00127121 5.09103e-06 0)
(0.00126821 3.3505e-06 0)
(0.0012654 1.59199e-06 0)
(0.00126281 -1.7559e-07 0)
(0.00126041 -1.94014e-06 0)
(0.0012582 -3.68473e-06 0)
(0.00125617 -5.40176e-06 0)
(0.00125435 -7.08703e-06 0)
(0.0012527 -8.73846e-06 0)
(0.00125124 -1.03586e-05 0)
(0.00124996 -1.19335e-05 0)
(0.00124883 -1.34527e-05 0)
(0.00124786 -1.49131e-05 0)
(0.00124702 -1.63111e-05 0)
(0.00124632 -1.76408e-05 0)
(0.00124574 -1.88985e-05 0)
(0.00124528 -2.00826e-05 0)
(0.00124491 -2.11918e-05 0)
(0.00124464 -2.22244e-05 0)
(0.00124445 -2.31791e-05 0)
(0.00124434 -2.40556e-05 0)
(0.00124429 -2.4854e-05 0)
(0.00124429 -2.55751e-05 0)
(0.00124435 -2.62196e-05 0)
(0.00124444 -2.67889e-05 0)
(0.00124456 -2.72849e-05 0)
(0.00124471 -2.77095e-05 0)
(0.00124487 -2.80651e-05 0)
(0.00124504 -2.8354e-05 0)
(0.00124522 -2.85792e-05 0)
(0.0012454 -2.87431e-05 0)
(0.00124557 -2.88492e-05 0)
(0.00124573 -2.89001e-05 0)
(0.00124587 -2.88996e-05 0)
(0.001246 -2.88502e-05 0)
(0.0012461 -2.87564e-05 0)
(0.00124619 -2.86198e-05 0)
(0.00124624 -2.84457e-05 0)
(0.00124626 -2.82348e-05 0)
(0.00124625 -2.79934e-05 0)
(0.00124621 -2.77209e-05 0)
(0.00124613 -2.74249e-05 0)
(0.00124602 -2.7103e-05 0)
(0.00124587 -2.67643e-05 0)
(0.00124568 -2.64042e-05 0)
(0.00124545 -2.60334e-05 0)
(0.0012452 -2.56457e-05 0)
(0.00124489 -2.5252e-05 0)
(0.00124456 -2.48459e-05 0)
(0.00124416 -2.44372e-05 0)
(0.00124377 -2.40212e-05 0)
(0.00124329 -2.36037e-05 0)
(0.00124282 -2.31856e-05 0)
(0.00124225 -2.27643e-05 0)
(0.00124172 -2.23514e-05 0)
(0.00124106 -2.19295e-05 0)
(0.00124047 -2.15281e-05 0)
(0.00123972 -2.1107e-05 0)
(0.00123907 -2.07228e-05 0)
(0.00123823 -2.0302e-05 0)
(0.00123754 -1.99402e-05 0)
(0.0012366 -1.95164e-05 0)
(0.00123587 -1.91807e-05 0)
(0.00123483 -1.87463e-05 0)
(0.00123408 -1.84372e-05 0)
(0.00123296 -1.7978e-05 0)
(0.00123221 -1.76913e-05 0)
(0.00123099 -1.71848e-05 0)
(0.00123028 -1.69115e-05 0)
(0.00122897 -1.63288e-05 0)
(0.00122832 -1.6059e-05 0)
(0.0012269 -1.53688e-05 0)
(0.00122634 -1.50991e-05 0)
(0.00122479 -1.42729e-05 0)
(0.00122433 -1.40135e-05 0)
(0.00122262 -1.30293e-05 0)
(0.00122228 -1.28079e-05 0)
(0.00122035 -1.16515e-05 0)
(0.00122016 -1.15126e-05 0)
(0.00121795 -1.0176e-05 0)
(0.00142086 2.95393e-05 0)
(0.00141619 2.85022e-05 0)
(0.00141158 2.72822e-05 0)
(0.00140706 2.58962e-05 0)
(0.00140262 2.43617e-05 0)
(0.00139827 2.26958e-05 0)
(0.00139403 2.09152e-05 0)
(0.00138989 1.90374e-05 0)
(0.00138587 1.70782e-05 0)
(0.00138197 1.50529e-05 0)
(0.00137818 1.29775e-05 0)
(0.00137451 1.08657e-05 0)
(0.00137098 8.73524e-06 0)
(0.00136756 6.60089e-06 0)
(0.00136427 4.46915e-06 0)
(0.00136112 2.35691e-06 0)
(0.00135808 2.80986e-07 0)
(0.00135514 -1.75788e-06 0)
(0.00135228 -3.74626e-06 0)
(0.00134951 -5.66457e-06 0)
(0.00134687 -7.51566e-06 0)
(0.00134433 -9.29618e-06 0)
(0.00134188 -1.10029e-05 0)
(0.00133951 -1.2634e-05 0)
(0.00133722 -1.4182e-05 0)
(0.00133501 -1.56412e-05 0)
(0.00133286 -1.70094e-05 0)
(0.00133077 -1.82852e-05 0)
(0.00132873 -1.94674e-05 0)
(0.00132674 -2.05556e-05 0)
(0.00132479 -2.15498e-05 0)
(0.00132288 -2.24504e-05 0)
(0.00132101 -2.32587e-05 0)
(0.00131916 -2.39762e-05 0)
(0.00131733 -2.46051e-05 0)
(0.00131552 -2.51481e-05 0)
(0.00131373 -2.56077e-05 0)
(0.00131195 -2.59871e-05 0)
(0.00131017 -2.62895e-05 0)
(0.0013084 -2.65186e-05 0)
(0.00130664 -2.66778e-05 0)
(0.00130487 -2.67714e-05 0)
(0.0013031 -2.68026e-05 0)
(0.00130133 -2.67765e-05 0)
(0.00129955 -2.66956e-05 0)
(0.00129776 -2.65657e-05 0)
(0.00129597 -2.63885e-05 0)
(0.00129416 -2.61704e-05 0)
(0.00129235 -2.59118e-05 0)
(0.00129052 -2.56205e-05 0)
(0.00128868 -2.52948e-05 0)
(0.00128682 -2.49444e-05 0)
(0.00128496 -2.4565e-05 0)
(0.00128307 -2.41687e-05 0)
(0.00128118 -2.37482e-05 0)
(0.00127926 -2.33177e-05 0)
(0.00127734 -2.28673e-05 0)
(0.00127539 -2.24127e-05 0)
(0.00127344 -2.19425e-05 0)
(0.00127145 -2.1472e-05 0)
(0.00126947 -2.09908e-05 0)
(0.00126744 -2.05106e-05 0)
(0.00126544 -2.00263e-05 0)
(0.00126337 -1.95409e-05 0)
(0.00126133 -1.9061e-05 0)
(0.00125921 -1.85738e-05 0)
(0.00125715 -1.81055e-05 0)
(0.00125498 -1.76184e-05 0)
(0.00125289 -1.71692e-05 0)
(0.00125067 -1.66838e-05 0)
(0.00124856 -1.62616e-05 0)
(0.00124627 -1.57788e-05 0)
(0.00124415 -1.53921e-05 0)
(0.00124181 -1.49097e-05 0)
(0.0012397 -1.4565e-05 0)
(0.00123731 -1.40739e-05 0)
(0.00123524 -1.37719e-05 0)
(0.0012328 -1.32527e-05 0)
(0.00123082 -1.29867e-05 0)
(0.00122833 -1.24084e-05 0)
(0.0012265 -1.21667e-05 0)
(0.00122394 -1.14912e-05 0)
(0.00122231 -1.12639e-05 0)
(0.00121966 -1.04525e-05 0)
(0.00121829 -1.024e-05 0)
(0.00121549 -9.26118e-06 0)
(0.00121446 -9.08076e-06 0)
(0.00121141 -7.91408e-06 0)
(0.00121083 -7.80062e-06 0)
(0.00120738 -6.43719e-06 0)
(0.00143447 3.93415e-05 0)
(0.0014303 3.82281e-05 0)
(0.00142616 3.69152e-05 0)
(0.00142205 3.5421e-05 0)
(0.00141799 3.37642e-05 0)
(0.00141398 3.19638e-05 0)
(0.00141001 3.0038e-05 0)
(0.0014061 2.80061e-05 0)
(0.00140224 2.58865e-05 0)
(0.00139843 2.3697e-05 0)
(0.00139468 2.14558e-05 0)
(0.00139098 1.91794e-05 0)
(0.00138734 1.6882e-05 0)
(0.00138374 1.45787e-05 0)
(0.0013802 1.22844e-05 0)
(0.00137672 1.00057e-05 0)
(0.00137326 7.75476e-06 0)
(0.00136985 5.54754e-06 0)
(0.00136652 3.39793e-06 0)
(0.00136323 1.32294e-06 0)
(0.00135996 -6.76898e-07 0)
(0.00135671 -2.60267e-06 0)
(0.00135348 -4.44229e-06 0)
(0.00135029 -6.1858e-06 0)
(0.00134713 -7.83399e-06 0)
(0.001344 -9.38759e-06 0)
(0.00134089 -1.08429e-05 0)
(0.00133781 -1.21958e-05 0)
(0.00133474 -1.34461e-05 0)
(0.00133169 -1.45951e-05 0)
(0.00132866 -1.56432e-05 0)
(0.00132565 -1.65909e-05 0)
(0.00132264 -1.74395e-05 0)
(0.00131965 -1.81916e-05 0)
(0.00131667 -1.88501e-05 0)
(0.0013137 -1.9418e-05 0)
(0.00131074 -1.98986e-05 0)
(0.00130779 -2.02953e-05 0)
(0.00130485 -2.06117e-05 0)
(0.00130192 -2.0852e-05 0)
(0.001299 -2.10197e-05 0)
(0.00129608 -2.11195e-05 0)
(0.00129318 -2.1155e-05 0)
(0.00129028 -2.11311e-05 0)
(0.00128739 -2.10511e-05 0)
(0.00128451 -2.09206e-05 0)
(0.00128164 -2.07418e-05 0)
(0.00127877 -2.05212e-05 0)
(0.00127592 -2.02596e-05 0)
(0.00127307 -1.99645e-05 0)
(0.00127024 -1.96349e-05 0)
(0.00126741 -1.928e-05 0)
(0.00126459 -1.88961e-05 0)
(0.00126178 -1.84946e-05 0)
(0.00125897 -1.80686e-05 0)
(0.00125618 -1.76324e-05 0)
(0.00125339 -1.71752e-05 0)
(0.00125061 -1.67139e-05 0)
(0.00124784 -1.6235e-05 0)
(0.00124507 -1.57563e-05 0)
(0.00124231 -1.52639e-05 0)
(0.00123955 -1.47739e-05 0)
(0.00123681 -1.42754e-05 0)
(0.00123406 -1.3778e-05 0)
(0.00123133 -1.32797e-05 0)
(0.00122858 -1.27768e-05 0)
(0.00122585 -1.22844e-05 0)
(0.0012231 -1.17773e-05 0)
(0.00122036 -1.12989e-05 0)
(0.0012176 -1.07919e-05 0)
(0.00121487 -1.03399e-05 0)
(0.00121209 -9.8414e-06 0)
(0.00120937 -9.4327e-06 0)
(0.00120659 -8.95146e-06 0)
(0.00120391 -8.60269e-06 0)
(0.00120113 -8.141e-06 0)
(0.00119854 -7.86168e-06 0)
(0.00119579 -7.40749e-06 0)
(0.00119332 -7.19501e-06 0)
(0.00119059 -6.71713e-06 0)
(0.00118831 -6.55691e-06 0)
(0.00118559 -6.01086e-06 0)
(0.00118356 -5.88529e-06 0)
(0.00118082 -5.22437e-06 0)
(0.0011791 -5.12236e-06 0)
(0.00117627 -4.30875e-06 0)
(0.00117498 -4.23069e-06 0)
(0.00117194 -3.23923e-06 0)
(0.0011712 -3.19417e-06 0)
(0.00116777 -2.00931e-06 0)
(0.00137809 4.75397e-05 0)
(0.00137438 4.63677e-05 0)
(0.00137071 4.4994e-05 0)
(0.00136708 4.34379e-05 0)
(0.00136349 4.17189e-05 0)
(0.00135994 3.98568e-05 0)
(0.00135643 3.78713e-05 0)
(0.00135295 3.57814e-05 0)
(0.00134951 3.36066e-05 0)
(0.00134611 3.13649e-05 0)
(0.00134273 2.90731e-05 0)
(0.00133938 2.67489e-05 0)
(0.00133606 2.44074e-05 0)
(0.00133275 2.20633e-05 0)
(0.00132947 1.97322e-05 0)
(0.0013262 1.74257e-05 0)
(0.00132296 1.51556e-05 0)
(0.00131973 1.29391e-05 0)
(0.00131651 1.07796e-05 0)
(0.00131328 8.67482e-06 0)
(0.00131006 6.64224e-06 0)
(0.00130684 4.69138e-06 0)
(0.00130364 2.83194e-06 0)
(0.00130046 1.0716e-06 0)
(0.00129726 -5.92601e-07 0)
(0.00129405 -2.15968e-06 0)
(0.00129085 -3.6264e-06 0)
(0.00128766 -4.99197e-06 0)
(0.00128447 -6.25579e-06 0)
(0.00128128 -7.41745e-06 0)
(0.00127809 -8.47705e-06 0)
(0.00127491 -9.4367e-06 0)
(0.00127173 -1.02974e-05 0)
(0.00126856 -1.10614e-05 0)
(0.00126539 -1.1732e-05 0)
(0.00126223 -1.23129e-05 0)
(0.00125908 -1.28073e-05 0)
(0.00125594 -1.32192e-05 0)
(0.00125281 -1.35523e-05 0)
(0.00124969 -1.38109e-05 0)
(0.00124659 -1.39988e-05 0)
(0.00124351 -1.41208e-05 0)
(0.00124044 -1.41804e-05 0)
(0.00123738 -1.41824e-05 0)
(0.00123435 -1.41302e-05 0)
(0.00123133 -1.40289e-05 0)
(0.00122834 -1.38813e-05 0)
(0.00122536 -1.36928e-05 0)
(0.00122241 -1.34652e-05 0)
(0.00121948 -1.32049e-05 0)
(0.00121657 -1.29119e-05 0)
(0.00121368 -1.25937e-05 0)
(0.00121081 -1.22481e-05 0)
(0.00120797 -1.18842e-05 0)
(0.00120515 -1.14968e-05 0)
(0.00120236 -1.10978e-05 0)
(0.00119958 -1.06789e-05 0)
(0.00119684 -1.02546e-05 0)
(0.00119411 -9.81388e-06 0)
(0.00119141 -9.37297e-06 0)
(0.00118873 -8.91846e-06 0)
(0.00118608 -8.46565e-06 0)
(0.00118345 -8.00101e-06 0)
(0.00118084 -7.53557e-06 0)
(0.00117824 -7.06149e-06 0)
(0.00117567 -6.58181e-06 0)
(0.0011731 -6.10227e-06 0)
(0.00117056 -5.61107e-06 0)
(0.00116801 -5.13853e-06 0)
(0.00116551 -4.65001e-06 0)
(0.00116299 -4.20942e-06 0)
(0.00116054 -3.7468e-06 0)
(0.00115808 -3.36827e-06 0)
(0.00115569 -2.95366e-06 0)
(0.00115331 -2.66135e-06 0)
(0.001151 -2.30341e-06 0)
(0.00114871 -2.10539e-06 0)
(0.00114648 -1.78991e-06 0)
(0.00114433 -1.67527e-06 0)
(0.00114217 -1.36704e-06 0)
(0.00114018 -1.31349e-06 0)
(0.00113808 -9.64109e-07 0)
(0.00113629 -9.48018e-07 0)
(0.00113421 -5.07722e-07 0)
(0.00113268 -5.11676e-07 0)
(0.00113057 6.26699e-08 0)
(0.0011294 4.98133e-08 0)
(0.00112716 7.89485e-07 0)
(0.00112649 7.77305e-07 0)
(0.00112397 1.69721e-06 0)
(0.0013068 5.54549e-05 0)
(0.00130278 5.4124e-05 0)
(0.00129885 5.25955e-05 0)
(0.00129503 5.08907e-05 0)
(0.00129131 4.90316e-05 0)
(0.00128769 4.70393e-05 0)
(0.00128416 4.49342e-05 0)
(0.00128071 4.27364e-05 0)
(0.00127736 4.04648e-05 0)
(0.00127407 3.81376e-05 0)
(0.00127086 3.57727e-05 0)
(0.00126772 3.33864e-05 0)
(0.00126463 3.09945e-05 0)
(0.0012616 2.86118e-05 0)
(0.00125862 2.62513e-05 0)
(0.00125568 2.39251e-05 0)
(0.00125277 2.16432e-05 0)
(0.00124989 1.94136e-05 0)
(0.00124704 1.72458e-05 0)
(0.00124421 1.51494e-05 0)
(0.00124141 1.3134e-05 0)
(0.00123862 1.12082e-05 0)
(0.00123585 9.37041e-06 0)
(0.00123308 7.62016e-06 0)
(0.00123031 5.96414e-06 0)
(0.00122755 4.40797e-06 0)
(0.00122481 2.95237e-06 0)
(0.00122206 1.59541e-06 0)
(0.00121932 3.38277e-07 0)
(0.00121659 -8.18213e-07 0)
(0.00121387 -1.87561e-06 0)
(0.00121116 -2.83563e-06 0)
(0.00120845 -3.70209e-06 0)
(0.00120575 -4.47735e-06 0)
(0.00120306 -5.1631e-06 0)
(0.00120037 -5.76178e-06 0)
(0.00119769 -6.27682e-06 0)
(0.00119503 -6.71217e-06 0)
(0.00119238 -7.07177e-06 0)
(0.00118974 -7.35981e-06 0)
(0.00118712 -7.58017e-06 0)
(0.00118451 -7.73722e-06 0)
(0.00118192 -7.83487e-06 0)
(0.00117935 -7.87768e-06 0)
(0.0011768 -7.86929e-06 0)
(0.00117427 -7.81437e-06 0)
(0.00117176 -7.71607e-06 0)
(0.00116928 -7.57918e-06 0)
(0.00116682 -7.4058e-06 0)
(0.00116438 -7.20087e-06 0)
(0.00116197 -6.96508e-06 0)
(0.00115959 -6.7041e-06 0)
(0.00115723 -6.41723e-06 0)
(0.0011549 -6.1119e-06 0)
(0.0011526 -5.78585e-06 0)
(0.00115032 -5.44856e-06 0)
(0.00114808 -5.09529e-06 0)
(0.00114587 -4.73704e-06 0)
(0.00114369 -4.36526e-06 0)
(0.00114155 -3.99121e-06 0)
(0.00113943 -3.60283e-06 0)
(0.00113735 -3.21105e-06 0)
(0.00113529 -2.80347e-06 0)
(0.00113327 -2.39028e-06 0)
(0.00113127 -1.96421e-06 0)
(0.00112932 -1.53223e-06 0)
(0.00112737 -1.09958e-06 0)
(0.0011255 -6.65276e-07 0)
(0.00112362 -2.52104e-07 0)
(0.00112183 1.58806e-07 0)
(0.00112003 5.2089e-07 0)
(0.00111835 8.81574e-07 0)
(0.00111663 1.16462e-06 0)
(0.00111505 1.45755e-06 0)
(0.00111343 1.64733e-06 0)
(0.00111195 1.87308e-06 0)
(0.00111042 1.9738e-06 0)
(0.00110903 2.1528e-06 0)
(0.00110758 2.18269e-06 0)
(0.00110627 2.34813e-06 0)
(0.00110492 2.3305e-06 0)
(0.00110367 2.5215e-06 0)
(0.00110242 2.47769e-06 0)
(0.00110121 2.73168e-06 0)
(0.00110013 2.67773e-06 0)
(0.00109893 3.02602e-06 0)
(0.00109809 2.97481e-06 0)
(0.00109683 3.43934e-06 0)
(0.00109633 3.40445e-06 0)
(0.00109493 3.99391e-06 0)
(0.00126214 6.52445e-05 0)
(0.00125718 6.3602e-05 0)
(0.00125238 6.17574e-05 0)
(0.00124776 5.97374e-05 0)
(0.00124331 5.75676e-05 0)
(0.00123904 5.5273e-05 0)
(0.00123493 5.28772e-05 0)
(0.00123099 5.04025e-05 0)
(0.0012272 4.787e-05 0)
(0.00122357 4.52994e-05 0)
(0.00122008 4.27088e-05 0)
(0.00121672 4.01152e-05 0)
(0.00121348 3.75339e-05 0)
(0.00121036 3.49784e-05 0)
(0.00120735 3.24616e-05 0)
(0.00120443 2.99944e-05 0)
(0.0012016 2.7587e-05 0)
(0.00119885 2.52496e-05 0)
(0.00119618 2.29906e-05 0)
(0.00119357 2.08157e-05 0)
(0.00119102 1.87288e-05 0)
(0.00118852 1.67344e-05 0)
(0.00118606 1.48356e-05 0)
(0.00118365 1.30362e-05 0)
(0.00118127 1.13411e-05 0)
(0.00117892 9.75059e-06 0)
(0.0011766 8.26426e-06 0)
(0.0011743 6.88301e-06 0)
(0.00117203 5.60588e-06 0)
(0.00116977 4.43047e-06 0)
(0.00116754 3.35406e-06 0)
(0.00116532 2.37501e-06 0)
(0.00116311 1.48938e-06 0)
(0.00116091 6.94325e-07 0)
(0.00115874 -1.23418e-08 0)
(0.00115658 -6.33475e-07 0)
(0.00115443 -1.17282e-06 0)
(0.00115229 -1.63459e-06 0)
(0.00115017 -2.02288e-06 0)
(0.00114807 -2.34179e-06 0)
(0.00114598 -2.59532e-06 0)
(0.0011439 -2.78779e-06 0)
(0.00114185 -2.92338e-06 0)
(0.00113981 -3.00667e-06 0)
(0.00113779 -3.04156e-06 0)
(0.00113579 -3.0324e-06 0)
(0.00113381 -2.98244e-06 0)
(0.00113186 -2.89578e-06 0)
(0.00112993 -2.7748e-06 0)
(0.00112802 -2.62367e-06 0)
(0.00112614 -2.44408e-06 0)
(0.00112429 -2.24102e-06 0)
(0.00112247 -2.01548e-06 0)
(0.00112068 -1.77365e-06 0)
(0.00111892 -1.51511e-06 0)
(0.00111719 -1.24697e-06 0)
(0.0011155 -9.66144e-07 0)
(0.00111384 -6.79894e-07 0)
(0.00111222 -3.81763e-07 0)
(0.00111064 -7.94335e-08 0)
(0.00110908 2.35874e-07 0)
(0.00110758 5.55311e-07 0)
(0.0011061 8.87279e-07 0)
(0.00110468 1.22167e-06 0)
(0.00110329 1.56316e-06 0)
(0.00110197 1.90287e-06 0)
(0.00110066 2.23745e-06 0)
(0.00109944 2.56366e-06 0)
(0.00109824 2.86748e-06 0)
(0.00109714 3.15927e-06 0)
(0.00109604 3.40935e-06 0)
(0.00109506 3.64956e-06 0)
(0.00109405 3.8296e-06 0)
(0.00109317 4.01078e-06 0)
(0.00109224 4.11607e-06 0)
(0.00109145 4.24352e-06 0)
(0.00109058 4.28106e-06 0)
(0.00108987 4.37083e-06 0)
(0.00108904 4.35514e-06 0)
(0.00108838 4.43033e-06 0)
(0.0010876 4.37806e-06 0)
(0.00108699 4.46257e-06 0)
(0.00108627 4.38833e-06 0)
(0.00108569 4.50473e-06 0)
(0.00108506 4.42222e-06 0)
(0.00108451 4.59062e-06 0)
(0.00108401 4.51514e-06 0)
(0.00108347 4.75056e-06 0)
(0.00108317 4.70106e-06 0)
(0.00108259 5.00922e-06 0)
(0.00122319 7.77668e-05 0)
(0.00121851 7.57424e-05 0)
(0.00121397 7.3494e-05 0)
(0.00120958 7.1055e-05 0)
(0.00120534 6.84572e-05 0)
(0.00120126 6.5731e-05 0)
(0.00119734 6.29051e-05 0)
(0.00119357 6.00066e-05 0)
(0.00118995 5.70604e-05 0)
(0.00118647 5.40892e-05 0)
(0.00118314 5.11138e-05 0)
(0.00117994 4.8153e-05 0)
(0.00117687 4.52237e-05 0)
(0.00117392 4.23408e-05 0)
(0.00117109 3.95179e-05 0)
(0.00116835 3.67669e-05 0)
(0.00116572 3.4098e-05 0)
(0.00116318 3.15196e-05 0)
(0.00116071 2.90381e-05 0)
(0.00115832 2.66587e-05 0)
(0.00115599 2.4386e-05 0)
(0.00115373 2.22245e-05 0)
(0.00115152 2.01772e-05 0)
(0.00114936 1.82458e-05 0)
(0.00114724 1.64305e-05 0)
(0.00114516 1.47313e-05 0)
(0.00114311 1.31474e-05 0)
(0.00114109 1.16777e-05 0)
(0.0011391 1.03197e-05 0)
(0.00113713 9.07065e-06 0)
(0.00113519 7.92795e-06 0)
(0.00113326 6.88811e-06 0)
(0.00113136 5.94896e-06 0)
(0.00112947 5.10666e-06 0)
(0.0011276 4.35627e-06 0)
(0.00112575 3.69293e-06 0)
(0.00112391 3.11212e-06 0)
(0.00112209 2.60932e-06 0)
(0.00112029 2.18002e-06 0)
(0.00111851 1.81961e-06 0)
(0.00111674 1.52349e-06 0)
(0.00111499 1.28701e-06 0)
(0.00111326 1.10572e-06 0)
(0.00111156 9.7506e-07 0)
(0.00110987 8.90956e-07 0)
(0.00110821 8.49107e-07 0)
(0.00110658 8.45969e-07 0)
(0.00110497 8.77532e-07 0)
(0.00110339 9.40765e-07 0)
(0.00110185 1.0316e-06 0)
(0.00110033 1.14744e-06 0)
(0.00109884 1.28384e-06 0)
(0.00109739 1.43895e-06 0)
(0.00109598 1.60802e-06 0)
(0.0010946 1.79064e-06 0)
(0.00109326 1.98186e-06 0)
(0.00109196 2.18336e-06 0)
(0.0010907 2.39003e-06 0)
(0.00108948 2.60569e-06 0)
(0.00108831 2.82416e-06 0)
(0.00108717 3.05069e-06 0)
(0.00108608 3.27721e-06 0)
(0.00108503 3.5092e-06 0)
(0.00108405 3.73689e-06 0)
(0.0010831 3.96468e-06 0)
(0.00108223 4.18258e-06 0)
(0.00108139 4.39305e-06 0)
(0.00108063 4.59004e-06 0)
(0.00107989 4.77029e-06 0)
(0.00107925 4.93554e-06 0)
(0.00107861 5.07356e-06 0)
(0.00107807 5.19974e-06 0)
(0.00107751 5.2883e-06 0)
(0.00107706 5.37427e-06 0)
(0.00107656 5.41279e-06 0)
(0.00107619 5.46417e-06 0)
(0.00107573 5.45796e-06 0)
(0.00107541 5.4849e-06 0)
(0.00107499 5.44194e-06 0)
(0.00107472 5.45607e-06 0)
(0.00107433 5.38471e-06 0)
(0.0010741 5.39789e-06 0)
(0.00107375 5.30749e-06 0)
(0.00107355 5.33255e-06 0)
(0.00107325 5.23562e-06 0)
(0.00107308 5.28621e-06 0)
(0.00107284 5.19973e-06 0)
(0.00107269 5.28694e-06 0)
(0.00107255 5.23196e-06 0)
(0.0010724 5.3587e-06 0)
(0.00111683 8.63333e-05 0)
(0.00111539 8.41503e-05 0)
(0.00111395 8.17218e-05 0)
(0.00111252 7.90846e-05 0)
(0.0011111 7.62748e-05 0)
(0.00110969 7.33263e-05 0)
(0.00110829 7.02715e-05 0)
(0.00110691 6.71405e-05 0)
(0.00110554 6.39612e-05 0)
(0.00110419 6.07591e-05 0)
(0.00110285 5.75576e-05 0)
(0.00110152 5.43775e-05 0)
(0.00110021 5.12376e-05 0)
(0.00109891 4.81544e-05 0)
(0.00109761 4.5142e-05 0)
(0.00109633 4.22127e-05 0)
(0.00109505 3.93765e-05 0)
(0.00109377 3.66419e-05 0)
(0.00109249 3.40164e-05 0)
(0.00109122 3.1506e-05 0)
(0.00108994 2.91152e-05 0)
(0.00108866 2.68469e-05 0)
(0.00108737 2.47027e-05 0)
(0.00108609 2.26829e-05 0)
(0.00108479 2.07876e-05 0)
(0.00108349 1.90163e-05 0)
(0.00108219 1.73673e-05 0)
(0.00108087 1.58384e-05 0)
(0.00107956 1.44266e-05 0)
(0.00107824 1.31291e-05 0)
(0.00107691 1.19422e-05 0)
(0.00107559 1.08619e-05 0)
(0.00107426 9.88378e-06 0)
(0.00107294 9.00297e-06 0)
(0.00107162 8.21416e-06 0)
(0.0010703 7.51219e-06 0)
(0.00106899 6.89211e-06 0)
(0.00106768 6.34903e-06 0)
(0.00106639 5.87795e-06 0)
(0.00106511 5.47373e-06 0)
(0.00106384 5.13139e-06 0)
(0.00106259 4.846e-06 0)
(0.00106135 4.61291e-06 0)
(0.00106014 4.42746e-06 0)
(0.00105895 4.28533e-06 0)
(0.00105779 4.18222e-06 0)
(0.00105665 4.11427e-06 0)
(0.00105553 4.07751e-06 0)
(0.00105445 4.06856e-06 0)
(0.0010534 4.08369e-06 0)
(0.00105239 4.12004e-06 0)
(0.00105141 4.17411e-06 0)
(0.00105046 4.2437e-06 0)
(0.00104955 4.3254e-06 0)
(0.00104868 4.41793e-06 0)
(0.00104785 4.51797e-06 0)
(0.00104706 4.62539e-06 0)
(0.00104631 4.73648e-06 0)
(0.0010456 4.85237e-06 0)
(0.00104494 4.96859e-06 0)
(0.00104431 5.08756e-06 0)
(0.00104374 5.20356e-06 0)
(0.0010432 5.32035e-06 0)
(0.00104272 5.43079e-06 0)
(0.00104228 5.53991e-06 0)
(0.0010419 5.63934e-06 0)
(0.00104154 5.73485e-06 0)
(0.00104126 5.81774e-06 0)
(0.00104099 5.89326e-06 0)
(0.0010408 5.95435e-06 0)
(0.0010406 6.00392e-06 0)
(0.0010405 6.03969e-06 0)
(0.00104036 6.0593e-06 0)
(0.00104034 6.06919e-06 0)
(0.00104025 6.05766e-06 0)
(0.00104029 6.04414e-06 0)
(0.00104024 6.00277e-06 0)
(0.00104033 5.97053e-06 0)
(0.0010403 5.90268e-06 0)
(0.00104045 5.85833e-06 0)
(0.00104043 5.76987e-06 0)
(0.00104062 5.72243e-06 0)
(0.00104061 5.62279e-06 0)
(0.00104084 5.58385e-06 0)
(0.00104083 5.48606e-06 0)
(0.0010411 5.46774e-06 0)
(0.00104109 5.38676e-06 0)
(0.00104139 5.39723e-06 0)
(0.00104139 5.34838e-06 0)
(0.00104174 5.38688e-06 0)
(0.000895323 8.42862e-05 0)
(0.000899537 8.2246e-05 0)
(0.000903577 7.99679e-05 0)
(0.000907441 7.74871e-05 0)
(0.000911125 7.48378e-05 0)
(0.000914627 7.20527e-05 0)
(0.000917946 6.91626e-05 0)
(0.000921083 6.61967e-05 0)
(0.000924038 6.31821e-05 0)
(0.000926815 6.01436e-05 0)
(0.000929415 5.71039e-05 0)
(0.000931842 5.40831e-05 0)
(0.000934101 5.10995e-05 0)
(0.000936195 4.81689e-05 0)
(0.00093813 4.53052e-05 0)
(0.000939912 4.25203e-05 0)
(0.000941545 3.98246e-05 0)
(0.000943036 3.72265e-05 0)
(0.000944391 3.4733e-05 0)
(0.000945616 3.23493e-05 0)
(0.000946718 3.00791e-05 0)
(0.000947702 2.79251e-05 0)
(0.000948575 2.58888e-05 0)
(0.000949344 2.39709e-05 0)
(0.000950015 2.21712e-05 0)
(0.000950595 2.04886e-05 0)
(0.000951089 1.89213e-05 0)
(0.000951505 1.74668e-05 0)
(0.000951849 1.61223e-05 0)
(0.000952126 1.48842e-05 0)
(0.000952343 1.37488e-05 0)
(0.000952506 1.27118e-05 0)
(0.000952619 1.17688e-05 0)
(0.00095269 1.09151e-05 0)
(0.000952722 1.0146e-05 0)
(0.000952722 9.45659e-06 0)
(0.000952694 8.84196e-06 0)
(0.000952644 8.29717e-06 0)
(0.000952575 7.81733e-06 0)
(0.000952491 7.39762e-06 0)
(0.000952398 7.03332e-06 0)
(0.000952299 6.71989e-06 0)
(0.000952197 6.45293e-06 0)
(0.000952096 6.22823e-06 0)
(0.000951999 6.04177e-06 0)
(0.000951909 5.88967e-06 0)
(0.00095183 5.7683e-06 0)
(0.000951763 5.67412e-06 0)
(0.000951711 5.6039e-06 0)
(0.000951677 5.55444e-06 0)
(0.000951662 5.52294e-06 0)
(0.000951669 5.50659e-06 0)
(0.000951699 5.50313e-06 0)
(0.000951753 5.51008e-06 0)
(0.000951833 5.52567e-06 0)
(0.000951941 5.54764e-06 0)
(0.000952075 5.57475e-06 0)
(0.00095224 5.60486e-06 0)
(0.000952432 5.63734e-06 0)
(0.000952657 5.66992e-06 0)
(0.00095291 5.70264e-06 0)
(0.000953198 5.73281e-06 0)
(0.000953512 5.76132e-06 0)
(0.000953864 5.7847e-06 0)
(0.000954239 5.80488e-06 0)
(0.000954656 5.81733e-06 0)
(0.000955088 5.82529e-06 0)
(0.000955568 5.823e-06 0)
(0.000956052 5.81521e-06 0)
(0.00095659 5.79502e-06 0)
(0.000957116 5.7688e-06 0)
(0.000957709 5.72905e-06 0)
(0.000958264 5.6834e-06 0)
(0.000958903 5.62476e-06 0)
(0.000959474 5.56088e-06 0)
(0.000960152 5.48671e-06 0)
(0.000960722 5.40803e-06 0)
(0.000961435 5.32409e-06 0)
(0.000961988 5.23584e-06 0)
(0.000962733 5.14945e-06 0)
(0.000963252 5.05798e-06 0)
(0.000964032 4.97694e-06 0)
(0.000964499 4.88905e-06 0)
(0.000965325 4.82023e-06 0)
(0.000965721 4.74269e-06 0)
(0.000966614 4.69064e-06 0)
(0.000966917 4.63021e-06 0)
(0.000967915 4.59594e-06 0)
(0.000968091 4.56033e-06 0)
(0.000969254 4.54031e-06 0)
(0.000593795 6.74008e-05 0)
(0.00060374 6.58712e-05 0)
(0.00061341 6.41358e-05 0)
(0.000622789 6.22236e-05 0)
(0.000631864 6.0163e-05 0)
(0.000640623 5.7981e-05 0)
(0.000649057 5.57038e-05 0)
(0.000657161 5.33555e-05 0)
(0.000664932 5.0959e-05 0)
(0.000672369 4.85352e-05 0)
(0.000679472 4.61032e-05 0)
(0.000686245 4.36803e-05 0)
(0.000692691 4.12821e-05 0)
(0.000698818 3.89224e-05 0)
(0.00070463 3.66131e-05 0)
(0.000710138 3.43647e-05 0)
(0.000715349 3.21858e-05 0)
(0.000720273 3.00838e-05 0)
(0.00072492 2.80644e-05 0)
(0.0007293 2.61323e-05 0)
(0.000733425 2.42914e-05 0)
(0.000737306 2.2544e-05 0)
(0.000740954 2.08917e-05 0)
(0.000744381 1.93353e-05 0)
(0.000747598 1.78745e-05 0)
(0.000750617 1.65086e-05 0)
(0.000753448 1.52361e-05 0)
(0.000756103 1.40552e-05 0)
(0.000758593 1.29634e-05 0)
(0.00076093 1.19578e-05 0)
(0.000763122 1.10354e-05 0)
(0.000765182 1.01926e-05 0)
(0.000767118 9.42591e-06 0)
(0.000768941 8.73138e-06 0)
(0.00077066 8.10505e-06 0)
(0.000772284 7.54281e-06 0)
(0.000773822 7.04052e-06 0)
(0.000775282 6.59405e-06 0)
(0.000776671 6.1993e-06 0)
(0.000777997 5.85224e-06 0)
(0.000779267 5.54891e-06 0)
(0.000780488 5.28545e-06 0)
(0.000781666 5.05812e-06 0)
(0.000782806 4.86332e-06 0)
(0.000783914 4.69762e-06 0)
(0.000784996 4.55773e-06 0)
(0.000786054 4.44053e-06 0)
(0.000787095 4.34311e-06 0)
(0.000788121 4.26272e-06 0)
(0.000789136 4.19679e-06 0)
(0.000790143 4.14297e-06 0)
(0.000791145 4.0991e-06 0)
(0.000792144 4.06324e-06 0)
(0.000793143 4.03359e-06 0)
(0.000794142 4.00865e-06 0)
(0.000795144 3.98701e-06 0)
(0.000796149 3.96754e-06 0)
(0.000797159 3.94916e-06 0)
(0.000798172 3.93109e-06 0)
(0.000799191 3.91249e-06 0)
(0.000800215 3.89287e-06 0)
(0.000801244 3.87157e-06 0)
(0.000802277 3.84834e-06 0)
(0.000803316 3.82257e-06 0)
(0.000804356 3.79427e-06 0)
(0.000805401 3.76279e-06 0)
(0.000806444 3.72848e-06 0)
(0.000807492 3.69056e-06 0)
(0.000808532 3.64987e-06 0)
(0.000809578 3.6054e-06 0)
(0.000810608 3.55865e-06 0)
(0.000811648 3.50816e-06 0)
(0.000812659 3.45623e-06 0)
(0.000813689 3.40078e-06 0)
(0.000814671 3.345e-06 0)
(0.000815689 3.28606e-06 0)
(0.000816633 3.22801e-06 0)
(0.000817641 3.16738e-06 0)
(0.000818536 3.10883e-06 0)
(0.000819541 3.04858e-06 0)
(0.000820374 2.99145e-06 0)
(0.00082139 2.9339e-06 0)
(0.000822146 2.88039e-06 0)
(0.000823198 2.82792e-06 0)
(0.000823852 2.78065e-06 0)
(0.000824979 2.73519e-06 0)
(0.000825494 2.69756e-06 0)
(0.000826757 2.65965e-06 0)
(0.000827068 2.63671e-06 0)
(0.000828567 2.60419e-06 0)
(0.000290593 3.97658e-05 0)
(0.000304181 3.88182e-05 0)
(0.000317465 3.77322e-05 0)
(0.000330405 3.6525e-05 0)
(0.00034297 3.52145e-05 0)
(0.000355131 3.3819e-05 0)
(0.000366869 3.23559e-05 0)
(0.000378164 3.08419e-05 0)
(0.000389006 2.92929e-05 0)
(0.000399384 2.77235e-05 0)
(0.000409295 2.61474e-05 0)
(0.000418736 2.45768e-05 0)
(0.000427708 2.3023e-05 0)
(0.000436216 2.14959e-05 0)
(0.000444266 2.00042e-05 0)
(0.000451867 1.85555e-05 0)
(0.000459029 1.71563e-05 0)
(0.000465764 1.58119e-05 0)
(0.000472087 1.45268e-05 0)
(0.000478011 1.33044e-05 0)
(0.000483552 1.21472e-05 0)
(0.000488726 1.10569e-05 0)
(0.000493551 1.00343e-05 0)
(0.000498044 9.07987e-06 0)
(0.000502222 8.19314e-06 0)
(0.000506104 7.37324e-06 0)
(0.000509707 6.61876e-06 0)
(0.000513048 5.92786e-06 0)
(0.000516146 5.29835e-06 0)
(0.000519016 4.72776e-06 0)
(0.000521677 4.21332e-06 0)
(0.000524145 3.75209e-06 0)
(0.000526434 3.34098e-06 0)
(0.00052856 2.97678e-06 0)
(0.000530538 2.65624e-06 0)
(0.000532381 2.3761e-06 0)
(0.000534103 2.13313e-06 0)
(0.000535715 1.92418e-06 0)
(0.000537228 1.74617e-06 0)
(0.000538655 1.59615e-06 0)
(0.000540004 1.47128e-06 0)
(0.000541284 1.36888e-06 0)
(0.000542504 1.28641e-06 0)
(0.000543672 1.2215e-06 0)
(0.000544795 1.17192e-06 0)
(0.000545877 1.13563e-06 0)
(0.000546926 1.11072e-06 0)
(0.000547946 1.09544e-06 0)
(0.000548941 1.08822e-06 0)
(0.000549915 1.08756e-06 0)
(0.000550871 1.09205e-06 0)
(0.000551811 1.10039e-06 0)
(0.000552737 1.11147e-06 0)
(0.000553652 1.12442e-06 0)
(0.000554558 1.13855e-06 0)
(0.000555454 1.15331e-06 0)
(0.000556344 1.1682e-06 0)
(0.000557226 1.18279e-06 0)
(0.000558102 1.19674e-06 0)
(0.000558971 1.20972e-06 0)
(0.000559835 1.22146e-06 0)
(0.000560693 1.23172e-06 0)
(0.000561544 1.24032e-06 0)
(0.000562389 1.24708e-06 0)
(0.000563228 1.25185e-06 0)
(0.000564059 1.25454e-06 0)
(0.000564883 1.25497e-06 0)
(0.0005657 1.25318e-06 0)
(0.000566507 1.24893e-06 0)
(0.000567307 1.24241e-06 0)
(0.000568095 1.23329e-06 0)
(0.000568875 1.22204e-06 0)
(0.000569642 1.20813e-06 0)
(0.000570401 1.19241e-06 0)
(0.000571143 1.17412e-06 0)
(0.00057188 1.1546e-06 0)
(0.000572595 1.13272e-06 0)
(0.00057331 1.11047e-06 0)
(0.000573994 1.08614e-06 0)
(0.00057469 1.06264e-06 0)
(0.000575338 1.03723e-06 0)
(0.000576023 1.01441e-06 0)
(0.000576625 9.8932e-07 0)
(0.000577313 9.69604e-07 0)
(0.000577854 9.46151e-07 0)
(0.000578571 9.32331e-07 0)
(0.000579019 9.12105e-07 0)
(0.000579816 9.06729e-07 0)
(0.000580108 8.92968e-07 0)
(0.000581087 8.96562e-07 0)
(3.73914e-05 7.1102e-06 0)
(4.81017e-05 6.88472e-06 0)
(5.85298e-05 6.62008e-06 0)
(6.86353e-05 6.32247e-06 0)
(7.83839e-05 5.9982e-06 0)
(8.77468e-05 5.65345e-06 0)
(9.67013e-05 5.29409e-06 0)
(0.00010523 4.92564e-06 0)
(0.00011332 4.55318e-06 0)
(0.000120965 4.18131e-06 0)
(0.00012816 3.81415e-06 0)
(0.000134907 3.4553e-06 0)
(0.000141211 3.10784e-06 0)
(0.000147078 2.77438e-06 0)
(0.00015252 2.45703e-06 0)
(0.000157548 2.15744e-06 0)
(0.000162179 1.87684e-06 0)
(0.000166427 1.61604e-06 0)
(0.000170312 1.37549e-06 0)
(0.000173851 1.15535e-06 0)
(0.000177064 9.55468e-07 0)
(0.000179972 7.75446e-07 0)
(0.000182594 6.14681e-07 0)
(0.00018495 4.72391e-07 0)
(0.000187061 3.4765e-07 0)
(0.000188946 2.39427e-07 0)
(0.000190624 1.46615e-07 0)
(0.000192114 6.80614e-08 0)
(0.000193432 2.58735e-09 0)
(0.000194597 -5.09856e-08 0)
(0.000195624 -9.38175e-08 0)
(0.000196529 -1.27033e-07 0)
(0.000197325 -1.51707e-07 0)
(0.000198025 -1.6886e-07 0)
(0.000198642 -1.79449e-07 0)
(0.000199187 -1.84365e-07 0)
(0.000199671 -1.84432e-07 0)
(0.000200102 -1.80401e-07 0)
(0.000200489 -1.72957e-07 0)
(0.000200839 -1.62719e-07 0)
(0.00020116 -1.50245e-07 0)
(0.000201457 -1.36033e-07 0)
(0.000201736 -1.20531e-07 0)
(0.000202002 -1.04132e-07 0)
(0.000202257 -8.71884e-08 0)
(0.000202506 -7.00067e-08 0)
(0.000202752 -5.28517e-08 0)
(0.000202996 -3.5947e-08 0)
(0.000203242 -1.94769e-08 0)
(0.00020349 -3.59e-09 0)
(0.000203742 1.16011e-08 0)
(0.000203998 2.60177e-08 0)
(0.00020426 3.9609e-08 0)
(0.000204527 5.2326e-08 0)
(0.000204801 6.41196e-08 0)
(0.00020508 7.49537e-08 0)
(0.000205365 8.48116e-08 0)
(0.000205656 9.36902e-08 0)
(0.000205952 1.01602e-07 0)
(0.000206252 1.08567e-07 0)
(0.000206558 1.14617e-07 0)
(0.000206867 1.19789e-07 0)
(0.00020718 1.24126e-07 0)
(0.000207495 1.27668e-07 0)
(0.000207812 1.3046e-07 0)
(0.000208131 1.32545e-07 0)
(0.000208451 1.33962e-07 0)
(0.000208771 1.34759e-07 0)
(0.00020909 1.34967e-07 0)
(0.000209408 1.34651e-07 0)
(0.000209724 1.33833e-07 0)
(0.000210037 1.32625e-07 0)
(0.000210347 1.31022e-07 0)
(0.000210653 1.29209e-07 0)
(0.000210955 1.27098e-07 0)
(0.000211252 1.25007e-07 0)
(0.000211543 1.22676e-07 0)
(0.000211828 1.20678e-07 0)
(0.000212107 1.18416e-07 0)
(0.000212382 1.16943e-07 0)
(0.000212648 1.15025e-07 0)
(0.000212911 1.14618e-07 0)
(0.000213164 1.13263e-07 0)
(0.000213418 1.14672e-07 0)
(0.000213658 1.13919e-07 0)
(0.000213909 1.1836e-07 0)
(0.000214132 1.17648e-07 0)
(0.000214394 1.27459e-07 0)
(0.000214582 1.24284e-07 0)
(0.000214923 1.43793e-07 0)
)
;

boundaryField
{
    inlet
    {
        type            fixedValue;
        value           nonuniform List<vector> 0();
    }
    outlet
    {
        type            zeroGradient;
    }
    wall
    {
        type            noSlip;
    }
    obstacle
    {
        type            noSlip;
    }
    frontAndBack
    {
        type            empty;
    }
    procBoundary3to2
    {
        type            processor;
        value           nonuniform List<vector> 
31
(
(3.71025e-05 -7.15203e-06 0)
(0.000290232 -3.99288e-05 0)
(0.000593043 -6.77048e-05 0)
(0.000894219 -8.47044e-05 0)
(0.00111646 -8.65929e-05 0)
(0.0012239 -7.76509e-05 0)
(0.00126334 -6.46197e-05 0)
(0.00130798 -5.42181e-05 0)
(0.0013795 -4.55859e-05 0)
(0.00143695 -3.67616e-05 0)
(0.0014252 -2.6681e-05 0)
(0.00131808 -1.62939e-05 0)
(0.00112565 -7.01564e-06 0)
(0.000889522 -4.79172e-07 0)
(0.000718251 8.61345e-07 0)
(0.000718251 8.61345e-07 0)
(0.000714215 -8.32269e-07 0)
(0.000881898 1.1809e-06 0)
(0.00112031 9.11188e-06 0)
(0.00131606 1.95248e-05 0)
(0.00142559 3.03769e-05 0)
(0.00143868 4.02373e-05 0)
(0.00138184 4.84912e-05 0)
(0.00131092 5.65669e-05 0)
(0.00126728 6.66575e-05 0)
(0.00122802 7.95327e-05 0)
(0.00111827 8.82331e-05 0)
(0.000890943 8.60542e-05 0)
(0.000583591 6.8695e-05 0)
(0.000276746 4.0557e-05 0)
(2.64451e-05 7.29102e-06 0)
)
;
    }
}


// ************************************************************************* //
