/*--------------------------------*- C++ -*----------------------------------*\
| =========                 |                                                 |
| \\      /  F ield         | OpenFOAM: The Open Source CFD Toolbox           |
|  \\    /   O peration     | Version:  2312                                  |
|   \\  /    A nd           | Website:  www.openfoam.com                      |
|    \\/     M anipulation  |                                                 |
\*---------------------------------------------------------------------------*/
FoamFile
{
    version     2.0;
    format      ascii;
    arch        "LSB;label=32;scalar=64";
    class       volVectorField;
    location    "53000";
    object      U;
}
// * * * * * * * * * * * * * * * * * * * * * * * * * * * * * * * * * * * * * //

dimensions      [0 1 -1 0 0 0 0];

internalField   nonuniform List<vector> 
2685
(
(0.000235772 -2.19937e-07 0)
(0.000237491 -1.72082e-07 0)
(0.000239048 -1.31821e-07 0)
(0.000240455 -9.79861e-08 0)
(0.000241726 -6.95274e-08 0)
(0.000242873 -4.55439e-08 0)
(0.000243907 -2.52956e-08 0)
(0.000244838 -8.20706e-09 0)
(0.000245677 6.14083e-09 0)
(0.000246433 1.8028e-08 0)
(0.000247116 2.76211e-08 0)
(0.000247733 3.50036e-08 0)
(0.000248293 4.0207e-08 0)
(0.000248803 4.32395e-08 0)
(0.00024927 4.41092e-08 0)
(0.0002497 4.28424e-08 0)
(0.000250098 3.94967e-08 0)
(0.00025047 3.41696e-08 0)
(0.000250819 2.70062e-08 0)
(0.00025115 1.82033e-08 0)
(0.000251465 8.01182e-09 0)
(0.000251766 -3.2638e-09 0)
(0.000252057 -1.52707e-08 0)
(0.000252339 -2.7617e-08 0)
(0.000252613 -3.98881e-08 0)
(0.000252881 -5.16695e-08 0)
(0.000253143 -6.25729e-08 0)
(0.0002534 -7.22604e-08 0)
(0.000253653 -8.04632e-08 0)
(0.000253901 -8.69943e-08 0)
(0.000254143 -9.17554e-08 0)
(0.00025438 -9.47345e-08 0)
(0.000254609 -9.59971e-08 0)
(0.000254832 -9.56785e-08 0)
(0.000255047 -9.39754e-08 0)
(0.000255252 -9.11339e-08 0)
(0.000255448 -8.74352e-08 0)
(0.000255634 -8.31868e-08 0)
(0.000255809 -7.87102e-08 0)
(0.000255972 -7.43229e-08 0)
(0.000256124 -7.03147e-08 0)
(0.000256263 -6.69219e-08 0)
(0.000256391 -6.43028e-08 0)
(0.000256506 -6.25176e-08 0)
(0.00025661 -6.15225e-08 0)
(0.000256701 -6.11813e-08 0)
(0.000256781 -6.12934e-08 0)
(0.000256851 -6.1634e-08 0)
(0.00025691 -6.19959e-08 0)
(0.000256959 -6.22234e-08 0)
(0.000257 -6.22305e-08 0)
(0.000257033 -6.20003e-08 0)
(0.000257058 -6.1568e-08 0)
(0.000257076 -6.09944e-08 0)
(0.000257088 -6.034e-08 0)
(0.000257095 -5.96435e-08 0)
(0.000257096 -5.88783e-08 0)
(0.000257093 -5.79609e-08 0)
(0.000257087 -5.69313e-08 0)
(0.000257076 -5.56735e-08 0)
(0.000257063 -5.40043e-08 0)
(0.000257046 -5.16938e-08 0)
(0.000257026 -4.84686e-08 0)
(0.000257003 -4.42906e-08 0)
(0.000256978 -3.9138e-08 0)
(0.000256951 -3.30833e-08 0)
(0.000256923 -2.62991e-08 0)
(0.000256895 -1.90389e-08 0)
(0.000256867 -1.16078e-08 0)
(0.000256839 -4.32932e-09 0)
(0.000256814 2.48866e-09 0)
(0.00025679 8.57685e-09 0)
(0.000256769 1.3721e-08 0)
(0.00025675 1.77979e-08 0)
(0.000256734 2.0833e-08 0)
(0.000256719 2.29347e-08 0)
(0.000256706 2.41478e-08 0)
(0.000256695 2.45025e-08 0)
(0.000256685 2.40779e-08 0)
(0.000256676 2.29874e-08 0)
(0.000256667 2.13651e-08 0)
(0.000256658 1.93634e-08 0)
(0.00025665 1.71162e-08 0)
(0.000256642 1.47721e-08 0)
(0.000256634 1.2403e-08 0)
(0.000256627 1.00975e-08 0)
(0.00025662 7.85907e-09 0)
(0.000256614 5.68115e-09 0)
(0.000256608 3.08334e-09 0)
(0.000599012 -7.518e-06 0)
(0.00060316 -6.83806e-06 0)
(0.000607063 -6.20837e-06 0)
(0.00061073 -5.62777e-06 0)
(0.000614171 -5.09486e-06 0)
(0.000617396 -4.60797e-06 0)
(0.000620415 -4.16524e-06 0)
(0.00062324 -3.76461e-06 0)
(0.000625881 -3.40392e-06 0)
(0.000628351 -3.08095e-06 0)
(0.00063066 -2.79344e-06 0)
(0.000632821 -2.53912e-06 0)
(0.000634846 -2.31566e-06 0)
(0.000636746 -2.12064e-06 0)
(0.000638533 -1.9515e-06 0)
(0.000640217 -1.80554e-06 0)
(0.000641809 -1.67999e-06 0)
(0.000643319 -1.57204e-06 0)
(0.000644755 -1.47905e-06 0)
(0.000646125 -1.39855e-06 0)
(0.000647436 -1.32841e-06 0)
(0.000648693 -1.26685e-06 0)
(0.000649903 -1.21248e-06 0)
(0.000651068 -1.16428e-06 0)
(0.000652193 -1.12147e-06 0)
(0.000653281 -1.08335e-06 0)
(0.000654331 -1.04913e-06 0)
(0.000655346 -1.01779e-06 0)
(0.000656325 -9.88175e-07 0)
(0.000657269 -9.59133e-07 0)
(0.000658176 -9.29731e-07 0)
(0.000659046 -8.99327e-07 0)
(0.000659877 -8.67543e-07 0)
(0.000660669 -8.34173e-07 0)
(0.000661422 -7.99091e-07 0)
(0.000662135 -7.62206e-07 0)
(0.000662807 -7.23439e-07 0)
(0.000663438 -6.82733e-07 0)
(0.00066403 -6.40063e-07 0)
(0.000664583 -5.95461e-07 0)
(0.000665098 -5.49046e-07 0)
(0.000665575 -5.01058e-07 0)
(0.000666017 -4.51894e-07 0)
(0.000666424 -4.02099e-07 0)
(0.0006668 -3.52336e-07 0)
(0.000667145 -3.03323e-07 0)
(0.00066746 -2.55761e-07 0)
(0.000667748 -2.10277e-07 0)
(0.000668009 -1.67391e-07 0)
(0.000668243 -1.27494e-07 0)
(0.000668453 -9.08488e-08 0)
(0.000668638 -5.75687e-08 0)
(0.0006688 -2.76146e-08 0)
(0.000668941 -8.11688e-10 0)
(0.000669062 2.31077e-08 0)
(0.000669165 4.44735e-08 0)
(0.000669251 6.36932e-08 0)
(0.000669322 8.11682e-08 0)
(0.000669379 9.71241e-08 0)
(0.000669424 1.11772e-07 0)
(0.000669457 1.25194e-07 0)
(0.000669481 1.37228e-07 0)
(0.000669494 1.47391e-07 0)
(0.000669497 1.55169e-07 0)
(0.00066949 1.59899e-07 0)
(0.000669475 1.61009e-07 0)
(0.00066945 1.58164e-07 0)
(0.000669418 1.51334e-07 0)
(0.000669379 1.40831e-07 0)
(0.000669335 1.27284e-07 0)
(0.000669287 1.11575e-07 0)
(0.000669238 9.47255e-08 0)
(0.000669188 7.77984e-08 0)
(0.000669138 6.1757e-08 0)
(0.000669091 4.73717e-08 0)
(0.000669046 3.53298e-08 0)
(0.000669003 2.60323e-08 0)
(0.000668963 1.94905e-08 0)
(0.000668926 1.54554e-08 0)
(0.000668891 1.35183e-08 0)
(0.000668859 1.31675e-08 0)
(0.000668831 1.39241e-08 0)
(0.000668805 1.51915e-08 0)
(0.000668782 1.67831e-08 0)
(0.000668761 1.78437e-08 0)
(0.000668744 1.91429e-08 0)
(0.000668727 1.86202e-08 0)
(0.000668715 1.94227e-08 0)
(0.000668698 1.64796e-08 0)
(0.000820419 -1.89528e-05 0)
(0.000824242 -1.7803e-05 0)
(0.000827943 -1.67039e-05 0)
(0.000831523 -1.56551e-05 0)
(0.000834983 -1.46565e-05 0)
(0.000838324 -1.37083e-05 0)
(0.000841546 -1.28109e-05 0)
(0.000844651 -1.1965e-05 0)
(0.000847638 -1.11712e-05 0)
(0.000850511 -1.04302e-05 0)
(0.000853272 -9.74273e-06 0)
(0.000855926 -9.1089e-06 0)
(0.000858479 -8.52846e-06 0)
(0.000860937 -8.00051e-06 0)
(0.000863306 -7.52347e-06 0)
(0.000865592 -7.09506e-06 0)
(0.000867801 -6.71247e-06 0)
(0.000869938 -6.37243e-06 0)
(0.000872007 -6.0714e-06 0)
(0.000874012 -5.80564e-06 0)
(0.000875958 -5.57126e-06 0)
(0.00087785 -5.36417e-06 0)
(0.000879693 -5.1801e-06 0)
(0.000881495 -5.01452e-06 0)
(0.000883261 -4.86267e-06 0)
(0.000884997 -4.71973e-06 0)
(0.000886709 -4.58104e-06 0)
(0.0008884 -4.44238e-06 0)
(0.000890071 -4.30033e-06 0)
(0.000891721 -4.15247e-06 0)
(0.000893347 -3.9975e-06 0)
(0.000894944 -3.83514e-06 0)
(0.000896507 -3.66593e-06 0)
(0.000898029 -3.49098e-06 0)
(0.000899503 -3.3117e-06 0)
(0.000900921 -3.1296e-06 0)
(0.000902279 -2.94624e-06 0)
(0.000903571 -2.76321e-06 0)
(0.000904793 -2.58217e-06 0)
(0.000905945 -2.40481e-06 0)
(0.000907024 -2.23283e-06 0)
(0.000908032 -2.06774e-06 0)
(0.000908972 -1.91073e-06 0)
(0.000909846 -1.76246e-06 0)
(0.000910658 -1.62293e-06 0)
(0.000911413 -1.49145e-06 0)
(0.000912112 -1.36687e-06 0)
(0.00091276 -1.24792e-06 0)
(0.000913359 -1.13352e-06 0)
(0.000913912 -1.02315e-06 0)
(0.000914421 -9.16878e-07 0)
(0.00091489 -8.15283e-07 0)
(0.000915321 -7.19116e-07 0)
(0.000915718 -6.29005e-07 0)
(0.000916084 -5.4539e-07 0)
(0.000916423 -4.68646e-07 0)
(0.000916737 -3.9913e-07 0)
(0.000917028 -3.36911e-07 0)
(0.000917297 -2.81283e-07 0)
(0.000917543 -2.30824e-07 0)
(0.000917767 -1.83717e-07 0)
(0.000917968 -1.38387e-07 0)
(0.000918147 -9.3868e-08 0)
(0.000918305 -4.95659e-08 0)
(0.000918445 -5.5588e-09 0)
(0.00091857 3.74709e-08 0)
(0.000918683 7.84159e-08 0)
(0.000918789 1.15943e-07 0)
(0.00091889 1.48767e-07 0)
(0.000918989 1.75884e-07 0)
(0.000919086 1.96807e-07 0)
(0.000919182 2.11583e-07 0)
(0.000919275 2.20768e-07 0)
(0.000919361 2.25001e-07 0)
(0.000919438 2.2487e-07 0)
(0.000919502 2.20824e-07 0)
(0.00091955 2.13568e-07 0)
(0.000919583 2.03662e-07 0)
(0.000919597 1.91732e-07 0)
(0.000919594 1.78312e-07 0)
(0.000919573 1.6372e-07 0)
(0.00091954 1.48778e-07 0)
(0.000919491 1.33015e-07 0)
(0.000919439 1.18745e-07 0)
(0.000919372 1.02951e-07 0)
(0.000919319 9.1419e-08 0)
(0.000919239 7.54727e-08 0)
(0.000919202 6.8706e-08 0)
(0.00091911 5.15764e-08 0)
(0.000968067 -2.47925e-05 0)
(0.000969257 -2.35677e-05 0)
(0.000970456 -2.23961e-05 0)
(0.000971659 -2.12764e-05 0)
(0.000972866 -2.02068e-05 0)
(0.000974074 -1.91855e-05 0)
(0.000975283 -1.82114e-05 0)
(0.00097649 -1.72845e-05 0)
(0.000977694 -1.6406e-05 0)
(0.000978892 -1.55784e-05 0)
(0.000980084 -1.48048e-05 0)
(0.000981268 -1.4088e-05 0)
(0.000982447 -1.34293e-05 0)
(0.000983622 -1.28279e-05 0)
(0.000984799 -1.22806e-05 0)
(0.000985982 -1.17823e-05 0)
(0.000987178 -1.1327e-05 0)
(0.000988389 -1.09089e-05 0)
(0.000989619 -1.05234e-05 0)
(0.000990868 -1.01679e-05 0)
(0.000992136 -9.84181e-06 0)
(0.000993422 -9.54608e-06 0)
(0.000994726 -9.28215e-06 0)
(0.000996048 -9.05081e-06 0)
(0.000997389 -8.8511e-06 0)
(0.000998753 -8.67957e-06 0)
(0.00100014 -8.53019e-06 0)
(0.00100157 -8.39466e-06 0)
(0.00100302 -8.26335e-06 0)
(0.00100451 -8.12642e-06 0)
(0.00100604 -7.97492e-06 0)
(0.0010076 -7.80164e-06 0)
(0.00100918 -7.60168e-06 0)
(0.00101077 -7.3725e-06 0)
(0.00101237 -7.11383e-06 0)
(0.00101396 -6.82739e-06 0)
(0.00101552 -6.51653e-06 0)
(0.00101705 -6.18595e-06 0)
(0.00101853 -5.84139e-06 0)
(0.00101995 -5.48921e-06 0)
(0.00102131 -5.13591e-06 0)
(0.00102259 -4.78753e-06 0)
(0.0010238 -4.44901e-06 0)
(0.00102493 -4.1238e-06 0)
(0.00102599 -3.81365e-06 0)
(0.00102697 -3.5188e-06 0)
(0.00102788 -3.23853e-06 0)
(0.00102872 -2.97191e-06 0)
(0.00102949 -2.71845e-06 0)
(0.0010302 -2.47863e-06 0)
(0.00103086 -2.25381e-06 0)
(0.00103146 -2.0458e-06 0)
(0.00103201 -1.85611e-06 0)
(0.00103252 -1.68519e-06 0)
(0.00103299 -1.53197e-06 0)
(0.00103342 -1.39374e-06 0)
(0.00103383 -1.2666e-06 0)
(0.0010342 -1.14622e-06 0)
(0.00103455 -1.02883e-06 0)
(0.00103488 -9.12139e-07 0)
(0.00103517 -7.95954e-07 0)
(0.00103544 -6.82254e-07 0)
(0.00103568 -5.74801e-07 0)
(0.00103589 -4.78587e-07 0)
(0.00103607 -3.98395e-07 0)
(0.00103623 -3.37719e-07 0)
(0.00103637 -2.9793e-07 0)
(0.0010365 -2.77921e-07 0)
(0.00103663 -2.74152e-07 0)
(0.00103676 -2.81198e-07 0)
(0.0010369 -2.92459e-07 0)
(0.00103705 -3.01179e-07 0)
(0.00103721 -3.0138e-07 0)
(0.00103738 -2.8858e-07 0)
(0.00103756 -2.60526e-07 0)
(0.00103775 -2.16846e-07 0)
(0.00103793 -1.60275e-07 0)
(0.0010381 -9.32842e-08 0)
(0.00103826 -2.24722e-08 0)
(0.00103839 5.06162e-08 0)
(0.00103849 1.15914e-07 0)
(0.00103857 1.77994e-07 0)
(0.00103861 2.2114e-07 0)
(0.00103864 2.62335e-07 0)
(0.00103862 2.74469e-07 0)
(0.00103863 2.94711e-07 0)
(0.00103855 2.75749e-07 0)
(0.00103854 2.82234e-07 0)
(0.00103843 2.40169e-07 0)
(0.00106355 -2.40924e-05 0)
(0.0010626 -2.29754e-05 0)
(0.00106171 -2.19024e-05 0)
(0.00106089 -2.08721e-05 0)
(0.00106013 -1.98848e-05 0)
(0.00105944 -1.89407e-05 0)
(0.00105881 -1.80402e-05 0)
(0.00105823 -1.7183e-05 0)
(0.00105771 -1.63692e-05 0)
(0.00105724 -1.56003e-05 0)
(0.00105681 -1.48802e-05 0)
(0.00105643 -1.42149e-05 0)
(0.00105608 -1.36117e-05 0)
(0.00105577 -1.30774e-05 0)
(0.00105549 -1.26157e-05 0)
(0.00105524 -1.22263e-05 0)
(0.00105504 -1.19042e-05 0)
(0.00105488 -1.16408e-05 0)
(0.00105478 -1.14255e-05 0)
(0.00105473 -1.12484e-05 0)
(0.00105475 -1.11015e-05 0)
(0.00105483 -1.09798e-05 0)
(0.00105498 -1.08819e-05 0)
(0.0010552 -1.08082e-05 0)
(0.0010555 -1.07599e-05 0)
(0.00105586 -1.07369e-05 0)
(0.0010563 -1.07365e-05 0)
(0.00105681 -1.07524e-05 0)
(0.0010574 -1.07748e-05 0)
(0.00105808 -1.07912e-05 0)
(0.00105883 -1.07878e-05 0)
(0.00105967 -1.0751e-05 0)
(0.00106058 -1.06691e-05 0)
(0.00106157 -1.05331e-05 0)
(0.00106262 -1.03376e-05 0)
(0.00106373 -1.00808e-05 0)
(0.00106488 -9.76448e-06 0)
(0.00106606 -9.39351e-06 0)
(0.00106725 -8.97541e-06 0)
(0.00106843 -8.51989e-06 0)
(0.00106959 -8.03814e-06 0)
(0.00107072 -7.54203e-06 0)
(0.0010718 -7.04303e-06 0)
(0.00107282 -6.55122e-06 0)
(0.00107378 -6.07435e-06 0)
(0.00107467 -5.61737e-06 0)
(0.0010755 -5.18249e-06 0)
(0.00107626 -4.76989e-06 0)
(0.00107695 -4.37872e-06 0)
(0.00107758 -4.00835e-06 0)
(0.00107816 -3.65914e-06 0)
(0.00107868 -3.33272e-06 0)
(0.00107914 -3.03158e-06 0)
(0.00107956 -2.75809e-06 0)
(0.00107994 -2.51334e-06 0)
(0.00108028 -2.29621e-06 0)
(0.00108058 -2.10291e-06 0)
(0.00108086 -1.9273e-06 0)
(0.00108112 -1.76195e-06 0)
(0.00108135 -1.59973e-06 0)
(0.00108157 -1.43548e-06 0)
(0.00108177 -1.26739e-06 0)
(0.00108196 -1.09754e-06 0)
(0.00108212 -9.31542e-07 0)
(0.00108226 -7.77505e-07 0)
(0.00108238 -6.44264e-07 0)
(0.00108247 -5.39635e-07 0)
(0.00108255 -4.68676e-07 0)
(0.00108262 -4.32755e-07 0)
(0.00108268 -4.28865e-07 0)
(0.00108275 -4.50439e-07 0)
(0.00108282 -4.87541e-07 0)
(0.0010829 -5.29575e-07 0)
(0.00108299 -5.64764e-07 0)
(0.0010831 -5.84947e-07 0)
(0.00108323 -5.8146e-07 0)
(0.00108337 -5.5394e-07 0)
(0.00108351 -4.97885e-07 0)
(0.00108366 -4.22947e-07 0)
(0.00108381 -3.24764e-07 0)
(0.00108394 -2.23686e-07 0)
(0.00108407 -1.07985e-07 0)
(0.00108417 -1.01387e-08 0)
(0.00108427 9.67943e-08 0)
(0.00108432 1.66564e-07 0)
(0.00108438 2.46666e-07 0)
(0.00108438 2.78831e-07 0)
(0.00108441 3.22924e-07 0)
(0.00108438 3.26581e-07 0)
(0.00109517 -2.05101e-05 0)
(0.00109354 -1.95767e-05 0)
(0.001092 -1.8695e-05 0)
(0.00109055 -1.78613e-05 0)
(0.00108921 -1.70718e-05 0)
(0.00108796 -1.63232e-05 0)
(0.00108683 -1.56116e-05 0)
(0.0010858 -1.49337e-05 0)
(0.00108488 -1.42867e-05 0)
(0.00108406 -1.36696e-05 0)
(0.00108335 -1.30841e-05 0)
(0.00108273 -1.25352e-05 0)
(0.0010822 -1.20299e-05 0)
(0.00108176 -1.15765e-05 0)
(0.0010814 -1.11819e-05 0)
(0.00108111 -1.08506e-05 0)
(0.00108087 -1.05835e-05 0)
(0.00108069 -1.03782e-05 0)
(0.00108056 -1.02297e-05 0)
(0.00108047 -1.01322e-05 0)
(0.00108043 -1.00802e-05 0)
(0.00108043 -1.00697e-05 0)
(0.00108047 -1.00983e-05 0)
(0.00108055 -1.01647e-05 0)
(0.00108068 -1.02681e-05 0)
(0.00108086 -1.04069e-05 0)
(0.00108108 -1.05774e-05 0)
(0.00108134 -1.07732e-05 0)
(0.00108164 -1.09847e-05 0)
(0.00108199 -1.11993e-05 0)
(0.00108239 -1.14024e-05 0)
(0.00108284 -1.1578e-05 0)
(0.00108335 -1.17102e-05 0)
(0.00108391 -1.17845e-05 0)
(0.00108454 -1.17886e-05 0)
(0.00108523 -1.17134e-05 0)
(0.00108597 -1.15534e-05 0)
(0.00108677 -1.13072e-05 0)
(0.00108761 -1.09779e-05 0)
(0.00108847 -1.05723e-05 0)
(0.00108935 -1.01012e-05 0)
(0.00109023 -9.57819e-06 0)
(0.00109109 -9.01839e-06 0)
(0.00109191 -8.43718e-06 0)
(0.0010927 -7.84871e-06 0)
(0.00109342 -7.2648e-06 0)
(0.00109409 -6.69435e-06 0)
(0.0010947 -6.14344e-06 0)
(0.00109523 -5.61603e-06 0)
(0.00109571 -5.11491e-06 0)
(0.00109612 -4.64263e-06 0)
(0.00109647 -4.20205e-06 0)
(0.00109678 -3.79623e-06 0)
(0.00109703 -3.42782e-06 0)
(0.00109725 -3.09806e-06 0)
(0.00109743 -2.80583e-06 0)
(0.00109758 -2.54719e-06 0)
(0.0010977 -2.31559e-06 0)
(0.0010978 -2.10278e-06 0)
(0.00109788 -1.90045e-06 0)
(0.00109794 -1.70194e-06 0)
(0.00109799 -1.50379e-06 0)
(0.00109803 -1.30666e-06 0)
(0.00109805 -1.11523e-06 0)
(0.00109807 -9.37347e-07 0)
(0.00109809 -7.82307e-07 0)
(0.00109809 -6.59082e-07 0)
(0.0010981 -5.74073e-07 0)
(0.00109811 -5.30218e-07 0)
(0.00109811 -5.25409e-07 0)
(0.00109812 -5.53816e-07 0)
(0.00109813 -6.04791e-07 0)
(0.00109815 -6.67109e-07 0)
(0.00109817 -7.263e-07 0)
(0.0010982 -7.72718e-07 0)
(0.00109825 -7.935e-07 0)
(0.0010983 -7.87307e-07 0)
(0.00109836 -7.44976e-07 0)
(0.00109842 -6.77483e-07 0)
(0.0010985 -5.76258e-07 0)
(0.00109857 -4.6567e-07 0)
(0.00109864 -3.30908e-07 0)
(0.0010987 -2.09293e-07 0)
(0.00109877 -7.29755e-08 0)
(0.00109882 3.03659e-08 0)
(0.00109888 1.41013e-07 0)
(0.00109891 2.12058e-07 0)
(0.00109894 2.76714e-07 0)
(0.00109897 3.23187e-07 0)
(0.00108939 -1.65209e-05 0)
(0.0010875 -1.5797e-05 0)
(0.00108571 -1.51376e-05 0)
(0.00108403 -1.45417e-05 0)
(0.00108245 -1.40071e-05 0)
(0.001081 -1.35298e-05 0)
(0.00107967 -1.31042e-05 0)
(0.00107848 -1.27239e-05 0)
(0.00107744 -1.23825e-05 0)
(0.00107654 -1.20755e-05 0)
(0.0010758 -1.18005e-05 0)
(0.00107522 -1.15577e-05 0)
(0.00107479 -1.13485e-05 0)
(0.00107451 -1.11749e-05 0)
(0.00107439 -1.10378e-05 0)
(0.0010744 -1.09371e-05 0)
(0.00107455 -1.0871e-05 0)
(0.00107482 -1.08371e-05 0)
(0.0010752 -1.08329e-05 0)
(0.00107568 -1.08566e-05 0)
(0.00107626 -1.09071e-05 0)
(0.00107691 -1.09841e-05 0)
(0.00107763 -1.10874e-05 0)
(0.00107842 -1.12165e-05 0)
(0.00107926 -1.13704e-05 0)
(0.00108014 -1.15468e-05 0)
(0.00108106 -1.17425e-05 0)
(0.001082 -1.19534e-05 0)
(0.00108296 -1.21738e-05 0)
(0.00108394 -1.23969e-05 0)
(0.00108494 -1.26144e-05 0)
(0.00108596 -1.2816e-05 0)
(0.00108699 -1.29896e-05 0)
(0.00108804 -1.31219e-05 0)
(0.00108911 -1.31984e-05 0)
(0.00109021 -1.32048e-05 0)
(0.00109132 -1.31284e-05 0)
(0.00109244 -1.29593e-05 0)
(0.00109357 -1.26922e-05 0)
(0.00109468 -1.23267e-05 0)
(0.00109577 -1.18681e-05 0)
(0.00109682 -1.1327e-05 0)
(0.00109783 -1.07179e-05 0)
(0.00109876 -1.00578e-05 0)
(0.00109962 -9.36463e-06 0)
(0.0011004 -8.6554e-06 0)
(0.00110109 -7.94533e-06 0)
(0.00110168 -7.24716e-06 0)
(0.00110219 -6.57131e-06 0)
(0.00110261 -5.92625e-06 0)
(0.00110294 -5.31895e-06 0)
(0.0011032 -4.75521e-06 0)
(0.0011034 -4.23957e-06 0)
(0.00110354 -3.77483e-06 0)
(0.00110363 -3.36148e-06 0)
(0.00110368 -2.9972e-06 0)
(0.00110369 -2.67678e-06 0)
(0.00110367 -2.39259e-06 0)
(0.00110363 -2.13573e-06 0)
(0.00110357 -1.89749e-06 0)
(0.00110349 -1.67097e-06 0)
(0.00110341 -1.4524e-06 0)
(0.00110332 -1.24191e-06 0)
(0.00110323 -1.04329e-06 0)
(0.00110315 -8.63356e-07 0)
(0.00110307 -7.10071e-07 0)
(0.001103 -5.9118e-07 0)
(0.00110294 -5.11878e-07 0)
(0.0011029 -4.74321e-07 0)
(0.00110285 -4.75748e-07 0)
(0.00110282 -5.10339e-07 0)
(0.00110279 -5.67414e-07 0)
(0.00110276 -6.36424e-07 0)
(0.00110274 -7.03127e-07 0)
(0.00110271 -7.58763e-07 0)
(0.00110269 -7.90374e-07 0)
(0.00110267 -7.96984e-07 0)
(0.00110266 -7.68692e-07 0)
(0.00110264 -7.15781e-07 0)
(0.00110264 -6.28987e-07 0)
(0.00110264 -5.30664e-07 0)
(0.00110264 -4.06968e-07 0)
(0.00110266 -2.90952e-07 0)
(0.00110267 -1.6011e-07 0)
(0.0011027 -5.32925e-08 0)
(0.00110272 5.64227e-08 0)
(0.00110276 1.39509e-07 0)
(0.00110277 2.0505e-07 0)
(0.00110282 2.70583e-07 0)
(0.00109217 -1.20064e-05 0)
(0.00108961 -1.149e-05 0)
(0.00108715 -1.10535e-05 0)
(0.0010848 -1.0699e-05 0)
(0.00108256 -1.04261e-05 0)
(0.00108044 -1.02317e-05 0)
(0.00107846 -1.01101e-05 0)
(0.00107661 -1.00539e-05 0)
(0.00107491 -1.00548e-05 0)
(0.00107338 -1.01057e-05 0)
(0.00107201 -1.0201e-05 0)
(0.00107082 -1.03371e-05 0)
(0.00106982 -1.05112e-05 0)
(0.00106901 -1.07208e-05 0)
(0.0010684 -1.09623e-05 0)
(0.00106799 -1.12309e-05 0)
(0.00106777 -1.15207e-05 0)
(0.00106775 -1.18252e-05 0)
(0.00106791 -1.21386e-05 0)
(0.00106824 -1.24558e-05 0)
(0.00106873 -1.27734e-05 0)
(0.00106937 -1.30893e-05 0)
(0.00107014 -1.34024e-05 0)
(0.00107104 -1.37121e-05 0)
(0.00107207 -1.40185e-05 0)
(0.0010732 -1.43219e-05 0)
(0.00107443 -1.46223e-05 0)
(0.00107576 -1.49195e-05 0)
(0.00107718 -1.5212e-05 0)
(0.00107868 -1.54968e-05 0)
(0.00108026 -1.57681e-05 0)
(0.0010819 -1.60169e-05 0)
(0.00108359 -1.62308e-05 0)
(0.00108533 -1.63939e-05 0)
(0.00108709 -1.6488e-05 0)
(0.00108886 -1.64943e-05 0)
(0.00109062 -1.63952e-05 0)
(0.00109235 -1.61766e-05 0)
(0.00109404 -1.58297e-05 0)
(0.00109567 -1.53526e-05 0)
(0.0010972 -1.47503e-05 0)
(0.00109864 -1.40349e-05 0)
(0.00109997 -1.32239e-05 0)
(0.00110117 -1.2339e-05 0)
(0.00110224 -1.14039e-05 0)
(0.00110318 -1.04424e-05 0)
(0.00110397 -9.47688e-06 0)
(0.00110464 -8.52765e-06 0)
(0.00110517 -7.61203e-06 0)
(0.00110559 -6.74431e-06 0)
(0.0011059 -5.9357e-06 0)
(0.00110611 -5.19422e-06 0)
(0.00110624 -4.52469e-06 0)
(0.0011063 -3.92857e-06 0)
(0.00110631 -3.40393e-06 0)
(0.00110626 -2.9457e-06 0)
(0.00110617 -2.5463e-06 0)
(0.00110605 -2.19653e-06 0)
(0.0011059 -1.88691e-06 0)
(0.00110573 -1.609e-06 0)
(0.00110555 -1.35656e-06 0)
(0.00110537 -1.12631e-06 0)
(0.00110518 -9.18145e-07 0)
(0.00110501 -7.34587e-07 0)
(0.00110484 -5.80015e-07 0)
(0.0011047 -4.59062e-07 0)
(0.00110457 -3.75596e-07 0)
(0.00110446 -3.30925e-07 0)
(0.00110437 -3.23959e-07 0)
(0.00110429 -3.49649e-07 0)
(0.00110421 -4.01208e-07 0)
(0.00110415 -4.68229e-07 0)
(0.00110409 -5.41377e-07 0)
(0.00110403 -6.08457e-07 0)
(0.00110396 -6.62711e-07 0)
(0.0011039 -6.93723e-07 0)
(0.00110384 -7.01636e-07 0)
(0.00110377 -6.78798e-07 0)
(0.00110372 -6.3441e-07 0)
(0.00110366 -5.61429e-07 0)
(0.00110362 -4.78184e-07 0)
(0.00110359 -3.74375e-07 0)
(0.00110357 -2.75647e-07 0)
(0.00110355 -1.66139e-07 0)
(0.00110356 -7.3834e-08 0)
(0.00110355 1.79967e-08 0)
(0.00110359 9.27306e-08 0)
(0.00110359 1.47818e-07 0)
(0.00110364 2.10128e-07 0)
(0.00113076 -5.17713e-06 0)
(0.00112708 -4.88394e-06 0)
(0.00112351 -4.67732e-06 0)
(0.00112005 -4.5628e-06 0)
(0.00111671 -4.54368e-06 0)
(0.00111349 -4.62016e-06 0)
(0.00111038 -4.78945e-06 0)
(0.0011074 -5.04655e-06 0)
(0.00110455 -5.3857e-06 0)
(0.00110183 -5.80181e-06 0)
(0.00109925 -6.29099e-06 0)
(0.00109682 -6.85e-06 0)
(0.00109455 -7.47448e-06 0)
(0.00109245 -8.15735e-06 0)
(0.00109053 -8.88796e-06 0)
(0.0010888 -9.65243e-06 0)
(0.00108728 -1.04337e-05 0)
(0.00108597 -1.12152e-05 0)
(0.00108487 -1.1984e-05 0)
(0.00108398 -1.27313e-05 0)
(0.0010833 -1.34532e-05 0)
(0.00108284 -1.41504e-05 0)
(0.00108257 -1.48262e-05 0)
(0.00108251 -1.54851e-05 0)
(0.00108265 -1.6131e-05 0)
(0.00108297 -1.67658e-05 0)
(0.00108349 -1.73891e-05 0)
(0.00108418 -1.79972e-05 0)
(0.00108504 -1.85837e-05 0)
(0.00108606 -1.9139e-05 0)
(0.00108722 -1.965e-05 0)
(0.00108851 -2.01009e-05 0)
(0.00108989 -2.04724e-05 0)
(0.00109135 -2.07433e-05 0)
(0.00109287 -2.08915e-05 0)
(0.00109441 -2.08957e-05 0)
(0.00109596 -2.07379e-05 0)
(0.00109748 -2.04054e-05 0)
(0.00109895 -1.98928e-05 0)
(0.00110036 -1.92026e-05 0)
(0.00110168 -1.83462e-05 0)
(0.00110289 -1.73426e-05 0)
(0.00110399 -1.62174e-05 0)
(0.00110496 -1.50005e-05 0)
(0.0011058 -1.37243e-05 0)
(0.00110651 -1.24212e-05 0)
(0.00110709 -1.11221e-05 0)
(0.00110755 -9.85468e-06 0)
(0.00110789 -8.64275e-06 0)
(0.00110811 -7.50539e-06 0)
(0.00110825 -6.4567e-06 0)
(0.00110829 -5.50568e-06 0)
(0.00110827 -4.65637e-06 0)
(0.00110818 -3.90818e-06 0)
(0.00110804 -3.25653e-06 0)
(0.00110785 -2.69365e-06 0)
(0.00110763 -2.20976e-06 0)
(0.00110739 -1.79426e-06 0)
(0.00110712 -1.43699e-06 0)
(0.00110685 -1.12923e-06 0)
(0.00110657 -8.64533e-07 0)
(0.0011063 -6.38829e-07 0)
(0.00110603 -4.50391e-07 0)
(0.00110579 -2.99063e-07 0)
(0.00110556 -1.85578e-07 0)
(0.00110536 -1.10233e-07 0)
(0.00110518 -7.25125e-08 0)
(0.00110503 -6.98062e-08 0)
(0.00110489 -9.79604e-08 0)
(0.00110477 -1.50214e-07 0)
(0.00110467 -2.19181e-07 0)
(0.00110457 -2.95347e-07 0)
(0.00110447 -3.71027e-07 0)
(0.00110438 -4.3689e-07 0)
(0.00110429 -4.88408e-07 0)
(0.0011042 -5.18524e-07 0)
(0.00110411 -5.28345e-07 0)
(0.00110402 -5.13183e-07 0)
(0.00110395 -4.80603e-07 0)
(0.00110388 -4.26382e-07 0)
(0.00110382 -3.63981e-07 0)
(0.00110377 -2.86956e-07 0)
(0.00110374 -2.13003e-07 0)
(0.00110371 -1.32292e-07 0)
(0.00110371 -6.27824e-08 0)
(0.00110369 4.67826e-09 0)
(0.00110372 6.19441e-08 0)
(0.00110372 1.02295e-07 0)
(0.00110377 1.51144e-07 0)
(0.00119703 4.21892e-06 0)
(0.00119265 4.26678e-06 0)
(0.00118837 4.22724e-06 0)
(0.00118419 4.09709e-06 0)
(0.00118011 3.87456e-06 0)
(0.00117612 3.55973e-06 0)
(0.00117222 3.15507e-06 0)
(0.00116841 2.665e-06 0)
(0.00116469 2.09438e-06 0)
(0.00116105 1.44635e-06 0)
(0.00115749 7.20874e-07 0)
(0.00115401 -8.51585e-08 0)
(0.00115061 -9.76195e-07 0)
(0.00114731 -1.95462e-06 0)
(0.00114409 -3.01724e-06 0)
(0.00114098 -4.15376e-06 0)
(0.00113798 -5.34862e-06 0)
(0.00113512 -6.58199e-06 0)
(0.00113241 -7.83337e-06 0)
(0.00112986 -9.08538e-06 0)
(0.0011275 -1.03269e-05 0)
(0.00112532 -1.1553e-05 0)
(0.00112334 -1.27582e-05 0)
(0.00112156 -1.39411e-05 0)
(0.00111998 -1.51009e-05 0)
(0.00111859 -1.62346e-05 0)
(0.0011174 -1.73361e-05 0)
(0.00111638 -1.83954e-05 0)
(0.00111553 -1.93996e-05 0)
(0.00111484 -2.03326e-05 0)
(0.0011143 -2.11756e-05 0)
(0.00111388 -2.19077e-05 0)
(0.00111357 -2.25061e-05 0)
(0.00111336 -2.29472e-05 0)
(0.00111322 -2.32085e-05 0)
(0.00111315 -2.32695e-05 0)
(0.00111311 -2.31145e-05 0)
(0.0011131 -2.27346e-05 0)
(0.00111311 -2.2129e-05 0)
(0.00111311 -2.13059e-05 0)
(0.00111311 -2.02828e-05 0)
(0.00111308 -1.90855e-05 0)
(0.00111302 -1.77464e-05 0)
(0.00111294 -1.63027e-05 0)
(0.00111281 -1.47934e-05 0)
(0.00111265 -1.32578e-05 0)
(0.00111245 -1.17329e-05 0)
(0.00111221 -1.02518e-05 0)
(0.00111194 -8.84251e-06 0)
(0.00111163 -7.52708e-06 0)
(0.0011113 -6.32111e-06 0)
(0.00111094 -5.23383e-06 0)
(0.00111056 -4.26853e-06 0)
(0.00111017 -3.4233e-06 0)
(0.00110976 -2.69211e-06 0)
(0.00110935 -2.066e-06 0)
(0.00110893 -1.53458e-06 0)
(0.00110851 -1.08715e-06 0)
(0.00110809 -7.13652e-07 0)
(0.00110769 -4.05423e-07 0)
(0.0011073 -1.55594e-07 0)
(0.00110692 4.10632e-08 0)
(0.00110658 1.88398e-07 0)
(0.00110626 2.89562e-07 0)
(0.00110597 3.47498e-07 0)
(0.00110572 3.65831e-07 0)
(0.00110549 3.48836e-07 0)
(0.00110529 3.02196e-07 0)
(0.00110511 2.32284e-07 0)
(0.00110495 1.46783e-07 0)
(0.00110481 5.30651e-08 0)
(0.00110468 -4.07118e-08 0)
(0.00110456 -1.28453e-07 0)
(0.00110444 -2.03496e-07 0)
(0.00110433 -2.63007e-07 0)
(0.00110423 -3.02779e-07 0)
(0.00110414 -3.24248e-07 0)
(0.00110405 -3.25278e-07 0)
(0.00110397 -3.11483e-07 0)
(0.0011039 -2.81213e-07 0)
(0.00110384 -2.434e-07 0)
(0.00110379 -1.95191e-07 0)
(0.00110377 -1.47377e-07 0)
(0.00110374 -9.544e-08 0)
(0.00110374 -4.91704e-08 0)
(0.00110373 -5.43212e-09 0)
(0.00110375 3.37346e-08 0)
(0.00110375 5.99558e-08 0)
(0.00110379 9.43079e-08 0)
(0.00125254 1.41458e-05 0)
(0.00124868 1.40157e-05 0)
(0.00124488 1.37995e-05 0)
(0.00124113 1.34979e-05 0)
(0.00123742 1.31129e-05 0)
(0.00123374 1.26467e-05 0)
(0.0012301 1.21015e-05 0)
(0.00122648 1.14791e-05 0)
(0.00122289 1.07813e-05 0)
(0.00121931 1.00099e-05 0)
(0.00121576 9.16599e-06 0)
(0.00121222 8.24935e-06 0)
(0.0012087 7.25766e-06 0)
(0.0012052 6.18717e-06 0)
(0.00120171 5.03445e-06 0)
(0.00119822 3.79893e-06 0)
(0.00119475 2.48278e-06 0)
(0.00119129 1.09371e-06 0)
(0.00118785 -3.55173e-07 0)
(0.00118445 -1.84816e-06 0)
(0.00118109 -3.36814e-06 0)
(0.00117779 -4.89878e-06 0)
(0.00117457 -6.4309e-06 0)
(0.00117142 -7.95437e-06 0)
(0.00116835 -9.45892e-06 0)
(0.00116536 -1.09347e-05 0)
(0.00116244 -1.23717e-05 0)
(0.00115959 -1.37536e-05 0)
(0.00115681 -1.5065e-05 0)
(0.00115408 -1.62887e-05 0)
(0.00115141 -1.74051e-05 0)
(0.0011488 -1.83926e-05 0)
(0.00114624 -1.9228e-05 0)
(0.00114374 -1.98873e-05 0)
(0.0011413 -2.03476e-05 0)
(0.00113892 -2.05889e-05 0)
(0.00113662 -2.05961e-05 0)
(0.00113439 -2.03614e-05 0)
(0.00113224 -1.98855e-05 0)
(0.00113018 -1.91785e-05 0)
(0.00112822 -1.82594e-05 0)
(0.00112636 -1.71558e-05 0)
(0.00112462 -1.59015e-05 0)
(0.00112298 -1.45349e-05 0)
(0.00112145 -1.30962e-05 0)
(0.00112003 -1.16258e-05 0)
(0.00111871 -1.01613e-05 0)
(0.0011175 -8.73636e-06 0)
(0.00111638 -7.37939e-06 0)
(0.00111534 -6.11244e-06 0)
(0.00111438 -4.951e-06 0)
(0.0011135 -3.90431e-06 0)
(0.00111267 -2.97592e-06 0)
(0.0011119 -2.16496e-06 0)
(0.00111117 -1.46668e-06 0)
(0.00111049 -8.74019e-07 0)
(0.00110985 -3.78576e-07 0)
(0.00110924 2.83601e-08 0)
(0.00110867 3.55013e-07 0)
(0.00110814 6.08895e-07 0)
(0.00110765 7.96678e-07 0)
(0.0011072 9.2441e-07 0)
(0.00110679 9.97708e-07 0)
(0.00110642 1.02224e-06 0)
(0.00110609 1.00385e-06 0)
(0.0011058 9.48942e-07 0)
(0.00110554 8.6436e-07 0)
(0.00110532 7.57623e-07 0)
(0.00110512 6.36187e-07 0)
(0.00110494 5.07837e-07 0)
(0.00110479 3.79336e-07 0)
(0.00110465 2.57292e-07 0)
(0.00110452 1.46398e-07 0)
(0.0011044 5.11045e-08 0)
(0.0011043 -2.69331e-08 0)
(0.0011042 -8.56979e-08 0)
(0.00110411 -1.26648e-07 0)
(0.00110403 -1.49528e-07 0)
(0.00110397 -1.58275e-07 0)
(0.00110391 -1.53295e-07 0)
(0.00110387 -1.39979e-07 0)
(0.00110383 -1.18388e-07 0)
(0.00110381 -9.40892e-08 0)
(0.00110378 -6.67897e-08 0)
(0.00110379 -4.02253e-08 0)
(0.00110378 -1.58985e-08 0)
(0.0011038 8.47035e-09 0)
(0.0011038 2.33899e-08 0)
(0.00110383 4.60758e-08 0)
(0.00125487 2.11878e-05 0)
(0.00125282 2.10043e-05 0)
(0.00125076 2.07503e-05 0)
(0.00124869 2.04269e-05 0)
(0.0012466 2.00356e-05 0)
(0.00124447 1.95777e-05 0)
(0.00124232 1.90538e-05 0)
(0.00124012 1.84632e-05 0)
(0.00123787 1.78049e-05 0)
(0.00123557 1.70771e-05 0)
(0.00123322 1.62778e-05 0)
(0.00123081 1.54047e-05 0)
(0.00122834 1.44554e-05 0)
(0.00122581 1.34276e-05 0)
(0.00122323 1.23194e-05 0)
(0.00122058 1.11307e-05 0)
(0.00121787 9.86495e-06 0)
(0.00121508 8.52877e-06 0)
(0.00121224 7.13127e-06 0)
(0.00120932 5.68415e-06 0)
(0.00120635 4.20188e-06 0)
(0.00120331 2.70033e-06 0)
(0.00120019 1.18974e-06 0)
(0.00119699 -3.17112e-07 0)
(0.00119373 -1.806e-06 0)
(0.0011904 -3.26223e-06 0)
(0.001187 -4.6709e-06 0)
(0.00118354 -6.02252e-06 0)
(0.00118001 -7.30471e-06 0)
(0.0011764 -8.50382e-06 0)
(0.00117274 -9.60521e-06 0)
(0.00116901 -1.05927e-05 0)
(0.00116523 -1.14481e-05 0)
(0.00116143 -1.2154e-05 0)
(0.00115761 -1.26944e-05 0)
(0.00115381 -1.30548e-05 0)
(0.00115006 -1.32243e-05 0)
(0.00114638 -1.31976e-05 0)
(0.00114281 -1.29754e-05 0)
(0.00113938 -1.25653e-05 0)
(0.00113611 -1.19818e-05 0)
(0.00113303 -1.1245e-05 0)
(0.00113015 -1.03803e-05 0)
(0.00112749 -9.41618e-06 0)
(0.00112505 -8.38332e-06 0)
(0.00112282 -7.31241e-06 0)
(0.0011208 -6.23285e-06 0)
(0.00111899 -5.17134e-06 0)
(0.00111736 -4.1508e-06 0)
(0.00111591 -3.18998e-06 0)
(0.00111461 -2.30286e-06 0)
(0.00111344 -1.49899e-06 0)
(0.00111239 -7.83808e-07 0)
(0.00111145 -1.59114e-07 0)
(0.0011106 3.75709e-07 0)
(0.00110983 8.23047e-07 0)
(0.00110913 1.18664e-06 0)
(0.0011085 1.47102e-06 0)
(0.00110793 1.68108e-06 0)
(0.00110742 1.82206e-06 0)
(0.00110695 1.89952e-06 0)
(0.00110655 1.91945e-06 0)
(0.00110618 1.88825e-06 0)
(0.00110587 1.81294e-06 0)
(0.00110559 1.70096e-06 0)
(0.00110536 1.56024e-06 0)
(0.00110515 1.39878e-06 0)
(0.00110498 1.22466e-06 0)
(0.00110482 1.04542e-06 0)
(0.00110469 8.68159e-07 0)
(0.00110457 6.98743e-07 0)
(0.00110447 5.42286e-07 0)
(0.00110438 4.02178e-07 0)
(0.00110429 2.81072e-07 0)
(0.00110421 1.79708e-07 0)
(0.00110415 9.84838e-08 0)
(0.00110408 3.59529e-08 0)
(0.00110403 -9.01734e-09 0)
(0.00110398 -3.91869e-08 0)
(0.00110394 -5.64522e-08 0)
(0.00110391 -6.38336e-08 0)
(0.00110389 -6.34797e-08 0)
(0.00110387 -5.75527e-08 0)
(0.00110386 -4.86958e-08 0)
(0.00110386 -3.67584e-08 0)
(0.00110385 -2.63808e-08 0)
(0.00110387 -1.26294e-08 0)
(0.00110387 -5.65281e-09 0)
(0.00110389 8.83514e-09 0)
(0.00118645 2.31374e-05 0)
(0.00118695 2.30027e-05 0)
(0.00118742 2.28214e-05 0)
(0.00118783 2.25934e-05 0)
(0.00118818 2.23179e-05 0)
(0.00118847 2.19937e-05 0)
(0.00118869 2.1619e-05 0)
(0.00118883 2.11914e-05 0)
(0.00118888 2.07081e-05 0)
(0.00118884 2.01658e-05 0)
(0.00118871 1.95615e-05 0)
(0.00118848 1.88918e-05 0)
(0.00118815 1.8154e-05 0)
(0.00118771 1.73454e-05 0)
(0.00118715 1.64647e-05 0)
(0.00118647 1.5512e-05 0)
(0.00118566 1.44893e-05 0)
(0.00118471 1.34013e-05 0)
(0.00118362 1.22551e-05 0)
(0.00118238 1.10605e-05 0)
(0.00118098 9.82898e-06 0)
(0.00117943 8.57297e-06 0)
(0.00117771 7.31099e-06 0)
(0.00117583 6.05951e-06 0)
(0.00117378 4.83375e-06 0)
(0.00117157 3.64844e-06 0)
(0.00116919 2.51741e-06 0)
(0.00116664 1.44791e-06 0)
(0.00116393 4.48267e-07 0)
(0.00116108 -4.74383e-07 0)
(0.0011581 -1.31465e-06 0)
(0.00115501 -2.06861e-06 0)
(0.00115184 -2.73377e-06 0)
(0.00114859 -3.30654e-06 0)
(0.00114531 -3.78232e-06 0)
(0.00114202 -4.15744e-06 0)
(0.00113877 -4.42863e-06 0)
(0.00113557 -4.59322e-06 0)
(0.00113248 -4.64971e-06 0)
(0.0011295 -4.59843e-06 0)
(0.00112668 -4.44211e-06 0)
(0.00112404 -4.18644e-06 0)
(0.00112158 -3.8402e-06 0)
(0.00111932 -3.41517e-06 0)
(0.00111726 -2.92577e-06 0)
(0.0011154 -2.38821e-06 0)
(0.00111375 -1.8197e-06 0)
(0.00111228 -1.23759e-06 0)
(0.001111 -6.58328e-07 0)
(0.00110987 -9.67868e-08 0)
(0.0011089 4.33931e-07 0)
(0.00110806 9.23021e-07 0)
(0.00110734 1.36192e-06 0)
(0.00110672 1.74458e-06 0)
(0.0011062 2.06668e-06 0)
(0.00110577 2.32572e-06 0)
(0.0011054 2.52078e-06 0)
(0.0011051 2.65242e-06 0)
(0.00110485 2.72269e-06 0)
(0.00110466 2.73495e-06 0)
(0.00110451 2.69376e-06 0)
(0.00110439 2.60484e-06 0)
(0.00110431 2.47483e-06 0)
(0.00110425 2.31112e-06 0)
(0.00110421 2.12155e-06 0)
(0.00110419 1.91417e-06 0)
(0.00110418 1.69679e-06 0)
(0.00110417 1.47687e-06 0)
(0.00110416 1.26101e-06 0)
(0.00110416 1.05498e-06 0)
(0.00110416 8.63294e-07 0)
(0.00110415 6.89433e-07 0)
(0.00110413 5.35477e-07 0)
(0.00110412 4.02603e-07 0)
(0.0011041 2.90738e-07 0)
(0.00110408 1.99174e-07 0)
(0.00110406 1.26381e-07 0)
(0.00110404 7.03931e-08 0)
(0.00110402 2.91291e-08 0)
(0.001104 -4.11705e-11 0)
(0.00110399 -1.88211e-08 0)
(0.00110397 -3.0316e-08 0)
(0.00110396 -3.49182e-08 0)
(0.00110396 -3.65712e-08 0)
(0.00110395 -3.3303e-08 0)
(0.00110395 -3.09607e-08 0)
(0.00110396 -2.37726e-08 0)
(0.00110395 -2.13852e-08 0)
(0.00110396 -1.21758e-08 0)
(0.00106074 1.89722e-05 0)
(0.00106429 1.89253e-05 0)
(0.0010678 1.88492e-05 0)
(0.00107128 1.87419e-05 0)
(0.0010747 1.86014e-05 0)
(0.00107806 1.84254e-05 0)
(0.00108136 1.82115e-05 0)
(0.00108458 1.79571e-05 0)
(0.00108771 1.76596e-05 0)
(0.00109075 1.73164e-05 0)
(0.00109369 1.69251e-05 0)
(0.00109651 1.64838e-05 0)
(0.0010992 1.59909e-05 0)
(0.00110176 1.54463e-05 0)
(0.00110417 1.48509e-05 0)
(0.00110641 1.42073e-05 0)
(0.00110849 1.35199e-05 0)
(0.00111037 1.27947e-05 0)
(0.00111206 1.20392e-05 0)
(0.00111354 1.12621e-05 0)
(0.00111481 1.04727e-05 0)
(0.00111585 9.6807e-06 0)
(0.00111667 8.89544e-06 0)
(0.00111727 8.12545e-06 0)
(0.00111765 7.37781e-06 0)
(0.00111782 6.65742e-06 0)
(0.00111778 5.96642e-06 0)
(0.00111756 5.30939e-06 0)
(0.00111715 4.68638e-06 0)
(0.00111658 4.09571e-06 0)
(0.00111587 3.53536e-06 0)
(0.00111503 3.00358e-06 0)
(0.00111407 2.49912e-06 0)
(0.00111303 2.02353e-06 0)
(0.00111192 1.58096e-06 0)
(0.00111076 1.17642e-06 0)
(0.00110957 8.16282e-07 0)
(0.00110836 5.07755e-07 0)
(0.00110715 2.57941e-07 0)
(0.00110597 7.28971e-08 0)
(0.00110483 -4.32633e-08 0)
(0.00110376 -8.89557e-08 0)
(0.00110275 -6.55209e-08 0)
(0.00110183 2.26795e-08 0)
(0.00110102 1.68578e-07 0)
(0.00110031 3.62864e-07 0)
(0.00109972 5.94653e-07 0)
(0.00109924 8.52213e-07 0)
(0.00109887 1.12355e-06 0)
(0.00109862 1.39717e-06 0)
(0.00109848 1.66236e-06 0)
(0.00109843 1.90956e-06 0)
(0.00109847 2.13061e-06 0)
(0.0010986 2.31861e-06 0)
(0.00109879 2.46848e-06 0)
(0.00109905 2.57681e-06 0)
(0.00109935 2.64176e-06 0)
(0.00109969 2.66303e-06 0)
(0.00110005 2.64179e-06 0)
(0.00110043 2.58059e-06 0)
(0.00110082 2.48317e-06 0)
(0.00110121 2.35427e-06 0)
(0.00110158 2.19941e-06 0)
(0.00110194 2.02461e-06 0)
(0.00110228 1.83611e-06 0)
(0.00110258 1.64008e-06 0)
(0.00110286 1.44235e-06 0)
(0.00110311 1.24825e-06 0)
(0.00110332 1.06229e-06 0)
(0.0011035 8.88205e-07 0)
(0.00110365 7.28731e-07 0)
(0.00110377 5.85751e-07 0)
(0.00110386 4.60206e-07 0)
(0.00110393 3.52288e-07 0)
(0.00110399 2.61509e-07 0)
(0.00110402 1.86795e-07 0)
(0.00110404 1.26838e-07 0)
(0.00110406 7.97797e-08 0)
(0.00110406 4.41705e-08 0)
(0.00110406 1.77046e-08 0)
(0.00110406 -5.51119e-10 0)
(0.00110406 -1.32939e-08 0)
(0.00110405 -2.03126e-08 0)
(0.00110404 -2.50084e-08 0)
(0.00110404 -2.53713e-08 0)
(0.00110403 -2.61761e-08 0)
(0.00110403 -2.28589e-08 0)
(0.00110403 -2.2509e-08 0)
(0.00110403 -1.72392e-08 0)
(0.000956052 7.64266e-06 0)
(0.000962072 7.63996e-06 0)
(0.000968068 7.62547e-06 0)
(0.00097403 7.59844e-06 0)
(0.000979951 7.55812e-06 0)
(0.00098582 7.50379e-06 0)
(0.000991626 7.43475e-06 0)
(0.00099736 7.35029e-06 0)
(0.00100301 7.24979e-06 0)
(0.00100856 7.13268e-06 0)
(0.001014 6.99848e-06 0)
(0.00101931 6.84681e-06 0)
(0.00102448 6.67744e-06 0)
(0.0010295 6.49047e-06 0)
(0.00103434 6.28635e-06 0)
(0.00103899 6.0659e-06 0)
(0.00104345 5.83037e-06 0)
(0.00104769 5.58138e-06 0)
(0.00105171 5.32093e-06 0)
(0.00105549 5.05126e-06 0)
(0.00105904 4.77482e-06 0)
(0.00106235 4.49419e-06 0)
(0.00106542 4.21196e-06 0)
(0.00106825 3.9305e-06 0)
(0.00107084 3.65181e-06 0)
(0.00107322 3.37738e-06 0)
(0.00107537 3.10814e-06 0)
(0.00107731 2.8447e-06 0)
(0.00107905 2.58738e-06 0)
(0.0010806 2.33653e-06 0)
(0.00108197 2.0927e-06 0)
(0.00108316 1.85692e-06 0)
(0.00108418 1.63127e-06 0)
(0.00108505 1.41723e-06 0)
(0.00108576 1.216e-06 0)
(0.00108633 1.03008e-06 0)
(0.00108678 8.62401e-07 0)
(0.00108712 7.15956e-07 0)
(0.00108736 5.93471e-07 0)
(0.00108753 4.97138e-07 0)
(0.00108764 4.28344e-07 0)
(0.00108773 3.87469e-07 0)
(0.0010878 3.73765e-07 0)
(0.00108789 3.85379e-07 0)
(0.001088 4.19471e-07 0)
(0.00108817 4.72394e-07 0)
(0.00108839 5.39952e-07 0)
(0.00108869 6.17659e-07 0)
(0.00108907 7.0096e-07 0)
(0.00108952 7.85379e-07 0)
(0.00109006 8.66822e-07 0)
(0.00109068 9.41641e-07 0)
(0.00109136 1.00673e-06 0)
(0.00109211 1.05959e-06 0)
(0.00109291 1.09835e-06 0)
(0.00109374 1.12177e-06 0)
(0.0010946 1.12925e-06 0)
(0.00109547 1.1208e-06 0)
(0.00109634 1.097e-06 0)
(0.00109719 1.05898e-06 0)
(0.00109802 1.0083e-06 0)
(0.0010988 9.46922e-07 0)
(0.00109954 8.77031e-07 0)
(0.00110023 8.00984e-07 -1.32969e-39)
(0.00110085 7.21168e-07 0)
(0.00110141 6.39905e-07 1.2287e-39)
(0.00110191 5.59334e-07 0)
(0.00110235 4.81359e-07 1.12667e-39)
(0.00110272 4.0756e-07 0)
(0.00110304 3.39182e-07 -1.02382e-39)
(0.0011033 2.77103e-07 0)
(0.00110351 2.21861e-07 0)
(0.00110368 1.73669e-07 0)
(0.00110381 1.32449e-07 0)
(0.00110391 9.79207e-08 0)
(0.00110399 6.9566e-08 0)
(0.00110404 4.68571e-08 0)
(0.00110407 2.90066e-08 0)
(0.00110409 1.54895e-08 0)
(0.00110411 5.36514e-09 0)
(0.00110411 -1.64738e-09 -4.49173e-40)
(0.00110411 -6.6465e-09 0)
(0.00110411 -9.4458e-09 0)
(0.0011041 -1.14253e-08 0)
(0.00110409 -1.16979e-08 0)
(0.00110409 -1.21791e-08 0)
(0.00110408 -1.10222e-08 0)
(0.00110407 -1.09977e-08 0)
(0.00110406 -9.06754e-09 0)
(0.000949646 -7.53264e-06 0)
(0.00095566 -7.48551e-06 0)
(0.000961661 -7.43096e-06 0)
(0.000967642 -7.36848e-06 0)
(0.000973593 -7.29755e-06 0)
(0.000979506 -7.21765e-06 0)
(0.000985371 -7.12822e-06 0)
(0.000991178 -7.02869e-06 0)
(0.000996915 -6.91845e-06 0)
(0.00100257 -6.79694e-06 0)
(0.00100813 -6.66362e-06 0)
(0.00101358 -6.51798e-06 0)
(0.00101891 -6.35955e-06 0)
(0.0010241 -6.18802e-06 0)
(0.00102913 -6.00331e-06 0)
(0.00103399 -5.80567e-06 0)
(0.00103867 -5.59572e-06 0)
(0.00104314 -5.37441e-06 0)
(0.00104741 -5.14308e-06 0)
(0.00105145 -4.90337e-06 0)
(0.00105526 -4.65718e-06 0)
(0.00105883 -4.40657e-06 0)
(0.00106216 -4.1537e-06 0)
(0.00106525 -3.90077e-06 0)
(0.00106811 -3.64973e-06 0)
(0.00107073 -3.40213e-06 0)
(0.00107312 -3.15904e-06 0)
(0.00107529 -2.92093e-06 0)
(0.00107725 -2.68802e-06 0)
(0.00107901 -2.46021e-06 0)
(0.00108057 -2.23745e-06 0)
(0.00108195 -2.01999e-06 0)
(0.00108315 -1.80852e-06 0)
(0.00108418 -1.60478e-06 0)
(0.00108505 -1.41026e-06 0)
(0.00108576 -1.22592e-06 0)
(0.00108634 -1.05409e-06 0)
(0.00108679 -8.97628e-07 0)
(0.00108713 -7.59483e-07 0)
(0.00108737 -6.42445e-07 0)
(0.00108754 -5.48834e-07 0)
(0.00108766 -4.80227e-07 0)
(0.00108774 -4.37279e-07 0)
(0.00108781 -4.19643e-07 0)
(0.0010879 -4.25919e-07 0)
(0.00108801 -4.5372e-07 0)
(0.00108818 -4.9989e-07 0)
(0.0010884 -5.60705e-07 0)
(0.0010887 -6.32167e-07 0)
(0.00108908 -7.10144e-07 0)
(0.00108954 -7.90344e-07 0)
(0.00109007 -8.68859e-07 0)
(0.00109069 -9.42136e-07 0)
(0.00109137 -1.00705e-06 0)
(0.00109212 -1.06097e-06 0)
(0.00109292 -1.10185e-06 0)
(0.00109375 -1.12825e-06 0)
(0.00109461 -1.13929e-06 0)
(0.00109548 -1.13474e-06 0)
(0.00109635 -1.11493e-06 0)
(0.0010972 -1.08077e-06 0)
(0.00109802 -1.03364e-06 0)
(0.00109881 -9.75319e-07 0)
(0.00109955 -9.07907e-07 0)
(0.00110023 -8.33691e-07 1.32969e-39)
(0.00110086 -7.55027e-07 0)
(0.00110142 -6.74245e-07 -1.2287e-39)
(0.00110192 -5.93523e-07 0)
(0.00110235 -5.14834e-07 -1.12667e-39)
(0.00110272 -4.39831e-07 0)
(0.00110304 -3.69866e-07 1.02382e-39)
(0.0011033 -3.05903e-07 0)
(0.00110351 -2.48591e-07 0)
(0.00110368 -1.98214e-07 0)
(0.00110381 -1.54799e-07 0)
(0.00110391 -1.18103e-07 0)
(0.00110399 -8.76959e-08 0)
(0.00110404 -6.3043e-08 0)
(0.00110407 -4.34414e-08 0)
(0.0011041 -2.83155e-08 0)
(0.00110411 -1.68063e-08 0)
(0.00110411 -8.54122e-09 4.49173e-40)
(0.00110411 -2.51831e-09 0)
(0.00110411 1.20848e-09 0)
(0.0011041 3.895e-09 0)
(0.00110409 4.83378e-09 0)
(0.00110409 5.75974e-09 0)
(0.00110408 5.08976e-09 0)
(0.00110407 5.28945e-09 0)
(0.00110406 3.77315e-09 0)
(0.00105641 -1.8784e-05 0)
(0.00105992 -1.87278e-05 0)
(0.00106342 -1.86474e-05 0)
(0.0010669 -1.85413e-05 0)
(0.00107034 -1.84075e-05 0)
(0.00107373 -1.82442e-05 0)
(0.00107708 -1.8049e-05 0)
(0.00108037 -1.78195e-05 0)
(0.00108359 -1.75533e-05 0)
(0.00108674 -1.72477e-05 0)
(0.00108979 -1.69e-05 0)
(0.00109275 -1.65078e-05 0)
(0.0010956 -1.60691e-05 0)
(0.00109833 -1.55822e-05 0)
(0.00110092 -1.50469e-05 0)
(0.00110338 -1.44638e-05 0)
(0.00110567 -1.38354e-05 0)
(0.00110779 -1.31658e-05 0)
(0.00110973 -1.24607e-05 0)
(0.00111147 -1.17272e-05 0)
(0.001113 -1.09736e-05 0)
(0.00111432 -1.0209e-05 0)
(0.00111542 -9.44262e-06 0)
(0.00111629 -8.68335e-06 0)
(0.00111694 -7.93945e-06 0)
(0.00111737 -7.21767e-06 0)
(0.00111759 -6.52258e-06 0)
(0.00111759 -5.85605e-06 0)
(0.00111741 -5.22235e-06 0)
(0.00111704 -4.62132e-06 0)
(0.0011165 -4.05107e-06 0)
(0.00111582 -3.50939e-06 0)
(0.001115 -2.99443e-06 0)
(0.00111406 -2.50495e-06 0)
(0.00111304 -2.04222e-06 0)
(0.00111194 -1.61042e-06 0)
(0.00111079 -1.21461e-06 0)
(0.0011096 -8.61143e-07 0)
(0.0011084 -5.57235e-07 0)
(0.00110719 -3.10001e-07 0)
(0.00110601 -1.25522e-07 0)
(0.00110488 -8.05434e-09 0)
(0.0011038 4.06525e-08 0)
(0.00110279 2.17022e-08 0)
(0.00110187 -6.08629e-08 0)
(0.00110105 -2.00365e-07 0)
(0.00110034 -3.87965e-07 0)
(0.00109975 -6.13209e-07 0)
(0.00109927 -8.64704e-07 0)
(0.0010989 -1.1308e-06 0)
(0.00109865 -1.40032e-06 0)
(0.0010985 -1.66267e-06 0)
(0.00109845 -1.90842e-06 0)
(0.0010985 -2.12937e-06 0)
(0.00109862 -2.31848e-06 0)
(0.00109882 -2.47048e-06 0)
(0.00109907 -2.58175e-06 0)
(0.00109937 -2.65019e-06 0)
(0.00109971 -2.67529e-06 0)
(0.00110007 -2.65796e-06 0)
(0.00110045 -2.60056e-06 0)
(0.00110084 -2.50663e-06 0)
(0.00110123 -2.38078e-06 0)
(0.0011016 -2.22842e-06 0)
(0.00110196 -2.05551e-06 0)
(0.00110229 -1.86824e-06 0)
(0.0011026 -1.67282e-06 0)
(0.00110287 -1.47508e-06 0)
(0.00110312 -1.28041e-06 0)
(0.00110333 -1.0934e-06 0)
(0.00110351 -9.17876e-07 0)
(0.00110366 -7.56647e-07 0)
(0.00110378 -6.11707e-07 0)
(0.00110387 -4.84063e-07 0)
(0.00110394 -3.74015e-07 0)
(0.00110399 -2.8111e-07 0)
(0.00110403 -2.04372e-07 0)
(0.00110405 -1.4249e-07 0)
(0.00110406 -9.36896e-08 0)
(0.00110407 -5.64762e-08 0)
(0.00110407 -2.86261e-08 0)
(0.00110407 -9.12488e-09 0)
(0.00110406 4.63854e-09 0)
(0.00110405 1.25669e-08 0)
(0.00110405 1.79581e-08 0)
(0.00110404 1.89543e-08 0)
(0.00110404 2.01879e-08 0)
(0.00110403 1.73085e-08 0)
(0.00110403 1.71698e-08 0)
(0.00110403 1.22503e-08 0)
(0.00118528 -2.28506e-05 0)
(0.00118576 -2.27454e-05 0)
(0.00118622 -2.25978e-05 0)
(0.00118665 -2.24073e-05 0)
(0.00118704 -2.21737e-05 0)
(0.00118737 -2.1896e-05 0)
(0.00118764 -2.1573e-05 0)
(0.00118786 -2.12028e-05 0)
(0.00118799 -2.07826e-05 0)
(0.00118806 -2.03094e-05 0)
(0.00118803 -1.978e-05 0)
(0.00118792 -1.91909e-05 0)
(0.00118772 -1.85387e-05 0)
(0.00118742 -1.78202e-05 0)
(0.00118701 -1.70327e-05 0)
(0.00118649 -1.61745e-05 0)
(0.00118585 -1.52455e-05 0)
(0.00118508 -1.42476e-05 0)
(0.00118418 -1.31848e-05 0)
(0.00118313 -1.20644e-05 0)
(0.00118194 -1.08956e-05 0)
(0.00118059 -9.68964e-06 0)
(0.00117908 -8.45865e-06 0)
(0.00117741 -7.22091e-06 0)
(0.00117557 -5.99242e-06 0)
(0.00117356 -4.78809e-06 0)
(0.00117139 -3.62243e-06 0)
(0.00116905 -2.50905e-06 0)
(0.00116654 -1.45509e-06 0)
(0.00116386 -4.68814e-07 0)
(0.00116104 4.42659e-07 0)
(0.00115808 1.27394e-06 0)
(0.00115502 2.02095e-06 0)
(0.00115186 2.68096e-06 0)
(0.00114863 3.2504e-06 0)
(0.00114536 3.72438e-06 0)
(0.00114208 4.09896e-06 0)
(0.00113883 4.37066e-06 0)
(0.00113564 4.53667e-06 0)
(0.00113254 4.59539e-06 0)
(0.00112956 4.54709e-06 0)
(0.00112674 4.3945e-06 0)
(0.00112409 4.14325e-06 0)
(0.00112163 3.80209e-06 0)
(0.00111936 3.38273e-06 0)
(0.0011173 2.89933e-06 0)
(0.00111545 2.36789e-06 0)
(0.00111379 1.8053e-06 0)
(0.00111232 1.2286e-06 0)
(0.00111103 6.54074e-07 0)
(0.00110991 9.62123e-08 0)
(0.00110893 -4.32095e-07 0)
(0.00110809 -9.20006e-07 0)
(0.00110737 -1.35894e-06 0)
(0.00110675 -1.74279e-06 0)
(0.00110623 -2.06706e-06 0)
(0.0011058 -2.32901e-06 0)
(0.00110543 -2.52749e-06 0)
(0.00110513 -2.66285e-06 0)
(0.00110488 -2.73689e-06 0)
(0.00110469 -2.75278e-06 0)
(0.00110454 -2.71493e-06 0)
(0.00110442 -2.62893e-06 0)
(0.00110434 -2.50132e-06 0)
(0.00110428 -2.33945e-06 0)
(0.00110424 -2.15112e-06 0)
(0.00110421 -1.94437e-06 0)
(0.0011042 -1.72705e-06 0)
(0.00110419 -1.50667e-06 0)
(0.00110418 -1.28988e-06 0)
(0.00110418 -1.08254e-06 0)
(0.00110417 -8.89221e-07 0)
(0.00110416 -7.13512e-07 0)
(0.00110415 -5.57561e-07 0)
(0.00110414 -4.22644e-07 0)
(0.00110412 -3.08724e-07 0)
(0.0011041 -2.1519e-07 0)
(0.00110407 -1.40518e-07 0)
(0.00110405 -8.28267e-08 0)
(0.00110403 -4.00003e-08 0)
(0.00110401 -9.4862e-09 0)
(0.001104 1.04835e-08 0)
(0.00110398 2.29487e-08 0)
(0.00110397 2.83834e-08 0)
(0.00110396 3.0673e-08 0)
(0.00110396 2.79357e-08 0)
(0.00110395 2.59669e-08 0)
(0.00110396 1.90886e-08 0)
(0.00110396 1.68768e-08 0)
(0.00110397 7.86337e-09 0)
(0.00125645 -2.08522e-05 0)
(0.00125439 -2.07353e-05 0)
(0.00125233 -2.05513e-05 0)
(0.00125028 -2.03003e-05 0)
(0.00124822 -1.99832e-05 0)
(0.00124613 -1.96015e-05 0)
(0.00124403 -1.91563e-05 0)
(0.00124188 -1.86477e-05 0)
(0.0012397 -1.80751e-05 0)
(0.00123747 -1.7437e-05 0)
(0.0012352 -1.67312e-05 0)
(0.00123287 -1.59555e-05 0)
(0.00123049 -1.51073e-05 0)
(0.00122805 -1.41837e-05 0)
(0.00122555 -1.31824e-05 0)
(0.001223 -1.2101e-05 0)
(0.00122037 -1.09393e-05 0)
(0.00121769 -9.70062e-06 0)
(0.00121494 -8.39123e-06 0)
(0.00121212 -7.01983e-06 0)
(0.00120923 -5.59805e-06 0)
(0.00120628 -4.14e-06 0)
(0.00120326 -2.66124e-06 0)
(0.00120016 -1.17186e-06 0)
(0.00119699 3.15643e-07 0)
(0.00119374 1.78724e-06 0)
(0.00119043 3.22836e-06 0)
(0.00118704 4.62426e-06 0)
(0.00118359 5.96543e-06 0)
(0.00118007 7.23952e-06 0)
(0.00117647 8.43285e-06 0)
(0.00117281 9.53068e-06 0)
(0.00116909 1.05167e-05 0)
(0.00116532 1.13728e-05 0)
(0.00116151 1.20809e-05 0)
(0.0011577 1.26248e-05 0)
(0.00115389 1.29897e-05 0)
(0.00115014 1.31643e-05 0)
(0.00114646 1.31428e-05 0)
(0.00114288 1.29259e-05 0)
(0.00113944 1.25211e-05 0)
(0.00113617 1.19426e-05 0)
(0.00113309 1.12108e-05 0)
(0.00113021 1.03511e-05 0)
(0.00112754 9.39205e-06 0)
(0.00112509 8.36429e-06 0)
(0.00112286 7.29848e-06 0)
(0.00112085 6.22386e-06 0)
(0.00111903 5.16685e-06 0)
(0.0011174 4.15015e-06 0)
(0.00111594 3.19225e-06 0)
(0.00111464 2.30701e-06 0)
(0.00111347 1.50388e-06 0)
(0.00111243 7.88323e-07 0)
(0.00111148 1.62162e-07 0)
(0.00111063 -3.75036e-07 0)
(0.00110986 -8.25479e-07 0)
(0.00110916 -1.19264e-06 0)
(0.00110853 -1.4808e-06 0)
(0.00110796 -1.69462e-06 0)
(0.00110745 -1.83917e-06 0)
(0.00110699 -1.91985e-06 0)
(0.00110658 -1.94251e-06 0)
(0.00110622 -1.91349e-06 0)
(0.0011059 -1.83978e-06 0)
(0.00110563 -1.7288e-06 0)
(0.00110539 -1.58849e-06 0)
(0.00110518 -1.42689e-06 0)
(0.00110501 -1.25214e-06 0)
(0.00110485 -1.07183e-06 0)
(0.00110472 -8.93133e-07 0)
(0.0011046 -7.21996e-07 0)
(0.00110449 -5.63631e-07 0)
(0.0011044 -4.21484e-07 0)
(0.00110431 -2.98311e-07 0)
(0.00110424 -1.94891e-07 0)
(0.00110416 -1.11719e-07 0)
(0.0011041 -4.73504e-08 0)
(0.00110405 -7.30779e-10 0)
(0.001104 3.09207e-08 0)
(0.00110396 4.94412e-08 0)
(0.00110393 5.7893e-08 0)
(0.0011039 5.83902e-08 0)
(0.00110388 5.31346e-08 0)
(0.00110387 4.47822e-08 0)
(0.00110387 3.31739e-08 0)
(0.00110386 2.30469e-08 0)
(0.00110388 9.37235e-09 0)
(0.00110387 2.49133e-09 0)
(0.0011039 -1.20772e-08 0)
(0.0012561 -1.37758e-05 0)
(0.00125222 -1.37334e-05 0)
(0.0012484 -1.36091e-05 0)
(0.00124463 -1.34013e-05 0)
(0.00124091 -1.31106e-05 0)
(0.00123724 -1.27386e-05 0)
(0.0012336 -1.22877e-05 0)
(0.00122999 -1.17598e-05 0)
(0.0012264 -1.11564e-05 0)
(0.00122284 -1.04791e-05 0)
(0.0012193 -9.72932e-06 0)
(0.00121577 -8.90797e-06 0)
(0.00121226 -8.01449e-06 0)
(0.00120877 -7.04638e-06 0)
(0.00120529 -5.99969e-06 0)
(0.00120181 -4.8709e-06 0)
(0.00119835 -3.659e-06 0)
(0.00119489 -2.3659e-06 0)
(0.00119144 -9.99268e-07 0)
(0.00118802 4.28169e-07 0)
(0.00118462 1.90078e-06 0)
(0.00118126 3.40168e-06 0)
(0.00117797 4.91468e-06 0)
(0.00117475 6.43082e-06 0)
(0.0011716 7.93994e-06 0)
(0.00116853 9.43185e-06 0)
(0.00116553 1.08968e-05 0)
(0.0011626 1.23248e-05 0)
(0.00115975 1.36995e-05 0)
(0.00115695 1.50057e-05 0)
(0.00115422 1.62259e-05 0)
(0.00115154 1.73407e-05 0)
(0.00114892 1.83283e-05 0)
(0.00114635 1.91653e-05 0)
(0.00114384 1.98276e-05 0)
(0.00114139 2.02919e-05 0)
(0.00113901 2.05379e-05 0)
(0.00113669 2.05502e-05 0)
(0.00113446 2.03205e-05 0)
(0.0011323 1.98495e-05 0)
(0.00113024 1.9147e-05 0)
(0.00112827 1.82322e-05 0)
(0.00112641 1.71325e-05 0)
(0.00112466 1.5882e-05 0)
(0.00112302 1.4519e-05 0)
(0.00112149 1.30842e-05 0)
(0.00112006 1.16176e-05 0)
(0.00111875 1.01568e-05 0)
(0.00111753 8.73553e-06 0)
(0.00111641 7.38163e-06 0)
(0.00111537 6.11705e-06 0)
(0.00111441 4.9571e-06 0)
(0.00111353 3.91082e-06 0)
(0.0011127 2.98168e-06 0)
(0.00111193 2.16891e-06 0)
(0.0011112 1.46793e-06 0)
(0.00111052 8.71841e-07 0)
(0.00110987 3.72523e-07 0)
(0.00110927 -3.84594e-08 0)
(0.0011087 -3.69081e-07 0)
(0.00110817 -6.26653e-07 0)
(0.00110768 -8.17684e-07 0)
(0.00110723 -9.48093e-07 0)
(0.00110682 -1.02344e-06 0)
(0.00110645 -1.04936e-06 0)
(0.00110612 -1.03165e-06 0)
(0.00110583 -9.76798e-07 0)
(0.00110557 -8.91681e-07 0)
(0.00110535 -7.83899e-07 0)
(0.00110515 -6.60982e-07 0)
(0.00110497 -5.308e-07 0)
(0.00110482 -4.00224e-07 0)
(0.00110467 -2.75957e-07 0)
(0.00110455 -1.6275e-07 0)
(0.00110443 -6.51632e-08 0)
(0.00110432 1.51039e-08 0)
(0.00110422 7.59392e-08 0)
(0.00110413 1.18787e-07 0)
(0.00110405 1.43325e-07 0)
(0.00110399 1.53501e-07 0)
(0.00110393 1.49687e-07 0)
(0.00110388 1.37294e-07 0)
(0.00110384 1.16399e-07 0)
(0.00110382 9.2553e-08 0)
(0.00110379 6.55741e-08 0)
(0.0011038 3.90632e-08 0)
(0.00110379 1.48119e-08 0)
(0.00110381 -9.80831e-09 0)
(0.0011038 -2.47471e-08 0)
(0.00110384 -4.78937e-08 0)
(0.00120124 -3.77286e-06 0)
(0.00119681 -3.90755e-06 0)
(0.00119248 -3.9608e-06 0)
(0.00118824 -3.928e-06 0)
(0.00118411 -3.80606e-06 0)
(0.00118007 -3.59316e-06 0)
(0.00117612 -3.28933e-06 0)
(0.00117226 -2.89701e-06 0)
(0.00116849 -2.42039e-06 0)
(0.00116479 -1.86418e-06 0)
(0.00116118 -1.23148e-06 0)
(0.00115764 -5.22046e-07 0)
(0.00115419 2.67462e-07 0)
(0.00115081 1.14167e-06 0)
(0.00114752 2.10314e-06 0)
(0.00114431 3.14892e-06 0)
(0.00114121 4.269e-06 0)
(0.00113822 5.44804e-06 0)
(0.00113536 6.6663e-06 0)
(0.00113265 7.90319e-06 0)
(0.0011301 9.14151e-06 0)
(0.00112773 1.03701e-05 0)
(0.00112555 1.1584e-05 0)
(0.00112356 1.27778e-05 0)
(0.00112177 1.39501e-05 0)
(0.00112017 1.51003e-05 0)
(0.00111877 1.62254e-05 0)
(0.00111756 1.73193e-05 0)
(0.00111653 1.83722e-05 0)
(0.00111567 1.93713e-05 0)
(0.00111497 2.03004e-05 0)
(0.00111441 2.11409e-05 0)
(0.00111398 2.18716e-05 0)
(0.00111367 2.24698e-05 0)
(0.00111344 2.29119e-05 0)
(0.0011133 2.31749e-05 0)
(0.00111321 2.32383e-05 0)
(0.00111317 2.30861e-05 0)
(0.00111316 2.27091e-05 0)
(0.00111316 2.21062e-05 0)
(0.00111316 2.12857e-05 0)
(0.00111315 2.02651e-05 0)
(0.00111312 1.90701e-05 0)
(0.00111306 1.77334e-05 0)
(0.00111297 1.62921e-05 0)
(0.00111284 1.47855e-05 0)
(0.00111268 1.32527e-05 0)
(0.00111248 1.17307e-05 0)
(0.00111224 1.02525e-05 0)
(0.00111196 8.84579e-06 0)
(0.00111166 7.5324e-06 0)
(0.00111132 6.32766e-06 0)
(0.00111097 5.24063e-06 0)
(0.00111059 4.27452e-06 0)
(0.0011102 3.42744e-06 0)
(0.00110979 2.69344e-06 0)
(0.00110937 2.06381e-06 0)
(0.00110895 1.52838e-06 0)
(0.00110853 1.07672e-06 0)
(0.00110812 6.99032e-07 0)
(0.00110771 3.86919e-07 0)
(0.00110732 1.33698e-07 0)
(0.00110695 -6.57353e-08 0)
(0.00110661 -2.15115e-07 0)
(0.00110629 -3.17564e-07 0)
(0.001106 -3.76051e-07 0)
(0.00110575 -3.94219e-07 0)
(0.00110552 -3.76396e-07 0)
(0.00110532 -3.28361e-07 0)
(0.00110514 -2.56568e-07 0)
(0.00110498 -1.68828e-07 0)
(0.00110484 -7.25798e-08 0)
(0.00110471 2.38723e-08 0)
(0.00110458 1.14339e-07 0)
(0.00110447 1.92048e-07 0)
(0.00110436 2.54104e-07 0)
(0.00110425 2.96205e-07 0)
(0.00110416 3.1977e-07 0)
(0.00110407 3.22587e-07 0)
(0.00110399 3.10273e-07 0)
(0.00110392 2.81161e-07 0)
(0.00110386 2.44186e-07 0)
(0.00110381 1.96559e-07 0)
(0.00110378 1.48989e-07 0)
(0.00110375 9.71883e-08 0)
(0.00110375 5.06859e-08 0)
(0.00110374 6.84606e-09 0)
(0.00110376 -3.29284e-08 0)
(0.00110376 -5.92872e-08 0)
(0.0011038 -9.45202e-08 0)
(0.0011343 5.75812e-06 0)
(0.00113055 5.3843e-06 0)
(0.00112691 5.08944e-06 0)
(0.00112338 4.8805e-06 0)
(0.00111996 4.7629e-06 0)
(0.00111665 4.73981e-06 0)
(0.00111346 4.81142e-06 0)
(0.00111039 4.975e-06 0)
(0.00110743 5.22555e-06 0)
(0.0011046 5.5574e-06 0)
(0.00110191 5.96561e-06 0)
(0.00109935 6.44635e-06 0)
(0.00109694 6.99648e-06 0)
(0.00109468 7.61176e-06 0)
(0.00109259 8.28522e-06 0)
(0.00109068 9.00639e-06 0)
(0.00108896 9.76135e-06 0)
(0.00108744 1.0533e-05 0)
(0.00108612 1.1305e-05 0)
(0.00108502 1.20642e-05 0)
(0.00108413 1.2802e-05 0)
(0.00108345 1.35146e-05 0)
(0.00108298 1.42025e-05 0)
(0.00108271 1.48692e-05 0)
(0.00108265 1.55192e-05 0)
(0.00108277 1.61566e-05 0)
(0.00108309 1.67835e-05 0)
(0.0010836 1.73994e-05 0)
(0.00108428 1.80009e-05 0)
(0.00108514 1.85815e-05 0)
(0.00108615 1.91319e-05 0)
(0.0010873 1.9639e-05 0)
(0.00108858 2.0087e-05 0)
(0.00108996 2.04565e-05 0)
(0.00109141 2.07264e-05 0)
(0.00109292 2.08742e-05 0)
(0.00109446 2.08787e-05 0)
(0.001096 2.07216e-05 0)
(0.00109752 2.03901e-05 0)
(0.00109899 1.98785e-05 0)
(0.00110039 1.91894e-05 0)
(0.0011017 1.83341e-05 0)
(0.00110292 1.73317e-05 0)
(0.00110401 1.62079e-05 0)
(0.00110499 1.49926e-05 0)
(0.00110583 1.37182e-05 0)
(0.00110654 1.24172e-05 0)
(0.00110712 1.11204e-05 0)
(0.00110757 9.85531e-06 0)
(0.00110791 8.64556e-06 0)
(0.00110814 7.50995e-06 0)
(0.00110827 6.46237e-06 0)
(0.00110832 5.51163e-06 0)
(0.00110829 4.66165e-06 0)
(0.0011082 3.91184e-06 0)
(0.00110806 3.25767e-06 0)
(0.00110788 2.69154e-06 0)
(0.00110766 2.20387e-06 0)
(0.00110742 1.78431e-06 0)
(0.00110715 1.42296e-06 0)
(0.00110688 1.11135e-06 0)
(0.0011066 8.43212e-07 0)
(0.00110632 6.14642e-07 0)
(0.00110606 4.24043e-07 0)
(0.00110581 2.71315e-07 0)
(0.00110559 1.57179e-07 0)
(0.00110538 8.1935e-08 0)
(0.00110521 4.50336e-08 0)
(0.00110505 4.37832e-08 0)
(0.00110492 7.39434e-08 0)
(0.0011048 1.28627e-07 0)
(0.00110469 2.0037e-07 0)
(0.00110459 2.79499e-07 0)
(0.00110449 3.58222e-07 0)
(0.0011044 4.2707e-07 0)
(0.00110431 4.81442e-07 0)
(0.00110421 5.14166e-07 0)
(0.00110413 5.26309e-07 0)
(0.00110404 5.13119e-07 0)
(0.00110396 4.82143e-07 0)
(0.00110389 4.29154e-07 0)
(0.00110383 3.67592e-07 0)
(0.00110378 2.91124e-07 0)
(0.00110375 2.17304e-07 0)
(0.00110372 1.36622e-07 0)
(0.00110372 6.66577e-08 0)
(0.0011037 -1.03467e-09 0)
(0.00110373 -5.91999e-08 0)
(0.00110373 -9.97827e-08 0)
(0.00110377 -1.49875e-07 0)
(0.00109454 1.27333e-05 0)
(0.00109191 1.21419e-05 0)
(0.00108938 1.16259e-05 0)
(0.00108694 1.11895e-05 0)
(0.00108462 1.08347e-05 0)
(0.0010824 1.05612e-05 0)
(0.00108031 1.03656e-05 0)
(0.00107834 1.02424e-05 0)
(0.00107652 1.01839e-05 0)
(0.00107484 1.01821e-05 0)
(0.00107332 1.02298e-05 0)
(0.00107197 1.03214e-05 0)
(0.0010708 1.04532e-05 0)
(0.00106981 1.06226e-05 0)
(0.00106901 1.08271e-05 0)
(0.00106841 1.10631e-05 0)
(0.00106801 1.13259e-05 0)
(0.0010678 1.16095e-05 0)
(0.00106778 1.19076e-05 0)
(0.00106795 1.22143e-05 0)
(0.00106828 1.25246e-05 0)
(0.00106878 1.28352e-05 0)
(0.00106942 1.31439e-05 0)
(0.0010702 1.34496e-05 0)
(0.0010711 1.37521e-05 0)
(0.00107212 1.40515e-05 0)
(0.00107325 1.4348e-05 0)
(0.00107448 1.4642e-05 0)
(0.00107581 1.49332e-05 0)
(0.00107723 1.52204e-05 0)
(0.00107873 1.55004e-05 0)
(0.0010803 1.57677e-05 0)
(0.00108194 1.60133e-05 0)
(0.00108363 1.62246e-05 0)
(0.00108537 1.63858e-05 0)
(0.00108712 1.64787e-05 0)
(0.00108889 1.64843e-05 0)
(0.00109065 1.63848e-05 0)
(0.00109238 1.61662e-05 0)
(0.00109407 1.58195e-05 0)
(0.00109569 1.53427e-05 0)
(0.00109723 1.47408e-05 0)
(0.00109867 1.4026e-05 0)
(0.0011 1.32159e-05 0)
(0.0011012 1.23321e-05 0)
(0.00110227 1.13983e-05 0)
(0.0011032 1.04383e-05 0)
(0.001104 9.47465e-06 0)
(0.00110466 8.52727e-06 0)
(0.0011052 7.61341e-06 0)
(0.00110562 6.74717e-06 0)
(0.00110593 5.93953e-06 0)
(0.00110614 5.19837e-06 0)
(0.00110627 4.52841e-06 0)
(0.00110633 3.93104e-06 0)
(0.00110634 3.40439e-06 0)
(0.00110629 2.9435e-06 0)
(0.0011062 2.54093e-06 0)
(0.00110608 2.18769e-06 0)
(0.00110593 1.87453e-06 0)
(0.00110576 1.59317e-06 0)
(0.00110558 1.33757e-06 0)
(0.00110539 1.10459e-06 0)
(0.00110521 8.94264e-07 0)
(0.00110503 7.09173e-07 0)
(0.00110486 5.53783e-07 0)
(0.00110472 4.32717e-07 0)
(0.00110459 3.49829e-07 0)
(0.00110448 3.06379e-07 0)
(0.00110438 3.01215e-07 0)
(0.0011043 3.29188e-07 0)
(0.00110423 3.83392e-07 0)
(0.00110416 4.53302e-07 0)
(0.0011041 5.29481e-07 0)
(0.00110404 5.99592e-07 0)
(0.00110397 6.56782e-07 0)
(0.00110391 6.90516e-07 0)
(0.00110385 7.00872e-07 0)
(0.00110378 6.80116e-07 0)
(0.00110373 6.37431e-07 0)
(0.00110367 5.65772e-07 0)
(0.00110363 4.83399e-07 0)
(0.0011036 3.80148e-07 0)
(0.00110358 2.81519e-07 0)
(0.00110356 1.72035e-07 0)
(0.00110357 7.91849e-08 0)
(0.00110356 -1.29422e-08 0)
(0.00110359 -8.87333e-08 0)
(0.00110359 -1.44098e-07 0)
(0.00110364 -2.0785e-07 0)
(0.00109105 1.74022e-05 0)
(0.0010891 1.66141e-05 0)
(0.00108723 1.58903e-05 0)
(0.00108546 1.5231e-05 0)
(0.00108379 1.46352e-05 0)
(0.00108223 1.41004e-05 0)
(0.00108079 1.36226e-05 0)
(0.00107948 1.31963e-05 0)
(0.00107831 1.2815e-05 0)
(0.00107728 1.24723e-05 0)
(0.0010764 1.21636e-05 0)
(0.00107568 1.18867e-05 0)
(0.00107511 1.16415e-05 0)
(0.00107469 1.14297e-05 0)
(0.00107443 1.1253e-05 0)
(0.00107432 1.11126e-05 0)
(0.00107434 1.10082e-05 0)
(0.0010745 1.0938e-05 0)
(0.00107478 1.08997e-05 0)
(0.00107518 1.08909e-05 0)
(0.00107567 1.09096e-05 0)
(0.00107625 1.09549e-05 0)
(0.00107691 1.10266e-05 0)
(0.00107764 1.11244e-05 0)
(0.00107843 1.12481e-05 0)
(0.00107928 1.13965e-05 0)
(0.00108016 1.15677e-05 0)
(0.00108108 1.17585e-05 0)
(0.00108203 1.19647e-05 0)
(0.00108299 1.21809e-05 0)
(0.00108398 1.24003e-05 0)
(0.00108498 1.26146e-05 0)
(0.00108599 1.28135e-05 0)
(0.00108702 1.29851e-05 0)
(0.00108807 1.31158e-05 0)
(0.00108915 1.31911e-05 0)
(0.00109024 1.31967e-05 0)
(0.00109135 1.31198e-05 0)
(0.00109247 1.29505e-05 0)
(0.0010936 1.26834e-05 0)
(0.00109471 1.2318e-05 0)
(0.0010958 1.18598e-05 0)
(0.00109685 1.13192e-05 0)
(0.00109785 1.07107e-05 0)
(0.00109879 1.00514e-05 0)
(0.00109965 9.35928e-06 0)
(0.00110043 8.65128e-06 0)
(0.00110112 7.94256e-06 0)
(0.00110171 7.2458e-06 0)
(0.00110222 6.57129e-06 0)
(0.00110263 5.92734e-06 0)
(0.00110297 5.3208e-06 0)
(0.00110323 4.75735e-06 0)
(0.00110343 4.24143e-06 0)
(0.00110357 3.77581e-06 0)
(0.00110366 3.36099e-06 0)
(0.00110371 2.99473e-06 0)
(0.00110372 2.67192e-06 0)
(0.0011037 2.38509e-06 0)
(0.00110366 2.12547e-06 0)
(0.0011036 1.88449e-06 0)
(0.00110352 1.65543e-06 0)
(0.00110344 1.43461e-06 0)
(0.00110334 1.22225e-06 0)
(0.00110325 1.02224e-06 0)
(0.00110317 8.41441e-07 0)
(0.00110309 6.87855e-07 0)
(0.00110302 5.69239e-07 0)
(0.00110296 4.90771e-07 0)
(0.00110291 4.54577e-07 0)
(0.00110286 4.57829e-07 0)
(0.00110283 4.94633e-07 0)
(0.0011028 5.54198e-07 0)
(0.00110277 6.25882e-07 0)
(0.00110274 6.95312e-07 0)
(0.00110272 7.53638e-07 0)
(0.0011027 7.87778e-07 0)
(0.00110268 7.9669e-07 0)
(0.00110266 7.70386e-07 0)
(0.00110265 7.19109e-07 0)
(0.00110264 6.3359e-07 0)
(0.00110264 5.3612e-07 0)
(0.00110265 4.12973e-07 0)
(0.00110266 2.97057e-07 0)
(0.00110268 1.66232e-07 0)
(0.0011027 5.88846e-08 0)
(0.00110272 -5.11126e-08 0)
(0.00110276 -1.35239e-07 0)
(0.00110277 -2.01057e-07 0)
(0.00110282 -2.68016e-07 0)
(0.00109661 2.15659e-05 0)
(0.00109491 2.05756e-05 0)
(0.00109329 1.96411e-05 0)
(0.00109176 1.87584e-05 0)
(0.00109033 1.79237e-05 0)
(0.001089 1.71333e-05 0)
(0.00108777 1.63836e-05 0)
(0.00108665 1.5671e-05 0)
(0.00108563 1.4992e-05 0)
(0.00108472 1.43438e-05 0)
(0.00108392 1.37254e-05 0)
(0.00108322 1.31385e-05 0)
(0.00108262 1.25879e-05 0)
(0.00108211 1.20808e-05 0)
(0.00108168 1.16253e-05 0)
(0.00108133 1.12283e-05 0)
(0.00108105 1.08944e-05 0)
(0.00108082 1.06245e-05 0)
(0.00108065 1.0416e-05 0)
(0.00108053 1.02642e-05 0)
(0.00108045 1.01632e-05 0)
(0.00108042 1.01076e-05 0)
(0.00108043 1.00934e-05 0)
(0.00108048 1.01182e-05 0)
(0.00108057 1.01809e-05 0)
(0.0010807 1.02807e-05 0)
(0.00108088 1.04161e-05 0)
(0.00108111 1.05834e-05 0)
(0.00108137 1.07763e-05 0)
(0.00108168 1.09853e-05 0)
(0.00108203 1.11978e-05 0)
(0.00108243 1.13991e-05 0)
(0.00108288 1.15733e-05 0)
(0.00108338 1.17044e-05 0)
(0.00108395 1.1778e-05 0)
(0.00108458 1.17816e-05 0)
(0.00108526 1.17061e-05 0)
(0.00108601 1.1546e-05 0)
(0.0010868 1.12999e-05 0)
(0.00108764 1.09707e-05 0)
(0.00108851 1.05653e-05 0)
(0.00108938 1.00946e-05 0)
(0.00109026 9.57204e-06 0)
(0.00109112 9.01278e-06 0)
(0.00109194 8.43221e-06 0)
(0.00109273 7.8445e-06 0)
(0.00109345 7.26143e-06 0)
(0.00109412 6.69188e-06 0)
(0.00109472 6.14189e-06 0)
(0.00109526 5.61532e-06 0)
(0.00109573 5.11487e-06 0)
(0.00109615 4.64302e-06 0)
(0.0010965 4.20253e-06 0)
(0.00109681 3.79642e-06 0)
(0.00109707 3.42732e-06 0)
(0.00109728 3.09648e-06 0)
(0.00109746 2.80285e-06 0)
(0.00109761 2.54257e-06 0)
(0.00109773 2.30915e-06 0)
(0.00109783 2.09448e-06 0)
(0.00109791 1.89032e-06 0)
(0.00109797 1.69009e-06 0)
(0.00109802 1.49043e-06 0)
(0.00109805 1.29203e-06 0)
(0.00109808 1.09963e-06 0)
(0.00109809 9.21145e-07 0)
(0.0010981 7.65876e-07 0)
(0.00109811 6.42821e-07 0)
(0.00109811 5.58384e-07 0)
(0.00109812 5.15493e-07 0)
(0.00109812 5.12e-07 0)
(0.00109812 5.42033e-07 0)
(0.00109813 5.94872e-07 0)
(0.00109815 6.59222e-07 0)
(0.00109817 7.20514e-07 0)
(0.0010982 7.69034e-07 0)
(0.00109825 7.91808e-07 0)
(0.0010983 7.87443e-07 0)
(0.00109836 7.46703e-07 0)
(0.00109842 6.80522e-07 0)
(0.0010985 5.80303e-07 0)
(0.00109856 4.70397e-07 0)
(0.00109864 3.36068e-07 0)
(0.0010987 2.14512e-07 0)
(0.00109877 7.813e-08 0)
(0.00109882 -2.56907e-08 0)
(0.00109888 -1.3661e-07 0)
(0.00109891 -2.08537e-07 0)
(0.00109895 -2.7345e-07 0)
(0.00109897 -3.2112e-07 0)
(0.00106437 2.52968e-05 0)
(0.00106336 2.41311e-05 0)
(0.00106242 2.30122e-05 0)
(0.00106155 2.19374e-05 0)
(0.00106074 2.09056e-05 0)
(0.00106 1.99169e-05 0)
(0.00105931 1.89716e-05 0)
(0.00105869 1.807e-05 0)
(0.00105813 1.72118e-05 0)
(0.00105762 1.6397e-05 0)
(0.00105716 1.56271e-05 0)
(0.00105675 1.49059e-05 0)
(0.00105637 1.42396e-05 0)
(0.00105604 1.36352e-05 0)
(0.00105573 1.30996e-05 0)
(0.00105546 1.26365e-05 0)
(0.00105523 1.22455e-05 0)
(0.00105503 1.19217e-05 0)
(0.00105488 1.16564e-05 0)
(0.00105478 1.14394e-05 0)
(0.00105474 1.12604e-05 0)
(0.00105477 1.11115e-05 0)
(0.00105485 1.0988e-05 0)
(0.00105501 1.08882e-05 0)
(0.00105524 1.08127e-05 0)
(0.00105553 1.07627e-05 0)
(0.0010559 1.07382e-05 0)
(0.00105634 1.07363e-05 0)
(0.00105685 1.0751e-05 0)
(0.00105744 1.07724e-05 0)
(0.00105812 1.07879e-05 0)
(0.00105887 1.07839e-05 0)
(0.00105971 1.07467e-05 0)
(0.00106062 1.06644e-05 0)
(0.00106161 1.05282e-05 0)
(0.00106266 1.03326e-05 0)
(0.00106377 1.00758e-05 0)
(0.00106492 9.75955e-06 0)
(0.00106609 9.38869e-06 0)
(0.00106728 8.97076e-06 0)
(0.00106846 8.51544e-06 0)
(0.00106962 8.03393e-06 0)
(0.00107075 7.5381e-06 0)
(0.00107183 7.03943e-06 0)
(0.00107285 6.54799e-06 0)
(0.00107381 6.07154e-06 0)
(0.0010747 5.61501e-06 0)
(0.00107553 5.1806e-06 0)
(0.00107628 4.76844e-06 0)
(0.00107698 4.37765e-06 0)
(0.00107761 4.00753e-06 0)
(0.00107819 3.65841e-06 0)
(0.00107871 3.33186e-06 0)
(0.00107917 3.03038e-06 0)
(0.00107959 2.75631e-06 0)
(0.00107997 2.5108e-06 0)
(0.00108031 2.29275e-06 0)
(0.00108062 2.09842e-06 0)
(0.00108089 1.92174e-06 0)
(0.00108115 1.75533e-06 0)
(0.00108138 1.5921e-06 0)
(0.0010816 1.42696e-06 0)
(0.0010818 1.2581e-06 0)
(0.00108198 1.08765e-06 0)
(0.00108214 9.21247e-07 0)
(0.00108228 7.67014e-07 0)
(0.00108239 6.33801e-07 0)
(0.00108249 5.29439e-07 0)
(0.00108256 4.58982e-07 0)
(0.00108263 4.23793e-07 0)
(0.00108269 4.20842e-07 0)
(0.00108275 4.43535e-07 0)
(0.00108282 4.81888e-07 0)
(0.0010829 5.25266e-07 0)
(0.00108299 5.61824e-07 0)
(0.0010831 5.83354e-07 0)
(0.00108323 5.81127e-07 0)
(0.00108336 5.5475e-07 0)
(0.00108351 4.99664e-07 0)
(0.00108366 4.25508e-07 0)
(0.00108381 3.27892e-07 0)
(0.00108394 2.27166e-07 0)
(0.00108407 1.1164e-07 0)
(0.00108417 1.37337e-08 0)
(0.00108427 -9.3352e-08 0)
(0.00108432 -1.63519e-07 0)
(0.00108438 -2.43912e-07 0)
(0.00108438 -2.76716e-07 0)
(0.00108441 -3.21042e-07 0)
(0.00108438 -3.25519e-07 0)
(0.0009668 2.60833e-05 0)
(0.000967991 2.48028e-05 0)
(0.000969191 2.35769e-05 0)
(0.000970397 2.24046e-05 0)
(0.000971609 2.12843e-05 0)
(0.000972823 2.02143e-05 0)
(0.000974038 1.91928e-05 0)
(0.000975254 1.82186e-05 0)
(0.000976467 1.72917e-05 0)
(0.000977677 1.64132e-05 0)
(0.000978881 1.55856e-05 0)
(0.000980078 1.48121e-05 0)
(0.000981267 1.40953e-05 0)
(0.00098245 1.34364e-05 0)
(0.00098363 1.28348e-05 0)
(0.000984811 1.22873e-05 0)
(0.000985998 1.17886e-05 0)
(0.000987197 1.13329e-05 0)
(0.000988411 1.09143e-05 0)
(0.000989644 1.05282e-05 0)
(0.000990895 1.0172e-05 0)
(0.000992165 9.84524e-06 0)
(0.000993453 9.54876e-06 0)
(0.000994758 9.28407e-06 0)
(0.000996081 9.05198e-06 0)
(0.000997423 8.85154e-06 0)
(0.000998787 8.67934e-06 0)
(0.00100018 8.52934e-06 0)
(0.0010016 8.39327e-06 0)
(0.00100306 8.26151e-06 0)
(0.00100455 8.12422e-06 0)
(0.00100607 7.97242e-06 0)
(0.00100763 7.79893e-06 0)
(0.00100921 7.59882e-06 0)
(0.0010108 7.36954e-06 0)
(0.0010124 7.11083e-06 0)
(0.00101399 6.82439e-06 0)
(0.00101555 6.51357e-06 0)
(0.00101708 6.18306e-06 0)
(0.00101856 5.83859e-06 0)
(0.00101998 5.48652e-06 0)
(0.00102133 5.13335e-06 0)
(0.00102262 4.78512e-06 0)
(0.00102383 4.44677e-06 0)
(0.00102496 4.12174e-06 0)
(0.00102601 3.81177e-06 0)
(0.00102699 3.5171e-06 0)
(0.0010279 3.237e-06 0)
(0.00102874 2.97048e-06 0)
(0.00102952 2.71708e-06 0)
(0.00103023 2.47722e-06 0)
(0.00103089 2.25227e-06 0)
(0.00103149 2.04402e-06 0)
(0.00103204 1.85401e-06 0)
(0.00103255 1.68269e-06 0)
(0.00103302 1.52902e-06 0)
(0.00103345 1.39032e-06 0)
(0.00103385 1.26271e-06 0)
(0.00103423 1.14189e-06 0)
(0.00103458 1.0241e-06 0)
(0.0010349 9.07074e-07 0)
(0.00103519 7.90625e-07 0)
(0.00103546 6.76739e-07 0)
(0.0010357 5.69213e-07 0)
(0.00103591 4.73027e-07 0)
(0.00103609 3.92969e-07 0)
(0.00103624 3.32539e-07 0)
(0.00103638 2.93108e-07 0)
(0.00103651 2.73564e-07 0)
(0.00103663 2.70355e-07 0)
(0.00103676 2.78039e-07 0)
(0.0010369 2.89995e-07 0)
(0.00103705 2.99437e-07 0)
(0.00103721 3.00362e-07 0)
(0.00103738 2.88258e-07 0)
(0.00103756 2.60848e-07 0)
(0.00103775 2.17729e-07 0)
(0.00103793 1.61627e-07 0)
(0.0010381 9.49873e-08 0)
(0.00103825 2.44115e-08 0)
(0.00103839 -4.85645e-08 0)
(0.00103849 -1.13853e-07 0)
(0.00103857 -1.76022e-07 0)
(0.00103861 -2.19337e-07 0)
(0.00103865 -2.60741e-07 0)
(0.00103863 -2.73161e-07 0)
(0.00103863 -2.93656e-07 0)
(0.00103856 -2.75046e-07 0)
(0.00103855 -2.81706e-07 0)
(0.00103843 -2.40041e-07 0)
(0.000816469 2.01527e-05 0)
(0.000820416 1.89515e-05 0)
(0.000824241 1.78019e-05 0)
(0.000827944 1.67031e-05 0)
(0.000831526 1.56547e-05 0)
(0.000834988 1.46566e-05 0)
(0.000838331 1.37089e-05 0)
(0.000841555 1.2812e-05 0)
(0.00084466 1.19666e-05 0)
(0.000847649 1.11733e-05 0)
(0.000850523 1.04328e-05 0)
(0.000853285 9.74563e-06 0)
(0.000855941 9.11208e-06 0)
(0.000858495 8.53183e-06 0)
(0.000860954 8.00397e-06 0)
(0.000863325 7.52693e-06 0)
(0.000865612 7.09843e-06 0)
(0.000867822 6.71566e-06 0)
(0.00086996 6.37538e-06 0)
(0.000872029 6.07404e-06 0)
(0.000874035 5.80792e-06 0)
(0.000875982 5.57314e-06 0)
(0.000877874 5.36564e-06 0)
(0.000879718 5.18116e-06 0)
(0.00088152 5.01517e-06 0)
(0.000883286 4.86293e-06 0)
(0.000885022 4.71962e-06 0)
(0.000886734 4.5806e-06 0)
(0.000888425 4.44165e-06 0)
(0.000890095 4.29935e-06 0)
(0.000891745 4.15128e-06 0)
(0.00089337 3.99613e-06 0)
(0.000894968 3.83364e-06 0)
(0.00089653 3.66433e-06 0)
(0.000898051 3.4893e-06 0)
(0.000899524 3.30997e-06 0)
(0.000900942 3.12784e-06 0)
(0.0009023 2.94448e-06 0)
(0.000903591 2.76146e-06 0)
(0.000904813 2.58044e-06 0)
(0.000905964 2.40312e-06 0)
(0.000907043 2.23117e-06 0)
(0.000908051 2.06611e-06 0)
(0.00090899 1.90913e-06 0)
(0.000909864 1.76088e-06 0)
(0.000910676 1.62136e-06 0)
(0.00091143 1.48988e-06 0)
(0.000912129 1.3653e-06 0)
(0.000912777 1.24634e-06 0)
(0.000913376 1.13192e-06 0)
(0.000913929 1.02151e-06 0)
(0.000914438 9.15201e-07 0)
(0.000914906 8.1356e-07 0)
(0.000915336 7.17341e-07 0)
(0.000915733 6.27176e-07 0)
(0.000916098 5.4351e-07 0)
(0.000916437 4.66722e-07 0)
(0.00091675 3.97178e-07 0)
(0.00091704 3.34941e-07 0)
(0.000917308 2.79305e-07 0)
(0.000917553 2.28853e-07 0)
(0.000917776 1.81779e-07 0)
(0.000917976 1.36524e-07 0)
(0.000918154 9.20992e-08 0)
(0.000918311 4.79262e-08 0)
(0.000918449 4.08474e-09 0)
(0.000918573 -3.87492e-08 0)
(0.000918685 -7.94756e-08 0)
(0.00091879 -1.16768e-07 0)
(0.00091889 -1.4935e-07 0)
(0.000918988 -1.76226e-07 0)
(0.000919085 -1.96914e-07 0)
(0.000919181 -2.11468e-07 0)
(0.000919273 -2.20455e-07 0)
(0.000919359 -2.2452e-07 0)
(0.000919436 -2.24255e-07 0)
(0.0009195 -2.20113e-07 0)
(0.000919549 -2.12802e-07 0)
(0.000919582 -2.02881e-07 0)
(0.000919596 -1.90966e-07 0)
(0.000919593 -1.77588e-07 0)
(0.000919573 -1.63062e-07 0)
(0.00091954 -1.48212e-07 0)
(0.000919492 -1.32544e-07 0)
(0.000919441 -1.18375e-07 0)
(0.000919374 -1.02683e-07 0)
(0.00091932 -9.12471e-08 0)
(0.000919241 -7.54012e-08 0)
(0.000919204 -6.86972e-08 0)
(0.000919112 -5.16732e-08 0)
(0.000594615 8.24818e-06 0)
(0.000599018 7.51729e-06 0)
(0.000603166 6.83762e-06 0)
(0.000607069 6.20823e-06 0)
(0.000610736 5.62794e-06 0)
(0.000614177 5.09534e-06 0)
(0.000617402 4.60875e-06 0)
(0.000620421 4.1663e-06 0)
(0.000623246 3.76592e-06 0)
(0.000625888 3.40545e-06 0)
(0.000628358 3.08265e-06 0)
(0.000630668 2.79527e-06 0)
(0.000632829 2.54103e-06 0)
(0.000634855 2.3176e-06 0)
(0.000636755 2.12257e-06 0)
(0.000638543 1.95338e-06 0)
(0.000640228 1.80733e-06 0)
(0.000641821 1.68165e-06 0)
(0.000643331 1.57356e-06 0)
(0.000644768 1.48039e-06 0)
(0.000646138 1.39969e-06 0)
(0.000647449 1.32934e-06 0)
(0.000648707 1.26757e-06 0)
(0.000649917 1.21299e-06 0)
(0.000651082 1.16457e-06 0)
(0.000652208 1.12157e-06 0)
(0.000653295 1.08327e-06 0)
(0.000654345 1.04889e-06 0)
(0.00065536 1.01742e-06 0)
(0.000656339 9.87688e-07 0)
(0.000657282 9.58556e-07 0)
(0.000658189 9.29081e-07 0)
(0.000659058 8.9862e-07 0)
(0.00065989 8.66792e-07 0)
(0.000660682 8.3339e-07 0)
(0.000661434 7.9829e-07 0)
(0.000662146 7.61398e-07 0)
(0.000662818 7.22633e-07 0)
(0.000663449 6.81937e-07 0)
(0.000664041 6.39284e-07 0)
(0.000664593 5.94705e-07 0)
(0.000665107 5.48317e-07 0)
(0.000665584 5.00362e-07 0)
(0.000666025 4.51235e-07 0)
(0.000666432 4.01482e-07 0)
(0.000666808 3.51766e-07 0)
(0.000667152 3.02803e-07 0)
(0.000667467 2.55294e-07 0)
(0.000667755 2.09864e-07 0)
(0.000668015 1.67027e-07 0)
(0.000668249 1.27172e-07 0)
(0.000668458 9.0557e-08 0)
(0.000668643 5.72957e-08 0)
(0.000668805 2.73467e-08 0)
(0.000668945 5.35993e-10 0)
(0.000669066 -2.34011e-08 0)
(0.000669168 -4.47915e-08 0)
(0.000669254 -6.40401e-08 0)
(0.000669325 -8.15401e-08 0)
(0.000669381 -9.75178e-08 0)
(0.000669426 -1.12185e-07 0)
(0.000669459 -1.25624e-07 0)
(0.000669482 -1.37667e-07 0)
(0.000669495 -1.4785e-07 0)
(0.000669497 -1.55634e-07 0)
(0.000669491 -1.60355e-07 0)
(0.000669474 -1.61443e-07 0)
(0.00066945 -1.58563e-07 0)
(0.000669417 -1.51687e-07 0)
(0.000669378 -1.41128e-07 0)
(0.000669334 -1.27517e-07 0)
(0.000669287 -1.11738e-07 0)
(0.000669237 -9.48173e-08 0)
(0.000669187 -7.78206e-08 0)
(0.000669137 -6.17141e-08 0)
(0.00066909 -4.72709e-08 0)
(0.000669045 -3.51793e-08 0)
(0.000669003 -2.58418e-08 0)
(0.000668963 -1.92699e-08 0)
(0.000668925 -1.52158e-08 0)
(0.000668891 -1.32704e-08 0)
(0.00066886 -1.29218e-08 0)
(0.000668831 -1.36899e-08 0)
(0.000668805 -1.49762e-08 0)
(0.000668782 -1.65919e-08 0)
(0.000668762 -1.76818e-08 0)
(0.000668744 -1.90107e-08 0)
(0.000668727 -1.85252e-08 0)
(0.000668716 -1.93518e-08 0)
(0.000668698 -1.64609e-08 0)
(0.000233875 2.76781e-07 0)
(0.00023577 2.20075e-07 0)
(0.000237488 1.72235e-07 0)
(0.000239045 1.31999e-07 0)
(0.000240452 9.81912e-08 0)
(0.000241724 6.97629e-08 0)
(0.00024287 4.58113e-08 0)
(0.000243904 2.55951e-08 0)
(0.000244836 8.53724e-09 0)
(0.000245675 -5.78251e-09 0)
(0.000246432 -1.76454e-08 0)
(0.000247115 -2.72192e-08 0)
(0.000247733 -3.45882e-08 0)
(0.000248294 -3.97847e-08 0)
(0.000248804 -4.2817e-08 0)
(0.000249272 -4.36933e-08 0)
(0.000249702 -4.24398e-08 0)
(0.000250101 -3.91132e-08 0)
(0.000250473 -3.38105e-08 0)
(0.000250823 -2.66757e-08 0)
(0.000251154 -1.79044e-08 0)
(0.000251469 -7.74657e-09 0)
(0.000251771 3.4946e-09 0)
(0.000252062 1.54672e-08 0)
(0.000252344 2.77802e-08 0)
(0.000252618 4.00195e-08 0)
(0.000252886 5.17713e-08 0)
(0.000253148 6.26479e-08 0)
(0.000253405 7.23114e-08 0)
(0.000253658 8.04935e-08 0)
(0.000253905 8.70073e-08 0)
(0.000254147 9.17546e-08 0)
(0.000254384 9.47234e-08 0)
(0.000254614 9.59792e-08 0)
(0.000254836 9.56571e-08 0)
(0.00025505 9.39533e-08 0)
(0.000255256 9.11134e-08 0)
(0.000255451 8.7418e-08 0)
(0.000255637 8.3174e-08 0)
(0.000255812 7.87026e-08 0)
(0.000255975 7.43205e-08 0)
(0.000256126 7.03169e-08 0)
(0.000256266 6.69278e-08 0)
(0.000256393 6.43107e-08 0)
(0.000256509 6.25256e-08 0)
(0.000256612 6.15286e-08 0)
(0.000256703 6.11831e-08 0)
(0.000256783 6.12888e-08 0)
(0.000256852 6.16209e-08 0)
(0.000256911 6.19725e-08 0)
(0.000256961 6.21882e-08 0)
(0.000257002 6.21823e-08 0)
(0.000257034 6.19385e-08 0)
(0.000257059 6.14919e-08 0)
(0.000257077 6.09038e-08 0)
(0.000257089 6.02348e-08 0)
(0.000257096 5.95233e-08 0)
(0.000257097 5.87411e-08 0)
(0.000257094 5.7813e-08 0)
(0.000257087 5.67745e-08 0)
(0.000257077 5.55083e-08 0)
(0.000257063 5.38314e-08 0)
(0.000257046 5.15109e-08 0)
(0.000257026 4.82969e-08 0)
(0.000257003 4.41313e-08 0)
(0.000256978 3.8993e-08 0)
(0.000256951 3.29554e-08 0)
(0.000256923 2.61908e-08 0)
(0.000256894 1.89522e-08 0)
(0.000256866 1.15435e-08 0)
(0.000256839 4.28771e-09 0)
(0.000256813 -2.50829e-09 0)
(0.000256789 -8.57608e-09 0)
(0.000256768 -1.37023e-08 0)
(0.00025675 -1.77635e-08 0)
(0.000256733 -2.07855e-08 0)
(0.000256719 -2.28773e-08 0)
(0.000256706 -2.40841e-08 0)
(0.000256695 -2.44361e-08 0)
(0.000256684 -2.40115e-08 0)
(0.000256675 -2.29235e-08 0)
(0.000256666 -2.13057e-08 0)
(0.000256658 -1.931e-08 0)
(0.00025665 -1.707e-08 0)
(0.000256642 -1.47334e-08 0)
(0.000256634 -1.23725e-08 0)
(0.000256627 -1.00748e-08 0)
(0.00025662 -7.84495e-09 0)
(0.000256614 -5.67452e-09 0)
(0.000256608 -3.08595e-09 0)
)
;

boundaryField
{
    inlet
    {
        type            fixedValue;
        value           nonuniform List<vector> 0();
    }
    outlet
    {
        type            zeroGradient;
    }
    wall
    {
        type            noSlip;
    }
    obstacle
    {
        type            noSlip;
    }
    frontAndBack
    {
        type            empty;
    }
    procBoundary3to2
    {
        type            processor;
        value           nonuniform List<vector> 
31
(
(0.000233878 -2.76648e-07 0)
(0.000594608 -8.2491e-06 0)
(0.000816474 -2.0154e-05 0)
(0.000966884 -2.60719e-05 0)
(0.00106457 -2.5256e-05 0)
(0.00109688 -2.14992e-05 0)
(0.00109136 -1.73091e-05 0)
(0.00109482 -1.25984e-05 0)
(0.00113455 -5.54979e-06 0)
(0.00120151 4.08826e-06 0)
(0.00125645 1.41915e-05 0)
(0.00125692 2.13007e-05 0)
(0.00118592 2.32262e-05 0)
(0.00105716 1.89916e-05 0)
(0.000950014 7.63438e-06 0)
(0.000950014 7.63438e-06 0)
(0.000943627 -7.57283e-06 0)
(0.00105288 -1.88178e-05 0)
(0.00118479 -2.29143e-05 0)
(0.00125853 -2.09035e-05 0)
(0.00126004 -1.37409e-05 0)
(0.00120577 -3.56346e-06 0)
(0.00113816 6.20235e-06 0)
(0.00109726 1.33939e-05 0)
(0.0010931 1.82529e-05 0)
(0.0010984 2.26151e-05 0)
(0.00106544 2.65132e-05 0)
(0.000965617 2.74195e-05 0)
(0.000812396 2.14061e-05 0)
(0.000589948 9.03095e-06 0)
(0.000231791 3.43669e-07 0)
)
;
    }
}


// ************************************************************************* //
