/*--------------------------------*- C++ -*----------------------------------*\
| =========                 |                                                 |
| \\      /  F ield         | OpenFOAM: The Open Source CFD Toolbox           |
|  \\    /   O peration     | Version:  2312                                  |
|   \\  /    A nd           | Website:  www.openfoam.com                      |
|    \\/     M anipulation  |                                                 |
\*---------------------------------------------------------------------------*/
FoamFile
{
    version     2.0;
    format      ascii;
    arch        "LSB;label=32;scalar=64";
    class       surfaceScalarField;
    location    "49000";
    object      phi;
}
// * * * * * * * * * * * * * * * * * * * * * * * * * * * * * * * * * * * * * //

dimensions      [0 3 -1 0 0 0 0];

oriented        oriented;

internalField   nonuniform List<scalar> 
5309
(
0.000664974
1.69226e-06
0.000661072
3.90243e-06
0.000655751
5.32089e-06
0.000649515
6.23642e-06
0.00064264
6.87512e-06
0.000635268
7.37167e-06
0.000627491
7.77654e-06
0.000619389
8.1028e-06
0.000611032
8.35645e-06
0.000602486
8.54647e-06
0.0005938
8.68516e-06
0.000585016
8.78483e-06
0.000576161
8.8551e-06
0.000567258
8.9023e-06
0.000558328
8.93022e-06
0.000549387
8.94135e-06
0.000540449
8.9375e-06
0.000531529
8.92025e-06
0.000522638
8.89091e-06
0.000513787
8.85056e-06
0.000504987
8.80002e-06
0.000496248
8.73988e-06
0.000487577
8.67056e-06
0.000478985
8.59235e-06
0.000470479
8.50548e-06
0.000462069
8.41006e-06
0.000453763
8.30624e-06
0.000445569
8.19402e-06
0.000437495
8.07352e-06
0.000429551
7.94459e-06
0.000421743
7.80747e-06
0.000414081
7.66179e-06
0.000406573
7.50805e-06
0.000399228
7.34551e-06
0.000392053
7.17524e-06
0.000385057
6.99571e-06
0.000378248
6.80912e-06
0.000371635
6.6125e-06
0.000365225
6.41008e-06
0.000359029
6.1962e-06
0.00035305
5.97883e-06
0.000347303
5.74726e-06
0.000341787
5.51641e-06
0.00033652
5.26617e-06
0.000331496
5.02412e-06
0.000326743
4.7529e-06
0.00032224
4.50322e-06
0.000318034
4.20586e-06
0.00031408
3.95432e-06
0.00031046
3.61942e-06
0.000307084
3.37634e-06
0.000304107
2.97754e-06
0.000301341
2.76585e-06
0.000299105
2.23541e-06
0.00029699
2.11554e-06
0.00029575
1.2403e-06
0.000294277
1.47299e-06
0.000294493
-2.16724e-07
0.000293338
1.15536e-06
-3.20773e-06
0.000296546
0.000667556
8.02986e-07
0.00066912
2.33795e-06
0.000670854
3.58753e-06
0.000672525
4.56554e-06
0.000674053
5.34637e-06
0.000675426
5.99881e-06
0.000676638
6.56449e-06
0.000677679
7.06182e-06
0.000678538
7.49784e-06
0.000679207
7.87701e-06
0.000679688
8.20493e-06
0.000679984
8.48853e-06
0.000680104
8.73484e-06
0.000680057
8.94969e-06
0.00067985
9.13742e-06
0.00067949
9.30096e-06
0.000678985
9.44245e-06
0.000678342
9.56345e-06
0.000677567
9.66543e-06
0.000676668
9.74944e-06
0.000675652
9.8166e-06
0.000674524
9.86745e-06
0.000673292
9.90285e-06
0.000671962
9.92282e-06
0.000670539
9.92813e-06
0.000669031
9.91835e-06
0.000667442
9.89438e-06
0.000665781
9.85528e-06
0.000664052
9.80234e-06
0.000662263
9.73385e-06
0.000660419
9.65192e-06
0.000658527
9.55366e-06
0.000656592
9.44258e-06
0.000654624
9.31391e-06
0.000652626
9.17355e-06
0.000650608
9.01365e-06
0.000648573
8.84407e-06
0.000646533
8.65189e-06
0.00064449
8.45356e-06
0.000642458
8.22773e-06
0.000640435
8.00174e-06
0.000638442
7.74031e-06
0.00063647
7.48877e-06
0.000634547
7.18874e-06
0.000632656
6.9153e-06
0.000630837
6.57185e-06
0.000629058
6.28259e-06
0.000627376
5.88781e-06
0.000625738
5.59273e-06
0.000624223
5.13371e-06
0.00062275
4.84918e-06
0.000621423
4.30543e-06
0.00062013
4.05789e-06
0.000618967
3.39863e-06
0.000617854
3.22904e-06
0.000616679
2.4147e-06
0.000615774
2.37809e-06
0.000614167
1.39041e-06
0.000613786
1.53627e-06
4.43386e-07
0.000610135
0.000666951
5.18713e-07
0.000667819
1.47033e-06
0.000669058
2.34759e-06
0.000670483
3.14058e-06
0.000671985
3.84514e-06
0.000673515
4.46892e-06
0.000675055
5.02415e-06
0.000676595
5.52193e-06
0.000678123
5.97008e-06
0.000679626
6.37349e-06
0.000681095
6.73571e-06
0.000682524
7.06001e-06
0.000683909
7.3499e-06
0.00068525
7.60887e-06
0.000686547
7.84018e-06
0.000687801
8.04647e-06
0.000689014
8.22995e-06
0.000690185
8.39218e-06
0.000691316
8.53466e-06
0.000692407
8.65826e-06
0.000693459
8.76417e-06
0.000694474
8.85279e-06
0.000695452
8.92514e-06
0.000696393
8.98112e-06
0.0006973
9.02172e-06
0.000698172
9.0463e-06
0.00069901
9.05601e-06
0.000699816
9.04962e-06
0.00070059
9.02868e-06
0.000701332
8.99114e-06
0.000702045
8.93934e-06
0.000702729
8.87007e-06
0.000703384
8.78692e-06
0.000704013
8.68503e-06
0.000704617
8.5699e-06
0.000705196
8.43427e-06
0.000705754
8.28652e-06
0.00070629
8.11587e-06
0.000706808
7.93496e-06
0.000707308
7.7279e-06
0.000707796
7.51352e-06
0.000708268
7.26856e-06
0.000708736
7.02072e-06
0.000709188
6.7364e-06
0.000709648
6.45557e-06
0.00071009
6.13052e-06
0.000710554
5.81774e-06
0.000710991
5.45103e-06
0.000711476
5.10792e-06
0.00071191
4.69953e-06
0.000712431
4.328e-06
0.000712857
3.88002e-06
0.000713433
3.48184e-06
0.00071383
3.00164e-06
0.000714481
2.57801e-06
0.000714809
2.08606e-06
0.000715551
1.63685e-06
0.000715758
1.18334e-06
0.000716597
6.96789e-07
3.83472e-07
0.000716657
0.000666854
3.31571e-07
0.000667309
1.01559e-06
0.000667972
1.6843e-06
0.000668795
2.317e-06
0.000669736
2.90448e-06
0.000670761
3.44384e-06
0.000671849
3.93664e-06
0.000672984
4.38654e-06
0.000674157
4.79744e-06
0.000675358
5.17257e-06
0.000676579
5.51445e-06
0.000677814
5.82513e-06
0.000679057
6.10658e-06
0.000680305
6.36079e-06
0.000681556
6.58977e-06
0.000682807
6.79534e-06
0.000684057
6.9792e-06
0.000685307
7.14267e-06
0.000686555
7.28694e-06
0.0006878
7.41287e-06
0.000689043
7.52134e-06
0.000690283
7.61288e-06
0.00069152
7.68815e-06
0.000692754
7.74739e-06
0.000693984
7.79112e-06
0.000695211
7.81932e-06
0.000696435
7.83238e-06
0.000697654
7.83007e-06
0.00069887
7.81272e-06
0.000700082
7.77988e-06
0.000701289
7.73186e-06
0.000702491
7.66808e-06
0.000703689
7.58875e-06
0.000704881
7.49331e-06
0.000706069
7.38176e-06
0.00070725
7.25375e-06
0.000708427
7.10881e-06
0.000709596
6.94726e-06
0.000710763
6.76756e-06
0.00071192
6.57152e-06
0.000713078
6.35548e-06
0.000714222
6.12423e-06
0.000715373
5.86997e-06
0.000716506
5.60321e-06
0.000717653
5.30844e-06
0.000718777
5.00663e-06
0.000719926
4.66843e-06
0.000721044
4.33348e-06
0.000722204
3.94814e-06
0.000723318
3.5847e-06
0.000724499
3.14769e-06
0.000725613
2.76529e-06
0.000726825
2.27076e-06
0.00072794
1.88629e-06
0.000729192
1.32548e-06
0.000730311
9.67034e-07
0.00073162
3.28511e-07
0.000732758
4.52926e-08
0.000734203
-7.48474e-07
-9.15647e-07
0.000735502
0.000666738
2.59838e-07
0.00066697
7.84336e-07
0.000667356
1.298e-06
0.000667879
1.79382e-06
0.000668518
2.26591e-06
0.000669251
2.71067e-06
0.000670061
3.12664e-06
0.000670934
3.51391e-06
0.000671858
3.87337e-06
0.000672824
4.20612e-06
0.000673825
4.51327e-06
0.000674855
4.79578e-06
0.000675907
5.0546e-06
0.000676977
5.29071e-06
0.000678061
5.50512e-06
0.000679158
5.69889e-06
0.000680264
5.87298e-06
0.000681378
6.02831e-06
0.0006825
6.16566e-06
0.000683627
6.28573e-06
0.000684759
6.38906e-06
0.000685896
6.47618e-06
0.000687036
6.54743e-06
0.000688181
6.60323e-06
0.000689328
6.64369e-06
0.000690478
6.66919e-06
0.000691631
6.67956e-06
0.000692786
6.67525e-06
0.000693943
6.65572e-06
0.000695101
6.62161e-06
0.000696261
6.57191e-06
0.000697421
6.50766e-06
0.000698583
6.42714e-06
0.000699744
6.33213e-06
0.000700906
6.21978e-06
0.000702067
6.09318e-06
0.000703228
5.94767e-06
0.000704387
5.78855e-06
0.000705546
5.60822e-06
0.000706702
5.41566e-06
0.000707859
5.1985e-06
0.000709011
4.97176e-06
0.000710166
4.71536e-06
0.000711315
4.45413e-06
0.000712468
4.15559e-06
0.000713614
3.86037e-06
0.000714766
3.516e-06
0.000715912
3.18832e-06
0.000717067
2.7927e-06
0.000718217
2.43518e-06
0.000719384
1.97981e-06
0.000720553
1.59688e-06
0.000721755
1.0689e-06
0.000722973
6.68442e-07
0.000724256
4.18872e-08
0.000725561
-3.37381e-07
0.000726932
-1.04249e-06
0.000728381
-1.40418e-06
0.0007299
-2.26775e-06
-2.5805e-06
0.000731565
0.000666724
2.0252e-07
0.000666899
6.09321e-07
0.000667184
1.01337e-06
0.000667569
1.40815e-06
0.000668045
1.78994e-06
0.0006686
2.15583e-06
0.000669223
2.50373e-06
0.000669904
2.83245e-06
0.000670636
3.1414e-06
0.000671412
3.43046e-06
0.000672226
3.69972e-06
0.000673072
3.94943e-06
0.000673947
4.17995e-06
0.000674846
4.39173e-06
0.000675766
4.58522e-06
0.000676703
4.76097e-06
0.000677657
4.91947e-06
0.000678624
5.06127e-06
0.000679603
5.18679e-06
0.000680592
5.29654e-06
0.00068159
5.39081e-06
0.000682596
5.47002e-06
0.00068361
5.5343e-06
0.000684629
5.58405e-06
0.000685653
5.61919e-06
0.000686682
5.64014e-06
0.000687715
5.64656e-06
0.000688752
5.63898e-06
0.000689791
5.61671e-06
0.000690832
5.5805e-06
0.000691874
5.52917e-06
0.000692918
5.46389e-06
0.000693963
5.38279e-06
0.000695007
5.28773e-06
0.000696051
5.17577e-06
0.000697094
5.04998e-06
0.000698136
4.90575e-06
0.000699177
4.7481e-06
0.000700215
4.56981e-06
0.000701252
4.37903e-06
0.000702286
4.16448e-06
0.000703318
3.93926e-06
0.000704348
3.68568e-06
0.000705377
3.42467e-06
0.000706404
3.1285e-06
0.000707434
2.83046e-06
0.000708463
2.48729e-06
0.000709499
2.15184e-06
0.000710535
1.75682e-06
0.000711585
1.38574e-06
0.000712631
9.3385e-07
0.000713695
5.32157e-07
0.000714741
2.31991e-08
0.000715835
-4.25779e-07
0.000716918
-1.04104e-06
0.000718082
-1.50126e-06
0.000719258
-2.21864e-06
0.000720542
-2.68753e-06
0.000721819
-3.54553e-06
-4.00208e-06
0.000723241
0.000666708
1.60803e-07
0.000666834
4.84131e-07
0.00066704
8.06561e-07
0.000667325
1.12353e-06
0.000667682
1.4325e-06
0.000668107
1.73133e-06
0.000668592
2.01832e-06
0.000669133
2.29221e-06
0.000669722
2.55225e-06
0.000670354
2.7981e-06
0.000671025
3.02839e-06
0.000671732
3.24323e-06
0.000672469
3.44275e-06
0.000673234
3.62706e-06
0.000674022
3.79627e-06
0.000674833
3.95059e-06
0.000675662
4.0902e-06
0.000676508
4.21538e-06
0.000677368
4.32632e-06
0.000678242
4.42328e-06
0.000679126
4.5064e-06
0.00068002
4.57593e-06
0.000680923
4.63188e-06
0.000681832
4.67451e-06
0.000682748
4.7037e-06
0.000683668
4.71972e-06
0.000684592
4.72225e-06
0.00068552
4.71163e-06
0.000686449
4.68732e-06
0.00068738
4.64977e-06
0.000688311
4.59809e-06
0.000689242
4.53303e-06
0.000690171
4.45316e-06
0.000691099
4.35971e-06
0.000692025
4.25049e-06
0.000692947
4.12752e-06
0.000693866
3.98745e-06
0.00069478
3.83356e-06
0.000695689
3.66073e-06
0.000696594
3.47428e-06
0.000697492
3.26637e-06
0.000698386
3.04556e-06
0.000699272
2.79977e-06
0.000700154
2.54275e-06
0.000701026
2.25584e-06
0.000701896
1.96077e-06
0.000702755
1.62836e-06
0.000703614
1.29248e-06
0.000704464
9.07312e-07
0.000705323
5.26046e-07
0.000706181
7.58109e-08
0.000707059
-3.45076e-07
0.000707938
-8.56642e-07
0.00070884
-1.3277e-06
0.000709726
-1.92701e-06
0.000710671
-2.44548e-06
0.000711601
-3.14923e-06
0.000712625
-3.71115e-06
0.000713626
-4.54668e-06
-5.14172e-06
0.000714766
0.000666699
1.2878e-07
0.000666795
3.87337e-07
0.000666957
6.45542e-07
0.00066718
9.002e-07
0.000667463
1.14957e-06
0.000667802
1.39212e-06
0.000668194
1.62652e-06
0.000668634
1.85169e-06
0.00066912
2.06675e-06
0.000669647
2.27096e-06
0.000670212
2.46372e-06
0.00067081
2.64461e-06
0.00067144
2.81342e-06
0.000672097
2.97004e-06
0.000672778
3.11441e-06
0.000673482
3.2465e-06
0.000674206
3.36631e-06
0.000674948
3.47389e-06
0.000675705
3.56928e-06
0.000676476
3.65256e-06
0.000677258
3.72376e-06
0.000678051
3.78297e-06
0.000678853
3.83015e-06
0.000679662
3.8654e-06
0.000680477
3.8886e-06
0.000681297
3.89984e-06
0.00068212
3.89889e-06
0.000682946
3.88587e-06
0.000683773
3.8604e-06
0.0006846
3.82264e-06
0.000685426
3.77199e-06
0.000686251
3.70874e-06
0.000687072
3.632e-06
0.000687889
3.54225e-06
0.000688702
3.43817e-06
0.000689509
3.32061e-06
0.000690308
3.18762e-06
0.000691101
3.04064e-06
0.000691885
2.87679e-06
0.000692661
2.69844e-06
0.000693426
2.50131e-06
0.000694182
2.28928e-06
0.000694926
2.0559e-06
0.000695662
1.80742e-06
0.000696383
1.53412e-06
0.000697098
1.2461e-06
0.000697798
9.2876e-07
0.000698492
5.98472e-07
0.000699165
2.33715e-07
0.000699835
-1.43631e-07
0.000700484
-5.7327e-07
0.000701145
-1.00643e-06
0.000701788
-1.49932e-06
0.00070245
-1.98944e-06
0.000703084
-2.56176e-06
0.000703755
-3.11649e-06
0.000704391
-3.7845e-06
0.000705087
-4.40788e-06
0.000705732
-5.19086e-06
-5.88315e-06
0.000706473
0.000666693
1.02617e-07
0.000666772
3.08502e-07
0.000666903
5.14255e-07
0.000667086
7.17545e-07
0.000667318
9.17142e-07
0.000667598
1.11193e-06
0.000667924
1.3009e-06
0.000668292
1.48316e-06
0.000668701
1.65795e-06
0.000669148
1.82463e-06
0.000669629
1.98268e-06
0.000670141
2.13167e-06
0.000670684
2.27126e-06
0.000671252
2.40122e-06
0.000671846
2.52134e-06
0.000672461
2.6315e-06
0.000673095
2.73158e-06
0.000673748
2.82151e-06
0.000674416
2.90124e-06
0.000675098
2.97071e-06
0.000675791
3.0299e-06
0.000676496
3.07876e-06
0.000677209
3.11724e-06
0.000677929
3.14531e-06
0.000678654
3.16287e-06
0.000679384
3.16988e-06
0.000680117
3.16616e-06
0.000680851
3.15167e-06
0.000681585
3.12616e-06
0.000682319
3.08955e-06
0.000683049
3.04151e-06
0.000683776
2.98194e-06
0.000684497
2.91038e-06
0.000685213
2.82675e-06
0.000685921
2.73041e-06
0.00068662
2.62131e-06
0.000687309
2.4986e-06
0.000687987
2.3623e-06
0.000688653
2.21125e-06
0.000689306
2.04563e-06
0.000689943
1.86386e-06
0.000690566
1.66636e-06
0.000691171
1.451e-06
0.00069176
1.21859e-06
0.000692328
9.66178e-07
0.000692879
6.952e-07
0.000693406
4.01522e-07
0.000693916
8.80894e-08
0.000694405
-2.54809e-07
0.000694882
-6.20827e-07
0.000695327
-1.01815e-06
0.000695761
-1.44054e-06
0.000696162
-1.90017e-06
0.000696559
-2.38701e-06
0.000696917
-2.91926e-06
0.000697282
-3.48107e-06
0.000697596
-4.09916e-06
0.000697936
-4.74782e-06
0.000698212
-5.46685e-06
-6.21355e-06
0.000698543
0.000666689
8.05575e-08
0.000666755
2.42115e-07
0.000666866
4.03636e-07
0.00066702
5.63392e-07
0.000667217
7.20494e-07
0.000667454
8.74125e-07
0.000667732
1.02353e-06
0.000668047
1.16803e-06
0.000668398
1.30701e-06
0.000668782
1.43995e-06
0.000669199
1.56638e-06
0.000669644
1.68592e-06
0.000670118
1.79823e-06
0.000670616
1.90304e-06
0.000671137
2.0001e-06
0.000671679
2.08923e-06
0.000672241
2.17028e-06
0.000672819
2.24312e-06
0.000673413
2.30763e-06
0.00067402
2.3637e-06
0.000674638
2.41127e-06
0.000675267
2.45023e-06
0.000675903
2.4805e-06
0.000676547
2.50198e-06
0.000677195
2.51459e-06
0.000677847
2.51819e-06
0.0006785
2.51267e-06
0.000679154
2.49786e-06
0.000679807
2.47363e-06
0.000680456
2.43972e-06
0.000681102
2.39601e-06
0.000681742
2.34214e-06
0.000682374
2.27797e-06
0.000682998
2.20302e-06
0.000683611
2.11716e-06
0.000684213
2.01972e-06
0.000684801
1.91064e-06
0.000685374
1.78898e-06
0.00068593
1.65481e-06
0.000686469
1.50678e-06
0.000686988
1.34525e-06
0.000687486
1.16823e-06
0.00068796
9.76628e-07
0.000688411
7.67475e-07
0.000688835
5.42699e-07
0.000689232
2.97975e-07
0.000689596
3.80302e-08
0.000689936
-2.51921e-07
0.00069024
-5.59369e-07
0.000690515
-8.9608e-07
0.000690749
-1.25174e-06
0.000690953
-1.64455e-06
0.000691109
-2.05631e-06
0.000691238
-2.51564e-06
0.00069131
-2.99191e-06
0.00069136
-3.53075e-06
0.000691342
-4.08122e-06
0.00069131
-4.71588e-06
0.000691194
-5.35026e-06
-6.09892e-06
0.000691079
0.000666686
6.14377e-08
0.000666743
1.84614e-07
0.000666839
3.07794e-07
0.000666973
4.29706e-07
0.000667144
5.49713e-07
0.00066735
6.67221e-07
0.000667592
7.81679e-07
0.000667868
8.92575e-07
0.000668175
9.99447e-07
0.000668513
1.10188e-06
0.00066888
1.19949e-06
0.000669274
1.29195e-06
0.000669694
1.37898e-06
0.000670136
1.46031e-06
0.000670601
1.53572e-06
0.000671085
1.60503e-06
0.000671587
1.66808e-06
0.000672106
1.7247e-06
0.000672638
1.77479e-06
0.000673184
1.81821e-06
0.00067374
1.85487e-06
0.000674306
1.88464e-06
0.000674879
1.90746e-06
0.000675458
1.92317e-06
0.000676041
1.93171e-06
0.000676626
1.93291e-06
0.000677212
1.9267e-06
0.000677797
1.91284e-06
0.000678379
1.89128e-06
0.000678957
1.86171e-06
0.000679529
1.82409e-06
0.000680093
1.77797e-06
0.000680648
1.72338e-06
0.000681191
1.65967e-06
0.000681721
1.587e-06
0.000682237
1.50441e-06
0.000682735
1.41229e-06
0.000683215
1.30922e-06
0.000683674
1.19598e-06
0.00068411
1.07045e-06
0.000684521
9.34099e-07
0.000684906
7.83689e-07
0.00068526
6.21861e-07
0.000685584
4.43673e-07
0.000685873
2.53789e-07
0.000686126
4.51657e-08
0.000686343
-1.79285e-07
0.00068652
-4.28516e-07
0.00068665
-6.89373e-07
0.000686735
-9.81674e-07
0.000686768
-1.28423e-06
0.000686752
-1.62823e-06
0.000686674
-1.97862e-06
0.000686543
-2.38508e-06
0.000686341
-2.78999e-06
0.000686084
-3.27287e-06
0.000685742
-3.73931e-06
0.000685343
-4.31681e-06
0.000684843
-4.85064e-06
-5.5449e-06
0.000684289
0.000666684
4.4422e-08
0.000666735
1.33465e-07
0.00066682
2.22523e-07
0.000666939
3.107e-07
0.000667091
3.97553e-07
0.000667276
4.82666e-07
0.000667492
5.65652e-07
0.000667738
6.46146e-07
0.000668014
7.23814e-07
0.000668317
7.98346e-07
0.000668647
8.69463e-07
0.000669003
9.36908e-07
0.000669381
1.00046e-06
0.000669781
1.0599e-06
0.000670202
1.11506e-06
0.000670641
1.16577e-06
0.000671098
1.21189e-06
0.000671569
1.25328e-06
0.000672054
1.28985e-06
0.000672551
1.32146e-06
0.000673058
1.34803e-06
0.000673573
1.36944e-06
0.000674095
1.38562e-06
0.000674621
1.39644e-06
0.000675151
1.40183e-06
0.000675682
1.40164e-06
0.000676213
1.39582e-06
0.000676742
1.38415e-06
0.000677267
1.3666e-06
0.000677786
1.34287e-06
0.000678297
1.31298e-06
0.000678798
1.27648e-06
0.000679288
1.2335e-06
0.000679764
1.18338e-06
0.000680225
1.12638e-06
0.000680668
1.06154e-06
0.000681091
9.8941e-07
0.000681491
9.08522e-07
0.000681867
8.19903e-07
0.000682217
7.21323e-07
0.000682536
6.14603e-07
0.000682823
4.96315e-07
0.000683076
3.69606e-07
0.00068329
2.29204e-07
0.000683463
8.06649e-08
0.000683595
-8.61297e-08
0.000683678
-2.62689e-07
0.00068371
-4.60706e-07
0.000683687
-6.65868e-07
0.000683605
-8.99603e-07
0.000683458
-1.13792e-06
0.000683245
-1.41485e-06
0.000682957
-1.69096e-06
0.000682593
-2.02074e-06
0.000682143
-2.33958e-06
0.000681605
-2.7351e-06
0.000680967
-3.10145e-06
0.00068023
-3.57993e-06
0.000679376
-3.99677e-06
-4.57998e-06
0.000678411
0.000666682
2.88641e-08
0.000666729
8.67125e-08
0.000666807
1.44573e-07
0.000666916
2.01874e-07
0.000667055
2.58334e-07
0.000667224
3.13689e-07
0.000667422
3.67691e-07
0.000667648
4.20105e-07
0.000667901
4.70715e-07
0.00066818
5.19317e-07
0.000668484
5.65726e-07
0.000668811
6.09768e-07
0.00066916
6.51291e-07
0.00066953
6.9015e-07
0.000669919
7.2622e-07
0.000670325
7.59381e-07
0.000670747
7.89535e-07
0.000671184
8.16578e-07
0.000671634
8.40433e-07
0.000672094
8.61004e-07
0.000672564
8.78232e-07
0.000673041
8.92019e-07
0.000673525
9.02319e-07
0.000674012
9.09022e-07
0.000674502
9.12093e-07
0.000674992
9.11398e-07
0.000675481
9.06917e-07
0.000675967
8.9847e-07
0.000676447
8.86061e-07
0.00067692
8.69443e-07
0.000677385
8.48662e-07
0.000677838
8.23363e-07
0.000678278
7.93671e-07
0.000678702
7.59063e-07
0.000679109
7.19804e-07
0.000679495
6.75113e-07
0.000679859
6.25488e-07
0.000680198
5.69752e-07
0.000680509
5.08798e-07
0.000680789
4.40827e-07
0.000681037
3.67396e-07
0.000681247
2.85741e-07
0.000681418
1.98543e-07
0.000681546
1.01593e-07
0.000681626
3.13865e-10
0.000681657
-1.17182e-07
0.000681633
-2.38688e-07
0.000681549
-3.76303e-07
0.000681401
-5.17919e-07
0.000681182
-6.81108e-07
0.00068089
-8.4579e-07
0.000680515
-1.04003e-06
0.000680055
-1.23088e-06
0.000679498
-1.46345e-06
0.000678842
-1.68375e-06
0.000678072
-1.96454e-06
0.000677187
-2.21725e-06
0.000676167
-2.55967e-06
0.000675016
-2.84608e-06
-3.26752e-06
0.000673704
0.000666681
1.42279e-08
0.000666725
4.27371e-08
0.000666799
7.12501e-08
0.000666901
9.94878e-08
0.000667032
1.27313e-07
0.000667191
1.54598e-07
0.000667378
1.81222e-07
0.000667591
2.07069e-07
0.000667829
2.32034e-07
0.000668093
2.56015e-07
0.000668379
2.78921e-07
0.000668688
3.00664e-07
0.000669019
3.21168e-07
0.000669368
3.40358e-07
0.000669736
3.58171e-07
0.000670121
3.74544e-07
0.000670521
3.89426e-07
0.000670935
4.02763e-07
0.000671361
4.14514e-07
0.000671798
4.24628e-07
0.000672243
4.33072e-07
0.000672695
4.39796e-07
0.000673152
4.44773e-07
0.000673614
4.47946e-07
0.000674076
4.49295e-07
0.000674539
4.48748e-07
0.000675
4.46297e-07
0.000675456
4.41844e-07
0.000675907
4.35395e-07
0.00067635
4.26815e-07
0.000676782
4.16135e-07
0.000677202
4.0316e-07
0.000677608
3.87967e-07
0.000677997
3.7027e-07
0.000678366
3.50224e-07
0.000678714
3.274e-07
0.000679037
3.02088e-07
0.000679334
2.73639e-07
0.0006796
2.42568e-07
0.000679833
2.07881e-07
0.00068003
1.70471e-07
0.000680187
1.28798e-07
0.000680301
8.4382e-08
0.000680367
3.48674e-08
0.000680385
-1.75116e-08
0.000680345
-7.72691e-08
0.000680246
-1.39324e-07
0.00068008
-2.09953e-07
0.000679844
-2.82304e-07
0.000679529
-3.66214e-07
0.000679134
-4.50379e-07
0.000678644
-5.50523e-07
0.000678061
-6.48092e-07
0.000677366
-7.68393e-07
0.000676564
-8.80992e-07
0.000675626
-1.0268e-06
0.000674564
-1.15584e-06
0.000673339
-1.33451e-06
0.000671974
-1.48038e-06
-1.70153e-06
0.000670408
0.000666681
3.83618e-11
0.000666723
1.07651e-10
0.000666795
1.69543e-10
0.000666894
2.24259e-10
0.000667021
2.71765e-10
0.000667175
3.12011e-10
0.000667356
3.45159e-10
0.000667563
3.71489e-10
0.000667794
3.91332e-10
0.00066805
4.04988e-10
0.000668328
4.12666e-10
0.000668629
4.14539e-10
0.000668949
4.10762e-10
0.000669289
4.01464e-10
0.000669647
3.87081e-10
0.000670021
3.67779e-10
0.00067041
3.43954e-10
0.000670813
3.15817e-10
0.000671227
2.84019e-10
0.000671652
2.4849e-10
0.000672084
2.09555e-10
0.000672524
1.67198e-10
0.000672969
1.22305e-10
0.000673417
7.44877e-11
0.000673866
2.42484e-11
0.000674315
-2.75711e-11
0.000674761
-8.15354e-11
0.000675203
-1.37026e-10
0.000675639
-1.93731e-10
0.000676066
-2.51409e-10
0.000676482
-3.09824e-10
0.000676886
-3.68787e-10
0.000677274
-4.28087e-10
0.000677645
-4.87561e-10
0.000677996
-5.4697e-10
0.000678324
-6.0614e-10
0.000678626
-6.6476e-10
0.000678901
-7.22746e-10
0.000679144
-7.79832e-10
0.000679353
-8.36348e-10
0.000679524
-8.92246e-10
0.000679654
-9.49526e-10
0.000679739
-1.0101e-09
0.000679775
-1.06748e-09
0.000679759
-1.12021e-09
0.000679683
-1.1693e-09
0.000679545
-1.21899e-09
0.000679336
-1.26761e-09
0.000679055
-1.31499e-09
0.00067869
-1.36006e-09
0.000678241
-1.40449e-09
0.000677692
-1.44678e-09
0.000677045
-1.48847e-09
0.000676279
-1.52779e-09
0.000675399
-1.56654e-09
0.000674374
-1.60301e-09
0.00067322
-1.63859e-09
0.000671887
-1.67231e-09
0.000670408
-1.70395e-09
-1.73526e-09
0.000668708
0.000666681
-1.41515e-08
0.000666723
-4.25233e-08
0.000666795
-7.09132e-08
0.000666894
-9.90421e-08
0.000667021
-1.26773e-07
0.000667175
-1.53978e-07
0.000667356
-1.80536e-07
0.000667563
-2.06331e-07
0.000667794
-2.31256e-07
0.00066805
-2.5521e-07
0.000668329
-2.78101e-07
0.000668629
-2.9984e-07
0.00066895
-3.20352e-07
0.00066929
-3.3956e-07
0.000669647
-3.57402e-07
0.000670021
-3.73814e-07
0.000670411
-3.88743e-07
0.000670813
-4.02136e-07
0.000671227
-4.13951e-07
0.000671652
-4.24135e-07
0.000672085
-4.32657e-07
0.000672524
-4.39465e-07
0.000672969
-4.44532e-07
0.000673417
-4.47799e-07
0.000673866
-4.49248e-07
0.000674315
-4.48806e-07
0.000674761
-4.46462e-07
0.000675203
-4.42119e-07
0.000675639
-4.35783e-07
0.000676066
-4.27318e-07
0.000676482
-4.16754e-07
0.000676886
-4.03897e-07
0.000677274
-3.88822e-07
0.000677645
-3.71244e-07
0.000677996
-3.51316e-07
0.000678324
-3.2861e-07
0.000678626
-3.03416e-07
0.000678901
-2.75083e-07
0.000679144
-2.44128e-07
0.000679353
-2.09553e-07
0.000679524
-1.72252e-07
0.000679654
-1.30683e-07
0.000679739
-8.63688e-08
0.000679775
-3.69518e-08
0.000679759
1.5255e-08
0.000679683
7.49356e-08
0.000679545
1.3689e-07
0.000679336
2.07422e-07
0.000679055
2.79679e-07
0.00067869
3.635e-07
0.000678241
4.47577e-07
0.000677692
5.47638e-07
0.000677045
6.45124e-07
0.000676278
7.65347e-07
0.000675399
8.77869e-07
0.000674374
1.02361e-06
0.00067322
1.15257e-06
0.000671887
1.33117e-06
0.000670408
1.47698e-06
1.69806e-06
0.000668708
0.000666681
-2.87892e-08
0.000666725
-8.65027e-08
0.000666799
-1.44242e-07
0.000666901
-2.01437e-07
0.000667032
-2.57804e-07
0.000667191
-3.1308e-07
0.000667378
-3.67017e-07
0.000667591
-4.1938e-07
0.000667829
-4.69952e-07
0.000668093
-5.18527e-07
0.00066838
-5.64921e-07
0.000668689
-6.08961e-07
0.000669019
-6.50491e-07
0.000669369
-6.89369e-07
0.000669737
-7.25467e-07
0.000670121
-7.58667e-07
0.000670522
-7.88868e-07
0.000670935
-8.15966e-07
0.000671361
-8.39883e-07
0.000671798
-8.60525e-07
0.000672243
-8.77829e-07
0.000672695
-8.917e-07
0.000673153
-9.02088e-07
0.000673614
-9.08885e-07
0.000674077
-9.12055e-07
0.000674539
-9.11463e-07
0.000675
-9.07087e-07
0.000675457
-8.98749e-07
0.000675907
-8.86452e-07
0.00067635
-8.69947e-07
0.000676782
-8.49281e-07
0.000677203
-8.24098e-07
0.000677608
-7.94522e-07
0.000677997
-7.60032e-07
0.000678367
-7.20889e-07
0.000678714
-6.76314e-07
0.000679038
-6.26806e-07
0.000679334
-5.71186e-07
0.0006796
-5.10348e-07
0.000679833
-4.42491e-07
0.00068003
-3.69177e-07
0.000680187
-2.87635e-07
0.000680301
-2.0055e-07
0.000680368
-1.03698e-07
0.000680385
-2.3243e-09
0.000680345
1.14835e-07
0.000680246
2.36261e-07
0.00068008
3.73796e-07
0.000679844
5.15322e-07
0.000679529
6.78423e-07
0.000679134
8.43016e-07
0.000678644
1.03717e-06
0.000678061
1.22794e-06
0.000677366
1.46044e-06
0.000676563
1.68066e-06
0.000675626
1.96137e-06
0.000674564
2.21401e-06
0.000673339
2.55637e-06
0.000671973
2.8427e-06
3.26408e-06
0.000670407
0.000666682
-4.43493e-08
0.000666729
-1.33262e-07
0.000666807
-2.22202e-07
0.000666916
-3.10276e-07
0.000667055
-3.97038e-07
0.000667224
-4.82076e-07
0.000667422
-5.64999e-07
0.000667648
-6.45444e-07
0.000667901
-7.23075e-07
0.00066818
-7.97582e-07
0.000668484
-8.68684e-07
0.000668811
-9.36127e-07
0.00066916
-9.99682e-07
0.00066953
-1.05914e-06
0.000669919
-1.11433e-06
0.000670325
-1.16508e-06
0.000670748
-1.21125e-06
0.000671185
-1.2527e-06
0.000671634
-1.28932e-06
0.000672094
-1.321e-06
0.000672564
-1.34764e-06
0.000673042
-1.36914e-06
0.000673525
-1.3854e-06
0.000674012
-1.39631e-06
0.000674502
-1.40181e-06
0.000674992
-1.40172e-06
0.000675481
-1.396e-06
0.000675967
-1.38443e-06
0.000676448
-1.367e-06
0.000676921
-1.34337e-06
0.000677385
-1.3136e-06
0.000677838
-1.27721e-06
0.000678278
-1.23435e-06
0.000678703
-1.18433e-06
0.000679109
-1.12745e-06
0.000679496
-1.06273e-06
0.000679859
-9.90711e-07
0.000680198
-9.09936e-07
0.000680509
-8.21428e-07
0.00068079
-7.22956e-07
0.000681037
-6.16341e-07
0.000681247
-4.98153e-07
0.000681418
-3.71544e-07
0.000681546
-2.31237e-07
0.000681626
-8.27946e-08
0.000681657
8.38422e-08
0.000681633
2.60315e-07
0.000681549
4.58244e-07
0.000681401
6.63316e-07
0.000681182
8.96967e-07
0.00068089
1.1352e-06
0.000680515
1.41205e-06
0.000680055
1.68808e-06
0.000679498
2.01779e-06
0.000678842
2.33654e-06
0.000678071
2.732e-06
0.000677187
3.09827e-06
0.000676167
3.57668e-06
0.000675016
3.99345e-06
4.5766e-06
0.000673703
0.000666684
-6.1368e-08
0.000666735
-1.84419e-07
0.00066682
-3.07486e-07
0.000666939
-4.293e-07
0.000667091
-5.49221e-07
0.000667276
-6.66656e-07
0.000667492
-7.81054e-07
0.000667738
-8.91904e-07
0.000668014
-9.98741e-07
0.000668318
-1.10115e-06
0.000668648
-1.19874e-06
0.000669003
-1.29121e-06
0.000669381
-1.37824e-06
0.000669782
-1.45959e-06
0.000670203
-1.53503e-06
0.000670642
-1.60438e-06
0.000671098
-1.66747e-06
0.000671569
-1.72415e-06
0.000672054
-1.77429e-06
0.000672551
-1.81778e-06
0.000673058
-1.85451e-06
0.000673573
-1.88437e-06
0.000674095
-1.90727e-06
0.000674622
-1.92307e-06
0.000675152
-1.93171e-06
0.000675683
-1.933e-06
0.000676214
-1.92689e-06
0.000676743
-1.91313e-06
0.000677267
-1.89168e-06
0.000677786
-1.86221e-06
0.000678297
-1.8247e-06
0.000678799
-1.77869e-06
0.000679289
-1.72421e-06
0.000679765
-1.66062e-06
0.000680226
-1.58806e-06
0.000680668
-1.50558e-06
0.000681091
-1.41357e-06
0.000681492
-1.31061e-06
0.000681868
-1.19748e-06
0.000682217
-1.07205e-06
0.000682537
-9.35802e-07
0.000682824
-7.85496e-07
0.000683076
-6.23769e-07
0.000683291
-4.45678e-07
0.000683464
-2.55884e-07
0.000683595
-4.73217e-08
0.000683678
1.76965e-07
0.00068371
4.26117e-07
0.000683687
6.86886e-07
0.000683605
9.79107e-07
0.000683458
1.28158e-06
0.000683245
1.6255e-06
0.000682957
1.97581e-06
0.000682593
2.3822e-06
0.000682142
2.78703e-06
0.000681604
3.26984e-06
0.000680966
3.7362e-06
0.000680229
4.31365e-06
0.000679375
4.84739e-06
5.5416e-06
0.00067841
0.000666686
-8.04916e-08
0.000666743
-2.4193e-07
0.000666839
-4.03346e-07
0.000666973
-5.63008e-07
0.000667144
-7.20029e-07
0.000667351
-8.73592e-07
0.000667592
-1.02294e-06
0.000667868
-1.1674e-06
0.000668176
-1.30635e-06
0.000668514
-1.43926e-06
0.000668881
-1.56569e-06
0.000669275
-1.68523e-06
0.000669694
-1.79754e-06
0.000670137
-1.90236e-06
0.000670601
-1.99946e-06
0.000671085
-2.08863e-06
0.000671588
-2.16972e-06
0.000672106
-2.24261e-06
0.000672639
-2.30717e-06
0.000673185
-2.36332e-06
0.000673741
-2.41095e-06
0.000674307
-2.44999e-06
0.00067488
-2.48034e-06
0.000675459
-2.50191e-06
0.000676041
-2.51461e-06
0.000676627
-2.5183e-06
0.000677213
-2.51288e-06
0.000677798
-2.49816e-06
0.00067838
-2.47403e-06
0.000678958
-2.44023e-06
0.00067953
-2.39662e-06
0.000680094
-2.34286e-06
0.000680649
-2.2788e-06
0.000681192
-2.20395e-06
0.000681722
-2.1182e-06
0.000682238
-2.02087e-06
0.000682736
-1.91189e-06
0.000683216
-1.79033e-06
0.000683674
-1.65627e-06
0.000684111
-1.50834e-06
0.000684522
-1.34691e-06
0.000684906
-1.16999e-06
0.000685261
-9.78479e-07
0.000685585
-7.69416e-07
0.000685874
-5.44733e-07
0.000686126
-3.00091e-07
0.000686343
-4.01998e-08
0.00068652
2.49588e-07
0.00068665
5.56957e-07
0.000686735
8.93599e-07
0.000686768
1.24917e-06
0.000686751
1.64192e-06
0.000686674
2.05359e-06
0.000686543
2.51285e-06
0.000686341
2.98904e-06
0.000686083
3.52783e-06
0.000685741
4.07822e-06
0.000685342
4.71282e-06
0.000684842
5.34712e-06
6.09572e-06
0.000684288
0.000666689
-1.02556e-07
0.000666755
-3.0833e-07
0.000666866
-5.13985e-07
0.00066702
-7.17188e-07
0.000667217
-9.1671e-07
0.000667454
-1.11143e-06
0.000667732
-1.30035e-06
0.000668047
-1.48257e-06
0.000668398
-1.65733e-06
0.000668783
-1.824e-06
0.000669199
-1.98204e-06
0.000669645
-2.13103e-06
0.000670118
-2.27063e-06
0.000670616
-2.4006e-06
0.000671138
-2.52075e-06
0.00067168
-2.63094e-06
0.000672241
-2.73107e-06
0.00067282
-2.82105e-06
0.000673413
-2.90083e-06
0.00067402
-2.97037e-06
0.000674639
-3.02962e-06
0.000675268
-3.07856e-06
0.000675904
-3.11712e-06
0.000676548
-3.14527e-06
0.000677196
-3.16292e-06
0.000677848
-3.17001e-06
0.000678501
-3.16639e-06
0.000679155
-3.15199e-06
0.000679808
-3.12657e-06
0.000680457
-3.09006e-06
0.000681103
-3.04212e-06
0.000681743
-2.98265e-06
0.000682375
-2.91119e-06
0.000682999
-2.82766e-06
0.000683612
-2.73142e-06
0.000684214
-2.62242e-06
0.000684802
-2.49981e-06
0.000685375
-2.36361e-06
0.000685931
-2.21266e-06
0.00068647
-2.04713e-06
0.000686989
-1.86546e-06
0.000687487
-1.66805e-06
0.000687961
-1.45278e-06
0.000688412
-1.22045e-06
0.000688835
-9.68134e-07
0.000689233
-6.97236e-07
0.000689596
-4.03645e-07
0.000689936
-9.02736e-08
0.00069024
2.52497e-07
0.000690515
6.18451e-07
0.000690749
1.01569e-06
0.000690953
1.43802e-06
0.000691109
1.89756e-06
0.000691237
2.38436e-06
0.00069131
2.91652e-06
0.000691359
3.47828e-06
0.000691341
4.09628e-06
0.000691309
4.7449e-06
0.000691193
5.46383e-06
6.21049e-06
0.000691078
0.000666693
-1.28724e-07
0.000666772
-3.8718e-07
0.000666903
-6.45296e-07
0.000667086
-8.99875e-07
0.000667318
-1.14918e-06
0.000667598
-1.39167e-06
0.000667924
-1.62603e-06
0.000668293
-1.85116e-06
0.000668702
-2.06619e-06
0.000669148
-2.27039e-06
0.000669629
-2.46313e-06
0.000670142
-2.64403e-06
0.000670684
-2.81285e-06
0.000671253
-2.96949e-06
0.000671846
-3.11388e-06
0.000672461
-3.24601e-06
0.000673096
-3.36586e-06
0.000673749
-3.47349e-06
0.000674417
-3.56893e-06
0.000675099
-3.65227e-06
0.000675792
-3.72353e-06
0.000676497
-3.78281e-06
0.00067721
-3.83007e-06
0.00067793
-3.86539e-06
0.000678656
-3.88867e-06
0.000679385
-3.89999e-06
0.000680118
-3.89914e-06
0.000680852
-3.88621e-06
0.000681587
-3.86083e-06
0.00068232
-3.82316e-06
0.00068305
-3.7726e-06
0.000683777
-3.70945e-06
0.000684499
-3.6328e-06
0.000685214
-3.54314e-06
0.000685922
-3.43916e-06
0.000686621
-3.32169e-06
0.00068731
-3.1888e-06
0.000687988
-3.04191e-06
0.000688654
-2.87815e-06
0.000689307
-2.69989e-06
0.000689944
-2.50285e-06
0.000690567
-2.2909e-06
0.000691172
-2.0576e-06
0.000691761
-1.80921e-06
0.000692328
-1.53599e-06
0.000692879
-1.24805e-06
0.000693406
-9.30781e-07
0.000693917
-6.00553e-07
0.000694405
-2.35859e-07
0.000694882
1.41349e-07
0.000695327
5.70931e-07
0.000695761
1.00405e-06
0.000696162
1.49686e-06
0.000696559
1.98694e-06
0.000696916
2.55917e-06
0.000697281
3.11386e-06
0.000697595
3.78177e-06
0.000697935
4.40513e-06
0.000698211
5.18801e-06
5.88027e-06
0.000698541
0.000666699
-1.60753e-07
0.000666796
-4.83991e-07
0.000666957
-8.0634e-07
0.00066718
-1.12324e-06
0.000667463
-1.43215e-06
0.000667802
-1.73093e-06
0.000668194
-2.01787e-06
0.000668635
-2.29173e-06
0.00066912
-2.55175e-06
0.000669647
-2.79759e-06
0.000670212
-3.02787e-06
0.000670811
-3.24271e-06
0.00067144
-3.44225e-06
0.000672097
-3.62657e-06
0.000672779
-3.79581e-06
0.000673483
-3.95017e-06
0.000674207
-4.08982e-06
0.000674949
-4.21505e-06
0.000675706
-4.32603e-06
0.000676477
-4.42305e-06
0.000677259
-4.50622e-06
0.000678052
-4.57582e-06
0.000678854
-4.63184e-06
0.000679663
-4.67455e-06
0.000680478
-4.70381e-06
0.000681298
-4.7199e-06
0.000682122
-4.72252e-06
0.000682948
-4.71199e-06
0.000683774
-4.68775e-06
0.000684602
-4.6503e-06
0.000685428
-4.5987e-06
0.000686252
-4.53373e-06
0.000687073
-4.45395e-06
0.000687891
-4.36059e-06
0.000688703
-4.25146e-06
0.00068951
-4.12857e-06
0.00069031
-3.98858e-06
0.000691102
-3.83477e-06
0.000691886
-3.66203e-06
0.000692662
-3.47567e-06
0.000693427
-3.26783e-06
0.000694183
-3.0471e-06
0.000694927
-2.80139e-06
0.000695662
-2.54444e-06
0.000696384
-2.25761e-06
0.000697098
-1.9626e-06
0.000697798
-1.63026e-06
0.000698492
-1.29444e-06
0.000699165
-9.09358e-07
0.000699835
-5.28153e-07
0.000700484
-7.80502e-08
0.000701145
3.4289e-07
0.000701787
8.54358e-07
0.000702449
1.32537e-06
0.000703084
1.92458e-06
0.000703754
2.44302e-06
0.00070439
3.14667e-06
0.000705086
3.70859e-06
0.00070573
4.54402e-06
5.13905e-06
0.000706471
0.000666708
-2.02476e-07
0.000666834
-6.09198e-07
0.00066704
-1.01318e-06
0.000667325
-1.4079e-06
0.000667683
-1.78964e-06
0.000668107
-2.15548e-06
0.000668593
-2.50335e-06
0.000669133
-2.83204e-06
0.000669722
-3.14098e-06
0.000670355
-3.43003e-06
0.000671026
-3.69927e-06
0.000671732
-3.94899e-06
0.00067247
-4.17952e-06
0.000673234
-4.39132e-06
0.000674023
-4.58484e-06
0.000674834
-4.76062e-06
0.000675663
-4.91915e-06
0.000676509
-5.061e-06
0.00067737
-5.18657e-06
0.000678243
-5.29637e-06
0.000679127
-5.39069e-06
0.000680022
-5.46997e-06
0.000680924
-5.53431e-06
0.000681834
-5.58413e-06
0.000682749
-5.61933e-06
0.00068367
-5.64036e-06
0.000684594
-5.64686e-06
0.000685521
-5.63935e-06
0.000686451
-5.61717e-06
0.000687381
-5.58103e-06
0.000688312
-5.52979e-06
0.000689243
-5.46459e-06
0.000690173
-5.38356e-06
0.000691101
-5.28858e-06
0.000692026
-5.1767e-06
0.000692949
-5.051e-06
0.000693867
-4.90684e-06
0.000694781
-4.74927e-06
0.00069569
-4.57105e-06
0.000696595
-4.38035e-06
0.000697493
-4.16587e-06
0.000698387
-3.94072e-06
0.000699273
-3.68721e-06
0.000700154
-3.42626e-06
0.000701027
-3.13017e-06
0.000701897
-2.83219e-06
0.000702755
-2.48909e-06
0.000703615
-2.15369e-06
0.000704464
-1.75875e-06
0.000705324
-1.38769e-06
0.000706181
-9.35874e-07
0.000707058
-5.34189e-07
0.000707938
-2.51607e-08
0.00070884
4.23578e-07
0.000709726
1.03878e-06
0.00071067
1.49902e-06
0.0007116
2.21631e-06
0.000712623
2.68522e-06
0.000713624
3.5431e-06
3.99966e-06
0.000714764
0.000666724
-2.59802e-07
0.000666899
-7.84233e-07
0.000667184
-1.29784e-06
0.000667569
-1.79361e-06
0.000668045
-2.26565e-06
0.0006686
-2.71037e-06
0.000669223
-3.12632e-06
0.000669905
-3.51357e-06
0.000670637
-3.87301e-06
0.000671413
-4.20576e-06
0.000672226
-4.5129e-06
0.000673073
-4.79542e-06
0.000673947
-5.05425e-06
0.000674846
-5.29038e-06
0.000675766
-5.50482e-06
0.000676704
-5.69861e-06
0.000677658
-5.87274e-06
0.000678625
-6.02811e-06
0.000679604
-6.1655e-06
0.000680593
-6.28562e-06
0.000681592
-6.389e-06
0.000682598
-6.47618e-06
0.000683611
-6.54749e-06
0.00068463
-6.60335e-06
0.000685655
-6.64387e-06
0.000686684
-6.66944e-06
0.000687717
-6.67989e-06
0.000688753
-6.67564e-06
0.000689792
-6.65619e-06
0.000690833
-6.62215e-06
0.000691876
-6.57253e-06
0.00069292
-6.50835e-06
0.000693964
-6.42791e-06
0.000695009
-6.33297e-06
0.000696052
-6.22069e-06
0.000697096
-6.09416e-06
0.000698138
-5.94872e-06
0.000699178
-5.78967e-06
0.000700216
-5.60941e-06
0.000701253
-5.41691e-06
0.000702287
-5.19982e-06
0.000703319
-4.97314e-06
0.000704349
-4.71681e-06
0.000705378
-4.45563e-06
0.000706405
-4.15715e-06
0.000707435
-3.86197e-06
0.000708464
-3.51766e-06
0.0007095
-3.19e-06
0.000710536
-2.79445e-06
0.000711585
-2.43694e-06
0.000712631
-1.98166e-06
0.000713695
-1.59873e-06
0.000714741
-1.07084e-06
0.000715835
-6.70387e-07
0.000716918
-4.40661e-08
0.000718081
3.35457e-07
0.000719257
1.04043e-06
0.00072054
1.40214e-06
0.000721818
2.26557e-06
2.57833e-06
0.000723239
0.000666738
-3.31541e-07
0.00066697
-1.0155e-06
0.000667356
-1.68417e-06
0.000667879
-2.31683e-06
0.000668518
-2.90428e-06
0.000669251
-3.44361e-06
0.000670061
-3.93639e-06
0.000670934
-4.38626e-06
0.000671858
-4.79716e-06
0.000672825
-5.17229e-06
0.000673826
-5.51417e-06
0.000674855
-5.82485e-06
0.000675907
-6.10631e-06
0.000676977
-6.36054e-06
0.000678062
-6.58954e-06
0.000679159
-6.79514e-06
0.000680265
-6.97904e-06
0.000681379
-7.14254e-06
0.000682501
-7.28685e-06
0.000683628
-7.41283e-06
0.00068476
-7.52135e-06
0.000685897
-7.61293e-06
0.000687038
-7.68826e-06
0.000688182
-7.74756e-06
0.00068933
-7.79135e-06
0.00069048
-7.81961e-06
0.000691633
-7.83274e-06
0.000692787
-7.83049e-06
0.000693944
-7.8132e-06
0.000695103
-7.78044e-06
0.000696263
-7.73248e-06
0.000697423
-7.66876e-06
0.000698585
-7.5895e-06
0.000699746
-7.49413e-06
0.000700908
-7.38265e-06
0.000702068
-7.2547e-06
0.000703229
-7.10983e-06
0.000704388
-6.94834e-06
0.000705547
-6.7687e-06
0.000706703
-6.57272e-06
0.00070786
-6.35673e-06
0.000709012
-6.12553e-06
0.000710167
-5.87133e-06
0.000711316
-5.60461e-06
0.000712469
-5.3099e-06
0.000713615
-5.00812e-06
0.000714767
-4.66997e-06
0.000715912
-4.33504e-06
0.000717067
-3.94975e-06
0.000718217
-3.58632e-06
0.000719385
-3.14938e-06
0.000720553
-2.76695e-06
0.000721754
-2.27249e-06
0.000722972
-1.88799e-06
0.000724255
-1.32726e-06
0.000725559
-9.68743e-07
0.00072693
-3.30302e-07
0.000728379
-4.69156e-08
0.000729898
7.46525e-07
9.13806e-07
0.000731563
0.000666854
-5.1869e-07
0.000667309
-1.47027e-06
0.000667972
-2.34749e-06
0.000668796
-3.14045e-06
0.000669736
-3.84499e-06
0.000670761
-4.46875e-06
0.000671849
-5.02396e-06
0.000672984
-5.52173e-06
0.000674157
-5.96987e-06
0.000675358
-6.37328e-06
0.000676579
-6.7355e-06
0.000677814
-7.05981e-06
0.000679058
-7.34972e-06
0.000680306
-7.6087e-06
0.000681556
-7.84003e-06
0.000682808
-8.04634e-06
0.000684058
-8.22986e-06
0.000685308
-8.39212e-06
0.000686556
-8.53463e-06
0.000687801
-8.65828e-06
0.000689044
-8.76423e-06
0.000690284
-8.8529e-06
0.000691521
-8.9253e-06
0.000692755
-8.98133e-06
0.000693986
-9.02198e-06
0.000695213
-9.04662e-06
0.000696436
-9.05639e-06
0.000697656
-9.05005e-06
0.000698872
-9.02917e-06
0.000700083
-8.9917e-06
0.000701291
-8.93995e-06
0.000702493
-8.87075e-06
0.000703691
-8.78765e-06
0.000704882
-8.68583e-06
0.00070607
-8.57075e-06
0.000707251
-8.43518e-06
0.000708429
-8.28748e-06
0.000709597
-8.11688e-06
0.000710764
-7.93603e-06
0.000711921
-7.72901e-06
0.000713079
-7.51468e-06
0.000714223
-7.26976e-06
0.000715374
-7.02196e-06
0.000716507
-6.73766e-06
0.000717654
-6.45688e-06
0.000718777
-6.13184e-06
0.000719926
-5.8191e-06
0.000721044
-5.45238e-06
0.000722203
-5.10932e-06
0.000723318
-4.7009e-06
0.000724498
-4.32943e-06
0.000725612
-3.8814e-06
0.000726823
-3.48329e-06
0.000727938
-3.00302e-06
0.000729191
-2.57948e-06
0.000730309
-2.08743e-06
0.000731617
-1.63834e-06
0.000732755
-1.18468e-06
0.0007342
-6.98296e-07
-3.84811e-07
0.000735498
0.000666951
-8.02971e-07
0.000667819
-2.33791e-06
0.000669059
-3.58746e-06
0.000670484
-4.56545e-06
0.000671985
-5.34626e-06
0.000673515
-5.99869e-06
0.000675055
-6.56436e-06
0.000676595
-7.06168e-06
0.000678123
-7.4977e-06
0.000679627
-7.87687e-06
0.000681096
-8.20479e-06
0.000682524
-8.48841e-06
0.000683909
-8.73472e-06
0.00068525
-8.94959e-06
0.000686548
-9.13734e-06
0.000687802
-9.3009e-06
0.000689015
-9.44241e-06
0.000690186
-9.56344e-06
0.000691317
-9.66546e-06
0.000692408
-9.7495e-06
0.000693461
-9.8167e-06
0.000694475
-9.86759e-06
0.000695453
-9.90302e-06
0.000696395
-9.92304e-06
0.000697301
-9.92839e-06
0.000698173
-9.91867e-06
0.000699012
-9.89475e-06
0.000699817
-9.85569e-06
0.000700591
-9.8028e-06
0.000701333
-9.73437e-06
0.000702046
-9.65248e-06
0.00070273
-9.55427e-06
0.000703385
-9.44323e-06
0.000704014
-9.31461e-06
0.000704617
-9.17429e-06
0.000705197
-9.01443e-06
0.000705754
-8.8449e-06
0.00070629
-8.65275e-06
0.000706808
-8.45445e-06
0.000707308
-8.22866e-06
0.000707796
-8.0027e-06
0.000708268
-7.74129e-06
0.000708735
-7.48977e-06
0.000709187
-7.18976e-06
0.000709647
-6.91633e-06
0.000710088
-6.57289e-06
0.000710553
-6.28364e-06
0.000710989
-5.88885e-06
0.000711473
-5.59379e-06
0.000711907
-5.13474e-06
0.000712428
-4.85023e-06
0.000712853
-4.30642e-06
0.000713429
-4.05892e-06
0.000713825
-3.39957e-06
0.000714476
-3.23003e-06
0.000714804
-2.41556e-06
0.000715545
-2.37904e-06
0.000715751
-1.39117e-06
0.00071659
-1.53718e-06
-4.44067e-07
0.000716649
0.000667556
-1.69226e-06
0.00066912
-3.90241e-06
0.000670854
-5.32086e-06
0.000672525
-6.23638e-06
0.000674054
-6.87506e-06
0.000675426
-7.37161e-06
0.000676639
-7.77648e-06
0.00067768
-8.10274e-06
0.000678538
-8.35638e-06
0.000679208
-8.54641e-06
0.000679688
-8.6851e-06
0.000679985
-8.78478e-06
0.000680105
-8.85505e-06
0.000680058
-8.90226e-06
0.00067985
-8.9302e-06
0.000679491
-8.94134e-06
0.000678986
-8.9375e-06
0.000678343
-8.92027e-06
0.000677568
-8.89095e-06
0.000676669
-8.85062e-06
0.000675653
-8.8001e-06
0.000674525
-8.73999e-06
0.000673293
-8.67069e-06
0.000671962
-8.59251e-06
0.00067054
-8.50566e-06
0.000669031
-8.41028e-06
0.000667443
-8.30648e-06
0.000665782
-8.19429e-06
0.000664053
-8.07381e-06
0.000662263
-7.94491e-06
0.000660418
-7.80781e-06
0.000658526
-7.66216e-06
0.000656592
-7.50845e-06
0.000654623
-7.34593e-06
0.000652624
-7.17567e-06
0.000650606
-6.99617e-06
0.000648571
-6.80959e-06
0.000646531
-6.61299e-06
0.000644487
-6.41058e-06
0.000642455
-6.1967e-06
0.000640432
-5.97934e-06
0.000638438
-5.74778e-06
0.000636465
-5.51693e-06
0.000634542
-5.26669e-06
0.000632651
-5.02463e-06
0.000630831
-4.7534e-06
0.000629051
-4.50372e-06
0.000627369
-4.20634e-06
0.00062573
-3.95479e-06
0.000624215
-3.61987e-06
0.000622741
-3.37677e-06
0.000621413
-2.97794e-06
0.00062012
-2.76624e-06
0.000618956
-2.23576e-06
0.000617842
-2.11585e-06
0.000616667
-1.24057e-06
0.000615761
-1.47322e-06
0.000614154
2.16552e-07
0.000613772
-1.15548e-06
3.20785e-06
0.00061012
0.000664974
0.000661072
0.000655751
0.000649515
0.00064264
0.000635268
0.000627492
0.000619389
0.000611032
0.000602486
0.000593801
0.000585016
0.000576161
0.000567259
0.000558329
0.000549387
0.00054045
0.00053153
0.000522639
0.000513788
0.000504988
0.000496248
0.000487577
0.000478985
0.000470479
0.000462069
0.000453762
0.000445568
0.000437494
0.000429549
0.000421741
0.000414079
0.000406571
0.000399225
0.000392049
0.000385053
0.000378244
0.000371631
0.00036522
0.000359023
0.000353044
0.000347296
0.000341779
0.000336513
0.000331488
0.000326734
0.000322231
0.000318024
0.00031407
0.00031045
0.000307073
0.000304095
0.000301329
0.000299093
0.000296977
0.000295737
0.000294263
0.00029448
0.000293324
0.000296532
0.000390366
-0.000196206
0.000460117
-0.000224382
0.000512781
-0.000248531
0.00055086
-0.000268381
0.000576122
-0.000284173
0.000589851
-0.000296139
0.00059316
-0.000304455
0.000587187
-0.000309394
0.000573252
-0.000311442
0.000552878
-0.000311177
0.000527843
-0.00030949
0.00050021
-0.000307412
0.000472042
-0.000306084
0.000445004
-0.000306683
-0.000309903
0.000655487
-0.000241557
0.00068547
-0.000254366
0.000701655
-0.000264715
0.000705592
-0.000272319
0.000698362
-0.000276942
0.000681058
-0.000278834
0.000655179
-0.000278576
0.000622649
-0.000276864
0.000586168
-0.000274961
0.000548624
-0.000273633
0.000512821
-0.000273687
0.000480997
-0.000275588
0.000454475
-0.000279562
0.00043292
-0.000285128
0.000414407
-0.00029139
0.000396066
-0.000296989
0.000374916
-0.000300197
0.000350017
-0.000301434
0.000322102
-0.000301561
0.000294953
-0.000303328
0.000271131
-0.00031014
0.00024714
-0.000317648
0.000220664
-0.000322337
0.000193409
-0.000328056
0.000165693
-0.000337019
0.000136815
-0.00034697
0.000107308
-0.000361816
7.32322e-05
-0.000377079
3.84841e-05
-0.000409413
-0.000381289
0.000714382
-0.000239282
0.000702856
-0.00024284
0.000683188
-0.000245048
0.000657164
-0.000246295
0.000627075
-0.000246853
0.00059534
-0.000247099
0.000564431
-0.000247666
0.000536678
-0.000249111
0.000513487
-0.000251771
0.000495226
-0.000255372
0.000481129
-0.000259591
0.000469515
-0.000263974
0.000457948
-0.000267996
0.000443796
-0.000270976
0.000425005
-0.000272598
0.000400711
-0.000272695
0.000372497
-0.000271983
0.000343183
-0.00027212
0.0003164
-0.000274777
0.000294082
-0.000281011
0.000272398
-0.000288456
0.000246971
-0.000292221
0.00021975
-0.000295115
0.000193064
-0.00030137
0.00016575
-0.000309705
0.000137346
-0.000318566
0.000106926
-0.000331396
7.4119e-05
-0.000344272
3.86342e-05
-0.000373928
-0.000342654
0.00071772
-0.000221499
0.000697749
-0.00022287
0.000676747
-0.000224045
0.000655746
-0.000225294
0.0006357
-0.000226808
0.000617216
-0.000228615
0.000600276
-0.000230726
0.000584241
-0.000233076
0.000567903
-0.000235433
0.000550042
-0.000237511
0.000529468
-0.000239017
0.000505329
-0.000239834
0.000477448
-0.000240115
0.000446607
-0.000240135
0.00041443
-0.000240421
0.000383365
-0.00024163
0.000355948
-0.000244567
0.000333141
-0.000249313
0.00031375
-0.000255386
0.00029374
-0.000261
0.000268959
-0.000263675
0.000241312
-0.000264574
0.000214822
-0.000268626
0.000189041
-0.000275588
0.000161995
-0.000282659
0.000133637
-0.000290209
0.00010343
-0.000301189
7.17714e-05
-0.000312613
3.65273e-05
-0.000338684
-0.000306127
0.000710869
-0.000200803
0.000689966
-0.000201967
0.000668976
-0.000203055
0.000647876
-0.000204194
0.000626506
-0.000205438
0.000604637
-0.000206746
0.000581958
-0.000208047
0.00055815
-0.000209269
0.000533099
-0.000210382
0.000507009
-0.000211421
0.000480519
-0.000212526
0.000454565
-0.000213881
0.000430231
-0.00021578
0.000408413
-0.000218317
0.000389409
-0.000221418
0.00037277
-0.000224992
0.000356894
-0.000228691
0.000339467
-0.000231885
0.000318138
-0.000234058
0.000291986
-0.000234848
0.000263482
-0.00023517
0.000236945
-0.000238038
0.000212589
-0.00024427
0.00018729
-0.000250289
0.000160109
-0.000255478
0.000131901
-0.000262001
0.000102145
-0.000271433
7.09342e-05
-0.000281402
3.57529e-05
-0.000303503
-0.000270374
0.000702528
-0.00018009
0.000681732
-0.000181171
0.000660891
-0.000182213
0.00063997
-0.000183274
0.000618923
-0.000184391
0.000597757
-0.00018558
0.000576545
-0.000186834
0.000555431
-0.000188154
0.00053461
-0.000189562
0.000514282
-0.000191092
0.000494543
-0.000192787
0.000475293
-0.000194632
0.000456098
-0.000196585
0.000436301
-0.000198519
0.000415156
-0.000200273
0.000391808
-0.000201643
0.00036582
-0.000202703
0.00033751
-0.000203575
0.000308092
-0.00020464
0.00027981
-0.000206567
0.000254854
-0.000210215
0.0002325
-0.000215683
0.000209116
-0.000220886
0.000182978
-0.000224151
0.000155614
-0.000228114
0.000127778
-0.000234165
9.86109e-05
-0.000242266
6.80245e-05
-0.000250815
3.36194e-05
-0.000269098
-0.000236755
0.000694286
-0.000159611
0.000673729
-0.000160615
0.000653091
-0.000161575
0.000632355
-0.000162538
0.000611501
-0.000163537
0.00059051
-0.000164588
0.000569367
-0.000165692
0.000548054
-0.000166842
0.000526522
-0.00016803
0.00050468
-0.00016925
0.000482381
-0.000170489
0.000459479
-0.00017173
0.000435852
-0.000172958
0.000411511
-0.000174178
0.000386694
-0.000175456
0.000361926
-0.000176875
0.000337891
-0.000178667
0.000315248
-0.000180932
0.000294305
-0.000183697
0.000274633
-0.000186895
0.000254674
-0.000190255
0.000232079
-0.000193088
0.000206069
-0.000194876
0.000178799
-0.000196881
0.000151965
-0.000201279
0.000124814
-0.000207014
9.61693e-05
-0.000213622
6.60275e-05
-0.000220674
3.23133e-05
-0.000235384
-0.000204442
0.000686211
-0.000139349
0.000665828
-0.000140232
0.000645339
-0.000141086
0.000624741
-0.00014194
0.000604024
-0.00014282
0.000583176
-0.000143739
0.000562187
-0.000144703
0.000541052
-0.000145707
0.000519773
-0.000146751
0.000498356
-0.000147832
0.000476823
-0.000148956
0.000455226
-0.000150133
0.000433646
-0.000151378
0.000412185
-0.000152716
0.000390902
-0.000154174
0.000369787
-0.000155759
0.000348587
-0.000157468
0.000326891
-0.000159236
0.000304173
-0.000160979
0.000279797
-0.000162519
0.000253495
-0.000163953
0.000225821
-0.000165414
0.000198465
-0.000167521
0.000172703
-0.000171119
0.000147397
-0.000175973
0.00012076
-0.000180377
9.24675e-05
-0.000185329
6.2901e-05
-0.000191107
3.0293e-05
-0.000202776
-0.000174149
0.000678421
-0.000119227
0.000658177
-0.000119988
0.000637818
-0.000120727
0.000617344
-0.000121466
0.000596748
-0.000122224
0.000576022
-0.000123013
0.000555155
-0.000123836
0.000534141
-0.000124693
0.000512972
-0.000125582
0.000491642
-0.000126502
0.00047014
-0.000127455
0.000448451
-0.000128444
0.000426548
-0.000129475
0.000404378
-0.000130547
0.000381869
-0.000131664
0.000358929
-0.000132819
0.000335473
-0.000134012
0.000311486
-0.000135249
0.000287084
-0.000136577
0.00026264
-0.000138074
0.000238596
-0.00013991
0.000215325
-0.000142144
0.00019271
-0.000144905
0.000169548
-0.000147957
0.000144365
-0.000150791
0.000117355
-0.000153367
8.93277e-05
-0.000157302
6.03837e-05
-0.000162163
2.87888e-05
-0.000171181
-0.00014536
0.00067107
-9.92179e-05
0.000650931
-9.98484e-05
0.000630671
-0.000100468
0.000610294
-0.000101088
0.000589792
-0.000101723
0.000569159
-0.00010238
0.000548385
-0.000103063
0.000527464
-0.000103772
0.00050639
-0.000104507
0.000485157
-0.000105269
0.000463761
-0.000106059
0.000442196
-0.000106879
0.000420457
-0.000107735
0.000398539
-0.000108629
0.000376446
-0.000109571
0.000354194
-0.000110567
0.000331816
-0.000111633
0.00030935
-0.000112783
0.000286819
-0.000114046
0.000264174
-0.000115429
0.000241216
-0.000116951
0.000217641
-0.000118569
0.000193005
-0.000120268
0.000166949
-0.000121902
0.000139913
-0.000123754
0.00011283
-0.000126284
8.56107e-05
-0.000130083
5.74947e-05
-0.000134047
2.7052e-05
-0.000140738
-0.000118308
0.00066436
-7.92889e-05
0.000644301
-7.97896e-05
0.00062412
-8.02869e-05
0.000603818
-8.07864e-05
0.000583391
-8.12955e-05
0.000562831
-8.182e-05
0.000542132
-8.23636e-05
0.000521288
-8.29274e-05
0.000500292
-8.35121e-05
0.000479141
-8.41178e-05
0.000457828
-8.47459e-05
0.000436347
-8.53979e-05
0.000414689
-8.60773e-05
0.000392847
-8.67865e-05
0.000370806
-8.75311e-05
0.000348554
-8.83143e-05
0.000326065
-8.91443e-05
0.000303304
-9.00227e-05
0.000280219
-9.09612e-05
0.000256747
-9.19576e-05
0.000232831
-9.30352e-05
0.000208463
-9.42007e-05
0.000183719
-9.55237e-05
0.000158846
-9.70293e-05
0.00013402
-9.89288e-05
0.00010895
-0.000101213
8.2796e-05
-0.000103929
5.52441e-05
-0.000106495
2.56818e-05
-0.000111176
-9.2626e-05
0.000658542
-5.94196e-05
0.000638544
-5.97915e-05
0.000618422
-6.01654e-05
0.000598178
-6.05419e-05
0.000577807
-6.09245e-05
0.000557304
-6.13172e-05
0.000536664
-6.17231e-05
0.00051588
-6.21436e-05
0.000494947
-6.25796e-05
0.000473861
-6.30313e-05
0.000452615
-6.34999e-05
0.000431203
-6.3986e-05
0.000409618
-6.44923e-05
0.000387852
-6.50203e-05
0.000365895
-6.55743e-05
0.000343737
-6.61563e-05
0.000321365
-6.67727e-05
0.000298768
-6.74259e-05
0.000275934
-6.81272e-05
0.000252858
-6.88808e-05
0.000229531
-6.97082e-05
0.000205944
-7.06137e-05
0.000182055
-7.1635e-05
0.000157793
-7.27671e-05
0.000132952
-7.40884e-05
0.000107257
-7.55173e-05
8.05415e-05
-7.72139e-05
5.30627e-05
-7.90165e-05
2.4287e-05
-8.24002e-05
-6.83389e-05
0.000653876
-3.95916e-05
0.000633922
-3.98375e-05
0.000613844
-4.00872e-05
0.000593641
-4.03391e-05
0.000573311
-4.05946e-05
0.00055285
-4.0856e-05
0.000532253
-4.11256e-05
0.000511514
-4.14047e-05
0.000490628
-4.1694e-05
0.000469591
-4.19938e-05
0.000448396
-4.23048e-05
0.000427037
-4.26274e-05
0.000405508
-4.29632e-05
0.000383801
-4.33131e-05
0.000361906
-4.368e-05
0.000339815
-4.4065e-05
0.000317515
-4.44724e-05
0.000294993
-4.49038e-05
0.000272232
-4.53661e-05
0.000249212
-4.5861e-05
0.000225904
-4.64005e-05
0.000202275
-4.69846e-05
0.000178277
-4.76365e-05
0.000153863
-4.83538e-05
0.000128963
-4.9188e-05
0.000103552
-5.01066e-05
7.75878e-05
-5.12496e-05
5.10478e-05
-5.24765e-05
2.32448e-05
-5.45972e-05
-4.50941e-05
0.000650606
-1.97902e-05
0.000630681
-1.99124e-05
0.000610631
-2.00374e-05
0.000590456
-2.01637e-05
0.000570153
-2.02916e-05
0.000549719
-2.04222e-05
0.00052915
-2.05567e-05
0.000508441
-2.06958e-05
0.000487587
-2.084e-05
0.000466583
-2.09895e-05
0.000445423
-2.11445e-05
0.000424101
-2.13054e-05
0.00040261
-2.14727e-05
0.000380944
-2.1647e-05
0.000359094
-2.18297e-05
0.00033705
-2.20213e-05
0.000314802
-2.2224e-05
0.000292336
-2.24384e-05
0.000269638
-2.26679e-05
0.00024669
-2.29132e-05
0.00022347
-2.31802e-05
0.000199955
-2.34693e-05
0.000176111
-2.37924e-05
0.000151904
-2.41475e-05
0.000127273
-2.45572e-05
0.000102173
-2.50065e-05
7.64878e-05
-2.5564e-05
5.01639e-05
-2.61526e-05
2.27221e-05
-2.71554e-05
-2.2372e-05
0.00064892
-1.76407e-09
0.000629009
-1.78788e-09
0.000608974
-1.81165e-09
0.000588812
-1.83664e-09
0.000568522
-1.86168e-09
0.000548102
-1.8851e-09
0.000527547
-1.90596e-09
0.000506853
-1.92408e-09
0.000486015
-1.93976e-09
0.000465027
-1.95314e-09
0.000443885
-1.96422e-09
0.000422581
-1.9725e-09
0.000401111
-1.97764e-09
0.000379466
-1.97888e-09
0.000357638
-1.97604e-09
0.000335619
-1.96822e-09
0.000313397
-1.95544e-09
0.00029096
-1.93628e-09
0.000268294
-1.91113e-09
0.000245383
-1.87778e-09
0.000222204
-1.83792e-09
0.000198737
-1.78789e-09
0.000174946
-1.73231e-09
0.0001508
-1.66351e-09
0.000126245
-1.5946e-09
0.00010124
-1.51005e-09
7.56774e-05
-1.45423e-09
4.95261e-05
-1.36784e-09
2.23721e-05
-1.43403e-09
1.27549e-10
0.00064892
1.97867e-05
0.000629009
1.99089e-05
0.000608974
2.00338e-05
0.000588812
2.016e-05
0.000568522
2.02879e-05
0.000548102
2.04184e-05
0.000527547
2.05529e-05
0.000506853
2.06919e-05
0.000486015
2.08361e-05
0.000465027
2.09856e-05
0.000443885
2.11406e-05
0.000422581
2.13014e-05
0.000401111
2.14687e-05
0.000379466
2.16431e-05
0.000357638
2.18257e-05
0.000335619
2.20174e-05
0.000313397
2.22201e-05
0.00029096
2.24345e-05
0.000268294
2.26641e-05
0.000245383
2.29094e-05
0.000222205
2.31765e-05
0.000198737
2.34658e-05
0.000174946
2.37889e-05
0.000150801
2.41441e-05
0.000126245
2.4554e-05
0.00010124
2.50035e-05
7.56774e-05
2.55611e-05
4.95261e-05
2.61499e-05
2.23721e-05
2.71526e-05
2.23723e-05
0.000650606
3.95881e-05
0.000630681
3.98339e-05
0.000610631
4.00835e-05
0.000590456
4.03354e-05
0.000570153
4.05909e-05
0.000549719
4.08522e-05
0.00052915
4.11218e-05
0.000508441
4.14008e-05
0.000487587
4.16901e-05
0.000466583
4.19899e-05
0.000445423
4.23008e-05
0.000424101
4.26234e-05
0.00040261
4.29591e-05
0.000380944
4.33091e-05
0.000359094
4.3676e-05
0.00033705
4.4061e-05
0.000314802
4.44685e-05
0.000292336
4.48998e-05
0.000269638
4.53622e-05
0.00024669
4.58573e-05
0.00022347
4.63968e-05
0.000199955
4.6981e-05
0.000176111
4.7633e-05
0.000151904
4.83505e-05
0.000127274
4.91848e-05
0.000102173
5.01036e-05
7.64878e-05
5.12468e-05
5.01639e-05
5.24738e-05
2.27221e-05
5.45944e-05
4.50944e-05
0.000653875
5.94161e-05
0.000633921
5.97879e-05
0.000613843
6.01618e-05
0.000593641
6.05382e-05
0.000573311
6.09207e-05
0.00055285
6.13134e-05
0.000532252
6.17192e-05
0.000511513
6.21397e-05
0.000490628
6.25756e-05
0.00046959
6.30273e-05
0.000448395
6.34958e-05
0.000427037
6.39819e-05
0.000405508
6.44882e-05
0.000383801
6.50162e-05
0.000361906
6.55703e-05
0.000339815
6.61523e-05
0.000317515
6.67687e-05
0.000294993
6.74219e-05
0.000272232
6.81232e-05
0.000249212
6.88769e-05
0.000225904
6.97044e-05
0.000202275
7.061e-05
0.000178277
7.16315e-05
0.000153864
7.27637e-05
0.000128964
7.40851e-05
0.000103553
7.55144e-05
7.75883e-05
7.72113e-05
5.1048e-05
7.90141e-05
2.32449e-05
8.23974e-05
6.83393e-05
0.000658541
7.92854e-05
0.000638543
7.9786e-05
0.000618421
8.02833e-05
0.000598177
8.07827e-05
0.000577806
8.12917e-05
0.000557303
8.18161e-05
0.000536663
8.23596e-05
0.000515879
8.29234e-05
0.000494947
8.35081e-05
0.00047386
8.41137e-05
0.000452614
8.47418e-05
0.000431202
8.53938e-05
0.000409618
8.60731e-05
0.000387851
8.67823e-05
0.000365895
8.7527e-05
0.000343737
8.83101e-05
0.000321365
8.91402e-05
0.000298769
9.00187e-05
0.000275935
9.09572e-05
0.000252858
9.19537e-05
0.000229531
9.30315e-05
0.000205944
9.41971e-05
0.000182055
9.55202e-05
0.000157793
9.7026e-05
0.000132952
9.89256e-05
0.000107257
0.00010121
8.05421e-05
0.000103926
5.30632e-05
0.000106493
2.42872e-05
0.000111173
9.26265e-05
0.000664359
9.92144e-05
0.0006443
9.98449e-05
0.000624119
0.000100464
0.000603817
0.000101085
0.00058339
0.000101719
0.00056283
0.000102376
0.000542131
0.000103059
0.000521287
0.000103768
0.000500292
0.000104503
0.000479141
0.000105265
0.000457828
0.000106055
0.000436347
0.000106875
0.000414689
0.000107731
0.000392846
0.000108625
0.000370806
0.000109567
0.000348554
0.000110562
0.000326065
0.000111629
0.000303305
0.000112779
0.00028022
0.000114042
0.000256748
0.000115425
0.000232833
0.000116947
0.000208464
0.000118565
0.00018372
0.000120264
0.000158847
0.000121899
0.000134021
0.000123752
0.00010895
0.000126281
8.27964e-05
0.00013008
5.52445e-05
0.000134045
2.56821e-05
0.000140736
0.000118309
0.000671069
0.000119223
0.000650929
0.000119984
0.00063067
0.000120723
0.000610293
0.000121462
0.000589791
0.000122221
0.000569158
0.000123009
0.000548384
0.000123832
0.000527463
0.000124689
0.000506389
0.000125578
0.000485156
0.000126497
0.00046376
0.000127451
0.000442196
0.00012844
0.000420456
0.00012947
0.000398539
0.000130543
0.000376446
0.000131659
0.000354194
0.000132814
0.000331816
0.000134008
0.00030935
0.000135245
0.000286819
0.000136573
0.000264174
0.00013807
0.000241216
0.000139906
0.000217641
0.000142139
0.000193005
0.000144901
0.000166951
0.000147954
0.000139915
0.000150788
0.000112831
0.000153364
8.56114e-05
0.0001573
5.74953e-05
0.000162161
2.70524e-05
0.000171179
0.000145361
0.000678419
0.000139345
0.000658175
0.000140228
0.000637816
0.000141082
0.000617342
0.000141937
0.000596746
0.000142816
0.00057602
0.000143735
0.000555154
0.000144698
0.00053414
0.000145703
0.000512971
0.000146746
0.000491641
0.000147828
0.000470139
0.000148952
0.000448451
0.000150128
0.000426547
0.000151374
0.000404378
0.000152712
0.000381869
0.000154169
0.000358929
0.000155754
0.000335474
0.000157463
0.000311487
0.000159231
0.000287086
0.000160975
0.000262641
0.000162515
0.000238598
0.000163949
0.000215326
0.000165411
0.00019271
0.000167517
0.000169548
0.000171115
0.000144367
0.000175969
0.000117356
0.000180375
8.93287e-05
0.000185327
6.03845e-05
0.000191105
2.87893e-05
0.000202774
0.00017415
0.000686209
0.000159608
0.000665826
0.000160611
0.000645337
0.000161571
0.000624739
0.000162534
0.000604023
0.000163533
0.000583174
0.000164584
0.000562185
0.000165687
0.00054105
0.000166837
0.000519771
0.000168025
0.000498354
0.000169245
0.000476822
0.000170484
0.000455225
0.000171725
0.000433645
0.000172953
0.000412184
0.000174173
0.000390901
0.000175451
0.000369785
0.00017687
0.000348585
0.000178663
0.000326889
0.000180927
0.000304172
0.000183692
0.000279797
0.000186889
0.000253496
0.00019025
0.000225823
0.000193084
0.000198468
0.000194873
0.000172704
0.000196878
0.000147398
0.000201275
0.000120761
0.000207012
9.24688e-05
0.00021362
6.29021e-05
0.000220672
3.02937e-05
0.000235382
0.000204444
0.000694284
0.000180087
0.000673727
0.000181168
0.000653089
0.00018221
0.000632353
0.00018327
0.000611499
0.000184387
0.000590508
0.000185576
0.000569365
0.00018683
0.000548052
0.00018815
0.00052652
0.000189557
0.000504678
0.000191087
0.00048238
0.000192782
0.000459478
0.000194627
0.000435852
0.00019658
0.000411512
0.000198513
0.000386695
0.000200268
0.000361927
0.000201638
0.000337892
0.000202698
0.000315249
0.00020357
0.000294305
0.000204635
0.000274632
0.000206562
0.000254673
0.000210209
0.00023208
0.000215677
0.000206072
0.000220881
0.000178802
0.000224148
0.000151966
0.000228111
0.000124815
0.000234162
9.61708e-05
0.000242264
6.60287e-05
0.000250814
3.23141e-05
0.000269097
0.000236758
0.000702526
0.0002008
0.00068173
0.000201964
0.000660888
0.000203052
0.000639968
0.000204191
0.000618921
0.000205434
0.000597755
0.000206742
0.000576542
0.000208043
0.000555428
0.000209264
0.000534608
0.000210378
0.000514279
0.000211416
0.00049454
0.000212522
0.00047529
0.000213876
0.000456095
0.000215775
0.000436298
0.000218311
0.000415154
0.000221412
0.000391807
0.000224985
0.00036582
0.000228684
0.000337511
0.000231879
0.000308094
0.000234053
0.000279812
0.000234844
0.000254855
0.000235166
0.0002325
0.000238033
0.000209117
0.000244264
0.00018298
0.000250285
0.000155616
0.000255475
0.00012778
0.000261998
9.86127e-05
0.000271432
6.80259e-05
0.000281401
3.36204e-05
0.000303502
0.000270378
0.000710867
0.000221496
0.000689964
0.000222867
0.000668973
0.000224042
0.000647873
0.000225291
0.000626503
0.000226804
0.000604634
0.000228611
0.000581955
0.000230721
0.000558148
0.000233071
0.000533098
0.000235428
0.000507008
0.000237506
0.000480518
0.000239011
0.000454565
0.000239829
0.000430231
0.000240109
0.000408412
0.00024013
0.000389407
0.000240416
0.000372768
0.000241625
0.000356892
0.000244561
0.000339465
0.000249306
0.000318138
0.000255379
0.000291988
0.000260994
0.000263485
0.00026367
0.000236947
0.00026457
0.00021259
0.000268621
0.000187292
0.000275584
0.000160111
0.000282656
0.000131903
0.000290206
0.000102147
0.000301187
7.09359e-05
0.000312612
3.57541e-05
0.000338684
0.000306133
0.000717716
0.000239278
0.000697746
0.000242837
0.000676744
0.000245045
0.000655743
0.000246292
0.000635697
0.00024685
0.000617212
0.000247096
0.000600271
0.000247662
0.000584235
0.000249106
0.000567897
0.000251766
0.000550037
0.000255366
0.000529464
0.000259585
0.000505325
0.000263967
0.000477446
0.000267989
0.000446606
0.000270969
0.00041443
0.000272592
0.000383366
0.000272689
0.000355948
0.000271978
0.00033314
0.000272114
0.000313749
0.000274771
0.000293739
0.000281003
0.000268961
0.000288449
0.000241314
0.000292217
0.000214824
0.000295111
0.000189043
0.000301365
0.000161997
0.000309701
0.00013364
0.000318563
0.000103433
0.000331395
7.17733e-05
0.000344272
3.65288e-05
0.000373929
0.000342661
0.000714375
0.000241552
0.000702851
0.000254361
0.000683185
0.000264711
0.000657162
0.000272314
0.000627074
0.000276938
0.00059534
0.00027883
0.00056443
0.000278572
0.000536677
0.00027686
0.000513485
0.000274957
0.000495223
0.000273629
0.000481125
0.000273682
0.00046951
0.000275583
0.000457943
0.000279555
0.000443792
0.000285121
0.000425003
0.000291382
0.00040071
0.000296981
0.000372498
0.00030019
0.000343184
0.000301428
0.0003164
0.000301555
0.000294081
0.000303322
0.000272398
0.000310132
0.000246974
0.000317641
0.000219752
0.000322332
0.000193066
0.000328051
0.000165753
0.000337015
0.000137349
0.000346967
0.00010693
0.000361814
7.41212e-05
0.00037708
3.8636e-05
0.000409414
0.000381297
0.000655473
0.0001962
0.000685457
0.000224377
0.000701643
0.000248525
0.000705582
0.000268375
0.000698353
0.000284166
0.000681051
0.000296133
0.000655174
0.000304449
0.000622645
0.000309388
0.000586165
0.000311437
0.000548623
0.000311172
0.000512819
0.000309485
0.000480995
0.000307407
0.000454472
0.000306079
0.000432916
0.000306677
0.000414402
0.000309895
0.000396062
0.000315322
0.000374913
0.000321339
0.000350017
0.000326325
0.000322103
0.000329469
0.000294954
0.000330471
0.000271131
0.000333954
0.000247142
0.000341631
0.000220666
0.000348808
0.000193411
0.000355306
0.000165696
0.00036473
0.000136818
0.000375844
0.000107311
0.000391321
7.32346e-05
0.000411157
3.84863e-05
0.000444162
0.000419784
0.000390352
0.00010238
0.000460103
0.000154626
0.000512769
0.000195859
0.000550848
0.000230296
0.000576111
0.000258904
0.000589842
0.000282402
0.000593152
0.000301139
0.00058718
0.00031536
0.000573247
0.00032537
0.000552874
0.000331545
0.00052784
0.000334519
0.000500208
0.000335039
0.000472041
0.000334246
0.000445002
0.000333715
0.000420261
0.000334637
0.000397683
0.0003379
0.000375822
0.000343199
0.000353136
0.00034901
0.00032827
0.000354336
0.000301581
0.00035716
0.000275633
0.000359902
0.00025066
0.000366604
0.000224615
0.000374852
0.000197477
0.000382444
0.00016973
0.000392477
0.000139895
0.00040568
0.000111237
0.000419979
7.50404e-05
0.000447354
4.03253e-05
0.000478877
0.000460109
2.83728e-06
4.07911e-07
1.29379e-07
-2.41713e-06
-3.616e-06
-4.52957e-06
-5.37052e-06
-5.89568e-06
-6.45034e-06
-7.07067e-06
-7.39098e-06
-7.46539e-06
-7.61425e-06
-7.94471e-06
-8.55917e-06
-9.34228e-06
-1.00865e-05
-1.06549e-05
-1.09971e-05
-1.12767e-05
-1.18536e-05
-1.30356e-05
-1.50754e-05
-1.81113e-05
-2.21492e-05
-2.69153e-05
-3.15285e-05
-3.36182e-05
-2.7731e-05
)
;

boundaryField
{
    inlet
    {
        type            calculated;
        value           nonuniform List<scalar> 
30
(
-0.000666667
-0.000666667
-0.000666667
-0.000666667
-0.000666667
-0.000666667
-0.000666667
-0.000666667
-0.000666667
-0.000666667
-0.000666667
-0.000666667
-0.000666667
-0.000666667
-0.000666667
-0.000666667
-0.000666667
-0.000666667
-0.000666667
-0.000666667
-0.000666667
-0.000666667
-0.000666667
-0.000666667
-0.000666667
-0.000666667
-0.000666667
-0.000666667
-0.000666667
-0.000666667
)
;
    }
    outlet
    {
        type            calculated;
        value           nonuniform List<scalar> 0();
    }
    wall
    {
        type            calculated;
        value           uniform 0;
    }
    obstacle
    {
        type            calculated;
        value           uniform 0;
    }
    frontAndBack
    {
        type            empty;
        value           nonuniform List<scalar> 0();
    }
    procBoundary0to1
    {
        type            processor;
        value           nonuniform List<scalar> 
61
(
0.000102385
0.000154632
0.000195866
0.000230303
0.000258911
0.000282409
0.000301146
0.000315367
0.000325377
0.000331552
0.000334525
0.000335044
0.000334252
0.000333721
0.000334644
0.000420263
0.00031533
0.000321347
0.000326333
0.000329476
0.000330477
0.000333962
0.000341638
0.000348813
0.000355311
0.000364735
0.000375847
0.000391323
0.000411154
0.000444161
0.000419773
0.000457272
0.000481307
0.000447632
0.000422525
0.000406879
0.00039339
0.000383285
0.000375378
0.000367159
0.000360523
0.00035748
0.00035441
0.000349159
0.00034353
0.000338514
0.00033542
0.000334459
0.000334814
0.000335381
0.000334799
0.000332122
0.000326552
0.0003174
0.000304175
0.00028644
0.00026367
0.000234909
0.000197949
0.000148739
7.46492e-05
)
;
    }
}


// ************************************************************************* //
