/*--------------------------------*- C++ -*----------------------------------*\
| =========                 |                                                 |
| \\      /  F ield         | OpenFOAM: The Open Source CFD Toolbox           |
|  \\    /   O peration     | Version:  2312                                  |
|   \\  /    A nd           | Website:  www.openfoam.com                      |
|    \\/     M anipulation  |                                                 |
\*---------------------------------------------------------------------------*/
FoamFile
{
    version     2.0;
    format      ascii;
    arch        "LSB;label=32;scalar=64";
    class       volVectorField;
    location    "12000";
    object      U;
}
// * * * * * * * * * * * * * * * * * * * * * * * * * * * * * * * * * * * * * //

dimensions      [0 1 -1 0 0 0 0];

internalField   nonuniform List<vector> 
2685
(
(0.000567767 -4.07071e-05 0)
(0.000584932 -3.00034e-05 0)
(0.000584672 -2.2066e-05 0)
(0.000584061 -1.52167e-05 0)
(0.000584338 -9.68471e-06 0)
(0.000584359 -5.81093e-06 0)
(0.000583435 -3.39563e-06 0)
(0.000581578 -1.71542e-06 0)
(0.00057906 -1.72123e-07 0)
(0.000576109 1.15668e-06 0)
(0.000572929 1.79595e-06 0)
(0.000569718 1.70509e-06 0)
(0.000566581 1.58486e-06 0)
(0.000563463 2.13708e-06 0)
(0.000560215 3.13716e-06 0)
(0.000556846 3.50225e-06 0)
(0.000553726 2.31295e-06 0)
(0.000551418 -2.98235e-07 0)
(0.000550214 -3.14308e-06 0)
(0.000549839 -4.70804e-06 0)
(0.000549595 -4.05637e-06 0)
(0.000548784 -1.33326e-06 0)
(0.000547065 2.38073e-06 0)
(0.000544548 5.71631e-06 0)
(0.000541652 7.69346e-06 0)
(0.000538868 8.02759e-06 0)
(0.000536586 7.03632e-06 0)
(0.000535042 5.29956e-06 0)
(0.000534313 3.37691e-06 0)
(0.000534334 1.6779e-06 0)
(0.000534991 4.26249e-07 0)
(0.000536163 -3.23929e-07 0)
(0.000537722 -6.41015e-07 0)
(0.000539518 -6.46902e-07 0)
(0.000541387 -4.7243e-07 0)
(0.000543169 -2.31043e-07 0)
(0.000544737 -4.45654e-09 0)
(0.000546011 1.6083e-07 0)
(0.000546961 2.48883e-07 0)
(0.000547602 2.65308e-07 0)
(0.000547981 2.27599e-07 0)
(0.000548161 1.56956e-07 0)
(0.000548205 7.15372e-08 0)
(0.000548166 -1.35145e-08 0)
(0.000548085 -8.50988e-08 0)
(0.000547996 -1.39395e-07 0)
(0.00054792 -1.7631e-07 0)
(0.000547863 -1.9753e-07 0)
(0.00054783 -2.06044e-07 0)
(0.000547817 -2.0526e-07 0)
(0.000547822 -1.98014e-07 0)
(0.000547839 -1.8667e-07 0)
(0.000547866 -1.73008e-07 0)
(0.000547898 -1.58293e-07 0)
(0.000547933 -1.43396e-07 0)
(0.000547969 -1.28806e-07 0)
(0.000548005 -1.14801e-07 0)
(0.00054804 -1.01736e-07 0)
(0.000548073 -8.97998e-08 0)
(0.000548104 -7.90348e-08 0)
(0.000548132 -6.94044e-08 0)
(0.000548159 -6.08414e-08 0)
(0.000548183 -5.32662e-08 0)
(0.000548205 -4.65932e-08 0)
(0.000548226 -4.07353e-08 0)
(0.000548244 -3.56071e-08 0)
(0.000548261 -3.11279e-08 0)
(0.000548277 -2.72228e-08 0)
(0.000548291 -2.38228e-08 0)
(0.000548304 -2.08662e-08 0)
(0.000548315 -1.82962e-08 0)
(0.000548326 -1.60639e-08 0)
(0.000548335 -1.41253e-08 0)
(0.000548344 -1.24415e-08 0)
(0.000548352 -1.09794e-08 0)
(0.000548359 -9.70808e-09 0)
(0.000548366 -8.60224e-09 0)
(0.000548372 -7.63935e-09 0)
(0.000548377 -6.79799e-09 0)
(0.000548382 -6.06309e-09 0)
(0.000548386 -5.41884e-09 0)
(0.00054839 -4.85108e-09 0)
(0.000548394 -4.3519e-09 0)
(0.000548397 -3.91008e-09 0)
(0.0005484 -3.51639e-09 0)
(0.000548403 -3.16816e-09 0)
(0.000548405 -2.85675e-09 0)
(0.000548408 -2.57658e-09 0)
(0.00054841 -2.32735e-09 0)
(0.000548412 -2.10247e-09 0)
(0.000980965 -5.26035e-06 0)
(0.000972899 -1.27293e-06 0)
(0.000968831 1.96014e-06 0)
(0.000965473 4.89203e-06 0)
(0.000962234 7.35183e-06 0)
(0.000959121 9.24117e-06 0)
(0.000956271 1.05273e-05 0)
(0.000953745 1.12326e-05 0)
(0.000951623 1.15281e-05 0)
(0.000949994 1.16553e-05 0)
(0.000948766 1.17072e-05 0)
(0.000947639 1.16212e-05 0)
(0.000946377 1.14249e-05 0)
(0.000945042 1.12888e-05 0)
(0.000943933 1.1187e-05 0)
(0.000943265 1.06962e-05 0)
(0.000942911 9.41776e-06 0)
(0.000942462 7.59071e-06 0)
(0.000941547 6.07582e-06 0)
(0.000940088 5.6273e-06 0)
(0.000938331 6.23323e-06 0)
(0.000936687 7.1562e-06 0)
(0.000935495 7.51436e-06 0)
(0.000934933 6.86034e-06 0)
(0.000935039 5.3085e-06 0)
(0.000935766 3.29728e-06 0)
(0.000936966 1.27606e-06 0)
(0.000938398 -4.86629e-07 0)
(0.00093988 -1.96476e-06 0)
(0.000941333 -3.2975e-06 0)
(0.000942752 -4.60171e-06 0)
(0.000944115 -5.85816e-06 0)
(0.000945406 -6.921e-06 0)
(0.000946625 -7.59524e-06 0)
(0.000947766 -7.73422e-06 0)
(0.000948803 -7.30391e-06 0)
(0.000949702 -6.39141e-06 0)
(0.000950432 -5.16844e-06 0)
(0.000950971 -3.83493e-06 0)
(0.000951318 -2.56746e-06 0)
(0.000951485 -1.48802e-06 0)
(0.000951499 -6.55711e-07 0)
(0.0009514 -7.75057e-08 0)
(0.000951239 2.70587e-07 0)
(0.000951048 4.39232e-07 0)
(0.000950843 4.83776e-07 0)
(0.000950642 4.52811e-07 0)
(0.000950456 3.83669e-07 0)
(0.00095029 3.01591e-07 0)
(0.000950148 2.2159e-07 0)
(0.000950029 1.51578e-07 0)
(0.000949933 9.45761e-08 0)
(0.000949855 5.061e-08 0)
(0.000949793 1.81385e-08 0)
(0.000949745 -4.9362e-09 0)
(0.000949707 -2.07877e-08 0)
(0.000949678 -3.1418e-08 0)
(0.000949655 -3.82435e-08 0)
(0.000949637 -4.23623e-08 0)
(0.000949624 -4.44891e-08 0)
(0.000949613 -4.51818e-08 0)
(0.000949605 -4.48693e-08 0)
(0.000949599 -4.38656e-08 0)
(0.000949595 -4.23967e-08 0)
(0.000949592 -4.06239e-08 0)
(0.00094959 -3.86635e-08 0)
(0.000949588 -3.65968e-08 0)
(0.000949588 -3.44837e-08 0)
(0.000949588 -3.23664e-08 0)
(0.000949588 -3.02751e-08 0)
(0.000949589 -2.82337e-08 0)
(0.000949589 -2.62609e-08 0)
(0.00094959 -2.43697e-08 0)
(0.000949591 -2.25686e-08 0)
(0.000949592 -2.0861e-08 0)
(0.000949594 -1.92496e-08 0)
(0.000949595 -1.77348e-08 0)
(0.000949596 -1.63153e-08 0)
(0.000949597 -1.49898e-08 0)
(0.000949598 -1.37554e-08 0)
(0.0009496 -1.26085e-08 0)
(0.000949601 -1.15461e-08 0)
(0.000949602 -1.05635e-08 0)
(0.000949603 -9.65651e-09 0)
(0.000949604 -8.82163e-09 0)
(0.000949604 -8.05351e-09 0)
(0.000949605 -7.34816e-09 0)
(0.000949606 -6.70191e-09 0)
(0.000949607 -6.11094e-09 0)
(0.000949608 -5.56866e-09 0)
(0.00110802 2.72823e-06 0)
(0.00109753 4.36285e-06 0)
(0.00109001 5.81554e-06 0)
(0.00108373 6.87267e-06 0)
(0.00107797 7.54894e-06 0)
(0.00107263 7.99624e-06 0)
(0.00106776 8.41881e-06 0)
(0.0010634 8.81932e-06 0)
(0.00105951 8.98712e-06 0)
(0.00105613 8.78937e-06 0)
(0.00105325 8.37159e-06 0)
(0.00105078 8.01606e-06 0)
(0.00104858 7.87948e-06 0)
(0.00104653 7.87968e-06 0)
(0.00104468 7.73161e-06 0)
(0.00104308 7.07139e-06 0)
(0.00104173 5.70594e-06 0)
(0.0010405 3.88795e-06 0)
(0.00103921 2.30586e-06 0)
(0.00103789 1.68372e-06 0)
(0.00103683 2.29917e-06 0)
(0.00103617 3.765e-06 0)
(0.00103579 5.25278e-06 0)
(0.00103556 5.95614e-06 0)
(0.00103537 5.47504e-06 0)
(0.0010352 3.91015e-06 0)
(0.00103509 1.68612e-06 0)
(0.00103509 -6.67288e-07 0)
(0.00103518 -2.71303e-06 0)
(0.00103525 -4.22786e-06 0)
(0.00103522 -5.18171e-06 0)
(0.00103497 -5.64655e-06 0)
(0.00103443 -5.7095e-06 0)
(0.00103363 -5.44257e-06 0)
(0.00103263 -4.90474e-06 0)
(0.00103157 -4.15656e-06 0)
(0.00103055 -3.27147e-06 0)
(0.00102967 -2.33548e-06 0)
(0.00102899 -1.43615e-06 0)
(0.00102851 -6.47606e-07 0)
(0.00102822 -1.9284e-08 0)
(0.00102808 4.29401e-07 0)
(0.00102804 7.08228e-07 0)
(0.00102805 8.42645e-07 0)
(0.00102808 8.64039e-07 0)
(0.00102812 8.08056e-07 0)
(0.00102816 7.07082e-07 0)
(0.00102819 5.86645e-07 0)
(0.00102821 4.6478e-07 0)
(0.00102822 3.52722e-07 0)
(0.00102823 2.56094e-07 0)
(0.00102822 1.76714e-07 0)
(0.00102821 1.13992e-07 0)
(0.0010282 6.59958e-08 0)
(0.00102819 3.0328e-08 0)
(0.00102817 4.54522e-09 0)
(0.00102816 -1.36373e-08 0)
(0.00102815 -2.5963e-08 0)
(0.00102813 -3.37845e-08 0)
(0.00102812 -3.83401e-08 0)
(0.00102812 -4.05874e-08 0)
(0.00102811 -4.12288e-08 0)
(0.0010281 -4.07759e-08 0)
(0.0010281 -3.95965e-08 0)
(0.00102809 -3.79542e-08 0)
(0.00102809 -3.60373e-08 0)
(0.00102808 -3.39776e-08 0)
(0.00102808 -3.18663e-08 0)
(0.00102807 -2.97628e-08 0)
(0.00102807 -2.77007e-08 0)
(0.00102807 -2.56781e-08 0)
(0.00102807 -2.37409e-08 0)
(0.00102806 -2.19089e-08 0)
(0.00102806 -2.01922e-08 0)
(0.00102806 -1.85928e-08 0)
(0.00102806 -1.71092e-08 0)
(0.00102806 -1.57379e-08 0)
(0.00102806 -1.44726e-08 0)
(0.00102805 -1.33077e-08 0)
(0.00102805 -1.22355e-08 0)
(0.00102805 -1.12484e-08 0)
(0.00102805 -1.03402e-08 0)
(0.00102805 -9.5043e-09 0)
(0.00102805 -8.73474e-09 0)
(0.00102805 -8.02689e-09 0)
(0.00102805 -7.37502e-09 0)
(0.00102805 -6.77485e-09 0)
(0.00102805 -6.22284e-09 0)
(0.00102805 -5.71662e-09 0)
(0.00102805 -5.24793e-09 0)
(0.00114906 3.48682e-05 0)
(0.00113771 3.43374e-05 0)
(0.0011274 3.36406e-05 0)
(0.00111827 3.25936e-05 0)
(0.00111025 3.12409e-05 0)
(0.00110317 2.97554e-05 0)
(0.00109688 2.83286e-05 0)
(0.00109127 2.69734e-05 0)
(0.00108628 2.5516e-05 0)
(0.00108186 2.38558e-05 0)
(0.00107792 2.21597e-05 0)
(0.00107436 2.0718e-05 0)
(0.00107111 1.96342e-05 0)
(0.00106823 1.86971e-05 0)
(0.00106577 1.75438e-05 0)
(0.00106371 1.59487e-05 0)
(0.0010619 1.40121e-05 0)
(0.00106011 1.21287e-05 0)
(0.00105816 1.07626e-05 0)
(0.00105605 1.01609e-05 0)
(0.00105398 1.01635e-05 0)
(0.0010522 1.02691e-05 0)
(0.00105089 9.92376e-06 0)
(0.0010501 8.77186e-06 0)
(0.00104973 6.7832e-06 0)
(0.00104959 4.22668e-06 0)
(0.00104947 1.53516e-06 0)
(0.00104922 -8.79373e-07 0)
(0.00104877 -2.74138e-06 0)
(0.00104811 -3.94584e-06 0)
(0.00104726 -4.54445e-06 0)
(0.00104627 -4.67276e-06 0)
(0.00104519 -4.48223e-06 0)
(0.00104408 -4.10108e-06 0)
(0.00104301 -3.61854e-06 0)
(0.00104202 -3.08858e-06 0)
(0.00104118 -2.54328e-06 0)
(0.0010405 -2.00542e-06 0)
(0.00104 -1.49553e-06 0)
(0.00103965 -1.0332e-06 0)
(0.00103943 -6.34509e-07 0)
(0.00103932 -3.11579e-07 0)
(0.00103928 -7.03321e-08 0)
(0.00103929 9.69929e-08 0)
(0.00103931 2.01434e-07 0)
(0.00103932 2.5596e-07 0)
(0.00103933 2.73975e-07 0)
(0.00103931 2.67075e-07 0)
(0.00103928 2.44613e-07 0)
(0.00103924 2.13954e-07 0)
(0.00103918 1.80442e-07 0)
(0.00103913 1.47571e-07 0)
(0.00103907 1.1736e-07 0)
(0.00103901 9.08283e-08 0)
(0.00103895 6.82849e-08 0)
(0.0010389 4.9658e-08 0)
(0.00103885 3.47403e-08 0)
(0.00103881 2.30039e-08 0)
(0.00103877 1.39322e-08 0)
(0.00103873 6.95031e-09 0)
(0.0010387 1.60608e-09 0)
(0.00103867 -2.44496e-09 0)
(0.00103864 -5.47561e-09 0)
(0.00103862 -7.70187e-09 0)
(0.0010386 -9.29474e-09 0)
(0.00103858 -1.039e-08 0)
(0.00103857 -1.10958e-08 0)
(0.00103855 -1.14996e-08 0)
(0.00103854 -1.16744e-08 0)
(0.00103853 -1.16835e-08 0)
(0.00103852 -1.15999e-08 0)
(0.00103851 -1.14239e-08 0)
(0.00103851 -1.11684e-08 0)
(0.0010385 -1.08481e-08 0)
(0.00103849 -1.0477e-08 0)
(0.00103849 -1.00684e-08 0)
(0.00103849 -9.63437e-09 0)
(0.00103848 -9.18628e-09 0)
(0.00103848 -8.73694e-09 0)
(0.00103848 -8.29067e-09 0)
(0.00103847 -7.84755e-09 0)
(0.00103847 -7.41005e-09 0)
(0.00103847 -6.9811e-09 0)
(0.00103847 -6.563e-09 0)
(0.00103847 -6.15831e-09 0)
(0.00103847 -5.76875e-09 0)
(0.00103847 -5.39522e-09 0)
(0.00103846 -5.03901e-09 0)
(0.00103846 -4.70127e-09 0)
(0.00103846 -4.38011e-09 0)
(0.00115002 5.96384e-05 0)
(0.0011388 5.52295e-05 0)
(0.00112845 5.11232e-05 0)
(0.00111927 4.72907e-05 0)
(0.00111128 4.37558e-05 0)
(0.00110429 4.05248e-05 0)
(0.0010981 3.7521e-05 0)
(0.0010926 3.46242e-05 0)
(0.00108771 3.17809e-05 0)
(0.00108333 2.90677e-05 0)
(0.00107933 2.66342e-05 0)
(0.00107564 2.45597e-05 0)
(0.00107233 2.27461e-05 0)
(0.00106952 2.09607e-05 0)
(0.00106718 1.90124e-05 0)
(0.00106514 1.69144e-05 0)
(0.0010632 1.48924e-05 0)
(0.00106122 1.32384e-05 0)
(0.00105918 1.21203e-05 0)
(0.00105722 1.14704e-05 0)
(0.00105557 1.10192e-05 0)
(0.00105439 1.04356e-05 0)
(0.00105372 9.46314e-06 0)
(0.00105342 8.01804e-06 0)
(0.00105328 6.20228e-06 0)
(0.00105307 4.24738e-06 0)
(0.00105265 2.42008e-06 0)
(0.00105193 9.34795e-07 0)
(0.00105095 -1.00359e-07 0)
(0.00104976 -6.86405e-07 0)
(0.00104848 -9.02466e-07 0)
(0.00104717 -8.63282e-07 0)
(0.00104592 -6.80956e-07 0)
(0.00104476 -4.40572e-07 0)
(0.00104372 -1.94504e-07 0)
(0.00104281 3.20938e-08 0)
(0.00104204 2.31417e-07 0)
(0.00104141 4.03329e-07 0)
(0.00104091 5.48997e-07 0)
(0.00104054 6.68337e-07 0)
(0.00104026 7.60579e-07 0)
(0.00104008 8.24776e-07 0)
(0.00103995 8.59302e-07 0)
(0.00103987 8.6363e-07 0)
(0.00103983 8.41001e-07 0)
(0.0010398 7.96905e-07 0)
(0.00103979 7.37738e-07 0)
(0.00103978 6.69687e-07 0)
(0.00103978 5.98015e-07 0)
(0.00103977 5.26715e-07 0)
(0.00103977 4.58632e-07 0)
(0.00103976 3.95605e-07 0)
(0.00103974 3.38631e-07 0)
(0.00103973 2.88067e-07 0)
(0.00103972 2.43822e-07 0)
(0.0010397 2.05516e-07 0)
(0.00103969 1.72585e-07 0)
(0.00103967 1.444e-07 0)
(0.00103966 1.20303e-07 0)
(0.00103964 9.98237e-08 0)
(0.00103963 8.25082e-08 0)
(0.00103962 6.79189e-08 0)
(0.00103961 5.56589e-08 0)
(0.0010396 4.5377e-08 0)
(0.00103959 3.67688e-08 0)
(0.00103958 2.95733e-08 0)
(0.00103957 2.35681e-08 0)
(0.00103957 1.85637e-08 0)
(0.00103956 1.43972e-08 0)
(0.00103956 1.09268e-08 0)
(0.00103955 8.01156e-09 0)
(0.00103955 5.58917e-09 0)
(0.00103954 3.59261e-09 0)
(0.00103954 1.96071e-09 0)
(0.00103953 6.39008e-10 0)
(0.00103953 -4.19813e-10 0)
(0.00103953 -1.25627e-09 0)
(0.00103953 -1.90393e-09 0)
(0.00103952 -2.38837e-09 0)
(0.00103952 -2.73896e-09 0)
(0.00103952 -2.98373e-09 0)
(0.00103952 -3.14407e-09 0)
(0.00103952 -3.23697e-09 0)
(0.00103951 -3.27592e-09 0)
(0.00103951 -3.27198e-09 0)
(0.00103951 -3.23436e-09 0)
(0.00103951 -3.1694e-09 0)
(0.00103951 -3.08421e-09 0)
(0.00103951 -2.9842e-09 0)
(0.00103951 -2.87305e-09 0)
(0.00113948 8.36091e-05 0)
(0.00112929 7.71653e-05 0)
(0.00111985 7.11867e-05 0)
(0.00111145 6.57184e-05 0)
(0.0011041 6.07899e-05 0)
(0.00109766 5.62655e-05 0)
(0.00109198 5.19372e-05 0)
(0.00108694 4.77373e-05 0)
(0.00108242 4.37837e-05 0)
(0.00107832 4.0218e-05 0)
(0.00107457 3.70453e-05 0)
(0.00107121 3.41318e-05 0)
(0.0010683 3.13189e-05 0)
(0.00106582 2.85384e-05 0)
(0.00106366 2.58584e-05 0)
(0.00106165 2.34329e-05 0)
(0.00105969 2.13909e-05 0)
(0.00105777 1.97418e-05 0)
(0.00105595 1.83592e-05 0)
(0.00105437 1.70383e-05 0)
(0.00105315 1.55822e-05 0)
(0.00105233 1.38738e-05 0)
(0.00105179 1.19067e-05 0)
(0.00105138 9.77824e-06 0)
(0.00105096 7.65358e-06 0)
(0.00105044 5.70768e-06 0)
(0.00104975 4.07399e-06 0)
(0.0010489 2.81517e-06 0)
(0.00104791 1.92446e-06 0)
(0.00104687 1.34545e-06 0)
(0.00104583 9.96758e-07 0)
(0.00104486 7.95602e-07 0)
(0.00104398 6.74705e-07 0)
(0.00104322 5.90565e-07 0)
(0.00104257 5.21247e-07 0)
(0.00104203 4.60009e-07 0)
(0.00104159 4.08321e-07 0)
(0.00104124 3.69806e-07 0)
(0.00104096 3.46467e-07 0)
(0.00104075 3.37279e-07 0)
(0.00104058 3.38162e-07 0)
(0.00104046 3.44389e-07 0)
(0.00104037 3.52262e-07 0)
(0.00104031 3.58342e-07 0)
(0.00104026 3.60201e-07 0)
(0.00104022 3.56376e-07 0)
(0.00104019 3.46453e-07 0)
(0.00104016 3.31062e-07 0)
(0.00104012 3.11359e-07 0)
(0.00104009 2.88667e-07 0)
(0.00104006 2.64271e-07 0)
(0.00104003 2.39294e-07 0)
(0.00103999 2.1463e-07 0)
(0.00103996 1.90945e-07 0)
(0.00103993 1.6869e-07 0)
(0.0010399 1.4814e-07 0)
(0.00103987 1.29431e-07 0)
(0.00103984 1.12595e-07 0)
(0.00103982 9.75821e-08 0)
(0.00103979 8.42918e-08 0)
(0.00103977 7.2591e-08 0)
(0.00103975 6.23328e-08 0)
(0.00103973 5.33688e-08 0)
(0.00103972 4.55557e-08 0)
(0.0010397 3.87595e-08 0)
(0.00103969 3.28578e-08 0)
(0.00103968 2.77405e-08 0)
(0.00103967 2.33105e-08 0)
(0.00103966 1.94845e-08 0)
(0.00103965 1.61941e-08 0)
(0.00103964 1.34014e-08 0)
(0.00103964 1.10167e-08 0)
(0.00103963 8.97618e-09 0)
(0.00103963 7.22837e-09 0)
(0.00103962 5.73151e-09 0)
(0.00103962 4.45116e-09 0)
(0.00103961 3.35907e-09 0)
(0.00103961 2.43251e-09 0)
(0.00103961 1.65517e-09 0)
(0.00103961 1.00549e-09 0)
(0.0010396 4.61894e-10 0)
(0.0010396 8.40718e-12 0)
(0.0010396 -3.67598e-10 0)
(0.0010396 -6.76482e-10 0)
(0.0010396 -9.26927e-10 0)
(0.0010396 -1.12665e-09 0)
(0.0010396 -1.28331e-09 0)
(0.00103959 -1.40176e-09 0)
(0.00103959 -1.48724e-09 0)
(0.00103959 -1.54427e-09 0)
(0.00112334 0.000105567 0)
(0.00111426 9.70658e-05 0)
(0.00110587 8.91328e-05 0)
(0.00109841 8.18252e-05 0)
(0.0010919 7.51221e-05 0)
(0.00108626 6.88763e-05 0)
(0.00108136 6.29697e-05 0)
(0.00107703 5.74328e-05 0)
(0.00107314 5.23658e-05 0)
(0.00106964 4.77821e-05 0)
(0.00106656 4.35713e-05 0)
(0.00106389 3.96042e-05 0)
(0.00106159 3.58487e-05 0)
(0.00105956 3.23863e-05 0)
(0.00105769 2.93313e-05 0)
(0.00105592 2.67247e-05 0)
(0.00105429 2.44862e-05 0)
(0.00105285 2.24499e-05 0)
(0.00105166 2.04472e-05 0)
(0.00105076 1.83746e-05 0)
(0.00105015 1.62158e-05 0)
(0.00104976 1.4029e-05 0)
(0.00104948 1.19135e-05 0)
(0.00104917 9.9744e-06 0)
(0.00104877 8.29175e-06 0)
(0.00104823 6.90291e-06 0)
(0.00104756 5.80439e-06 0)
(0.00104679 4.96435e-06 0)
(0.00104596 4.33449e-06 0)
(0.00104513 3.85994e-06 0)
(0.00104434 3.48889e-06 0)
(0.00104363 3.18017e-06 0)
(0.00104299 2.90648e-06 0)
(0.00104243 2.65255e-06 0)
(0.00104195 2.41301e-06 0)
(0.00104154 2.18881e-06 0)
(0.00104119 1.98321e-06 0)
(0.0010409 1.79894e-06 0)
(0.00104066 1.63684e-06 0)
(0.00104045 1.49559e-06 0)
(0.00104029 1.37229e-06 0)
(0.00104015 1.26337e-06 0)
(0.00104005 1.16523e-06 0)
(0.00103997 1.07472e-06 0)
(0.00103991 9.89471e-07 0)
(0.00103986 9.08062e-07 0)
(0.00103983 8.29839e-07 0)
(0.0010398 7.54711e-07 0)
(0.00103978 6.82921e-07 0)
(0.00103976 6.14845e-07 0)
(0.00103975 5.50867e-07 0)
(0.00103974 4.91295e-07 0)
(0.00103973 4.36323e-07 0)
(0.00103972 3.86019e-07 0)
(0.00103972 3.40331e-07 0)
(0.00103971 2.99112e-07 0)
(0.0010397 2.62139e-07 0)
(0.0010397 2.29138e-07 0)
(0.00103969 1.99806e-07 0)
(0.00103968 1.73832e-07 0)
(0.00103968 1.50906e-07 0)
(0.00103967 1.30731e-07 0)
(0.00103966 1.13024e-07 0)
(0.00103966 9.75176e-08 0)
(0.00103965 8.39684e-08 0)
(0.00103965 7.21521e-08 0)
(0.00103964 6.18662e-08 0)
(0.00103964 5.29283e-08 0)
(0.00103964 4.51751e-08 0)
(0.00103963 3.84608e-08 0)
(0.00103963 3.2655e-08 0)
(0.00103963 2.76408e-08 0)
(0.00103962 2.33167e-08 0)
(0.00103962 1.95945e-08 0)
(0.00103962 1.63969e-08 0)
(0.00103962 1.36558e-08 0)
(0.00103961 1.13109e-08 0)
(0.00103961 9.30773e-09 0)
(0.00103961 7.59499e-09 0)
(0.00103961 6.13422e-09 0)
(0.00103961 4.89449e-09 0)
(0.00103961 3.84651e-09 0)
(0.0010396 2.96374e-09 0)
(0.0010396 2.2226e-09 0)
(0.0010396 1.60262e-09 0)
(0.0010396 1.08594e-09 0)
(0.0010396 6.56252e-10 0)
(0.0010396 3.01516e-10 0)
(0.0010396 1.06358e-11 0)
(0.0010396 -2.25854e-10 0)
(0.00110202 0.000125247 0)
(0.00109441 0.000114524 0)
(0.00108742 0.000104566 0)
(0.00108126 9.53939e-05 0)
(0.001076 8.69659e-05 0)
(0.00107157 7.92091e-05 0)
(0.00106779 7.20753e-05 0)
(0.0010645 6.55412e-05 0)
(0.00106159 5.95655e-05 0)
(0.00105907 5.40737e-05 0)
(0.00105694 4.89982e-05 0)
(0.00105511 4.43282e-05 0)
(0.00105349 4.01086e-05 0)
(0.00105202 3.63816e-05 0)
(0.00105069 3.31222e-05 0)
(0.00104951 3.02205e-05 0)
(0.00104855 2.75233e-05 0)
(0.00104783 2.49022e-05 0)
(0.00104733 2.23019e-05 0)
(0.00104699 1.97427e-05 0)
(0.00104675 1.72901e-05 0)
(0.00104653 1.50182e-05 0)
(0.00104626 1.29832e-05 0)
(0.00104589 1.12114e-05 0)
(0.00104541 9.69875e-06 0)
(0.00104487 8.41987e-06 0)
(0.00104428 7.34073e-06 0)
(0.0010437 6.42656e-06 0)
(0.00104313 5.64477e-06 0)
(0.00104261 4.96638e-06 0)
(0.00104215 4.36767e-06 0)
(0.00104175 3.83143e-06 0)
(0.00104141 3.34698e-06 0)
(0.00104112 2.90893e-06 0)
(0.00104088 2.51552e-06 0)
(0.00104068 2.16671e-06 0)
(0.00104051 1.86258e-06 0)
(0.00104037 1.60209e-06 0)
(0.00104026 1.38264e-06 0)
(0.00104016 1.20016e-06 0)
(0.00104008 1.04961e-06 0)
(0.00104002 9.25635e-07 0)
(0.00103997 8.23053e-07 0)
(0.00103993 7.37237e-07 0)
(0.0010399 6.64295e-07 0)
(0.00103987 6.01131e-07 0)
(0.00103985 5.45403e-07 0)
(0.00103984 4.95423e-07 0)
(0.00103982 4.50024e-07 0)
(0.00103981 4.08423e-07 0)
(0.00103979 3.70107e-07 0)
(0.00103978 3.34744e-07 0)
(0.00103977 3.02108e-07 0)
(0.00103976 2.72039e-07 0)
(0.00103975 2.44404e-07 0)
(0.00103973 2.19084e-07 0)
(0.00103972 1.95962e-07 0)
(0.00103971 1.74918e-07 0)
(0.0010397 1.55826e-07 0)
(0.00103969 1.38559e-07 0)
(0.00103968 1.22986e-07 0)
(0.00103968 1.08976e-07 0)
(0.00103967 9.64014e-08 0)
(0.00103966 8.51386e-08 0)
(0.00103965 7.50689e-08 0)
(0.00103965 6.60807e-08 0)
(0.00103964 5.80697e-08 0)
(0.00103964 5.09396e-08 0)
(0.00103963 4.46021e-08 0)
(0.00103963 3.89764e-08 0)
(0.00103963 3.39893e-08 0)
(0.00103962 2.95738e-08 0)
(0.00103962 2.56692e-08 0)
(0.00103962 2.22202e-08 0)
(0.00103961 1.91772e-08 0)
(0.00103961 1.64955e-08 0)
(0.00103961 1.41353e-08 0)
(0.00103961 1.2061e-08 0)
(0.00103961 1.02411e-08 0)
(0.00103961 8.64819e-09 0)
(0.0010396 7.25792e-09 0)
(0.0010396 6.04807e-09 0)
(0.0010396 4.99838e-09 0)
(0.0010396 4.09044e-09 0)
(0.0010396 3.3077e-09 0)
(0.0010396 2.63522e-09 0)
(0.0010396 2.06047e-09 0)
(0.0010396 1.57062e-09 0)
(0.0010396 1.15481e-09 0)
(0.0010396 8.035e-10 0)
(0.00107538 0.000141238 0)
(0.0010697 0.000128308 0)
(0.00106457 0.000116471 0)
(0.00106024 0.000105659 0)
(0.00105676 9.57991e-05 0)
(0.00105398 8.68237e-05 0)
(0.00105172 7.8653e-05 0)
(0.00104984 7.11916e-05 0)
(0.00104828 6.43566e-05 0)
(0.00104701 5.81054e-05 0)
(0.00104595 5.24341e-05 0)
(0.00104503 4.73506e-05 0)
(0.00104423 4.28356e-05 0)
(0.00104354 3.88165e-05 0)
(0.001043 3.51761e-05 0)
(0.00104263 3.17919e-05 0)
(0.00104243 2.85791e-05 0)
(0.00104237 2.55101e-05 0)
(0.0010424 2.26075e-05 0)
(0.00104244 1.99191e-05 0)
(0.00104245 1.74892e-05 0)
(0.00104241 1.53413e-05 0)
(0.0010423 1.34745e-05 0)
(0.00104213 1.1868e-05 0)
(0.00104191 1.0489e-05 0)
(0.00104168 9.30069e-06 0)
(0.00104144 8.26909e-06 0)
(0.00104121 7.36625e-06 0)
(0.00104099 6.56984e-06 0)
(0.0010408 5.86174e-06 0)
(0.00104063 5.22728e-06 0)
(0.00104048 4.65528e-06 0)
(0.00104035 4.13797e-06 0)
(0.00104024 3.67046e-06 0)
(0.00104014 3.24985e-06 0)
(0.00104005 2.87426e-06 0)
(0.00103997 2.5419e-06 0)
(0.00103989 2.25043e-06 0)
(0.00103983 1.99665e-06 0)
(0.00103978 1.77665e-06 0)
(0.00103973 1.58608e-06 0)
(0.00103969 1.42052e-06 0)
(0.00103966 1.27586e-06 0)
(0.00103964 1.14843e-06 0)
(0.00103962 1.0352e-06 0)
(0.0010396 9.33729e-07 0)
(0.0010396 8.4213e-07 0)
(0.00103959 7.58986e-07 0)
(0.00103959 6.83237e-07 0)
(0.00103959 6.14092e-07 0)
(0.00103959 5.50945e-07 0)
(0.00103959 4.93317e-07 0)
(0.0010396 4.40804e-07 0)
(0.0010396 3.93056e-07 0)
(0.0010396 3.49747e-07 0)
(0.0010396 3.1057e-07 0)
(0.00103961 2.75229e-07 0)
(0.00103961 2.43437e-07 0)
(0.00103961 2.14913e-07 0)
(0.00103961 1.89389e-07 0)
(0.00103961 1.66605e-07 0)
(0.00103961 1.46316e-07 0)
(0.00103961 1.28289e-07 0)
(0.00103961 1.12307e-07 0)
(0.00103961 9.81684e-08 0)
(0.00103961 8.56844e-08 0)
(0.00103961 7.4683e-08 0)
(0.00103961 6.50059e-08 0)
(0.00103961 5.65088e-08 0)
(0.00103961 4.906e-08 0)
(0.00103961 4.25399e-08 0)
(0.00103961 3.68402e-08 0)
(0.00103961 3.18627e-08 0)
(0.00103961 2.75194e-08 0)
(0.00103961 2.37318e-08 0)
(0.0010396 2.04302e-08 0)
(0.0010396 1.75532e-08 0)
(0.0010396 1.50472e-08 0)
(0.0010396 1.28651e-08 0)
(0.0010396 1.09663e-08 0)
(0.0010396 9.31541e-09 0)
(0.0010396 7.88163e-09 0)
(0.0010396 6.63805e-09 0)
(0.0010396 5.56104e-09 0)
(0.0010396 4.62991e-09 0)
(0.0010396 3.82645e-09 0)
(0.0010396 3.13469e-09 0)
(0.0010396 2.54048e-09 0)
(0.0010396 2.0314e-09 0)
(0.0010396 1.5966e-09 0)
(0.00104378 0.000152208 0)
(0.00104074 0.000137269 0)
(0.00103818 0.000123746 0)
(0.00103632 0.000111523 0)
(0.00103509 0.000100498 0)
(0.00103436 9.0556e-05 0)
(0.00103397 8.157e-05 0)
(0.0010338 7.34244e-05 0)
(0.00103378 6.60462e-05 0)
(0.00103384 5.9401e-05 0)
(0.00103396 5.34594e-05 0)
(0.00103412 4.81648e-05 0)
(0.00103435 4.34243e-05 0)
(0.00103465 3.91255e-05 0)
(0.00103505 3.51692e-05 0)
(0.00103552 3.14952e-05 0)
(0.00103604 2.80845e-05 0)
(0.00103658 2.49442e-05 0)
(0.00103707 2.20916e-05 0)
(0.00103749 1.95395e-05 0)
(0.00103783 1.72856e-05 0)
(0.0010381 1.53103e-05 0)
(0.00103831 1.35824e-05 0)
(0.00103846 1.20668e-05 0)
(0.00103857 1.07295e-05 0)
(0.00103866 9.54119e-06 0)
(0.00103874 8.47885e-06 0)
(0.00103881 7.52588e-06 0)
(0.00103887 6.66974e-06 0)
(0.00103893 5.89977e-06 0)
(0.00103898 5.20641e-06 0)
(0.00103904 4.58159e-06 0)
(0.00103909 4.01906e-06 0)
(0.00103913 3.51428e-06 0)
(0.00103918 3.06392e-06 0)
(0.00103921 2.66525e-06 0)
(0.00103925 2.31553e-06 0)
(0.00103928 2.01158e-06 0)
(0.0010393 1.74959e-06 0)
(0.00103933 1.52521e-06 0)
(0.00103935 1.33378e-06 0)
(0.00103938 1.17069e-06 0)
(0.0010394 1.03155e-06 0)
(0.00103942 9.12439e-07 0)
(0.00103944 8.09944e-07 0)
(0.00103945 7.21201e-07 0)
(0.00103947 6.43857e-07 0)
(0.00103949 5.76004e-07 0)
(0.0010395 5.16115e-07 0)
(0.00103952 4.62969e-07 0)
(0.00103953 4.15588e-07 0)
(0.00103954 3.73185e-07 0)
(0.00103955 3.35124e-07 0)
(0.00103956 3.00883e-07 0)
(0.00103956 2.70027e-07 0)
(0.00103957 2.42192e-07 0)
(0.00103958 2.17066e-07 0)
(0.00103958 1.94379e-07 0)
(0.00103958 1.73896e-07 0)
(0.00103959 1.55409e-07 0)
(0.00103959 1.3873e-07 0)
(0.00103959 1.23693e-07 0)
(0.00103959 1.10146e-07 0)
(0.00103959 9.79516e-08 0)
(0.0010396 8.69845e-08 0)
(0.0010396 7.71307e-08 0)
(0.0010396 6.8286e-08 0)
(0.0010396 6.03557e-08 0)
(0.0010396 5.32534e-08 0)
(0.0010396 4.69008e-08 0)
(0.0010396 4.12267e-08 0)
(0.0010396 3.61665e-08 0)
(0.0010396 3.16614e-08 0)
(0.0010396 2.76581e-08 0)
(0.0010396 2.41077e-08 0)
(0.0010396 2.09653e-08 0)
(0.0010396 1.81896e-08 0)
(0.0010396 1.57425e-08 0)
(0.0010396 1.35893e-08 0)
(0.0010396 1.16982e-08 0)
(0.0010396 1.004e-08 0)
(0.0010396 8.58849e-09 0)
(0.0010396 7.32011e-09 0)
(0.0010396 6.21367e-09 0)
(0.0010396 5.25022e-09 0)
(0.0010396 4.41288e-09 0)
(0.0010396 3.68663e-09 0)
(0.0010396 3.05804e-09 0)
(0.0010396 2.51524e-09 0)
(0.0010396 2.04769e-09 0)
(0.00100865 0.000156375 0)
(0.00100932 0.000139695 0)
(0.00101011 0.000124882 0)
(0.0010112 0.000111745 0)
(0.0010126 0.000100071 0)
(0.00101418 8.96512e-05 0)
(0.00101583 8.03136e-05 0)
(0.00101744 7.19389e-05 0)
(0.00101898 6.44477e-05 0)
(0.00102043 5.77708e-05 0)
(0.00102181 5.18222e-05 0)
(0.00102316 4.64969e-05 0)
(0.00102448 4.16877e-05 0)
(0.00102579 3.73068e-05 0)
(0.00102708 3.32989e-05 0)
(0.00102832 2.96388e-05 0)
(0.0010295 2.63167e-05 0)
(0.00103059 2.33253e-05 0)
(0.00103158 2.06548e-05 0)
(0.00103244 1.82894e-05 0)
(0.00103321 1.62048e-05 0)
(0.0010339 1.43695e-05 0)
(0.00103451 1.27509e-05 0)
(0.00103506 1.13197e-05 0)
(0.00103555 1.00509e-05 0)
(0.00103599 8.92326e-06 0)
(0.00103639 7.91945e-06 0)
(0.00103676 7.02542e-06 0)
(0.00103709 6.22921e-06 0)
(0.00103738 5.51973e-06 0)
(0.00103764 4.88657e-06 0)
(0.00103788 4.3207e-06 0)
(0.00103808 3.8148e-06 0)
(0.00103827 3.36322e-06 0)
(0.00103842 2.96156e-06 0)
(0.00103856 2.60613e-06 0)
(0.00103868 2.29348e-06 0)
(0.00103878 2.02005e-06 0)
(0.00103887 1.78204e-06 0)
(0.00103894 1.57547e-06 0)
(0.00103901 1.39631e-06 0)
(0.00103907 1.2407e-06 0)
(0.00103912 1.10509e-06 0)
(0.00103917 9.86361e-07 0)
(0.00103921 8.81859e-07 0)
(0.00103925 7.89383e-07 0)
(0.00103928 7.07139e-07 0)
(0.00103931 6.33679e-07 0)
(0.00103934 5.67836e-07 0)
(0.00103937 5.08665e-07 0)
(0.00103939 4.55394e-07 0)
(0.00103942 4.07384e-07 0)
(0.00103944 3.64095e-07 0)
(0.00103946 3.25065e-07 0)
(0.00103947 2.89892e-07 0)
(0.00103949 2.5822e-07 0)
(0.0010395 2.29732e-07 0)
(0.00103951 2.0414e-07 0)
(0.00103952 1.81183e-07 0)
(0.00103953 1.60619e-07 0)
(0.00103954 1.42229e-07 0)
(0.00103955 1.25808e-07 0)
(0.00103956 1.11168e-07 0)
(0.00103956 9.81351e-08 0)
(0.00103957 8.6548e-08 0)
(0.00103957 7.62589e-08 0)
(0.00103958 6.71317e-08 0)
(0.00103958 5.90424e-08 0)
(0.00103958 5.1878e-08 0)
(0.00103958 4.55368e-08 0)
(0.00103959 3.99273e-08 0)
(0.00103959 3.49677e-08 0)
(0.00103959 3.05852e-08 0)
(0.00103959 2.67152e-08 0)
(0.00103959 2.33002e-08 0)
(0.00103959 2.02893e-08 0)
(0.00103959 1.76368e-08 0)
(0.00103959 1.53023e-08 0)
(0.00103959 1.32497e-08 0)
(0.00103959 1.14469e-08 0)
(0.00103959 9.86523e-09 0)
(0.00103959 8.47922e-09 0)
(0.0010396 7.26624e-09 0)
(0.0010396 6.20615e-09 0)
(0.0010396 5.28094e-09 0)
(0.0010396 4.47477e-09 0)
(0.0010396 3.7735e-09 0)
(0.0010396 3.16447e-09 0)
(0.0010396 2.63667e-09 0)
(0.0010396 2.18023e-09 0)
(0.000970051 0.000150414 0)
(0.00097557 0.00013342 0)
(0.000980461 0.000118586 0)
(0.000985036 0.000105584 0)
(0.000989381 9.41117e-05 0)
(0.000993463 8.39322e-05 0)
(0.000997239 7.48782e-05 0)
(0.0010007 6.68251e-05 0)
(0.00100386 5.96627e-05 0)
(0.0010068 5.32786e-05 0)
(0.00100955 4.75589e-05 0)
(0.00101215 4.24025e-05 0)
(0.00101463 3.77326e-05 0)
(0.00101697 3.34989e-05 0)
(0.00101918 2.96717e-05 0)
(0.00102124 2.62322e-05 0)
(0.00102314 2.31621e-05 0)
(0.00102488 2.04388e-05 0)
(0.00102645 1.80366e-05 0)
(0.00102787 1.59272e-05 0)
(0.00102914 1.40786e-05 0)
(0.00103029 1.24571e-05 0)
(0.00103132 1.10315e-05 0)
(0.00103225 9.77552e-06 0)
(0.00103308 8.66656e-06 0)
(0.00103382 7.68497e-06 0)
(0.00103449 6.81396e-06 0)
(0.00103508 6.0396e-06 0)
(0.00103561 5.35002e-06 0)
(0.00103607 4.73465e-06 0)
(0.00103649 4.1842e-06 0)
(0.00103685 3.691e-06 0)
(0.00103718 3.24906e-06 0)
(0.00103746 2.85384e-06 0)
(0.00103771 2.5018e-06 0)
(0.00103793 2.18997e-06 0)
(0.00103812 1.91557e-06 0)
(0.00103829 1.67567e-06 0)
(0.00103843 1.46709e-06 0)
(0.00103856 1.28647e-06 0)
(0.00103868 1.1304e-06 0)
(0.00103878 9.95603e-07 0)
(0.00103886 8.79025e-07 0)
(0.00103894 7.77955e-07 0)
(0.00103901 6.90043e-07 0)
(0.00103908 6.1329e-07 0)
(0.00103913 5.46026e-07 0)
(0.00103918 4.86862e-07 0)
(0.00103923 4.34643e-07 0)
(0.00103927 3.88409e-07 0)
(0.00103931 3.47359e-07 0)
(0.00103934 3.10819e-07 0)
(0.00103937 2.78222e-07 0)
(0.0010394 2.49084e-07 0)
(0.00103942 2.22995e-07 0)
(0.00103944 1.996e-07 0)
(0.00103946 1.78598e-07 0)
(0.00103947 1.59726e-07 0)
(0.00103949 1.42755e-07 0)
(0.0010395 1.27487e-07 0)
(0.00103951 1.13748e-07 0)
(0.00103952 1.01386e-07 0)
(0.00103953 9.02654e-08 0)
(0.00103954 8.02663e-08 0)
(0.00103955 7.12822e-08 0)
(0.00103955 6.32181e-08 0)
(0.00103956 5.5988e-08 0)
(0.00103956 4.95143e-08 0)
(0.00103957 4.37261e-08 0)
(0.00103957 3.85586e-08 0)
(0.00103958 3.39519e-08 0)
(0.00103958 2.98514e-08 0)
(0.00103958 2.62063e-08 0)
(0.00103958 2.29702e-08 0)
(0.00103958 2.0101e-08 0)
(0.00103959 1.756e-08 0)
(0.00103959 1.53126e-08 0)
(0.00103959 1.33274e-08 0)
(0.00103959 1.15758e-08 0)
(0.00103959 1.00325e-08 0)
(0.00103959 8.67448e-09 0)
(0.00103959 7.48099e-09 0)
(0.00103959 6.43364e-09 0)
(0.00103959 5.51584e-09 0)
(0.00103959 4.71268e-09 0)
(0.00103959 4.01108e-09 0)
(0.00103959 3.39913e-09 0)
(0.00103959 2.86625e-09 0)
(0.00103959 2.40324e-09 0)
(0.00103959 2.00166e-09 0)
(0.000921332 0.000131419 0)
(0.000933084 0.000116486 0)
(0.000943342 0.000103466 0)
(0.000952512 9.20351e-05 0)
(0.000960793 8.19248e-05 0)
(0.000968281 7.2932e-05 0)
(0.000975047 6.4903e-05 0)
(0.000981173 5.77128e-05 0)
(0.000986745 5.12531e-05 0)
(0.00099185 4.54319e-05 0)
(0.00099655 4.01757e-05 0)
(0.00100088 3.54326e-05 0)
(0.00100488 3.11674e-05 0)
(0.00100854 2.73535e-05 0)
(0.00101187 2.39674e-05 0)
(0.0010149 2.09834e-05 0)
(0.00101762 1.83706e-05 0)
(0.00102007 1.60933e-05 0)
(0.00102226 1.41148e-05 0)
(0.00102421 1.23989e-05 0)
(0.00102594 1.09102e-05 0)
(0.00102749 9.61541e-06 0)
(0.00102887 8.48523e-06 0)
(0.0010301 7.49581e-06 0)
(0.00103119 6.62728e-06 0)
(0.00103216 5.86253e-06 0)
(0.00103302 5.18717e-06 0)
(0.00103379 4.58943e-06 0)
(0.00103447 4.05948e-06 0)
(0.00103507 3.58874e-06 0)
(0.0010356 3.16973e-06 0)
(0.00103608 2.79624e-06 0)
(0.00103649 2.46334e-06 0)
(0.00103686 2.16714e-06 0)
(0.00103718 1.90448e-06 0)
(0.00103746 1.67268e-06 0)
(0.00103771 1.46922e-06 0)
(0.00103792 1.29153e-06 0)
(0.00103811 1.13697e-06 0)
(0.00103828 1.00284e-06 0)
(0.00103842 8.86473e-07 0)
(0.00103855 7.85396e-07 0)
(0.00103867 6.97354e-07 0)
(0.00103877 6.20379e-07 0)
(0.00103886 5.52797e-07 0)
(0.00103894 4.93207e-07 0)
(0.00103901 4.40459e-07 0)
(0.00103907 3.93604e-07 0)
(0.00103913 3.51865e-07 0)
(0.00103918 3.14597e-07 0)
(0.00103922 2.81264e-07 0)
(0.00103927 2.51412e-07 0)
(0.0010393 2.24654e-07 0)
(0.00103933 2.00656e-07 0)
(0.00103936 1.7913e-07 0)
(0.00103939 1.5982e-07 0)
(0.00103941 1.42501e-07 0)
(0.00103944 1.26972e-07 0)
(0.00103945 1.13055e-07 0)
(0.00103947 1.00587e-07 0)
(0.00103949 8.94247e-08 0)
(0.0010395 7.94359e-08 0)
(0.00103951 7.05024e-08 0)
(0.00103952 6.25175e-08 0)
(0.00103953 5.53848e-08 0)
(0.00103954 4.90176e-08 0)
(0.00103955 4.33379e-08 0)
(0.00103955 3.82751e-08 0)
(0.00103956 3.3766e-08 0)
(0.00103956 2.97533e-08 0)
(0.00103957 2.61854e-08 0)
(0.00103957 2.30159e-08 0)
(0.00103957 2.02029e-08 0)
(0.00103958 1.77084e-08 0)
(0.00103958 1.54988e-08 0)
(0.00103958 1.35431e-08 0)
(0.00103958 1.18141e-08 0)
(0.00103959 1.0287e-08 0)
(0.00103959 8.93965e-09 0)
(0.00103959 7.7524e-09 0)
(0.00103959 6.70729e-09 0)
(0.00103959 5.7884e-09 0)
(0.00103959 4.98176e-09 0)
(0.00103959 4.27431e-09 0)
(0.00103959 3.65484e-09 0)
(0.00103959 3.11344e-09 0)
(0.00103959 2.64066e-09 0)
(0.00103959 2.22866e-09 0)
(0.00103959 1.8705e-09 0)
(0.00103959 1.55935e-09 0)
(0.000856806 9.53536e-05 0)
(0.000877171 8.47437e-05 0)
(0.00089513 7.53875e-05 0)
(0.000911109 6.70741e-05 0)
(0.000925393 5.96261e-05 0)
(0.000938179 5.29102e-05 0)
(0.000949619 4.68306e-05 0)
(0.00095985 4.13191e-05 0)
(0.000968993 3.63272e-05 0)
(0.000977159 3.18203e-05 0)
(0.000984444 2.7773e-05 0)
(0.000990927 2.41646e-05 0)
(0.000996678 2.09745e-05 0)
(0.00100176 1.81782e-05 0)
(0.00100625 1.57472e-05 0)
(0.00101019 1.36487e-05 0)
(0.00101366 1.18464e-05 0)
(0.00101671 1.03025e-05 0)
(0.00101939 8.98096e-06 0)
(0.00102175 7.84946e-06 0)
(0.00102382 6.87851e-06 0)
(0.00102565 6.04186e-06 0)
(0.00102727 5.31757e-06 0)
(0.0010287 4.68805e-06 0)
(0.00102997 4.13893e-06 0)
(0.00103109 3.65802e-06 0)
(0.00103208 3.23514e-06 0)
(0.00103295 2.86203e-06 0)
(0.00103373 2.53192e-06 0)
(0.00103442 2.23901e-06 0)
(0.00103503 1.97839e-06 0)
(0.00103556 1.74607e-06 0)
(0.00103603 1.53889e-06 0)
(0.00103645 1.35441e-06 0)
(0.00103682 1.19067e-06 0)
(0.00103714 1.04593e-06 0)
(0.00103742 9.18603e-07 0)
(0.00103766 8.07083e-07 0)
(0.00103788 7.09774e-07 0)
(0.00103807 6.25073e-07 0)
(0.00103824 5.51415e-07 0)
(0.00103839 4.87327e-07 0)
(0.00103852 4.31469e-07 0)
(0.00103864 3.82664e-07 0)
(0.00103874 3.39897e-07 0)
(0.00103884 3.02308e-07 0)
(0.00103892 2.69177e-07 0)
(0.00103899 2.39899e-07 0)
(0.00103906 2.13966e-07 0)
(0.00103912 1.90951e-07 0)
(0.00103917 1.70488e-07 0)
(0.00103922 1.52265e-07 0)
(0.00103926 1.36013e-07 0)
(0.0010393 1.215e-07 0)
(0.00103933 1.08525e-07 0)
(0.00103936 9.69127e-08 0)
(0.00103939 8.65124e-08 0)
(0.00103941 7.71913e-08 0)
(0.00103943 6.8834e-08 0)
(0.00103945 6.13392e-08 0)
(0.00103947 5.46179e-08 0)
(0.00103948 4.85914e-08 0)
(0.0010395 4.31899e-08 0)
(0.00103951 3.83509e-08 0)
(0.00103952 3.40185e-08 0)
(0.00103953 3.01423e-08 0)
(0.00103954 2.66769e-08 0)
(0.00103954 2.35812e-08 0)
(0.00103955 2.08183e-08 0)
(0.00103956 1.83546e-08 0)
(0.00103956 1.61599e-08 0)
(0.00103957 1.42071e-08 0)
(0.00103957 1.2471e-08 0)
(0.00103957 1.09295e-08 0)
(0.00103958 9.56224e-09 0)
(0.00103958 8.35079e-09 0)
(0.00103958 7.27886e-09 0)
(0.00103958 6.33135e-09 0)
(0.00103958 5.49479e-09 0)
(0.00103959 4.75738e-09 0)
(0.00103959 4.1079e-09 0)
(0.00103959 3.53677e-09 0)
(0.00103959 3.03546e-09 0)
(0.00103959 2.59568e-09 0)
(0.00103959 2.21073e-09 0)
(0.00103959 1.87447e-09 0)
(0.00103959 1.58087e-09 0)
(0.00103959 1.32525e-09 0)
(0.00103959 1.10335e-09 0)
(0.00103959 9.10652e-10 0)
(0.000803432 3.614e-05 0)
(0.000831627 3.21448e-05 0)
(0.000856611 2.8583e-05 0)
(0.000878811 2.53848e-05 0)
(0.000898556 2.24913e-05 0)
(0.000916096 1.98607e-05 0)
(0.000931636 1.7466e-05 0)
(0.000945352 1.52912e-05 0)
(0.000957409 1.33266e-05 0)
(0.000967965 1.15646e-05 0)
(0.000977172 9.99819e-06 0)
(0.000985177 8.61876e-06 0)
(0.000992116 7.41568e-06 0)
(0.000998121 6.37588e-06 0)
(0.00100331 5.48435e-06 0)
(0.00100781 4.7248e-06 0)
(0.0010117 4.08016e-06 0)
(0.00101507 3.53373e-06 0)
(0.00101802 3.0703e-06 0)
(0.00102058 2.67656e-06 0)
(0.00102282 2.34087e-06 0)
(0.00102479 2.05317e-06 0)
(0.00102652 1.8052e-06 0)
(0.00102804 1.59043e-06 0)
(0.00102938 1.40352e-06 0)
(0.00103057 1.24004e-06 0)
(0.00103162 1.09632e-06 0)
(0.00103255 9.69463e-07 0)
(0.00103337 8.57161e-07 0)
(0.0010341 7.57475e-07 -1.78104e-38)
(0.00103474 6.68783e-07 0)
(0.00103531 5.89768e-07 0)
(0.00103581 5.19384e-07 0)
(0.00103625 4.56799e-07 0)
(0.00103663 4.01328e-07 0)
(0.00103697 3.52369e-07 0)
(0.00103727 3.09368e-07 0)
(0.00103754 2.71779e-07 0)
(0.00103777 2.39049e-07 0)
(0.00103797 2.1062e-07 0)
(0.00103815 1.85946e-07 0)
(0.00103831 1.6451e-07 0)
(0.00103845 1.45843e-07 0)
(0.00103857 1.29534e-07 0)
(0.00103869 1.15231e-07 0)
(0.00103878 1.02638e-07 0)
(0.00103887 9.15092e-08 0)
(0.00103895 8.16427e-08 0)
(0.00103902 7.2871e-08 0)
(0.00103908 6.5055e-08 0)
(0.00103914 5.80779e-08 0)
(0.00103919 5.18411e-08 0)
(0.00103923 4.62603e-08 0)
(0.00103927 4.12627e-08 0)
(0.00103931 3.67854e-08 0)
(0.00103934 3.2773e-08 0)
(0.00103937 2.91773e-08 6.98564e-39)
(0.0010394 2.59552e-08 0)
(0.00103942 2.30687e-08 0)
(0.00103944 2.04837e-08 0)
(0.00103946 1.817e-08 0)
(0.00103947 1.61002e-08 0)
(0.00103949 1.42496e-08 -6.63286e-39)
(0.0010395 1.25965e-08 0)
(0.00103951 1.11206e-08 0)
(0.00103952 9.80421e-09 6.45871e-39)
(0.00103953 8.63098e-09 0)
(0.00103954 7.58612e-09 6.34317e-39)
(0.00103955 6.65677e-09 0)
(0.00103955 5.83061e-09 0)
(0.00103956 5.09717e-09 -6.17051e-39)
(0.00103956 4.44667e-09 0)
(0.00103957 3.87026e-09 0)
(0.00103957 3.36037e-09 0)
(0.00103957 2.90952e-09 0)
(0.00103958 2.51162e-09 0)
(0.00103958 2.16102e-09 -5.8268e-39)
(0.00103958 1.85206e-09 0)
(0.00103958 1.58077e-09 0)
(0.00103959 1.34276e-09 0)
(0.00103959 1.13387e-09 0)
(0.00103959 9.51561e-10 0)
(0.00103959 7.92457e-10 0)
(0.00103959 6.53572e-10 0)
(0.00103959 5.3322e-10 0)
(0.00103959 4.28844e-10 0)
(0.00103959 3.38508e-10 0)
(0.00103959 2.60287e-10 -5.19962e-39)
(0.00103959 1.94111e-10 0)
(0.00103959 1.3821e-10 0)
(0.000803441 -3.60974e-05 0)
(0.000831633 -3.2112e-05 0)
(0.000856615 -2.85615e-05 0)
(0.000878813 -2.53749e-05 0)
(0.000898556 -2.24926e-05 0)
(0.000916094 -1.9872e-05 0)
(0.000931633 -1.74858e-05 0)
(0.000945347 -1.53178e-05 0)
(0.000957403 -1.33581e-05 0)
(0.000967958 -1.15994e-05 0)
(0.000977165 -1.00345e-05 0)
(0.000985169 -8.65523e-06 0)
(0.000992108 -7.45111e-06 0)
(0.000998114 -6.40937e-06 0)
(0.00100331 -5.51526e-06 0)
(0.0010078 -4.75272e-06 0)
(0.00101169 -4.10488e-06 0)
(0.00101507 -3.55518e-06 0)
(0.00101801 -3.08862e-06 0)
(0.00102058 -2.6921e-06 0)
(0.00102282 -2.35404e-06 0)
(0.00102479 -2.06432e-06 0)
(0.00102652 -1.8146e-06 0)
(0.00102804 -1.59836e-06 0)
(0.00102939 -1.41031e-06 0)
(0.00103057 -1.24603e-06 0)
(0.00103162 -1.10183e-06 0)
(0.00103255 -9.74737e-07 0)
(0.00103337 -8.62342e-07 0)
(0.0010341 -7.62613e-07 1.78104e-38)
(0.00103474 -6.73857e-07 0)
(0.00103531 -5.94724e-07 0)
(0.00103581 -5.24179e-07 0)
(0.00103625 -4.61424e-07 0)
(0.00103663 -4.05808e-07 0)
(0.00103697 -3.56753e-07 0)
(0.00103727 -3.13706e-07 0)
(0.00103754 -2.76111e-07 0)
(0.00103777 -2.43395e-07 0)
(0.00103797 -2.14982e-07 0)
(0.00103815 -1.90307e-07 0)
(0.00103831 -1.68845e-07 0)
(0.00103845 -1.50125e-07 0)
(0.00103857 -1.33737e-07 0)
(0.00103869 -1.19332e-07 0)
(0.00103878 -1.06621e-07 0)
(0.00103887 -9.53637e-08 0)
(0.00103895 -8.53621e-08 0)
(0.00103902 -7.64525e-08 0)
(0.00103908 -6.84982e-08 0)
(0.00103914 -6.13843e-08 0)
(0.00103919 -5.50133e-08 0)
(0.00103923 -4.93015e-08 0)
(0.00103927 -4.41767e-08 0)
(0.00103931 -3.95761e-08 0)
(0.00103934 -3.54446e-08 0)
(0.00103937 -3.17337e-08 -6.98564e-39)
(0.0010394 -2.84008e-08 0)
(0.00103942 -2.54073e-08 0)
(0.00103944 -2.27197e-08 0)
(0.00103946 -2.0307e-08 0)
(0.00103947 -1.81423e-08 0)
(0.00103949 -1.62008e-08 6.63286e-39)
(0.0010395 -1.44601e-08 0)
(0.00103951 -1.29006e-08 0)
(0.00103952 -1.15038e-08 -6.45871e-39)
(0.00103953 -1.02537e-08 0)
(0.00103954 -9.13535e-09 -6.34317e-39)
(0.00103955 -8.13528e-09 0)
(0.00103955 -7.24186e-09 0)
(0.00103956 -6.44381e-09 6.17051e-39)
(0.00103956 -5.73157e-09 0)
(0.00103957 -5.09633e-09 0)
(0.00103957 -4.52978e-09 0)
(0.00103957 -4.02527e-09 0)
(0.00103958 -3.57583e-09 0)
(0.00103958 -3.17572e-09 5.8268e-39)
(0.00103958 -2.8202e-09 0)
(0.00103958 -2.50373e-09 0)
(0.00103959 -2.22256e-09 0)
(0.00103959 -1.97322e-09 0)
(0.00103959 -1.7514e-09 0)
(0.00103959 -1.55471e-09 0)
(0.00103959 -1.3805e-09 0)
(0.00103959 -1.2257e-09 0)
(0.00103959 -1.0887e-09 0)
(0.00103959 -9.67346e-10 0)
(0.00103959 -8.60238e-10 5.19962e-39)
(0.00103959 -7.64551e-10 0)
(0.000856843 -9.5299e-05 0)
(0.000877203 -8.4699e-05 0)
(0.000895157 -7.53551e-05 0)
(0.00091113 -6.70549e-05 0)
(0.000925411 -5.96195e-05 0)
(0.000938193 -5.29147e-05 0)
(0.00094963 -4.68443e-05 0)
(0.000959857 -4.13401e-05 0)
(0.000968998 -3.63539e-05 0)
(0.000977162 -3.18512e-05 0)
(0.000984444 -2.78069e-05 0)
(0.000990923 -2.42003e-05 0)
(0.000996672 -2.10107e-05 0)
(0.00100176 -1.82139e-05 0)
(0.00100624 -1.57815e-05 0)
(0.00101018 -1.36808e-05 0)
(0.00101365 -1.18757e-05 0)
(0.00101671 -1.03285e-05 0)
(0.00101939 -9.00358e-06 0)
(0.00102175 -7.86881e-06 0)
(0.00102382 -6.89488e-06 0)
(0.00102566 -6.05558e-06 0)
(0.00102727 -5.32894e-06 0)
(0.00102871 -4.6974e-06 0)
(0.00102997 -4.14665e-06 0)
(0.00103109 -3.66454e-06 0)
(0.00103208 -3.24085e-06 0)
(0.00103296 -2.86726e-06 0)
(0.00103373 -2.53688e-06 0)
(0.00103442 -2.24382e-06 0)
(0.00103503 -1.98309e-06 0)
(0.00103556 -1.75063e-06 0)
(0.00103604 -1.54331e-06 0)
(0.00103645 -1.3587e-06 0)
(0.00103682 -1.19484e-06 0)
(0.00103714 -1.05006e-06 0)
(0.00103742 -9.22724e-07 0)
(0.00103767 -8.11237e-07 0)
(0.00103788 -7.13978e-07 0)
(0.00103807 -6.29323e-07 0)
(0.00103824 -5.55691e-07 0)
(0.00103839 -4.916e-07 0)
(0.00103852 -4.35707e-07 0)
(0.00103864 -3.86837e-07 0)
(0.00103874 -3.4398e-07 0)
(0.00103884 -3.06282e-07 0)
(0.00103892 -2.73028e-07 0)
(0.00103899 -2.43619e-07 0)
(0.00103906 -2.17551e-07 0)
(0.00103912 -1.94398e-07 0)
(0.00103917 -1.73799e-07 0)
(0.00103922 -1.55441e-07 0)
(0.00103926 -1.39057e-07 0)
(0.0010393 -1.24415e-07 0)
(0.00103933 -1.11315e-07 0)
(0.00103936 -9.95822e-08 0)
(0.00103939 -8.90652e-08 0)
(0.00103941 -7.96317e-08 0)
(0.00103943 -7.11662e-08 0)
(0.00103945 -6.35676e-08 0)
(0.00103947 -5.67466e-08 0)
(0.00103948 -5.06245e-08 0)
(0.0010395 -4.51314e-08 0)
(0.00103951 -4.02047e-08 0)
(0.00103952 -3.57883e-08 0)
(0.00103953 -3.18318e-08 0)
(0.00103954 -2.82894e-08 0)
(0.00103954 -2.51202e-08 0)
(0.00103955 -2.22868e-08 0)
(0.00103956 -1.97559e-08 0)
(0.00103956 -1.74969e-08 0)
(0.00103957 -1.54825e-08 0)
(0.00103957 -1.36877e-08 0)
(0.00103957 -1.20901e-08 0)
(0.00103958 -1.06693e-08 0)
(0.00103958 -9.40675e-09 0)
(0.00103958 -8.28586e-09 0)
(0.00103958 -7.29177e-09 0)
(0.00103958 -6.41073e-09 0)
(0.00103959 -5.63064e-09 0)
(0.00103959 -4.94069e-09 0)
(0.00103959 -4.3308e-09 0)
(0.00103959 -3.79226e-09 0)
(0.00103959 -3.31726e-09 0)
(0.00103959 -2.89852e-09 0)
(0.00103959 -2.52981e-09 0)
(0.00103959 -2.20549e-09 0)
(0.00103959 -1.9204e-09 0)
(0.00103959 -1.67006e-09 0)
(0.000921383 -0.000131358 0)
(0.000933134 -0.000116429 0)
(0.000943388 -0.00010342 0)
(0.000952554 -9.20045e-05 0)
(0.000960833 -8.19091e-05 0)
(0.000968318 -7.29292e-05 0)
(0.000975083 -6.49102e-05 0)
(0.000981208 -5.77267e-05 0)
(0.00098678 -5.12714e-05 0)
(0.000991883 -4.5453e-05 0)
(0.000996581 -4.01992e-05 0)
(0.00100091 -3.54583e-05 0)
(0.0010049 -3.11951e-05 0)
(0.00100856 -2.7383e-05 0)
(0.00101189 -2.3998e-05 0)
(0.00101491 -2.10142e-05 0)
(0.00101763 -1.84005e-05 0)
(0.00102008 -1.61214e-05 0)
(0.00102226 -1.41401e-05 0)
(0.00102421 -1.24211e-05 0)
(0.00102595 -1.09292e-05 0)
(0.0010275 -9.63128e-06 0)
(0.00102888 -8.4982e-06 0)
(0.00103011 -7.50621e-06 0)
(0.0010312 -6.63551e-06 0)
(0.00103217 -5.86909e-06 0)
(0.00103303 -5.19256e-06 0)
(0.0010338 -4.59407e-06 0)
(0.00103447 -4.06368e-06 0)
(0.00103508 -3.5927e-06 0)
(0.00103561 -3.17355e-06 0)
(0.00103608 -2.79997e-06 0)
(0.00103649 -2.46699e-06 0)
(0.00103686 -2.17074e-06 0)
(0.00103718 -1.90808e-06 0)
(0.00103746 -1.67632e-06 0)
(0.00103771 -1.47294e-06 0)
(0.00103792 -1.29536e-06 0)
(0.00103811 -1.14091e-06 0)
(0.00103828 -1.00687e-06 0)
(0.00103842 -8.90569e-07 0)
(0.00103855 -7.89519e-07 0)
(0.00103867 -7.01465e-07 0)
(0.00103877 -6.24442e-07 0)
(0.00103886 -5.56781e-07 0)
(0.00103894 -4.97091e-07 0)
(0.00103901 -4.44225e-07 0)
(0.00103907 -3.97243e-07 0)
(0.00103913 -3.55371e-07 0)
(0.00103918 -3.17968e-07 0)
(0.00103923 -2.845e-07 0)
(0.00103927 -2.54516e-07 0)
(0.0010393 -2.27628e-07 0)
(0.00103934 -2.03505e-07 0)
(0.00103936 -1.81857e-07 0)
(0.00103939 -1.62429e-07 0)
(0.00103941 -1.44996e-07 0)
(0.00103944 -1.29358e-07 0)
(0.00103945 -1.15336e-07 0)
(0.00103947 -1.02768e-07 0)
(0.00103949 -9.15079e-08 0)
(0.0010395 -8.14258e-08 0)
(0.00103951 -7.24029e-08 0)
(0.00103952 -6.43322e-08 0)
(0.00103953 -5.71172e-08 0)
(0.00103954 -5.06713e-08 0)
(0.00103955 -4.4916e-08 0)
(0.00103955 -3.97812e-08 0)
(0.00103956 -3.5203e-08 0)
(0.00103956 -3.11244e-08 0)
(0.00103957 -2.74935e-08 0)
(0.00103957 -2.42637e-08 0)
(0.00103957 -2.13932e-08 0)
(0.00103958 -1.88438e-08 0)
(0.00103958 -1.65815e-08 0)
(0.00103958 -1.45758e-08 0)
(0.00103958 -1.27988e-08 0)
(0.00103959 -1.1226e-08 0)
(0.00103959 -9.83509e-09 0)
(0.00103959 -8.60602e-09 0)
(0.00103959 -7.52113e-09 0)
(0.00103959 -6.56431e-09 0)
(0.00103959 -5.72116e-09 0)
(0.00103959 -4.97912e-09 0)
(0.00103959 -4.32658e-09 0)
(0.00103959 -3.75331e-09 0)
(0.00103959 -3.25043e-09 0)
(0.00103959 -2.80962e-09 0)
(0.00103959 -2.42365e-09 0)
(0.000970071 -0.000150363 0)
(0.000975596 -0.000133367 0)
(0.00098049 -0.000118539 0)
(0.000985067 -0.00010555 0)
(0.000989412 -9.40934e-05 0)
(0.000993495 -8.39303e-05 0)
(0.000997272 -7.48896e-05 0)
(0.00100073 -6.68446e-05 0)
(0.00100391 -5.96853e-05 0)
(0.00100684 -5.33006e-05 0)
(0.0010096 -4.75788e-05 0)
(0.0010122 -4.24203e-05 0)
(0.00101467 -3.77495e-05 0)
(0.00101702 -3.35163e-05 0)
(0.00101922 -2.96907e-05 0)
(0.00102127 -2.6253e-05 0)
(0.00102317 -2.31841e-05 0)
(0.00102491 -2.04611e-05 0)
(0.00102648 -1.8058e-05 0)
(0.00102789 -1.59467e-05 0)
(0.00102916 -1.40956e-05 0)
(0.00103031 -1.24713e-05 0)
(0.00103134 -1.10429e-05 0)
(0.00103226 -9.78431e-06 0)
(0.00103309 -8.6731e-06 0)
(0.00103383 -7.68976e-06 0)
(0.0010345 -6.81753e-06 0)
(0.00103509 -6.04241e-06 0)
(0.00103561 -5.35242e-06 0)
(0.00103608 -4.73688e-06 0)
(0.00103649 -4.18641e-06 0)
(0.00103686 -3.69327e-06 0)
(0.00103718 -3.25143e-06 0)
(0.00103746 -2.85634e-06 0)
(0.00103771 -2.50447e-06 0)
(0.00103793 -2.19285e-06 0)
(0.00103812 -1.91869e-06 0)
(0.00103829 -1.67903e-06 0)
(0.00103844 -1.47068e-06 0)
(0.00103856 -1.29025e-06 0)
(0.00103868 -1.13433e-06 0)
(0.00103878 -9.99614e-07 0)
(0.00103887 -8.83069e-07 0)
(0.00103894 -7.81983e-07 0)
(0.00103902 -6.94015e-07 0)
(0.00103908 -6.17176e-07 0)
(0.00103913 -5.49805e-07 0)
(0.00103919 -4.90518e-07 0)
(0.00103923 -4.38168e-07 0)
(0.00103927 -3.91799e-07 0)
(0.00103931 -3.50613e-07 0)
(0.00103934 -3.13938e-07 0)
(0.00103937 -2.81207e-07 0)
(0.0010394 -2.51939e-07 0)
(0.00103942 -2.25723e-07 0)
(0.00103944 -2.02207e-07 0)
(0.00103946 -1.81086e-07 0)
(0.00103948 -1.621e-07 0)
(0.00103949 -1.4502e-07 0)
(0.0010395 -1.29647e-07 0)
(0.00103951 -1.15807e-07 0)
(0.00103952 -1.03349e-07 0)
(0.00103953 -9.21353e-08 0)
(0.00103954 -8.2048e-08 0)
(0.00103955 -7.29799e-08 0)
(0.00103955 -6.48356e-08 0)
(0.00103956 -5.75293e-08 0)
(0.00103956 -5.09832e-08 0)
(0.00103957 -4.51261e-08 0)
(0.00103957 -3.98931e-08 0)
(0.00103958 -3.52242e-08 0)
(0.00103958 -3.10642e-08 0)
(0.00103958 -2.73626e-08 0)
(0.00103958 -2.40726e-08 0)
(0.00103959 -2.1152e-08 0)
(0.00103959 -1.85621e-08 0)
(0.00103959 -1.6268e-08 0)
(0.00103959 -1.42382e-08 0)
(0.00103959 -1.24442e-08 0)
(0.00103959 -1.08604e-08 0)
(0.00103959 -9.46369e-09 0)
(0.00103959 -8.23334e-09 0)
(0.00103959 -7.15078e-09 0)
(0.00103959 -6.19935e-09 0)
(0.00103959 -5.36412e-09 0)
(0.00103959 -4.63184e-09 0)
(0.00103959 -3.99058e-09 0)
(0.00103959 -3.42976e-09 0)
(0.00103959 -2.93998e-09 0)
(0.00100864 -0.00015634 0)
(0.00100932 -0.000139657 0)
(0.00101011 -0.000124845 0)
(0.00101121 -0.000111717 0)
(0.00101261 -0.000100056 0)
(0.0010142 -8.96526e-05 0)
(0.00101584 -8.03314e-05 0)
(0.00101746 -7.19693e-05 0)
(0.001019 -6.44847e-05 0)
(0.00102046 -5.7808e-05 0)
(0.00102185 -5.18549e-05 0)
(0.0010232 -4.65227e-05 0)
(0.00102453 -4.17067e-05 0)
(0.00102584 -3.73209e-05 0)
(0.00102713 -3.33105e-05 0)
(0.00102837 -2.965e-05 0)
(0.00102954 -2.63286e-05 0)
(0.00103063 -2.33381e-05 0)
(0.00103161 -2.06677e-05 0)
(0.00103248 -1.83015e-05 0)
(0.00103324 -1.62154e-05 0)
(0.00103393 -1.43779e-05 0)
(0.00103454 -1.27569e-05 0)
(0.00103508 -1.13233e-05 0)
(0.00103557 -1.00525e-05 0)
(0.00103601 -8.92341e-06 0)
(0.00103641 -7.91872e-06 0)
(0.00103677 -7.02432e-06 0)
(0.0010371 -6.22814e-06 0)
(0.00103739 -5.51892e-06 0)
(0.00103765 -4.88616e-06 0)
(0.00103788 -4.32074e-06 0)
(0.00103809 -3.8153e-06 0)
(0.00103827 -3.36418e-06 0)
(0.00103843 -2.96299e-06 0)
(0.00103856 -2.60803e-06 0)
(0.00103868 -2.29583e-06 0)
(0.00103878 -2.02282e-06 0)
(0.00103887 -1.78518e-06 0)
(0.00103894 -1.57892e-06 0)
(0.00103901 -1.39998e-06 0)
(0.00103907 -1.24451e-06 0)
(0.00103912 -1.10897e-06 0)
(0.00103917 -9.90241e-07 0)
(0.00103921 -8.85691e-07 0)
(0.00103925 -7.93129e-07 0)
(0.00103928 -7.10774e-07 0)
(0.00103931 -6.37186e-07 0)
(0.00103934 -5.71207e-07 0)
(0.00103937 -5.11896e-07 0)
(0.0010394 -4.58485e-07 0)
(0.00103942 -4.10337e-07 0)
(0.00103944 -3.66914e-07 0)
(0.00103946 -3.27755e-07 0)
(0.00103947 -2.92457e-07 0)
(0.00103949 -2.60667e-07 0)
(0.0010395 -2.32066e-07 0)
(0.00103951 -2.06367e-07 0)
(0.00103953 -1.83307e-07 0)
(0.00103953 -1.62646e-07 0)
(0.00103954 -1.44163e-07 0)
(0.00103955 -1.27654e-07 0)
(0.00103956 -1.12931e-07 0)
(0.00103956 -9.98181e-08 0)
(0.00103957 -8.8155e-08 0)
(0.00103957 -7.77932e-08 0)
(0.00103958 -6.85966e-08 0)
(0.00103958 -6.04406e-08 0)
(0.00103958 -5.32124e-08 0)
(0.00103958 -4.681e-08 0)
(0.00103959 -4.11418e-08 0)
(0.00103959 -3.61259e-08 0)
(0.00103959 -3.16897e-08 0)
(0.00103959 -2.77683e-08 0)
(0.00103959 -2.43044e-08 0)
(0.00103959 -2.12467e-08 0)
(0.00103959 -1.85497e-08 0)
(0.00103959 -1.61727e-08 0)
(0.00103959 -1.40795e-08 0)
(0.00103959 -1.2238e-08 0)
(0.0010396 -1.06193e-08 0)
(0.0010396 -9.19807e-09 0)
(0.0010396 -7.95144e-09 0)
(0.0010396 -6.85911e-09 0)
(0.0010396 -5.90317e-09 0)
(0.0010396 -5.06764e-09 0)
(0.0010396 -4.33822e-09 0)
(0.0010396 -3.70241e-09 0)
(0.0010396 -3.14903e-09 0)
(0.00104378 -0.000152178 0)
(0.00104074 -0.000137241 0)
(0.00103818 -0.00012372 0)
(0.00103632 -0.000111505 0)
(0.0010351 -0.000100489 0)
(0.00103437 -9.05601e-05 0)
(0.00103398 -8.15888e-05 0)
(0.00103381 -7.34572e-05 0)
(0.00103379 -6.60897e-05 0)
(0.00103385 -5.94497e-05 0)
(0.00103397 -5.35071e-05 0)
(0.00103414 -4.82064e-05 0)
(0.00103437 -4.3457e-05 0)
(0.00103468 -3.91489e-05 0)
(0.00103508 -3.51851e-05 0)
(0.00103555 -3.15061e-05 0)
(0.00103608 -2.80927e-05 0)
(0.00103662 -2.49513e-05 0)
(0.00103711 -2.20981e-05 0)
(0.00103753 -1.95451e-05 0)
(0.00103786 -1.72899e-05 0)
(0.00103813 -1.53127e-05 0)
(0.00103834 -1.35826e-05 0)
(0.00103848 -1.20646e-05 0)
(0.00103859 -1.07252e-05 0)
(0.00103868 -9.53547e-06 0)
(0.00103876 -8.47244e-06 0)
(0.00103882 -7.51943e-06 0)
(0.00103888 -6.66375e-06 0)
(0.00103894 -5.89457e-06 0)
(0.00103899 -5.20216e-06 0)
(0.00103905 -4.57833e-06 0)
(0.00103909 -4.01678e-06 0)
(0.00103914 -3.51293e-06 0)
(0.00103918 -3.06347e-06 0)
(0.00103922 -2.66565e-06 0)
(0.00103925 -2.31674e-06 0)
(0.00103928 -2.01351e-06 0)
(0.00103931 -1.75214e-06 0)
(0.00103933 -1.52825e-06 0)
(0.00103936 -1.3372e-06 0)
(0.00103938 -1.17435e-06 0)
(0.0010394 -1.03536e-06 0)
(0.00103942 -9.16297e-07 0)
(0.00103944 -8.13784e-07 0)
(0.00103946 -7.24972e-07 0)
(0.00103947 -6.47524e-07 0)
(0.00103949 -5.79546e-07 0)
(0.0010395 -5.1952e-07 0)
(0.00103952 -4.66231e-07 0)
(0.00103953 -4.18705e-07 0)
(0.00103954 -3.76161e-07 0)
(0.00103955 -3.37962e-07 0)
(0.00103956 -3.03588e-07 0)
(0.00103957 -2.72604e-07 0)
(0.00103957 -2.44647e-07 0)
(0.00103958 -2.19403e-07 0)
(0.00103958 -1.96605e-07 0)
(0.00103959 -1.76016e-07 0)
(0.00103959 -1.57427e-07 0)
(0.00103959 -1.40652e-07 0)
(0.00103959 -1.25522e-07 0)
(0.00103959 -1.11887e-07 0)
(0.0010396 -9.96087e-08 0)
(0.0010396 -8.85613e-08 0)
(0.0010396 -7.86307e-08 0)
(0.0010396 -6.97127e-08 0)
(0.0010396 -6.17124e-08 0)
(0.0010396 -5.45434e-08 0)
(0.0010396 -4.81272e-08 0)
(0.0010396 -4.23926e-08 0)
(0.0010396 -3.72749e-08 0)
(0.0010396 -3.27155e-08 0)
(0.0010396 -2.86608e-08 0)
(0.0010396 -2.50619e-08 0)
(0.0010396 -2.18736e-08 0)
(0.0010396 -1.90546e-08 0)
(0.0010396 -1.65667e-08 0)
(0.0010396 -1.43747e-08 0)
(0.0010396 -1.24467e-08 0)
(0.0010396 -1.07534e-08 0)
(0.0010396 -9.26841e-09 0)
(0.0010396 -7.96811e-09 0)
(0.0010396 -6.83113e-09 0)
(0.0010396 -5.83851e-09 0)
(0.0010396 -4.97335e-09 0)
(0.0010396 -4.22044e-09 0)
(0.0010396 -3.56642e-09 0)
(0.0010396 -2.9994e-09 0)
(0.00107538 -0.00014121 0)
(0.00106971 -0.000128283 0)
(0.00106458 -0.000116451 0)
(0.00106025 -0.000105646 0)
(0.00105678 -9.57947e-05 0)
(0.001054 -8.68291e-05 0)
(0.00105173 -7.86692e-05 0)
(0.00104985 -7.12192e-05 0)
(0.00104829 -6.43948e-05 0)
(0.00104701 -5.81518e-05 0)
(0.00104595 -5.24845e-05 0)
(0.00104503 -4.74e-05 0)
(0.00104423 -4.28796e-05 0)
(0.00104355 -3.88525e-05 0)
(0.00104301 -3.52034e-05 0)
(0.00104264 -3.18114e-05 0)
(0.00104244 -2.85927e-05 0)
(0.00104239 -2.55194e-05 0)
(0.00104242 -2.26137e-05 0)
(0.00104246 -1.99228e-05 0)
(0.00104247 -1.74905e-05 0)
(0.00104243 -1.53402e-05 0)
(0.00104233 -1.34708e-05 0)
(0.00104215 -1.18616e-05 0)
(0.00104193 -1.04803e-05 0)
(0.00104169 -9.29041e-06 0)
(0.00104145 -8.25815e-06 0)
(0.00104122 -7.35541e-06 0)
(0.00104101 -6.55971e-06 0)
(0.00104081 -5.85271e-06 0)
(0.00104064 -5.21956e-06 0)
(0.00104049 -4.64894e-06 0)
(0.00104036 -4.133e-06 0)
(0.00104024 -3.66682e-06 0)
(0.00104014 -3.24749e-06 0)
(0.00104005 -2.87313e-06 0)
(0.00103997 -2.54192e-06 0)
(0.0010399 -2.25146e-06 0)
(0.00103983 -1.99855e-06 0)
(0.00103978 -1.77924e-06 0)
(0.00103973 -1.58917e-06 0)
(0.00103969 -1.42395e-06 0)
(0.00103966 -1.27948e-06 0)
(0.00103964 -1.15213e-06 0)
(0.00103962 -1.03888e-06 0)
(0.00103961 -9.37334e-07 0)
(0.0010396 -8.45619e-07 0)
(0.00103959 -7.62334e-07 0)
(0.00103959 -6.86433e-07 0)
(0.00103959 -6.17132e-07 0)
(0.00103959 -5.53832e-07 0)
(0.00103959 -4.96054e-07 0)
(0.0010396 -4.43399e-07 0)
(0.0010396 -3.95515e-07 0)
(0.0010396 -3.52078e-07 0)
(0.00103961 -3.12781e-07 0)
(0.00103961 -2.77327e-07 0)
(0.00103961 -2.45427e-07 0)
(0.00103961 -2.16802e-07 0)
(0.00103961 -1.91183e-07 0)
(0.00103961 -1.6831e-07 0)
(0.00103961 -1.47937e-07 0)
(0.00103961 -1.29831e-07 0)
(0.00103961 -1.13775e-07 0)
(0.00103961 -9.95654e-08 0)
(0.00103961 -8.70153e-08 0)
(0.00103961 -7.59515e-08 0)
(0.00103961 -6.62156e-08 0)
(0.00103961 -5.76629e-08 0)
(0.00103961 -5.01615e-08 0)
(0.00103961 -4.35916e-08 0)
(0.00103961 -3.78444e-08 0)
(0.00103961 -3.28219e-08 0)
(0.00103961 -2.84355e-08 0)
(0.00103961 -2.46068e-08 0)
(0.00103961 -2.12658e-08 0)
(0.0010396 -1.83511e-08 0)
(0.0010396 -1.58088e-08 0)
(0.0010396 -1.3592e-08 0)
(0.0010396 -1.16599e-08 0)
(0.0010396 -9.97701e-09 0)
(0.0010396 -8.51249e-09 0)
(0.0010396 -7.23949e-09 0)
(0.0010396 -6.13427e-09 0)
(0.0010396 -5.17609e-09 0)
(0.0010396 -4.34677e-09 0)
(0.0010396 -3.63014e-09 0)
(0.0010396 -3.01213e-09 0)
(0.0010396 -2.48037e-09 0)
(0.00110203 -0.000125225 0)
(0.00109442 -0.000114504 0)
(0.00108743 -0.000104549 0)
(0.00108127 -9.53824e-05 0)
(0.00107602 -8.69617e-05 0)
(0.00107159 -7.92128e-05 0)
(0.00106781 -7.20868e-05 0)
(0.00106451 -6.55605e-05 0)
(0.0010616 -5.95927e-05 0)
(0.00105908 -5.41083e-05 0)
(0.00105693 -4.90387e-05 0)
(0.0010551 -4.43716e-05 0)
(0.00105349 -4.01516e-05 0)
(0.00105201 -3.64211e-05 0)
(0.00105067 -3.31562e-05 0)
(0.0010495 -3.02484e-05 0)
(0.00104854 -2.75455e-05 0)
(0.00104783 -2.49195e-05 0)
(0.00104733 -2.23148e-05 0)
(0.00104699 -1.97517e-05 0)
(0.00104675 -1.72954e-05 0)
(0.00104654 -1.50197e-05 0)
(0.00104627 -1.29807e-05 0)
(0.0010459 -1.12049e-05 0)
(0.00104542 -9.68867e-06 0)
(0.00104488 -8.40727e-06 0)
(0.0010443 -7.3268e-06 0)
(0.00104371 -6.41238e-06 0)
(0.00104314 -5.6312e-06 0)
(0.00104262 -4.95401e-06 0)
(0.00104216 -4.35683e-06 0)
(0.00104176 -3.82224e-06 0)
(0.00104142 -3.33944e-06 0)
(0.00104113 -2.90302e-06 0)
(0.00104089 -2.5112e-06 0)
(0.00104069 -2.16394e-06 0)
(0.00104052 -1.86124e-06 0)
(0.00104038 -1.60205e-06 0)
(0.00104026 -1.3837e-06 0)
(0.00104017 -1.20211e-06 0)
(0.00104009 -1.05224e-06 0)
(0.00104002 -9.28732e-07 0)
(0.00103997 -8.26437e-07 0)
(0.00103993 -7.40762e-07 0)
(0.0010399 -6.67851e-07 0)
(0.00103988 -6.04639e-07 0)
(0.00103986 -5.48812e-07 0)
(0.00103984 -4.98703e-07 0)
(0.00103982 -4.53158e-07 0)
(0.00103981 -4.11406e-07 0)
(0.0010398 -3.72941e-07 0)
(0.00103978 -3.37432e-07 0)
(0.00103977 -3.04658e-07 0)
(0.00103976 -2.74457e-07 0)
(0.00103975 -2.46698e-07 0)
(0.00103974 -2.21262e-07 0)
(0.00103972 -1.98031e-07 0)
(0.00103971 -1.76883e-07 0)
(0.0010397 -1.57694e-07 0)
(0.00103969 -1.40334e-07 0)
(0.00103969 -1.24674e-07 0)
(0.00103968 -1.10581e-07 0)
(0.00103967 -9.79282e-08 0)
(0.00103966 -8.65911e-08 0)
(0.00103965 -7.64509e-08 0)
(0.00103965 -6.73957e-08 0)
(0.00103964 -5.93211e-08 0)
(0.00103964 -5.21304e-08 0)
(0.00103963 -4.57351e-08 0)
(0.00103963 -4.00542e-08 0)
(0.00103963 -3.5014e-08 0)
(0.00103962 -3.05477e-08 0)
(0.00103962 -2.65946e-08 0)
(0.00103962 -2.30994e-08 0)
(0.00103962 -2.00126e-08 0)
(0.00103961 -1.72894e-08 0)
(0.00103961 -1.48901e-08 0)
(0.00103961 -1.2779e-08 0)
(0.00103961 -1.09244e-08 0)
(0.00103961 -9.29799e-09 0)
(0.00103961 -7.87554e-09 0)
(0.0010396 -6.63499e-09 0)
(0.0010396 -5.55629e-09 0)
(0.0010396 -4.62101e-09 0)
(0.0010396 -3.81249e-09 0)
(0.0010396 -3.11578e-09 0)
(0.0010396 -2.51728e-09 0)
(0.0010396 -2.00505e-09 0)
(0.0010396 -1.56844e-09 0)
(0.00112335 -0.000105551 0)
(0.00111428 -9.70515e-05 0)
(0.00110589 -8.91205e-05 0)
(0.00109843 -8.18161e-05 0)
(0.00109192 -7.51174e-05 0)
(0.00108628 -6.88768e-05 0)
(0.00108138 -6.29755e-05 0)
(0.00107704 -5.74439e-05 0)
(0.00107315 -5.23822e-05 0)
(0.00106965 -4.78041e-05 0)
(0.00106656 -4.35985e-05 0)
(0.00106389 -3.96355e-05 0)
(0.00106158 -3.58821e-05 0)
(0.00105955 -3.24198e-05 0)
(0.00105767 -2.93629e-05 0)
(0.0010559 -2.67535e-05 0)
(0.00105427 -2.4512e-05 0)
(0.00105283 -2.24727e-05 0)
(0.00105164 -2.0467e-05 0)
(0.00105074 -1.83911e-05 0)
(0.00105013 -1.6229e-05 0)
(0.00104975 -1.40384e-05 0)
(0.00104947 -1.19184e-05 0)
(0.00104917 -9.97422e-06 0)
(0.00104877 -8.28656e-06 0)
(0.00104823 -6.89355e-06 0)
(0.00104757 -5.79215e-06 0)
(0.0010468 -4.95064e-06 0)
(0.00104597 -4.32056e-06 0)
(0.00104514 -3.84675e-06 0)
(0.00104435 -3.47705e-06 0)
(0.00104363 -3.17002e-06 0)
(0.00104299 -2.89796e-06 0)
(0.00104244 -2.64581e-06 0)
(0.00104196 -2.408e-06 0)
(0.00104155 -2.18544e-06 0)
(0.0010412 -1.98135e-06 0)
(0.0010409 -1.79845e-06 0)
(0.00104066 -1.6375e-06 0)
(0.00104046 -1.49719e-06 0)
(0.00104029 -1.3746e-06 0)
(0.00104016 -1.26616e-06 0)
(0.00104005 -1.16833e-06 0)
(0.00103997 -1.07795e-06 0)
(0.00103991 -9.92734e-07 0)
(0.00103986 -9.11271e-07 0)
(0.00103983 -8.32941e-07 0)
(0.0010398 -7.57677e-07 0)
(0.00103978 -6.85737e-07 0)
(0.00103977 -6.17506e-07 0)
(0.00103975 -5.53377e-07 0)
(0.00103974 -4.93659e-07 0)
(0.00103973 -4.3855e-07 0)
(0.00103973 -3.88117e-07 0)
(0.00103972 -3.4231e-07 0)
(0.00103971 -3.00979e-07 0)
(0.0010397 -2.63903e-07 0)
(0.0010397 -2.30806e-07 0)
(0.00103969 -2.01385e-07 0)
(0.00103968 -1.75327e-07 0)
(0.00103968 -1.52323e-07 0)
(0.00103967 -1.32075e-07 0)
(0.00103967 -1.14297e-07 0)
(0.00103966 -9.87258e-08 0)
(0.00103966 -8.51145e-08 0)
(0.00103965 -7.32395e-08 0)
(0.00103965 -6.28979e-08 0)
(0.00103964 -5.39071e-08 0)
(0.00103964 -4.61038e-08 0)
(0.00103963 -3.93422e-08 0)
(0.00103963 -3.34923e-08 0)
(0.00103963 -2.84368e-08 0)
(0.00103962 -2.4074e-08 0)
(0.00103962 -2.03153e-08 0)
(0.00103962 -1.7083e-08 0)
(0.00103962 -1.43093e-08 0)
(0.00103961 -1.19341e-08 0)
(0.00103961 -9.90414e-09 0)
(0.00103961 -8.17123e-09 0)
(0.00103961 -6.68917e-09 0)
(0.00103961 -5.42668e-09 0)
(0.00103961 -4.35565e-09 0)
(0.0010396 -3.45018e-09 0)
(0.0010396 -2.68696e-09 0)
(0.0010396 -2.04557e-09 0)
(0.0010396 -1.50835e-09 0)
(0.0010396 -1.05989e-09 0)
(0.0010396 -6.86978e-10 0)
(0.0010396 -3.78404e-10 0)
(0.0011395 -8.35979e-05 0)
(0.00112931 -7.71548e-05 0)
(0.00111987 -7.11774e-05 0)
(0.00111147 -6.5711e-05 0)
(0.00110412 -6.07849e-05 0)
(0.00109768 -5.62635e-05 0)
(0.001092 -5.19384e-05 0)
(0.00108696 -4.77415e-05 0)
(0.00108244 -4.37911e-05 0)
(0.00107833 -4.02289e-05 0)
(0.00107458 -3.70601e-05 0)
(0.00107121 -3.41504e-05 0)
(0.0010683 -3.13403e-05 0)
(0.00106582 -2.85613e-05 0)
(0.00106365 -2.58813e-05 0)
(0.00106164 -2.3455e-05 0)
(0.00105967 -2.14121e-05 0)
(0.00105775 -1.97624e-05 0)
(0.00105593 -1.83792e-05 0)
(0.00105435 -1.70574e-05 0)
(0.00105313 -1.56e-05 0)
(0.0010523 -1.38896e-05 0)
(0.00105177 -1.19193e-05 0)
(0.00105136 -9.78649e-06 0)
(0.00105094 -7.65667e-06 0)
(0.00105042 -5.70568e-06 0)
(0.00104975 -4.06769e-06 0)
(0.00104889 -2.80578e-06 0)
(0.00104791 -1.91329e-06 0)
(0.00104687 -1.33368e-06 0)
(0.00104583 -9.85326e-07 0)
(0.00104486 -7.85082e-07 0)
(0.00104399 -6.65616e-07 0)
(0.00104322 -5.82971e-07 0)
(0.00104258 -5.15253e-07 0)
(0.00104204 -4.55649e-07 0)
(0.0010416 -4.05552e-07 0)
(0.00104125 -3.68505e-07 0)
(0.00104097 -3.46446e-07 0)
(0.00104075 -3.38306e-07 0)
(0.00104059 -3.39981e-07 0)
(0.00104047 -3.46768e-07 0)
(0.00104038 -3.54995e-07 0)
(0.00104031 -3.61262e-07 0)
(0.00104026 -3.6318e-07 0)
(0.00104022 -3.59322e-07 0)
(0.00104019 -3.49309e-07 0)
(0.00104016 -3.33795e-07 0)
(0.00104013 -3.13955e-07 0)
(0.0010401 -2.91122e-07 0)
(0.00104006 -2.66588e-07 0)
(0.00104003 -2.41479e-07 0)
(0.00104 -2.16693e-07 0)
(0.00103996 -1.92894e-07 0)
(0.00103993 -1.70533e-07 0)
(0.0010399 -1.49884e-07 0)
(0.00103987 -1.31083e-07 0)
(0.00103984 -1.14158e-07 0)
(0.00103982 -9.90613e-08 0)
(0.0010398 -8.56919e-08 0)
(0.00103977 -7.39173e-08 0)
(0.00103975 -6.35907e-08 0)
(0.00103974 -5.45633e-08 0)
(0.00103972 -4.66915e-08 0)
(0.0010397 -3.9841e-08 0)
(0.00103969 -3.38889e-08 0)
(0.00103968 -2.87246e-08 0)
(0.00103967 -2.42502e-08 0)
(0.00103966 -2.0381e-08 0)
(0.00103965 -1.70463e-08 0)
(0.00103964 -1.41971e-08 0)
(0.00103964 -1.17654e-08 0)
(0.00103963 -9.68485e-09 0)
(0.00103963 -7.90149e-09 0)
(0.00103962 -6.37209e-09 0)
(0.00103962 -5.06112e-09 0)
(0.00103961 -3.93918e-09 0)
(0.00103961 -2.98199e-09 0)
(0.00103961 -2.17002e-09 0)
(0.00103961 -1.4903e-09 0)
(0.0010396 -9.21289e-10 0)
(0.0010396 -4.45233e-10 0)
(0.0010396 -4.8525e-11 0)
(0.0010396 2.79764e-10 0)
(0.0010396 5.48655e-10 0)
(0.0010396 7.6594e-10 0)
(0.0010396 9.38507e-10 0)
(0.0010396 1.07245e-09 0)
(0.00103959 1.17315e-09 0)
(0.00115004 -5.96313e-05 0)
(0.00113883 -5.52225e-05 0)
(0.00112847 -5.11165e-05 0)
(0.00111929 -4.72846e-05 0)
(0.00111131 -4.37508e-05 0)
(0.00110431 -4.05213e-05 0)
(0.00109812 -3.75193e-05 0)
(0.00109262 -3.46244e-05 0)
(0.00108774 -3.17829e-05 0)
(0.00108335 -2.90714e-05 0)
(0.00107935 -2.66402e-05 0)
(0.00107565 -2.45687e-05 0)
(0.00107234 -2.2758e-05 0)
(0.00106953 -2.09745e-05 0)
(0.00106718 -1.90267e-05 0)
(0.00106514 -1.69282e-05 0)
(0.00106319 -1.49055e-05 0)
(0.00106121 -1.32515e-05 0)
(0.00105918 -1.21339e-05 0)
(0.00105722 -1.14849e-05 0)
(0.00105555 -1.10343e-05 0)
(0.00105437 -1.0451e-05 0)
(0.0010537 -9.47798e-06 0)
(0.00105341 -8.03125e-06 0)
(0.00105326 -6.21276e-06 0)
(0.00105306 -4.25443e-06 0)
(0.00105263 -2.42362e-06 0)
(0.00105192 -9.35182e-07 0)
(0.00105094 1.02533e-07 0)
(0.00104976 6.90467e-07 0)
(0.00104847 9.07745e-07 0)
(0.00104717 8.69199e-07 0)
(0.00104592 6.86819e-07 0)
(0.00104476 4.46056e-07 0)
(0.00104372 1.99225e-07 0)
(0.00104281 -2.84189e-08 0)
(0.00104204 -2.28938e-07 0)
(0.00104141 -4.02065e-07 0)
(0.00104092 -5.48852e-07 0)
(0.00104054 -6.69138e-07 0)
(0.00104027 -7.62121e-07 0)
(0.00104008 -8.26837e-07 0)
(0.00103996 -8.61668e-07 0)
(0.00103988 -8.66135e-07 0)
(0.00103983 -8.43529e-07 0)
(0.00103981 -7.99381e-07 0)
(0.00103979 -7.40117e-07 0)
(0.00103979 -6.71949e-07 0)
(0.00103978 -6.00151e-07 0)
(0.00103978 -5.28726e-07 0)
(0.00103977 -4.60523e-07 0)
(0.00103976 -3.97383e-07 0)
(0.00103975 -3.40304e-07 0)
(0.00103973 -2.89643e-07 0)
(0.00103972 -2.45311e-07 0)
(0.0010397 -2.06927e-07 0)
(0.00103969 -1.73932e-07 0)
(0.00103967 -1.45698e-07 0)
(0.00103966 -1.21535e-07 0)
(0.00103965 -1.00994e-07 0)
(0.00103963 -8.36198e-08 0)
(0.00103962 -6.89736e-08 0)
(0.00103961 -5.66593e-08 0)
(0.0010396 -4.63255e-08 0)
(0.00103959 -3.76676e-08 0)
(0.00103958 -3.04248e-08 0)
(0.00103958 -2.43745e-08 0)
(0.00103957 -1.93279e-08 0)
(0.00103956 -1.5123e-08 0)
(0.00103956 -1.16195e-08 0)
(0.00103955 -8.68718e-09 0)
(0.00103955 -6.24187e-09 0)
(0.00103954 -4.219e-09 0)
(0.00103954 -2.55961e-09 0)
(0.00103953 -1.21028e-09 0)
(0.00103953 -1.2392e-10 0)
(0.00103953 7.40195e-10 0)
(0.00103953 1.41676e-09 0)
(0.00103952 1.93445e-09 0)
(0.00103952 2.31399e-09 0)
(0.00103952 2.58326e-09 0)
(0.00103952 2.76523e-09 0)
(0.00103952 2.87768e-09 0)
(0.00103952 2.93468e-09 0)
(0.00103951 2.94756e-09 0)
(0.00103951 2.92557e-09 0)
(0.00103951 2.8763e-09 0)
(0.00103951 2.80594e-09 0)
(0.00103951 2.71923e-09 0)
(0.00114908 -3.48649e-05 0)
(0.00113773 -3.43342e-05 0)
(0.00112743 -3.36376e-05 0)
(0.00111829 -3.25908e-05 0)
(0.00111027 -3.12383e-05 0)
(0.00110319 -2.97533e-05 0)
(0.0010969 -2.83273e-05 0)
(0.0010913 -2.69728e-05 0)
(0.00108631 -2.55159e-05 0)
(0.00108189 -2.38562e-05 0)
(0.00107795 -2.21613e-05 0)
(0.00107438 -2.07218e-05 0)
(0.00107113 -1.96406e-05 0)
(0.00106825 -1.87056e-05 0)
(0.00106579 -1.75533e-05 0)
(0.00106372 -1.5958e-05 0)
(0.00106191 -1.40208e-05 0)
(0.00106012 -1.21373e-05 0)
(0.00105816 -1.07717e-05 0)
(0.00105605 -1.01705e-05 0)
(0.00105398 -1.01728e-05 0)
(0.0010522 -1.02772e-05 0)
(0.0010509 -9.93032e-06 0)
(0.00105011 -8.77689e-06 0)
(0.00104973 -6.78694e-06 0)
(0.00104959 -4.22946e-06 0)
(0.00104947 -1.53736e-06 0)
(0.00104922 8.77592e-07 0)
(0.00104876 2.74003e-06 0)
(0.0010481 3.94516e-06 0)
(0.00104726 4.54468e-06 0)
(0.00104627 4.67392e-06 0)
(0.00104519 4.4843e-06 0)
(0.00104408 4.10359e-06 0)
(0.00104301 3.62107e-06 0)
(0.00104203 3.09073e-06 0)
(0.00104118 2.54476e-06 0)
(0.0010405 2.00608e-06 0)
(0.00104 1.49537e-06 0)
(0.00103965 1.03231e-06 0)
(0.00103944 6.3306e-07 0)
(0.00103933 3.09766e-07 0)
(0.00103929 6.83173e-08 0)
(0.00103929 -9.90903e-08 0)
(0.00103931 -2.03526e-07 0)
(0.00103933 -2.57992e-07 0)
(0.00103933 -2.75918e-07 0)
(0.00103931 -2.68914e-07 0)
(0.00103928 -2.46346e-07 0)
(0.00103924 -2.15583e-07 0)
(0.00103919 -1.81976e-07 0)
(0.00103913 -1.49013e-07 0)
(0.00103907 -1.18717e-07 0)
(0.00103901 -9.21009e-08 0)
(0.00103896 -6.94755e-08 0)
(0.0010389 -5.07658e-08 0)
(0.00103885 -3.5761e-08 0)
(0.00103881 -2.39361e-08 0)
(0.00103877 -1.48081e-08 0)
(0.00103873 -7.77455e-09 0)
(0.0010387 -2.38298e-09 0)
(0.00103867 1.71225e-09 0)
(0.00103864 4.78448e-09 0)
(0.00103862 7.05007e-09 0)
(0.0010386 8.68019e-09 0)
(0.00103858 9.81055e-09 0)
(0.00103857 1.05493e-08 0)
(0.00103855 1.09835e-08 0)
(0.00103854 1.11847e-08 0)
(0.00103853 1.12148e-08 0)
(0.00103852 1.11356e-08 0)
(0.00103851 1.09708e-08 0)
(0.00103851 1.0731e-08 0)
(0.0010385 1.04283e-08 0)
(0.0010385 1.00758e-08 0)
(0.00103849 9.68571e-09 0)
(0.00103849 9.26912e-09 0)
(0.00103848 8.83604e-09 0)
(0.00103848 8.39597e-09 0)
(0.00103848 7.96069e-09 0)
(0.00103847 7.53075e-09 0)
(0.00103847 7.10714e-09 0)
(0.00103847 6.69193e-09 0)
(0.00103847 6.28744e-09 0)
(0.00103847 5.89582e-09 0)
(0.00103847 5.51873e-09 0)
(0.00103847 5.15737e-09 0)
(0.00103847 4.81327e-09 0)
(0.00103846 4.48531e-09 0)
(0.00110804 -2.72851e-06 0)
(0.00109755 -4.36273e-06 0)
(0.00109003 -5.81531e-06 0)
(0.00108376 -6.87226e-06 0)
(0.001078 -7.54828e-06 0)
(0.00107265 -7.99563e-06 0)
(0.00106779 -8.41848e-06 0)
(0.00106343 -8.81908e-06 0)
(0.00105954 -8.98654e-06 0)
(0.00105616 -8.78826e-06 0)
(0.00105328 -8.3704e-06 0)
(0.00105081 -8.01566e-06 0)
(0.0010486 -7.88047e-06 0)
(0.00104656 -7.88191e-06 0)
(0.0010447 -7.73445e-06 0)
(0.00104309 -7.07435e-06 0)
(0.00104175 -5.70934e-06 0)
(0.00104052 -3.89323e-06 0)
(0.00103922 -2.31472e-06 0)
(0.0010379 -1.69635e-06 0)
(0.00103684 -2.3135e-06 0)
(0.00103618 -3.77775e-06 0)
(0.00103581 -5.26138e-06 0)
(0.00103558 -5.95974e-06 0)
(0.00103539 -5.47431e-06 0)
(0.00103522 -3.90661e-06 0)
(0.0010351 -1.68151e-06 0)
(0.0010351 6.71429e-07 0)
(0.00103518 2.71587e-06 0)
(0.00103526 4.22923e-06 0)
(0.00103522 5.18196e-06 0)
(0.00103497 5.64607e-06 0)
(0.00103443 5.70859e-06 0)
(0.00103362 5.44134e-06 0)
(0.00103263 4.90325e-06 0)
(0.00103156 4.15482e-06 0)
(0.00103055 3.26952e-06 0)
(0.00102967 2.3334e-06 0)
(0.00102899 1.43402e-06 0)
(0.00102851 6.45536e-07 0)
(0.00102822 1.73497e-08 0)
(0.00102809 -4.31175e-07 0)
(0.00102804 -7.09871e-07 0)
(0.00102805 -8.44112e-07 0)
(0.00102808 -8.65362e-07 0)
(0.00102812 -8.09272e-07 0)
(0.00102816 -7.08222e-07 0)
(0.00102819 -5.87736e-07 0)
(0.00102822 -4.6584e-07 0)
(0.00102823 -3.53759e-07 0)
(0.00102823 -2.57113e-07 0)
(0.00102822 -1.77714e-07 0)
(0.00102822 -1.14968e-07 0)
(0.0010282 -6.69445e-08 0)
(0.00102819 -3.12448e-08 0)
(0.00102818 -5.42454e-09 0)
(0.00102816 1.28017e-08 0)
(0.00102815 2.51828e-08 0)
(0.00102814 3.30403e-08 0)
(0.00102813 3.76325e-08 0)
(0.00102812 3.99136e-08 0)
(0.00102811 4.05869e-08 0)
(0.0010281 4.01643e-08 0)
(0.0010281 3.90137e-08 0)
(0.00102809 3.73986e-08 0)
(0.00102809 3.5507e-08 0)
(0.00102808 3.34714e-08 0)
(0.00102808 3.13829e-08 0)
(0.00102808 2.93023e-08 0)
(0.00102807 2.72652e-08 0)
(0.00102807 2.52804e-08 0)
(0.00102807 2.33725e-08 0)
(0.00102806 2.15644e-08 0)
(0.00102806 1.98675e-08 0)
(0.00102806 1.82858e-08 0)
(0.00102806 1.6818e-08 0)
(0.00102806 1.54606e-08 0)
(0.00102806 1.42083e-08 0)
(0.00102806 1.30551e-08 0)
(0.00102805 1.19944e-08 0)
(0.00102805 1.10189e-08 0)
(0.00102805 1.01215e-08 0)
(0.00102805 9.29608e-09 0)
(0.00102805 8.53665e-09 0)
(0.00102805 7.8379e-09 0)
(0.00102805 7.19506e-09 0)
(0.00102805 6.60342e-09 0)
(0.00102805 6.06136e-09 0)
(0.00102805 5.56017e-09 0)
(0.000980987 5.25705e-06 0)
(0.000972921 1.2702e-06 0)
(0.000968853 -1.9623e-06 0)
(0.000965496 -4.89364e-06 0)
(0.000962257 -7.35295e-06 0)
(0.000959144 -9.24191e-06 0)
(0.000956293 -1.05277e-05 0)
(0.000953767 -1.12324e-05 0)
(0.000951646 -1.15274e-05 0)
(0.000950018 -1.16542e-05 0)
(0.00094879 -1.17061e-05 0)
(0.000947663 -1.16207e-05 0)
(0.000946399 -1.14252e-05 0)
(0.000945063 -1.12891e-05 0)
(0.000943951 -1.1186e-05 0)
(0.000943281 -1.06937e-05 0)
(0.000942926 -9.41498e-06 0)
(0.000942475 -7.59059e-06 0)
(0.00094156 -6.08109e-06 0)
(0.0009401 -5.63832e-06 0)
(0.000938343 -6.24738e-06 0)
(0.000936699 -7.16956e-06 0)
(0.000935507 -7.52399e-06 0)
(0.000934945 -6.86503e-06 0)
(0.000935051 -5.30826e-06 0)
(0.000935777 -3.29268e-06 0)
(0.000936976 -1.26804e-06 0)
(0.000938408 4.96824e-07 0)
(0.000939889 1.97594e-06 0)
(0.000941341 3.30863e-06 0)
(0.000942759 4.61174e-06 0)
(0.000944122 5.86615e-06 0)
(0.000945413 6.92627e-06 0)
(0.000946633 7.59754e-06 0)
(0.000947773 7.73376e-06 0)
(0.00094881 7.30125e-06 0)
(0.00094971 6.38733e-06 0)
(0.000950439 5.16369e-06 0)
(0.000950978 3.83016e-06 0)
(0.000951324 2.56311e-06 0)
(0.000951491 1.4843e-06 0)
(0.000951505 6.52692e-07 0)
(0.000951406 7.51862e-08 0)
(0.000951244 -2.72355e-07 0)
(0.000951053 -4.40584e-07 0)
(0.000950848 -4.84833e-07 0)
(0.000950646 -4.53672e-07 0)
(0.00095046 -3.84412e-07 0)
(0.000950294 -3.02271e-07 0)
(0.000950152 -2.22233e-07 0)
(0.000950033 -1.52184e-07 0)
(0.000949936 -9.51497e-08 0)
(0.000949858 -5.11521e-08 0)
(0.000949796 -1.86545e-08 0)
(0.000949748 4.44378e-09 0)
(0.00094971 2.03111e-08 0)
(0.000949681 3.09463e-08 0)
(0.000949658 3.77688e-08 0)
(0.00094964 4.19105e-08 0)
(0.000949626 4.40597e-08 0)
(0.000949615 4.47744e-08 0)
(0.000949607 4.44833e-08 0)
(0.000949601 4.34997e-08 0)
(0.000949597 4.20498e-08 0)
(0.000949594 4.02953e-08 0)
(0.000949591 3.83516e-08 0)
(0.00094959 3.63015e-08 0)
(0.000949589 3.42037e-08 0)
(0.000949589 3.21009e-08 0)
(0.000949589 3.00239e-08 0)
(0.00094959 2.79952e-08 0)
(0.000949591 2.60341e-08 0)
(0.000949591 2.41535e-08 0)
(0.000949592 2.23615e-08 0)
(0.000949594 2.0663e-08 0)
(0.000949595 1.90599e-08 0)
(0.000949596 1.75529e-08 0)
(0.000949597 1.6141e-08 0)
(0.000949598 1.48226e-08 0)
(0.000949599 1.35951e-08 0)
(0.0009496 1.24552e-08 0)
(0.000949601 1.13992e-08 0)
(0.000949602 1.04231e-08 0)
(0.000949603 9.52247e-09 0)
(0.000949604 8.69327e-09 0)
(0.000949605 7.93102e-09 0)
(0.000949606 7.23123e-09 0)
(0.000949607 6.59119e-09 0)
(0.000949607 6.00366e-09 0)
(0.000567778 4.07054e-05 0)
(0.000584942 3.00023e-05 0)
(0.000584681 2.20655e-05 0)
(0.000584069 1.52169e-05 0)
(0.000584346 9.68578e-06 0)
(0.000584368 5.81256e-06 0)
(0.000583443 3.39651e-06 0)
(0.000581587 1.71437e-06 0)
(0.000579068 1.69923e-07 0)
(0.000576117 -1.15756e-06 0)
(0.000572937 -1.79365e-06 0)
(0.000569728 -1.6998e-06 0)
(0.000566593 -1.5783e-06 0)
(0.000563476 -2.13108e-06 0)
(0.000560229 -3.13259e-06 0)
(0.000556861 -3.49907e-06 0)
(0.000553742 -2.31143e-06 0)
(0.000551435 2.96634e-07 0)
(0.000550229 3.13661e-06 0)
(0.000549851 4.69648e-06 0)
(0.000549601 4.04215e-06 0)
(0.000548783 1.32022e-06 0)
(0.000547059 -2.3893e-06 0)
(0.000544539 -5.71888e-06 0)
(0.000541643 -7.69039e-06 0)
(0.00053886 -8.02071e-06 0)
(0.000536582 -7.02802e-06 0)
(0.000535042 -5.29184e-06 0)
(0.000534317 -3.37099e-06 0)
(0.000534342 -1.67414e-06 0)
(0.000535002 -4.24579e-07 0)
(0.000536176 3.23955e-07 0)
(0.000537736 6.39961e-07 0)
(0.000539533 6.45287e-07 0)
(0.000541401 4.70661e-07 0)
(0.000543183 2.29397e-07 0)
(0.00054475 3.07965e-09 0)
(0.000546023 -1.61893e-07 0)
(0.000546971 -2.49649e-07 0)
(0.000547611 -2.65826e-07 0)
(0.000547989 -2.2793e-07 0)
(0.000548168 -1.57155e-07 0)
(0.000548212 -7.16194e-08 0)
(0.000548172 1.33982e-08 0)
(0.000548091 8.49329e-08 0)
(0.000548002 1.39182e-07 0)
(0.000547924 1.7607e-07 0)
(0.000547868 1.97276e-07 0)
(0.000547834 2.05776e-07 0)
(0.000547822 2.04978e-07 0)
(0.000547826 1.97732e-07 0)
(0.000547843 1.8639e-07 0)
(0.000547869 1.72733e-07 0)
(0.000547901 1.58028e-07 0)
(0.000547936 1.43143e-07 0)
(0.000547973 1.28574e-07 0)
(0.000548008 1.14593e-07 0)
(0.000548043 1.01545e-07 0)
(0.000548075 8.96239e-08 0)
(0.000548106 7.88728e-08 0)
(0.000548135 6.92559e-08 0)
(0.000548161 6.07051e-08 0)
(0.000548185 5.31405e-08 0)
(0.000548207 4.64769e-08 0)
(0.000548228 4.06271e-08 0)
(0.000548246 3.55061e-08 0)
(0.000548263 3.10335e-08 0)
(0.000548278 2.7134e-08 0)
(0.000548292 2.37399e-08 0)
(0.000548305 2.07881e-08 0)
(0.000548317 1.82233e-08 0)
(0.000548327 1.59959e-08 0)
(0.000548337 1.40613e-08 0)
(0.000548345 1.23821e-08 0)
(0.000548353 1.09232e-08 0)
(0.00054836 9.65531e-09 0)
(0.000548367 8.5528e-09 0)
(0.000548373 7.59175e-09 0)
(0.000548378 6.75364e-09 0)
(0.000548383 6.02072e-09 0)
(0.000548387 5.37775e-09 0)
(0.000548391 4.81315e-09 0)
(0.000548395 4.31505e-09 0)
(0.000548398 3.87423e-09 0)
(0.000548401 3.48383e-09 0)
(0.000548404 3.13579e-09 0)
(0.000548406 2.82559e-09 0)
(0.000548408 2.54824e-09 0)
(0.00054841 2.29824e-09 0)
)
;

boundaryField
{
    inlet
    {
        type            fixedValue;
        value           nonuniform List<vector> 0();
    }
    outlet
    {
        type            zeroGradient;
    }
    wall
    {
        type            noSlip;
    }
    obstacle
    {
        type            noSlip;
    }
    frontAndBack
    {
        type            empty;
    }
    procBoundary2to1
    {
        type            processor;
        value           nonuniform List<vector> 
30
(
(0.000511728 -6.55262e-05 0)
(0.000998249 -1.54736e-05 0)
(0.00112334 2.05924e-06 0)
(0.0011612 3.59368e-05 0)
(0.00116155 6.44407e-05 0)
(0.00114998 9.05719e-05 0)
(0.00113271 0.000114662 0)
(0.00110993 0.000136708 0)
(0.00108118 0.00015527 0)
(0.00104687 0.000168663 0)
(0.00100765 0.000175069 0)
(0.000963347 0.000169848 0)
(0.000907445 0.000148586 0)
(0.000833467 0.000107422 0)
(0.000771529 4.06335e-05 0)
(0.00077154 -4.05831e-05 0)
(0.000833508 -0.000107361 0)
(0.000907494 -0.000148526 0)
(0.00096336 -0.000169807 0)
(0.00100764 -0.000175041 0)
(0.00104687 -0.000168635 0)
(0.00108119 -0.000155243 0)
(0.00110994 -0.000136687 0)
(0.00113273 -0.000114646 0)
(0.00115 -9.05606e-05 0)
(0.00116157 -6.44336e-05 0)
(0.00116122 -3.59337e-05 0)
(0.00112336 -2.06014e-06 0)
(0.000998272 1.547e-05 0)
(0.000511738 6.55242e-05 0)
)
;
    }
    procBoundary2to3
    {
        type            processor;
        value           nonuniform List<vector> 
31
(
(0.000548413 -1.89974e-09 0)
(0.000949608 -5.07028e-09 0)
(0.00102805 -4.81223e-09 0)
(0.00103846 -4.07554e-09 0)
(0.00103951 -2.75426e-09 0)
(0.00103959 -1.57712e-09 0)
(0.0010396 -4.15952e-10 0)
(0.0010396 5.08368e-10 0)
(0.0010396 1.22642e-09 0)
(0.0010396 1.64597e-09 0)
(0.0010396 1.78625e-09 0)
(0.0010396 1.654e-09 0)
(0.00103959 1.28975e-09 0)
(0.00103959 7.43766e-10 0)
(0.00103959 8.8093e-11 0)
(0.00103959 -6.79005e-10 0)
(0.00103959 -6.79005e-10 0)
(0.00103959 -1.4505e-09 0)
(0.00103959 -2.08628e-09 0)
(0.0010396 -2.51282e-09 0)
(0.0010396 -2.66802e-09 0)
(0.0010396 -2.50864e-09 0)
(0.0010396 -2.02376e-09 0)
(0.0010396 -1.19742e-09 0)
(0.0010396 -1.24718e-10 0)
(0.00103959 1.24519e-09 0)
(0.00103951 2.62072e-09 0)
(0.00103846 4.17327e-09 0)
(0.00102805 5.09401e-09 0)
(0.000949608 5.46304e-09 0)
(0.000548412 2.07594e-09 0)
)
;
    }
}


// ************************************************************************* //
