/*--------------------------------*- C++ -*----------------------------------*\
| =========                 |                                                 |
| \\      /  F ield         | OpenFOAM: The Open Source CFD Toolbox           |
|  \\    /   O peration     | Version:  2312                                  |
|   \\  /    A nd           | Website:  www.openfoam.com                      |
|    \\/     M anipulation  |                                                 |
\*---------------------------------------------------------------------------*/
FoamFile
{
    version     2.0;
    format      ascii;
    arch        "LSB;label=32;scalar=64";
    class       surfaceScalarField;
    location    "190000";
    object      phi;
}
// * * * * * * * * * * * * * * * * * * * * * * * * * * * * * * * * * * * * * //

dimensions      [0 3 -1 0 0 0 0];

oriented        oriented;

internalField   nonuniform List<scalar> 
5309
(
0.000664974
1.69236e-06
0.000661071
3.90349e-06
0.000655747
5.32371e-06
0.000649505
6.2418e-06
0.000642621
6.88388e-06
0.000635237
7.38467e-06
0.000627442
7.79463e-06
0.000619315
8.1268e-06
0.000610928
8.38717e-06
0.000602343
8.58471e-06
0.000593612
8.73168e-06
0.000584771
8.84035e-06
0.000575851
8.92028e-06
0.000566873
8.97773e-06
0.000557857
9.01643e-06
0.000548818
9.03875e-06
0.000539772
9.04641e-06
0.000530731
9.0409e-06
0.000521708
9.02339e-06
0.000512713
8.99487e-06
0.000503757
8.95601e-06
0.000494849
8.90729e-06
0.000486
8.84899e-06
0.000477219
8.7813e-06
0.000468515
8.70431e-06
0.000459897
8.61805e-06
0.000451374
8.52256e-06
0.000442956
8.41778e-06
0.000434653
8.30377e-06
0.000426472
8.18035e-06
0.000418425
8.04775e-06
0.000410519
7.90562e-06
0.000402764
7.75451e-06
0.000395171
7.59374e-06
0.000387746
7.42446e-06
0.000380501
7.24533e-06
0.000373442
7.05857e-06
0.000366581
6.86153e-06
0.000359922
6.65843e-06
0.000353478
6.44399e-06
0.000347252
6.22614e-06
0.000341258
5.99462e-06
0.000335493
5.76418e-06
0.000329978
5.51524e-06
0.000324703
5.27514e-06
0.000319696
5.0069e-06
0.000314935
4.76118e-06
0.000310466
4.4686e-06
0.000306243
4.22323e-06
0.000302349
3.89459e-06
0.000298689
3.65959e-06
0.000295421
3.26779e-06
0.000292357
3.06407e-06
0.000289817
2.54009e-06
0.000287414
2.40289e-06
0.000285864
1.55039e-06
0.000284087
1.7766e-06
0.000283988
9.87422e-08
0.000282532
1.45642e-06
-3.01144e-06
0.000285543
0.000667556
8.02963e-07
0.00066912
2.33929e-06
0.000670852
3.59177e-06
0.00067252
4.5742e-06
0.000674043
5.36098e-06
0.000675406
6.02088e-06
0.000676606
6.59555e-06
0.000677629
7.10336e-06
0.000678465
7.55134e-06
0.000679106
7.94388e-06
0.000679551
8.28651e-06
0.000679805
8.58609e-06
0.000679876
8.84956e-06
0.000679771
9.08265e-06
0.000679498
9.28958e-06
0.000679063
9.47316e-06
0.000678474
9.63537e-06
0.000677738
9.77764e-06
0.00067686
9.90126e-06
0.000675847
1.00071e-05
0.000674707
1.00962e-05
0.000673446
1.01688e-05
0.000672069
1.02256e-05
0.000670584
1.02665e-05
0.000668996
1.02921e-05
0.000667312
1.03019e-05
0.000665538
1.02964e-05
0.000663681
1.02749e-05
0.000661747
1.02382e-05
0.000659742
1.01849e-05
0.000657673
1.01168e-05
0.000655548
1.00311e-05
0.000653371
9.93123e-06
0.000651152
9.81269e-06
0.000648896
9.68115e-06
0.000646612
9.52923e-06
0.000644304
9.36652e-06
0.000641984
9.18072e-06
0.000639655
8.98796e-06
0.000637331
8.76761e-06
0.000635011
8.54675e-06
0.000632715
8.29066e-06
0.000630434
8.04478e-06
0.000628199
7.75061e-06
0.000625989
7.48443e-06
0.000623849
7.14772e-06
0.000621741
6.86853e-06
0.000619729
6.48107e-06
0.000617752
6.2003e-06
0.000615899
5.74775e-06
0.000614074
5.48376e-06
0.0006124
4.94225e-06
0.000610739
4.72485e-06
0.000609222
4.05729e-06
0.000607691
3.93436e-06
0.00060615
3.09134e-06
0.000604793
3.13295e-06
0.000602807
2.08532e-06
0.000601897
2.36584e-06
1.17346e-06
0.000597712
0.000666951
5.1835e-07
0.000667819
1.47146e-06
0.000669059
2.35237e-06
0.000670482
3.15114e-06
0.000671979
3.86361e-06
0.000673502
4.49738e-06
0.000675033
5.06463e-06
0.00067656
5.5764e-06
0.000678071
6.04044e-06
0.000679554
6.46158e-06
0.000680997
6.84327e-06
0.000682394
7.18865e-06
0.000683743
7.50114e-06
0.000685041
7.78408e-06
0.00068629
8.04061e-06
0.00068749
8.2732e-06
0.000688642
8.48392e-06
0.000689745
8.67416e-06
0.000690801
8.84521e-06
0.00069181
8.99782e-06
0.000692774
9.13294e-06
0.000693692
9.25083e-06
0.000694565
9.35228e-06
0.000695394
9.43708e-06
0.000696181
9.50595e-06
0.000696924
9.55821e-06
0.000697626
9.59473e-06
0.000698287
9.61427e-06
0.000698907
9.61813e-06
0.000699487
9.60435e-06
0.000700029
9.57499e-06
0.000700533
9.52703e-06
0.000701
9.4638e-06
0.000701432
9.38072e-06
0.00070183
9.28309e-06
0.000702196
9.16392e-06
0.000702531
9.0316e-06
0.000702836
8.87543e-06
0.000703115
8.70849e-06
0.000703369
8.51441e-06
0.000703602
8.31337e-06
0.000703812
8.08042e-06
0.000704011
7.84641e-06
0.000704188
7.57349e-06
0.000704364
7.30832e-06
0.000704517
6.99412e-06
0.000704685
6.70051e-06
0.000704823
6.34357e-06
0.000704998
6.02539e-06
0.000705121
5.6245e-06
0.000705318
5.28706e-06
0.000705418
4.84234e-06
0.00070565
4.49241e-06
0.0007057
4.00789e-06
0.000705981
3.6534e-06
0.000705928
3.14377e-06
0.000706267
2.79377e-06
0.00070605
2.3022e-06
0.000706459
1.95707e-06
1.57831e-06
0.000706054
0.000666854
3.30893e-07
0.000667309
1.01619e-06
0.000667973
1.68891e-06
0.000668796
2.32834e-06
0.000669734
2.92523e-06
0.000670755
3.47663e-06
0.000671835
3.98399e-06
0.000672961
4.4509e-06
0.00067412
4.88117e-06
0.000675304
5.27791e-06
0.000676504
5.64349e-06
0.000677712
5.97984e-06
0.000678925
6.28879e-06
0.000680137
6.57213e-06
0.000681346
6.83171e-06
0.00068255
7.06919e-06
0.000683748
7.28607e-06
0.000684938
7.48347e-06
0.000686121
7.66241e-06
0.000687295
7.82355e-06
0.000688461
7.96756e-06
0.000689617
8.09479e-06
0.000690763
8.2057e-06
0.0006919
8.30039e-06
0.000693027
8.37914e-06
0.000694143
8.44183e-06
0.000695249
8.48864e-06
0.000696344
8.51928e-06
0.000697429
8.53388e-06
0.000698501
8.53199e-06
0.000699562
8.51375e-06
0.00070061
8.47863e-06
0.000701648
8.42676e-06
0.000702671
8.35758e-06
0.000703683
8.2712e-06
0.000704679
8.16714e-06
0.000705666
8.04538e-06
0.000706635
7.90571e-06
0.000707596
7.74773e-06
0.000708539
7.57189e-06
0.000709475
7.37691e-06
0.000710391
7.16463e-06
0.000711305
6.93186e-06
0.000712196
6.68329e-06
0.000713092
6.41189e-06
0.000713958
6.12782e-06
0.000714842
5.81673e-06
0.000715687
5.49908e-06
0.000716565
5.14678e-06
0.00071739
4.7994e-06
0.000718274
4.40362e-06
0.000719082
4.03386e-06
0.000719983
3.59128e-06
0.000720778
3.21293e-06
0.000721713
2.71872e-06
0.0007225
2.35634e-06
0.000723492
1.80202e-06
0.000724299
1.49537e-06
0.000725394
8.61807e-07
6.66878e-07
0.000726306
0.000666739
2.58406e-07
0.000666972
7.83695e-07
0.000667359
1.30163e-06
0.000667882
1.80498e-06
0.00066852
2.28781e-06
0.00066925
2.74646e-06
0.000670054
3.17937e-06
0.000670919
3.58651e-06
0.000671831
3.96861e-06
0.000672783
4.32665e-06
0.000673765
4.66156e-06
0.00067477
4.97414e-06
0.000675794
5.26514e-06
0.000676831
5.53535e-06
0.000677877
5.78558e-06
0.000678929
6.01666e-06
0.000679986
6.22936e-06
0.000681045
6.42438e-06
0.000682105
6.60227e-06
0.000683165
6.76354e-06
0.000684224
6.90849e-06
0.000685282
7.03747e-06
0.000686337
7.15059e-06
0.000687389
7.24811e-06
0.000688438
7.32991e-06
0.000689484
7.39626e-06
0.000690526
7.44677e-06
0.000691563
7.48181e-06
0.000692596
7.50068e-06
0.000693625
7.50395e-06
0.000694648
7.49051e-06
0.000695665
7.46137e-06
0.000696677
7.41477e-06
0.000697682
7.35245e-06
0.000698682
7.27171e-06
0.000699673
7.17545e-06
0.000700659
7.05947e-06
0.000701636
6.92855e-06
0.000702608
6.77617e-06
0.00070357
6.61004e-06
0.000704527
6.41995e-06
0.000705473
6.2183e-06
0.000706416
5.98903e-06
0.000707347
5.75195e-06
0.000708277
5.48172e-06
0.000709195
5.20992e-06
0.000710116
4.89649e-06
0.000711023
4.59169e-06
0.000711938
4.23205e-06
0.00071284
3.89757e-06
0.000713756
3.48731e-06
0.000714661
3.12876e-06
0.000715592
2.66061e-06
0.000716518
2.28651e-06
0.000717489
1.7477e-06
0.000718474
1.37095e-06
0.000719536
7.40198e-07
0.000720649
3.82241e-07
0.000721873
-3.61712e-07
-6.62248e-07
0.000723202
0.000666724
2.00794e-07
0.0006669
6.07988e-07
0.000667185
1.0163e-06
0.000667571
1.41916e-06
0.000668046
1.81278e-06
0.000668599
2.19412e-06
0.000669217
2.561e-06
0.000669891
2.91205e-06
0.000670613
3.24656e-06
0.000671376
3.56423e-06
0.000672172
3.86496e-06
0.000672998
4.1488e-06
0.000673847
4.41589e-06
0.000674716
4.66644e-06
0.000675601
4.90066e-06
0.000676499
5.11888e-06
0.000677407
5.32133e-06
0.000678323
5.50834e-06
0.000679245
5.68008e-06
0.000680172
5.83683e-06
0.000681101
5.97861e-06
0.000682033
6.10565e-06
0.000682966
6.21783e-06
0.000683899
6.31538e-06
0.000684831
6.39796e-06
0.000685761
6.46587e-06
0.000686689
6.51855e-06
0.000687615
6.55642e-06
0.000688537
6.57861e-06
0.000689455
6.58582e-06
0.000690369
6.57675e-06
0.000691278
6.55252e-06
0.000692181
6.51121e-06
0.000693079
6.45469e-06
0.00069397
6.38007e-06
0.000694856
6.29033e-06
0.000695734
6.18118e-06
0.000696605
6.05733e-06
0.000697469
5.91231e-06
0.000698326
5.75348e-06
0.000699174
5.57109e-06
0.000700016
5.37649e-06
0.00070085
5.15497e-06
0.000701678
4.92397e-06
0.000702499
4.66117e-06
0.000703315
4.39334e-06
0.000704125
4.08651e-06
0.000704935
3.78176e-06
0.00070574
3.42714e-06
0.000706552
3.08591e-06
0.000707361
2.67833e-06
0.000708187
2.30234e-06
0.000709013
1.8352e-06
0.00070987
1.42942e-06
0.000710723
8.94843e-07
0.000711624
4.69346e-07
0.000712512
-1.47833e-07
0.000713496
-6.0193e-07
0.000714485
-1.35031e-06
-1.79021e-06
0.000715613
0.000666709
1.58511e-07
0.000666835
4.81615e-07
0.000667043
8.08178e-07
0.000667329
1.1336e-06
0.000667687
1.45527e-06
0.00066811
1.77093e-06
0.000668592
2.07872e-06
0.000669127
2.37721e-06
0.000669708
2.66543e-06
0.000670329
2.94285e-06
0.000670986
3.20816e-06
0.000671674
3.46095e-06
0.000672389
3.70115e-06
0.000673127
3.92862e-06
0.000673884
4.14321e-06
0.000674658
4.34487e-06
0.000675446
4.53351e-06
0.000676245
4.70914e-06
0.000677053
4.87167e-06
0.000677869
5.02112e-06
0.00067869
5.15733e-06
0.000679516
5.28035e-06
0.000680344
5.38992e-06
0.000681173
5.48608e-06
0.000682002
5.56845e-06
0.000682831
5.63716e-06
0.000683658
5.69165e-06
0.000684482
5.73215e-06
0.000685303
5.7579e-06
0.00068612
5.76933e-06
0.000686931
5.76535e-06
0.000687737
5.74673e-06
0.000688536
5.71192e-06
0.000689329
5.6622e-06
0.000690113
5.59535e-06
0.00069089
5.51341e-06
0.000691658
5.4132e-06
0.000692418
5.29789e-06
0.000693167
5.16285e-06
0.000693908
5.01295e-06
0.000694637
4.84141e-06
0.000695358
4.65564e-06
0.000696067
4.44566e-06
0.000696769
4.22265e-06
0.000697458
3.97185e-06
0.000698141
3.71015e-06
0.000698812
3.41559e-06
0.00069948
3.11379e-06
0.000700135
2.77191e-06
0.000700792
2.42895e-06
0.000701435
2.03518e-06
0.000702088
1.64984e-06
0.000702727
1.19607e-06
0.000703392
7.64666e-07
0.000704051
2.35643e-07
0.000704762
-2.41952e-07
0.000705465
-8.5095e-07
0.000706237
-1.37369e-06
0.000706992
-2.10483e-06
-2.66679e-06
0.000707868
0.000666699
1.25923e-07
0.000666797
3.83608e-07
0.00066696
6.45766e-07
0.000667184
9.09156e-07
0.000667467
1.17195e-06
0.000667806
1.43248e-06
0.000668195
1.68926e-06
0.000668632
1.94104e-06
0.00066911
2.18672e-06
0.000669628
2.42538e-06
0.00067018
2.65617e-06
0.000670762
2.87842e-06
0.000671372
3.09161e-06
0.000672005
3.29535e-06
0.000672659
3.48928e-06
0.000673331
3.67311e-06
0.000674018
3.84653e-06
0.000674718
4.00932e-06
0.000675428
4.1612e-06
0.000676147
4.30197e-06
0.000676873
4.43136e-06
0.000677604
4.54922e-06
0.000678339
4.65521e-06
0.000679076
4.74921e-06
0.000679813
4.83082e-06
0.000680551
4.89996e-06
0.000681286
4.95615e-06
0.000682019
4.99937e-06
0.000682748
5.02902e-06
0.000683472
5.0452e-06
0.00068419
5.04713e-06
0.000684902
5.03509e-06
0.000685606
5.00807e-06
0.000686301
4.96658e-06
0.000686987
4.90927e-06
0.000687664
4.83705e-06
0.000688329
4.74803e-06
0.000688983
4.64368e-06
0.000689625
4.5214e-06
0.000690254
4.38341e-06
0.000690869
4.22612e-06
0.000691472
4.05281e-06
0.000692059
3.85846e-06
0.000692634
3.64787e-06
0.000693192
3.41402e-06
0.000693738
3.16385e-06
0.000694266
2.88747e-06
0.000694785
2.59494e-06
0.000695285
2.27216e-06
0.00069578
1.93383e-06
0.000696256
1.55973e-06
0.000696734
1.17186e-06
0.000697189
7.41145e-07
0.000697651
3.01857e-07
0.000698081
-1.94266e-07
0.000698544
-7.04212e-07
0.000698979
-1.28663e-06
0.000699465
-1.85904e-06
0.000699896
-2.53636e-06
-3.17806e-06
0.000700407
0.000666693
9.92224e-08
0.000666773
3.03587e-07
0.000666906
5.13062e-07
0.00066709
7.25263e-07
0.000667323
9.38861e-07
0.000667603
1.1526e-06
0.000667927
1.36531e-06
0.000668292
1.5759e-06
0.000668695
1.7834e-06
0.000669134
1.98691e-06
0.000669604
2.18567e-06
0.000670104
2.37895e-06
0.000670629
2.56614e-06
0.000671178
2.74668e-06
0.000671747
2.92007e-06
0.000672334
3.08586e-06
0.000672937
3.24362e-06
0.000673554
3.39298e-06
0.000674181
3.53353e-06
0.000674818
3.66494e-06
0.000675463
3.78684e-06
0.000676113
3.89894e-06
0.000676767
4.00085e-06
0.000677424
4.09231e-06
0.000678082
4.17291e-06
0.00067874
4.24241e-06
0.000679396
4.30039e-06
0.000680048
4.34662e-06
0.000680697
4.38065e-06
0.00068134
4.40231e-06
0.000681976
4.41106e-06
0.000682604
4.40681e-06
0.000683223
4.38895e-06
0.000683832
4.35743e-06
0.00068443
4.31156e-06
0.000685016
4.25136e-06
0.000685588
4.17601e-06
0.000686146
4.08562e-06
0.000686688
3.97922e-06
0.000687214
3.85697e-06
0.000687723
3.71776e-06
0.000688214
3.56173e-06
0.000688685
3.38768e-06
0.000689137
3.19557e-06
0.000689567
2.98428e-06
0.000689977
2.75328e-06
0.000690363
2.50182e-06
0.000690729
2.22844e-06
0.000691068
1.93331e-06
0.000691389
1.61323e-06
0.000691678
1.27018e-06
0.000691952
8.9796e-07
0.000692192
5.01559e-07
0.000692422
7.12414e-08
0.000692619
-3.90908e-07
0.000692813
-8.98046e-07
0.000692959
-1.43278e-06
0.000693121
-2.02144e-06
0.000693224
-2.63911e-06
-3.32069e-06
0.000693367
0.000666689
7.66605e-08
0.000666757
2.36064e-07
0.000666869
4.01034e-07
0.000667024
5.69786e-07
0.000667222
7.41324e-07
0.00066746
9.14683e-07
0.000667736
1.08893e-06
0.000668049
1.26317e-06
0.000668396
1.43656e-06
0.000668774
1.60832e-06
0.000669182
1.77772e-06
0.000669617
1.94406e-06
0.000670077
2.10671e-06
0.000670558
2.26506e-06
0.00067106
2.41854e-06
0.000671579
2.56664e-06
0.000672114
2.70886e-06
0.000672662
2.84472e-06
0.000673222
2.97377e-06
0.000673791
3.09559e-06
0.000674368
3.20974e-06
0.000674951
3.31585e-06
0.000675539
3.41349e-06
0.000676129
3.5023e-06
0.00067672
3.58187e-06
0.00067731
3.65186e-06
0.000677899
3.71187e-06
0.000678484
3.76156e-06
0.000679064
3.80056e-06
0.000679638
3.82851e-06
0.000680204
3.84509e-06
0.000680761
3.84991e-06
0.000681307
3.84267e-06
0.000681841
3.82295e-06
0.000682362
3.79051e-06
0.000682869
3.74481e-06
0.000683359
3.68575e-06
0.000683832
3.61254e-06
0.000684286
3.52536e-06
0.00068472
3.42298e-06
0.000685132
3.30604e-06
0.000685521
3.17252e-06
0.000685885
3.02394e-06
0.000686223
2.85693e-06
0.000686533
2.67453e-06
0.000686815
2.47105e-06
0.000687065
2.2522e-06
0.000687285
2.00846e-06
0.000687468
1.75001e-06
0.00068762
1.46108e-06
0.000687731
1.1593e-06
0.00068781
8.19019e-07
0.000687842
4.70211e-07
0.00068784
7.3096e-08
0.000687783
-3.34101e-07
0.000687698
-8.13313e-07
0.000687548
-1.28226e-06
0.000687375
-1.84836e-06
0.000687121
-2.3853e-06
-3.05735e-06
0.000686857
0.000666686
5.70845e-08
0.000666745
1.77506e-07
0.000666842
3.03835e-07
0.000666977
4.34743e-07
0.000667149
5.69477e-07
0.000667356
7.07286e-07
0.000667598
8.47428e-07
0.000667872
9.89172e-07
0.000668177
1.13181e-06
0.00066851
1.27466e-06
0.000668871
1.41705e-06
0.000669257
1.55835e-06
0.000669665
1.69794e-06
0.000670095
1.83522e-06
0.000670544
1.96962e-06
0.00067101
2.1006e-06
0.000671491
2.22763e-06
0.000671986
2.35022e-06
0.000672492
2.46786e-06
0.000673007
2.58011e-06
0.000673531
2.68649e-06
0.00067406
2.78657e-06
0.000674593
2.87994e-06
0.000675129
2.96614e-06
0.000675667
3.04481e-06
0.000676203
3.1155e-06
0.000676737
3.17788e-06
0.000677267
3.23151e-06
0.000677791
3.2761e-06
0.000678309
3.3112e-06
0.000678817
3.33658e-06
0.000679315
3.35174e-06
0.000679802
3.35657e-06
0.000680274
3.35043e-06
0.000680731
3.3334e-06
0.000681171
3.30461e-06
0.000681593
3.26442e-06
0.000681994
3.21159e-06
0.000682372
3.14694e-06
0.000682726
3.06854e-06
0.000683054
2.97805e-06
0.000683355
2.87234e-06
0.000683624
2.75444e-06
0.000683862
2.61929e-06
0.000684064
2.47217e-06
0.00068423
2.30485e-06
0.000684356
2.12637e-06
0.000684441
1.9233e-06
0.00068448
1.71093e-06
0.000684474
1.46739e-06
0.000684415
1.21818e-06
0.000684306
9.27909e-07
0.000684138
6.38568e-07
0.000683917
2.93685e-07
0.000683619
-3.56041e-08
0.000683263
-4.57084e-07
0.000682825
-8.44654e-07
0.000682325
-1.34813e-06
0.000681728
-1.78831e-06
-2.39726e-06
0.000681068
0.000666684
3.96704e-08
0.000666736
1.25408e-07
0.000666823
2.17305e-07
0.000666943
3.14403e-07
0.000667096
4.16138e-07
0.000667282
5.21931e-07
0.000667498
6.31193e-07
0.000667744
7.43335e-07
0.000668018
8.57766e-07
0.000668319
9.739e-07
0.000668645
1.09116e-06
0.000668994
1.20896e-06
0.000669365
1.32674e-06
0.000669756
1.44394e-06
0.000670166
1.56001e-06
0.000670592
1.67442e-06
0.000671033
1.78666e-06
0.000671487
1.89622e-06
0.000671952
2.00262e-06
0.000672427
2.10537e-06
0.00067291
2.20402e-06
0.000673398
2.2981e-06
0.000673891
2.3872e-06
0.000674386
2.47087e-06
0.000674882
2.54873e-06
0.000675377
2.62032e-06
0.00067587
2.68533e-06
0.000676358
2.74332e-06
0.00067684
2.79401e-06
0.000677314
2.83695e-06
0.000677779
2.87198e-06
0.000678232
2.89857e-06
0.000678672
2.91669e-06
0.000679097
2.92569e-06
0.000679504
2.92577e-06
0.000679893
2.91603e-06
0.00068026
2.89702e-06
0.000680605
2.86739e-06
0.000680923
2.82826e-06
0.000681214
2.77758e-06
0.000681475
2.71732e-06
0.000681703
2.64423e-06
0.000681896
2.56175e-06
0.00068205
2.46462e-06
0.000682164
2.35868e-06
0.000682233
2.2354e-06
0.000682255
2.10452e-06
0.000682226
1.95225e-06
0.000682143
1.79469e-06
0.000682
1.60951e-06
0.000681795
1.4232e-06
0.000681524
1.19969e-06
0.00068118
9.82309e-07
0.00068076
7.13154e-07
0.000680262
4.62595e-07
0.000679666
1.39042e-07
0.000678968
-1.46641e-07
0.00067817
-5.502e-07
0.000677259
-8.77234e-07
-1.36981e-06
0.000676232
0.000666683
2.37833e-08
0.00066673
7.78476e-08
0.000666809
1.38241e-07
0.000666919
2.04326e-07
0.00066706
2.75693e-07
0.00066723
3.51911e-07
0.000667428
4.32529e-07
0.000667655
5.17078e-07
0.000667907
6.05078e-07
0.000668185
6.96039e-07
0.000668487
7.89467e-07
0.000668811
8.84858e-07
0.000669156
9.81709e-07
0.00066952
1.07951e-06
0.000669903
1.17777e-06
0.000670301
1.27598e-06
0.000670714
1.37366e-06
0.00067114
1.47032e-06
0.000671577
1.56551e-06
0.000672024
1.65874e-06
0.000672478
1.74959e-06
0.000672939
1.83759e-06
0.000673404
1.92234e-06
0.000673871
2.00341e-06
0.000674339
2.08042e-06
0.000674807
2.15295e-06
0.000675271
2.22069e-06
0.000675731
2.28323e-06
0.000676185
2.34032e-06
0.000676631
2.39154e-06
0.000677066
2.43676e-06
0.000677489
2.47552e-06
0.000677898
2.50781e-06
0.00067829
2.5331e-06
0.000678664
2.55158e-06
0.000679018
2.56252e-06
0.000679349
2.56643e-06
0.000679654
2.56225e-06
0.000679931
2.55097e-06
0.000680178
2.53096e-06
0.000680391
2.50396e-06
0.000680568
2.46737e-06
0.000680705
2.42416e-06
0.0006808
2.37012e-06
0.000680848
2.31017e-06
0.000680846
2.23749e-06
0.000680791
2.1602e-06
0.000680676
2.06721e-06
0.000680499
1.97181e-06
0.000680252
1.85611e-06
0.000679933
1.74173e-06
0.000679533
1.59982e-06
0.00067905
1.46547e-06
0.000678471
1.29217e-06
0.000677797
1.13675e-06
0.000677012
9.24236e-07
0.000676119
7.4626e-07
0.000675085
4.83921e-07
0.000673921
2.86409e-07
-3.22974e-08
0.000672584
0.000666682
8.88821e-09
0.000666726
3.32141e-08
0.0006668
6.39775e-08
0.000666904
1.00818e-07
0.000667036
1.43464e-07
0.000667196
1.91612e-07
0.000667384
2.44937e-07
0.000667598
3.03085e-07
0.000667837
3.65685e-07
0.000668101
4.32343e-07
0.000668388
5.02655e-07
0.000668697
5.76199e-07
0.000669026
6.52546e-07
0.000669374
7.31245e-07
0.00066974
8.11851e-07
0.000670122
8.93913e-07
0.000670519
9.76994e-07
0.000670928
1.06065e-06
0.000671349
1.14444e-06
0.00067178
1.22793e-06
0.000672219
1.31071e-06
0.000672664
1.39235e-06
0.000673114
1.47246e-06
0.000673567
1.55065e-06
0.000674021
1.62656e-06
0.000674474
1.69981e-06
0.000674925
1.7701e-06
0.000675371
1.8371e-06
0.000675811
1.90054e-06
0.000676242
1.96013e-06
0.000676663
2.01569e-06
0.000677072
2.06693e-06
0.000677466
2.1138e-06
0.000677843
2.15596e-06
0.000678201
2.19353e-06
0.000678537
2.2261e-06
0.00067885
2.25399e-06
0.000679135
2.27664e-06
0.000679392
2.29468e-06
0.000679615
2.30726e-06
0.000679804
2.3155e-06
0.000679953
2.318e-06
0.000680061
2.31662e-06
0.000680122
2.30908e-06
0.000680133
2.29839e-06
0.00068009
2.28081e-06
0.000679989
2.26118e-06
0.000679823
2.23338e-06
0.00067959
2.20523e-06
0.000679279
2.16676e-06
0.00067889
2.13052e-06
0.00067841
2.08037e-06
0.000677839
2.03647e-06
0.000677158
1.97281e-06
0.000676373
1.92169e-06
0.000675456
1.84145e-06
0.000674418
1.78384e-06
0.00067322
1.68227e-06
0.000671887
1.61924e-06
1.48875e-06
0.000670366
0.000666681
-5.49676e-09
0.000666724
-9.93249e-09
0.000666796
-7.88273e-09
0.000666896
5.01926e-10
0.000667025
1.51799e-08
0.00066718
3.59379e-08
0.000667363
6.25407e-08
0.000667571
9.47414e-08
0.000667804
1.32273e-07
0.000668062
1.74851e-07
0.000668342
2.2217e-07
0.000668645
2.73896e-07
0.000668968
3.29672e-07
0.00066931
3.89107e-07
0.00066967
4.51819e-07
0.000670046
5.17421e-07
0.000670438
5.85524e-07
0.000670843
6.55737e-07
0.000671259
7.27663e-07
0.000671686
8.00913e-07
0.000672122
8.75099e-07
0.000672565
9.49841e-07
0.000673012
1.02477e-06
0.000673463
1.09953e-06
0.000673916
1.17379e-06
0.000674369
1.24724e-06
0.000674819
1.31959e-06
0.000675266
1.39059e-06
0.000675706
1.46e-06
0.000676139
1.5276e-06
0.000676561
1.59322e-06
0.000676972
1.65672e-06
0.000677367
1.71799e-06
0.000677746
1.77697e-06
0.000678106
1.83362e-06
0.000678444
1.88795e-06
0.000678758
1.94001e-06
0.000679045
1.98986e-06
0.000679302
2.03766e-06
0.000679526
2.08351e-06
0.000679714
2.12769e-06
0.000679861
2.17031e-06
0.000679966
2.21179e-06
0.000680023
2.25222e-06
0.000680029
2.29218e-06
0.000679978
2.33167e-06
0.000679868
2.37153e-06
0.00067969
2.41158e-06
0.000679442
2.45297e-06
0.000679114
2.49525e-06
0.000678704
2.54e-06
0.000678198
2.58638e-06
0.000677598
2.63651e-06
0.000676882
2.68904e-06
0.000676057
2.74667e-06
0.000675091
2.80759e-06
0.000674
2.87489e-06
0.000672735
2.94659e-06
0.000671329
3.02556e-06
3.11079e-06
0.000669707
0.000666681
-1.97517e-08
0.000666724
-5.28358e-08
0.000666795
-7.9519e-08
0.000666896
-9.95878e-08
0.000667024
-1.13044e-07
0.00066718
-1.19939e-07
0.000667363
-1.2037e-07
0.000667572
-1.14465e-07
0.000667806
-1.02386e-07
0.000668066
-8.43883e-08
0.000668348
-6.05755e-08
0.000668653
-3.11864e-08
0.000668979
3.72857e-09
0.000669325
4.34261e-08
0.000669689
8.76231e-08
0.000670071
1.36085e-07
0.000670468
1.88491e-07
0.000670879
2.44499e-07
0.000671303
3.03764e-07
0.000671738
3.6596e-07
0.000672182
4.30719e-07
0.000672634
4.97735e-07
0.000673092
5.66636e-07
0.000673555
6.37144e-07
0.00067402
7.08936e-07
0.000674485
7.81765e-07
0.000674949
8.55334e-07
0.00067541
9.29492e-07
0.000675866
1.00401e-06
0.000676315
1.07882e-06
0.000676755
1.15369e-06
0.000677183
1.22867e-06
0.000677597
1.30358e-06
0.000677996
1.37861e-06
0.000678376
1.4536e-06
0.000678735
1.52898e-06
0.00067907
1.60452e-06
0.000679379
1.68089e-06
0.000679659
1.75778e-06
0.000679906
1.83624e-06
0.000680118
1.91571e-06
0.000680291
1.9978e-06
0.000680421
2.08151e-06
0.000680504
2.16922e-06
0.000680537
2.25919e-06
0.000680514
2.35503e-06
0.000680431
2.45372e-06
0.000680282
2.56078e-06
0.000680064
2.67104e-06
0.000679766
2.79311e-06
0.000679388
2.91821e-06
0.000678915
3.05994e-06
0.000678348
3.20349e-06
0.000677666
3.3707e-06
0.000676876
3.53654e-06
0.000675947
3.7366e-06
0.000674893
3.92853e-06
0.000673669
4.17089e-06
0.000672303
4.39179e-06
4.68836e-06
0.000670725
0.000666681
-3.43886e-08
0.000666725
-9.69237e-08
0.000666799
-1.5318e-07
0.000666902
-2.02645e-07
0.000667034
-2.45165e-07
0.000667195
-2.80664e-07
0.000667384
-3.09114e-07
0.0006676
-3.30516e-07
0.000667842
-3.44906e-07
0.00066811
-3.52359e-07
0.000668403
-3.5299e-07
0.000668718
-3.46966e-07
0.000669057
-3.34477e-07
0.000669416
-3.15798e-07
0.000669795
-2.91223e-07
0.000670192
-2.6096e-07
0.000670606
-2.25266e-07
0.000671035
-1.84508e-07
0.000671477
-1.39028e-07
0.000671932
-8.88586e-08
0.000672397
-3.46156e-08
0.000672871
2.38369e-08
0.000673352
8.56294e-08
0.000673839
1.50723e-07
0.000674329
2.18852e-07
0.000674821
2.89876e-07
0.000675313
3.63526e-07
0.000675802
4.39696e-07
0.000676288
5.18107e-07
0.000676768
5.98837e-07
0.00067724
6.81639e-07
0.000677702
7.66742e-07
0.000678152
8.53929e-07
0.000678587
9.43599e-07
0.000679005
1.03548e-06
0.000679404
1.13035e-06
0.00067978
1.22778e-06
0.000680132
1.32893e-06
0.000680457
1.43312e-06
0.000680751
1.54219e-06
0.000681012
1.65497e-06
0.000681235
1.77419e-06
0.000681419
1.89784e-06
0.000681558
2.03004e-06
0.00068165
2.16739e-06
0.000681689
2.31616e-06
0.000681672
2.47061e-06
0.000681592
2.64041e-06
0.000681447
2.81597e-06
0.000681228
3.01238e-06
0.000680933
3.21365e-06
0.000680549
3.44365e-06
0.000680077
3.6758e-06
0.000679499
3.94825e-06
0.000678819
4.21687e-06
0.000678012
4.54325e-06
0.000677087
4.85388e-06
0.000676009
5.24913e-06
0.000674795
5.60591e-06
6.08882e-06
0.000673394
0.000666682
-4.98513e-08
0.000666729
-1.43554e-07
0.000666807
-2.31154e-07
0.000666916
-3.11831e-07
0.000667056
-3.85267e-07
0.000667227
-4.51219e-07
0.000667427
-5.09502e-07
0.000667656
-5.59981e-07
0.000667914
-6.02575e-07
0.000668199
-6.37252e-07
0.00066851
-6.64039e-07
0.000668846
-6.83005e-07
0.000669206
-6.94277e-07
0.000669588
-6.9802e-07
0.000669991
-6.94438e-07
0.000670414
-6.83735e-07
0.000670855
-6.66155e-07
0.000671312
-6.41945e-07
0.000671785
-6.11379e-07
0.000672271
-5.747e-07
0.000672768
-5.32211e-07
0.000673276
-4.84149e-07
0.000673793
-4.3083e-07
0.000674316
-3.72462e-07
0.000674844
-3.09308e-07
0.000675375
-2.41584e-07
0.000675908
-1.69516e-07
0.000676441
-9.30669e-08
0.000676972
-1.2417e-08
0.000677498
7.30258e-08
0.000678017
1.62064e-07
0.000678529
2.55403e-07
0.00067903
3.52876e-07
0.000679518
4.55131e-07
0.000679992
5.61917e-07
0.000680448
6.74053e-07
0.000680885
7.9101e-07
0.000681299
9.14266e-07
0.000681689
1.04304e-06
0.000682052
1.17954e-06
0.000682385
1.32245e-06
0.000682684
1.47496e-06
0.000682947
1.63479e-06
0.00068317
1.80677e-06
0.00068335
1.98705e-06
0.000683484
2.18291e-06
0.000683566
2.38788e-06
0.000683594
2.61306e-06
0.000683562
2.84772e-06
0.000683465
3.109e-06
0.0006833
3.37916e-06
0.000683058
3.68507e-06
0.000682737
3.99737e-06
0.000682326
4.35872e-06
0.000681823
4.72052e-06
0.000681215
5.15123e-06
0.000680499
5.57011e-06
0.00067966
6.08813e-06
0.000678695
6.57036e-06
7.1979e-06
0.000677586
0.000666683
-6.66735e-08
0.000666734
-1.94369e-07
0.000666819
-3.16194e-07
0.000666938
-4.30947e-07
0.000667091
-5.3811e-07
0.000667277
-6.37253e-07
0.000667496
-7.28024e-07
0.000667746
-8.1014e-07
0.000668027
-8.8339e-07
0.000668337
-9.47628e-07
0.000668676
-1.00278e-06
0.000669042
-1.04883e-06
0.000669433
-1.08583e-06
0.000669849
-1.11387e-06
0.000670288
-1.13309e-06
0.000670748
-1.14366e-06
0.000671227
-1.14581e-06
0.000671725
-1.13973e-06
0.00067224
-1.12569e-06
0.000672769
-1.10394e-06
0.000673311
-1.07474e-06
0.000673865
-1.03832e-06
0.00067443
-9.94968e-07
0.000675002
-9.44859e-07
0.000675581
-8.88238e-07
0.000676165
-8.25197e-07
0.000676751
-7.55947e-07
0.000677338
-6.80538e-07
0.000677925
-5.99186e-07
0.00067851
-5.1176e-07
0.000679091
-4.18478e-07
0.000679665
-3.1904e-07
0.000680232
-2.13691e-07
0.000680789
-1.01913e-07
0.000681333
1.70658e-08
0.000681864
1.43675e-07
0.000682378
2.77008e-07
0.000682873
4.18791e-07
0.000683348
5.68622e-07
0.000683799
7.28623e-07
0.000684223
8.97623e-07
0.00068462
1.0784e-06
0.000684985
1.2695e-06
0.000685317
1.47503e-06
0.000685612
1.6924e-06
0.000685867
1.92753e-06
0.000686079
2.17607e-06
0.000686245
2.4468e-06
0.00068636
2.73235e-06
0.000686424
3.04592e-06
0.000686427
3.37531e-06
0.000686372
3.74078e-06
0.000686247
4.12206e-06
0.000686055
4.55081e-06
0.000685782
4.99315e-06
0.000685434
5.49952e-06
0.000684991
6.01292e-06
0.000684464
6.61497e-06
0.000683826
7.20892e-06
7.92813e-06
0.000683096
0.000666686
-8.55077e-08
0.000666742
-2.51321e-07
0.000666838
-4.11529e-07
0.000666971
-5.64466e-07
0.000667143
-7.09362e-07
0.000667351
-8.45557e-07
0.000667595
-9.72487e-07
0.000667875
-1.08969e-06
0.000668188
-1.1968e-06
0.000668534
-1.29355e-06
0.000668911
-1.37976e-06
0.000669318
-1.45536e-06
0.000669752
-1.52033e-06
0.000670213
-1.57472e-06
0.000670699
-1.61866e-06
0.000671207
-1.6523e-06
0.000671737
-1.67584e-06
0.000672287
-1.68951e-06
0.000672855
-1.69355e-06
0.000673439
-1.68821e-06
0.000674038
-1.67375e-06
0.00067465
-1.65042e-06
0.000675274
-1.61848e-06
0.000675907
-1.57812e-06
0.000676548
-1.52958e-06
0.000677196
-1.47301e-06
0.000677849
-1.40861e-06
0.000678505
-1.33642e-06
0.000679162
-1.25653e-06
0.000679819
-1.16889e-06
0.000680474
-1.07354e-06
0.000681126
-9.70235e-07
0.000681771
-8.5891e-07
0.000682408
-7.39161e-07
0.000683036
-6.10913e-07
0.000683653
-4.73761e-07
0.000684258
-3.27678e-07
0.000684849
-1.72009e-07
0.000685425
-7.04519e-09
0.00068598
1.73043e-07
0.000686515
3.63079e-07
0.000687027
5.66147e-07
0.000687514
7.82903e-07
0.000687974
1.01486e-06
0.000688403
1.26262e-06
0.000688803
1.52804e-06
0.000689167
1.81216e-06
0.000689497
2.11707e-06
0.000689785
2.44401e-06
0.000690036
2.79532e-06
0.000690238
3.17274e-06
0.0006904
3.57904e-06
0.000690506
4.01633e-06
0.000690568
4.48813e-06
0.000690565
4.99638e-06
0.000690518
5.54635e-06
0.000690393
6.1383e-06
0.000690226
6.78164e-06
0.000689964
7.47091e-06
8.22414e-06
0.000689668
0.000666688
-1.07193e-07
0.000666754
-3.16956e-07
0.000666864
-5.21382e-07
0.000667018
-7.18198e-07
0.000667214
-9.06287e-07
0.000667454
-1.08468e-06
0.000667734
-1.25255e-06
0.000668053
-1.40921e-06
0.000668411
-1.55412e-06
0.000668804
-1.68691e-06
0.000669231
-1.80732e-06
0.000669691
-1.91521e-06
0.000670182
-2.01056e-06
0.0006707
-2.09344e-06
0.000671246
-2.16398e-06
0.000671816
-2.2224e-06
0.000672409
-2.26889e-06
0.000673023
-2.30374e-06
0.000673657
-2.3272e-06
0.000674308
-2.33959e-06
0.000674975
-2.34118e-06
0.000675657
-2.33226e-06
0.000676352
-2.3131e-06
0.000677058
-2.28396e-06
0.000677773
-2.24504e-06
0.000678497
-2.19656e-06
0.000679227
-2.13862e-06
0.000679962
-2.07137e-06
0.0006807
-1.9948e-06
0.00068144
-1.90898e-06
0.00068218
-1.81378e-06
0.000682919
-1.7092e-06
0.000683655
-1.59493e-06
0.000684387
-1.47102e-06
0.000685113
-1.33687e-06
0.000685832
-1.19247e-06
0.000686541
-1.03679e-06
0.000687239
-8.70002e-07
0.000687922
-6.90532e-07
0.000688594
-4.9902e-07
0.000689251
-2.93507e-07
0.000689893
-7.57469e-08
0.000690515
1.60958e-07
0.000691119
4.11099e-07
0.000691699
6.81827e-07
0.000692259
9.68374e-07
0.000692791
1.28007e-06
0.000693301
1.60732e-06
0.000693779
1.9657e-06
0.000694235
2.33938e-06
0.000694655
2.75311e-06
0.000695053
3.18063e-06
0.000695409
3.66058e-06
0.000695747
4.15014e-06
0.000696034
4.70928e-06
0.000696311
5.26985e-06
0.000696525
5.92411e-06
0.000696741
6.56554e-06
0.000696878
7.33414e-06
8.0652e-06
0.000697037
0.000666692
-1.32899e-07
0.00066677
-3.94847e-07
0.000666901
-6.51657e-07
0.000667083
-9.00186e-07
0.000667315
-1.1388e-06
0.000667596
-1.3661e-06
0.000667925
-1.58094e-06
0.000668298
-1.78243e-06
0.000668714
-1.96988e-06
0.00066917
-2.14278e-06
0.000669663
-2.30076e-06
0.000670192
-2.44372e-06
0.000670753
-2.57173e-06
0.000671344
-2.68499e-06
0.000671964
-2.78372e-06
0.00067261
-2.86823e-06
0.00067328
-2.93882e-06
0.000673972
-2.99585e-06
0.000674684
-3.03967e-06
0.000675416
-3.07068e-06
0.000676164
-3.08921e-06
0.000676927
-3.09564e-06
0.000677704
-3.09026e-06
0.000678494
-3.0734e-06
0.000679294
-3.04526e-06
0.000680103
-3.00615e-06
0.000680921
-2.9561e-06
0.000681745
-2.89542e-06
0.000682574
-2.82396e-06
0.000683407
-2.74202e-06
0.000684243
-2.6492e-06
0.000685079
-2.54589e-06
0.000685916
-2.43131e-06
0.000686751
-2.30603e-06
0.000687582
-2.16873e-06
0.00068841
-2.02036e-06
0.000689232
-1.85881e-06
0.000690048
-1.6858e-06
0.000690856
-1.49794e-06
0.000691655
-1.29823e-06
0.000692442
-1.08121e-06
0.000693219
-8.52279e-07
0.000693983
-6.03096e-07
0.000694737
-3.43181e-07
0.00069548
-6.0415e-08
0.000696208
2.40244e-07
0.000696916
5.71758e-07
0.000697614
9.09574e-07
0.00069829
1.28912e-06
0.000698959
1.6704e-06
0.000699604
2.10874e-06
0.000700245
2.53909e-06
0.000700858
3.04831e-06
0.000701475
3.53247e-06
0.000702057
4.1271e-06
0.000702659
4.66859e-06
0.000703215
5.36766e-06
0.000703812
5.9689e-06
0.000704349
6.79676e-06
7.45505e-06
0.000704959
0.000666698
-1.64388e-07
0.000666794
-4.9052e-07
0.000666954
-8.11435e-07
0.000667176
-1.12261e-06
0.000667459
-1.4216e-06
0.000667799
-1.70641e-06
0.000668194
-1.97548e-06
0.000668639
-2.22777e-06
0.000669132
-2.46283e-06
0.000669669
-2.68024e-06
0.000670248
-2.87886e-06
0.000670863
-3.05925e-06
0.000671513
-3.22177e-06
0.000672195
-3.36679e-06
0.000672906
-3.49469e-06
0.000673644
-3.60597e-06
0.000674406
-3.7011e-06
0.000675191
-3.78064e-06
0.000675996
-3.84507e-06
0.00067682
-3.89495e-06
0.000677662
-3.93069e-06
0.000678519
-3.95282e-06
0.00067939
-3.96165e-06
0.000680275
-3.95766e-06
0.00068117
-3.94102e-06
0.000682076
-3.91218e-06
0.000682991
-3.87112e-06
0.000683914
-3.81831e-06
0.000684844
-3.75344e-06
0.000685779
-3.6771e-06
0.000686718
-3.58858e-06
0.000687661
-3.48869e-06
0.000688606
-3.37614e-06
0.000689552
-3.25223e-06
0.000690498
-3.11478e-06
0.000691444
-2.96594e-06
0.000692387
-2.80216e-06
0.000693328
-2.6271e-06
0.000694266
-2.43503e-06
0.000695199
-2.23211e-06
0.000696127
-2.00919e-06
0.000697052
-1.77651e-06
0.000697968
-1.51927e-06
0.000698879
-1.25411e-06
0.000699775
-9.57169e-07
0.000700672
-6.55934e-07
0.000701556
-3.12238e-07
0.000702436
2.92355e-08
0.000703309
4.16268e-07
0.000704188
7.90744e-07
0.000705054
1.24356e-06
0.000705932
1.66039e-06
0.000706793
2.18757e-06
0.000707681
2.64436e-06
0.000708547
3.26127e-06
0.000709461
3.75499e-06
0.000710343
4.48518e-06
0.000711301
5.01142e-06
0.000712209
5.88795e-06
6.43306e-06
0.000713231
0.000666708
-2.05521e-07
0.000666832
-6.14464e-07
0.000667037
-1.01683e-06
0.000667321
-1.40615e-06
0.000667678
-1.77879e-06
0.000668103
-2.13196e-06
0.000668592
-2.46374e-06
0.000669137
-2.77305e-06
0.000669734
-3.0595e-06
0.000670376
-3.32312e-06
0.000671062
-3.5642e-06
0.000671786
-3.78325e-06
0.000672545
-3.98086e-06
0.000673336
-4.15772e-06
0.000674156
-4.31454e-06
0.000675002
-4.45211e-06
0.000675872
-4.57118e-06
0.000676764
-4.67258e-06
0.000677676
-4.75699e-06
0.000678606
-4.82516e-06
0.000679553
-4.87766e-06
0.000680515
-4.91516e-06
0.000681492
-4.93805e-06
0.000682481
-4.94695e-06
0.000683482
-4.94205e-06
0.000684494
-4.92394e-06
0.000685515
-4.89254e-06
0.000686545
-4.8485e-06
0.000687583
-4.79139e-06
0.000688628
-4.722e-06
0.000689679
-4.6394e-06
0.000690735
-4.54476e-06
0.000691795
-4.43638e-06
0.000692859
-4.31616e-06
0.000693926
-4.18117e-06
0.000694994
-4.03461e-06
0.000696064
-3.87165e-06
0.000697134
-3.69765e-06
0.000698204
-3.50473e-06
0.000699274
-3.30189e-06
0.000700341
-3.07635e-06
0.000701408
-2.84305e-06
0.00070247
-2.58146e-06
0.000703532
-2.31628e-06
0.000704589
-2.01475e-06
0.000705651
-1.7172e-06
0.00070671
-1.37135e-06
0.000707781
-1.04231e-06
0.000708845
-6.47572e-07
0.000709927
-2.91133e-07
0.000711005
1.65302e-07
0.000712103
5.63137e-07
0.000713191
1.09964e-06
0.00071432
1.51458e-06
0.000715443
2.13888e-06
0.000716632
2.56577e-06
0.00071781
3.30729e-06
0.000719089
3.73193e-06
0.00072035
4.62768e-06
5.02148e-06
0.000721761
0.000666724
-2.62432e-07
0.000666898
-7.8849e-07
0.000667181
-1.30033e-06
0.000667566
-1.79111e-06
0.000668042
-2.25498e-06
0.000668599
-2.68843e-06
0.000669225
-3.09014e-06
0.000669912
-3.46032e-06
0.000670653
-3.8e-06
0.00067144
-4.11048e-06
0.000672269
-4.39301e-06
0.000673135
-4.64877e-06
0.000674033
-4.87889e-06
0.000674959
-5.08458e-06
0.000675912
-5.26707e-06
0.000676888
-5.42762e-06
0.000677884
-5.56747e-06
0.000678899
-5.68775e-06
0.000679931
-5.78948e-06
0.00068098
-5.87359e-06
0.000682043
-5.94087e-06
0.00068312
-5.99208e-06
0.00068421
-6.0278e-06
0.000685311
-6.04864e-06
0.000686424
-6.05499e-06
0.000687548
-6.04734e-06
0.000688681
-6.02582e-06
0.000689824
-5.99093e-06
0.000690975
-5.94243e-06
0.000692134
-5.88095e-06
0.0006933
-5.80576e-06
0.000694473
-5.71784e-06
0.000695652
-5.6157e-06
0.000696837
-5.50104e-06
0.000698027
-5.37115e-06
0.000699222
-5.2291e-06
0.00070042
-5.07014e-06
0.000701622
-4.89981e-06
0.000702827
-4.70995e-06
0.000704036
-4.51037e-06
0.000705247
-4.28726e-06
0.000706461
-4.05764e-06
0.000707678
-3.7984e-06
0.000708901
-3.5384e-06
0.000710125
-3.23925e-06
0.000711357
-2.94905e-06
0.00071259
-2.60467e-06
0.000713833
-2.2853e-06
0.000715074
-1.88819e-06
0.000716325
-1.54257e-06
0.000717573
-1.08202e-06
0.000718851
-7.15279e-07
0.000720123
-1.72768e-07
0.000721445
1.92887e-07
0.000722783
8.00912e-07
0.000724197
1.15149e-06
0.000725619
1.88569e-06
0.000727155
2.19605e-06
0.000728686
3.09665e-06
3.33419e-06
0.000730373
0.000666738
-3.33302e-07
0.000666967
-1.01815e-06
0.000667352
-1.685e-06
0.000667874
-2.31316e-06
0.000668512
-2.89347e-06
0.000669247
-3.42311e-06
0.000670061
-3.90373e-06
0.000670939
-4.3391e-06
0.000671873
-4.73323e-06
0.000672852
-5.08948e-06
0.000673869
-5.41051e-06
0.000674919
-5.69852e-06
0.000675996
-5.95567e-06
0.000677095
-6.18411e-06
0.000678214
-6.38606e-06
0.00067935
-6.56352e-06
0.000680501
-6.71842e-06
0.000681666
-6.85224e-06
0.000682843
-6.96643e-06
0.000684031
-7.06204e-06
0.00068523
-7.14021e-06
0.00068644
-7.20161e-06
0.000687659
-7.24721e-06
0.000688888
-7.27736e-06
0.000690126
-7.29289e-06
0.000691372
-7.29385e-06
0.000692628
-7.28098e-06
0.000693891
-7.254e-06
0.000695162
-7.21362e-06
0.00069644
-7.1593e-06
0.000697726
-7.0917e-06
0.000699018
-7.01005e-06
0.000700318
-6.91496e-06
0.000701622
-6.80556e-06
0.000702933
-6.68223e-06
0.000704248
-6.54428e-06
0.00070557
-6.3915e-06
0.000706894
-6.22399e-06
0.000708224
-6.04014e-06
0.000709556
-5.84196e-06
0.000710893
-5.62498e-06
0.000712231
-5.39518e-06
0.000713575
-5.1425e-06
0.000714917
-4.88057e-06
0.000716267
-4.58901e-06
0.000717613
-4.29546e-06
0.00071897
-3.96121e-06
0.000720323
-3.63862e-06
0.000721692
-3.25715e-06
0.000723061
-2.91143e-06
0.000724456
-2.47695e-06
0.00072586
-2.11911e-06
0.000727311
-1.62356e-06
0.000728776
-1.27268e-06
0.000730283
-7.05969e-07
0.000731828
-3.9393e-07
0.000733438
2.76484e-07
0.000735114
5.1977e-07
0.000736874
1.33698e-06
1.42248e-06
0.000738785
0.000666853
-5.19949e-07
0.000667307
-1.47184e-06
0.000667969
-2.34723e-06
0.000668792
-3.13624e-06
0.000669734
-3.83476e-06
0.000670761
-4.45047e-06
0.000671853
-4.99568e-06
0.000672995
-5.48155e-06
0.000674178
-5.91598e-06
0.000675393
-6.30397e-06
0.000676631
-6.64917e-06
0.000677888
-6.95495e-06
0.000679157
-7.225e-06
0.000680436
-7.4629e-06
0.000681722
-7.67212e-06
0.000683014
-7.85541e-06
0.000684311
-8.01521e-06
0.000685612
-8.15323e-06
0.000686916
-8.27118e-06
0.000688224
-8.37012e-06
0.000689536
-8.45147e-06
0.00069085
-8.51579e-06
0.000692167
-8.56437e-06
0.000693487
-8.59723e-06
0.00069481
-8.61566e-06
0.000696135
-8.61909e-06
0.000697463
-8.60901e-06
0.000698793
-8.58413e-06
0.000700126
-8.54641e-06
0.00070146
-8.49362e-06
0.000702797
-8.42857e-06
0.000704135
-8.34769e-06
0.000705475
-8.25513e-06
0.000706815
-8.14546e-06
0.000708157
-8.02487e-06
0.000709498
-7.8853e-06
0.000710843
-7.73592e-06
0.000712184
-7.56496e-06
0.00071353
-7.38594e-06
0.000714869
-7.18187e-06
0.000716217
-6.97235e-06
0.000717555
-6.73333e-06
0.000718905
-6.49263e-06
0.000720241
-6.21689e-06
0.000721597
-5.94465e-06
0.000722932
-5.63075e-06
0.000724298
-5.32694e-06
0.000725634
-4.97411e-06
0.000727015
-4.63889e-06
0.000728352
-4.24771e-06
0.000729756
-3.88116e-06
0.000731092
-3.45521e-06
0.000732525
-3.05709e-06
0.000733859
-2.60671e-06
0.00073533
-2.17608e-06
0.000736662
-1.72594e-06
0.000738197
-1.25861e-06
0.000739579
-8.62082e-07
0.000741256
-3.40491e-07
-1.00389e-07
0.000742779
0.00066695
-8.0361e-07
0.000667817
-2.33847e-06
0.000669056
-3.58646e-06
0.000670481
-4.56138e-06
0.000671984
-5.33764e-06
0.000673518
-5.98403e-06
0.000675064
-6.54223e-06
0.000676613
-7.03064e-06
0.000678154
-7.45638e-06
0.000679674
-7.82394e-06
0.000681164
-8.13902e-06
0.000682617
-8.40865e-06
0.000684032
-8.63993e-06
0.000685408
-8.83883e-06
0.000686746
-9.00981e-06
0.000688046
-9.15593e-06
0.000689311
-9.27951e-06
0.00069054
-9.38226e-06
0.000691734
-9.46584e-06
0.000692896
-9.53147e-06
0.000694025
-9.58046e-06
0.000695123
-9.61355e-06
0.00069619
-9.63179e-06
0.000697228
-9.63538e-06
0.000698238
-9.6253e-06
0.00069922
-9.60124e-06
0.000700175
-9.56435e-06
0.000701105
-9.5137e-06
0.000702009
-9.45086e-06
0.00070289
-9.37404e-06
0.000703747
-9.28564e-06
0.000704582
-9.18252e-06
0.000705395
-9.06859e-06
0.000706188
-8.93859e-06
0.000706962
-8.79895e-06
0.000707718
-8.64104e-06
0.000708458
-8.47549e-06
0.000709181
-8.28822e-06
0.000709892
-8.09675e-06
0.000710588
-7.87815e-06
0.000711277
-7.66125e-06
0.000711952
-7.40869e-06
0.000712627
-7.16777e-06
0.000713288
-6.8776e-06
0.000713959
-6.61558e-06
0.000714611
-6.28254e-06
0.000715289
-6.0048e-06
0.000715935
-5.62092e-06
0.000716633
-5.3368e-06
0.000717275
-4.88978e-06
0.000718009
-4.61483e-06
0.00071864
-4.08574e-06
0.000719428
-3.84504e-06
0.000720027
-3.2059e-06
0.000720888
-3.03769e-06
0.000721416
-2.2534e-06
0.000722365
-2.20786e-06
0.000722769
-1.26645e-06
0.000723815
-1.38566e-06
-3.60168e-07
0.000724074
0.000667556
-1.69254e-06
0.00066912
-3.90243e-06
0.000670853
-5.31983e-06
0.000672525
-6.23352e-06
0.000674057
-6.86956e-06
0.000675436
-7.36266e-06
0.000676657
-7.76327e-06
0.000677711
-8.08449e-06
0.000678586
-8.33233e-06
0.000679278
-8.51582e-06
0.000679787
-8.64729e-06
0.000680117
-8.73908e-06
0.000680278
-8.8009e-06
0.000680278
-8.83913e-06
0.000680126
-8.85768e-06
0.000679829
-8.8591e-06
0.000679395
-8.84534e-06
0.000678831
-8.81806e-06
0.000678144
-8.77872e-06
0.000677341
-8.72853e-06
0.000676429
-8.66842e-06
0.000675414
-8.59912e-06
0.000674304
-8.52119e-06
0.000673104
-8.43505e-06
0.000671819
-8.34105e-06
0.000670457
-8.23941e-06
0.000669023
-8.13039e-06
0.000667524
-8.01406e-06
0.000665964
-7.89062e-06
0.000664349
-7.75995e-06
0.000662686
-7.62234e-06
0.000660981
-7.47738e-06
0.000659238
-7.32561e-06
0.000657466
-7.16612e-06
0.000655667
-7.00005e-06
0.000653851
-6.82561e-06
0.000652021
-6.64508e-06
0.000650188
-6.45507e-06
0.000648351
-6.26003e-06
0.000646526
-6.05364e-06
0.00064471
-5.84436e-06
0.000642921
-5.62051e-06
0.000641151
-5.39783e-06
0.000639429
-5.15488e-06
0.000637734
-4.92056e-06
0.000636107
-4.65569e-06
0.000634515
-4.41299e-06
0.000633015
-4.1208e-06
0.000631554
-3.8754e-06
0.000630208
-3.54451e-06
0.000628901
-3.30717e-06
0.000627726
-2.9114e-06
0.000626588
-2.70673e-06
0.00062556
-2.17829e-06
0.000624596
-2.07335e-06
0.000623538
-1.19572e-06
0.000622779
-1.44821e-06
0.000621269
2.43293e-07
0.000621038
-1.15493e-06
3.1661e-06
0.000617512
0.000664974
0.000661072
0.000655752
0.000649518
0.000642649
0.000635286
0.000627523
0.000619438
0.000611106
0.00060259
0.000593943
0.000585204
0.000576403
0.000567564
0.000558706
0.000549847
0.000541002
0.000532184
0.000523405
0.000514676
0.000506008
0.000497409
0.000488888
0.000480453
0.000472112
0.000463872
0.000455742
0.000447728
0.000439837
0.000432077
0.000424455
0.000416977
0.000409652
0.000402486
0.000395486
0.00038866
0.000382015
0.00037556
0.0003693
0.000363246
0.000357402
0.000351781
0.000346384
0.000341229
0.000336308
0.000331652
0.000327239
0.000323119
0.000319243
0.000315699
0.000312392
0.00030948
0.000306773
0.000304595
0.000302522
0.000301326
0.000299878
0.000300121
0.000298966
0.000302132
0.000378332
-0.000191079
0.00044792
-0.000218828
0.000500705
-0.000242585
0.000539083
-0.000262078
0.000564782
-0.000277567
0.00057902
-0.000289275
0.000582862
-0.000297368
0.000577441
-0.000302101
0.000564092
-0.000303949
0.000544323
-0.000303482
0.000519857
-0.000301543
0.00049274
-0.000299143
0.000464977
-0.000297377
0.000438271
-0.00029744
-0.000300051
0.000643077
-0.000236444
0.000673236
-0.000248987
0.000689746
-0.000259094
0.00069412
-0.000266453
0.000687475
-0.000270922
0.000670848
-0.000272648
0.000645731
-0.000272251
0.000613982
-0.000270352
0.000578221
-0.000268188
0.000541258
-0.000266518
0.000505854
-0.000266139
0.000474247
-0.000267535
0.000447814
-0.000270944
0.000426375
-0.000276001
0.000408144
-0.000281821
0.000390447
-0.000287172
0.000370248
-0.000290362
0.000346414
-0.000291508
0.000319414
-0.000291533
0.000292369
-0.000292465
0.000268603
-0.000298112
0.000245597
-0.000305907
0.000220047
-0.000310977
0.000193205
-0.000315982
0.000165891
-0.000324569
0.00013739
-0.000334389
0.00010812
-0.000348898
7.40224e-05
-0.000363949
3.92639e-05
-0.000394896
-0.00037088
0.000704202
-0.000234591
0.000693159
-0.000237944
0.000674026
-0.000239962
0.000648589
-0.000241016
0.000619041
-0.000241373
0.000587784
-0.000241391
0.000557181
-0.000241648
0.000529564
-0.000242735
0.000506337
-0.000244962
0.00048794
-0.000248121
0.000473726
-0.000251926
0.000462124
-0.000255933
0.000450836
-0.000259656
0.000437275
-0.00026244
0.000419389
-0.000263935
0.000396195
-0.000263977
0.000368908
-0.000263075
0.000340169
-0.00026277
0.000313349
-0.000264714
0.00029084
-0.000269956
0.000270017
-0.000277288
0.000245879
-0.000281769
0.000219088
-0.000284187
0.0001926
-0.000289494
0.000165735
-0.000297704
0.000137703
-0.000306357
0.000107499
-0.000318694
7.47234e-05
-0.000331174
3.9217e-05
-0.00035939
-0.000331663
0.000708762
-0.000217047
0.000689006
-0.000218189
0.000668172
-0.000219127
0.000647285
-0.00022013
0.000627296
-0.000221384
0.000608818
-0.000222913
0.000591889
-0.000224719
0.000575907
-0.000226752
0.000559766
-0.000228821
0.000542285
-0.00023064
0.000522293
-0.000231934
0.000498962
-0.000232602
0.000472032
-0.000232726
0.000442129
-0.000232536
0.000410725
-0.000232531
0.000380057
-0.00023331
0.000352628
-0.000235646
0.000329627
-0.000239769
0.0003102
-0.000245287
0.000291024
-0.00025078
0.000267678
-0.000253942
0.000240637
-0.000254727
0.000214034
-0.000257584
0.000188559
-0.000264019
0.000162027
-0.000271171
0.000133943
-0.000278273
0.000103875
-0.000288625
7.22181e-05
-0.000299517
3.69519e-05
-0.000324124
-0.000294711
0.000702628
-0.000196474
0.000681863
-0.000197423
0.000661025
-0.000198289
0.000640101
-0.000199206
0.000618948
-0.00020023
0.000597354
-0.000201319
0.000575032
-0.000202397
0.000551676
-0.000203396
0.000527149
-0.000204294
0.000501616
-0.000205107
0.000475646
-0.000205964
0.000450087
-0.000207043
0.000425955
-0.000208594
0.000404132
-0.000210714
0.00038499
-0.000213389
0.000368227
-0.000216546
0.000352491
-0.00021991
0.000335637
-0.000222914
0.000315399
-0.000225049
0.000290539
-0.00022592
0.000262657
-0.000226061
0.000235809
-0.000227879
0.000211437
-0.000233212
0.000186786
-0.000239367
0.000160065
-0.00024445
0.000132006
-0.000250215
0.000102384
-0.000259003
7.12141e-05
-0.000268348
3.60347e-05
-0.000288944
-0.000258676
0.000695019
-0.00017588
0.000674362
-0.000176766
0.000653683
-0.00017761
0.00063295
-0.000178473
0.000612112
-0.000179393
0.000591172
-0.000180378
0.000570194
-0.00018142
0.000549311
-0.000182513
0.000528695
-0.000183678
0.000508536
-0.000184948
0.000488939
-0.000186367
0.000469823
-0.000187926
0.000450822
-0.000189593
0.000431363
-0.000191255
0.000410748
-0.000192774
0.000388177
-0.000193976
0.000363148
-0.000194881
0.000335797
-0.000195564
0.00030708
-0.000196331
0.000278913
-0.000197754
0.000253488
-0.000200636
0.000230927
-0.000205318
0.000208231
-0.000210516
0.000182841
-0.000213978
0.000155634
-0.000217243
0.00012784
-0.00022242
9.8795e-05
-0.000229958
6.82288e-05
-0.000237781
3.38288e-05
-0.000254544
-0.000224847
0.000687518
-0.00015553
0.000667111
-0.000156359
0.000646642
-0.00015714
0.000626093
-0.000157924
0.000605444
-0.000158744
0.000584675
-0.00015961
0.000563774
-0.000160518
0.000542722
-0.000161462
0.000521479
-0.000162435
0.000499962
-0.000163432
0.000478041
-0.000164445
0.000455573
-0.000165459
0.000432441
-0.000166461
0.000408634
-0.000167448
0.000384329
-0.000168469
0.000359953
-0.0001696
0.000336103
-0.000171031
0.000313398
-0.000172859
0.000292218
-0.000175151
0.000272355
-0.000177891
0.000252604
-0.000180885
0.000230887
-0.000183602
0.000205829
-0.000185457
0.000178775
-0.000186924
0.000151769
-0.000190237
0.000124709
-0.000195361
9.62328e-05
-0.000201482
6.61175e-05
-0.000207666
3.24277e-05
-0.000220855
-0.00019242
0.000680279
-0.000135402
0.00066005
-0.00013613
0.000639731
-0.000136822
0.00061932
-0.000137513
0.000598803
-0.000138227
0.000578168
-0.000138975
0.000557407
-0.000139757
0.000536513
-0.000140568
0.000515486
-0.000141407
0.000494328
-0.000142274
0.000473056
-0.000143173
0.000451708
-0.000144111
0.00043035
-0.000145103
0.00040907
-0.000146168
0.000387932
-0.00014733
0.000366934
-0.000148602
0.000345891
-0.000149987
0.000324469
-0.000151437
0.00030221
-0.000152893
0.000278532
-0.000154212
0.000253046
-0.000155398
0.000225999
-0.000156555
0.000198628
-0.000158085
0.000172432
-0.000160728
0.000147068
-0.000164873
0.000120739
-0.000169033
9.25854e-05
-0.000173328
6.29865e-05
-0.000178067
3.03895e-05
-0.000188258
-0.00016203
0.00067338
-0.000115415
0.000653286
-0.000116036
0.000633092
-0.000116628
0.000612795
-0.000117216
0.000592387
-0.00011782
0.000571859
-0.000118447
0.0005512
-0.000119098
0.000530404
-0.000119771
0.000509461
-0.000120465
0.000488365
-0.000121178
0.000467105
-0.000121913
0.000445667
-0.000122673
0.000424026
-0.000123462
0.000402138
-0.00012428
0.000379939
-0.000125132
0.000357348
-0.000126011
0.00033428
-0.000126919
0.000310701
-0.000127858
0.00028667
-0.000128861
0.000262433
-0.000129976
0.000238369
-0.000131334
0.00021483
-0.000133017
0.000191899
-0.000135154
0.000168836
-0.000137665
0.000144183
-0.00014022
0.000117498
-0.000142347
8.94249e-05
-0.000145255
6.04011e-05
-0.000149043
2.88277e-05
-0.000156684
-0.000133203
0.00066698
-9.55371e-05
0.000646983
-9.60397e-05
0.000626879
-9.65227e-05
0.000606665
-9.70019e-05
0.000586335
-9.74898e-05
0.000565881
-9.79923e-05
0.000545293
-9.85104e-05
0.000524564
-9.9043e-05
0.000503689
-9.95895e-05
0.000482661
-0.00010015
0.000461474
-0.000100726
0.000440121
-0.00010132
0.000418594
-0.000101935
0.000396886
-0.000102573
0.000374995
-0.000103241
0.000352928
-0.000103943
0.000330702
-0.000104693
0.000308344
-0.0001055
0.000285872
-0.000106389
0.000263262
-0.000107366
0.000240383
-0.000108455
0.000216996
-0.000109629
0.000192735
-0.000110894
0.000167206
-0.000112135
0.000140432
-0.000113446
0.000113164
-0.000115078
8.5697e-05
-0.000117789
5.75267e-05
-0.000120873
2.70967e-05
-0.000126254
-0.000106106
0.000661261
-7.57301e-05
0.000641334
-7.61126e-05
0.000621293
-7.64823e-05
0.000601139
-7.68472e-05
0.000580864
-7.72151e-05
0.000560462
-7.75902e-05
0.000539925
-7.79737e-05
0.000519248
-7.83654e-05
0.000498423
-7.87651e-05
0.000477446
-7.91726e-05
0.000456309
-7.95892e-05
0.000435005
-8.00152e-05
0.000413523
-8.04534e-05
0.000391855
-8.09044e-05
0.000369987
-8.13729e-05
0.000347904
-8.186e-05
0.000325583
-8.23729e-05
0.000302995
-8.29117e-05
0.000280092
-8.34867e-05
0.000256821
-8.40946e-05
0.00023312
-8.47541e-05
0.000208954
-8.54632e-05
0.000184331
-8.62709e-05
0.000159375
-8.71798e-05
0.00013426
-8.83311e-05
0.000108938
-8.97567e-05
8.27915e-05
-9.16419e-05
5.53121e-05
-9.33936e-05
2.56729e-05
-9.66151e-05
-8.0433e-05
0.000656471
-5.59696e-05
0.000636589
-5.62305e-05
0.00061659
-5.64836e-05
0.000596474
-5.6731e-05
0.000576235
-5.69763e-05
0.000555868
-5.72225e-05
0.000535365
-5.74711e-05
0.000514721
-5.77219e-05
0.000493931
-5.7975e-05
0.000472988
-5.82298e-05
0.000451886
-5.84868e-05
0.000430617
-5.8746e-05
0.000409172
-5.90088e-05
0.000387543
-5.92754e-05
0.000365719
-5.95485e-05
0.000343687
-5.98282e-05
0.000321433
-6.0119e-05
0.000298942
-6.04208e-05
0.000276197
-6.07414e-05
0.000253183
-6.10808e-05
0.000229883
-6.14541e-05
0.00020628
-6.18597e-05
0.000182334
-6.23252e-05
0.000157995
-6.28407e-05
0.000133131
-6.34676e-05
0.000107534
-6.41595e-05
8.09288e-05
-6.50366e-05
5.33848e-05
-6.58496e-05
2.44364e-05
-6.76667e-05
-5.59966e-05
0.000652855
-3.62406e-05
0.000633002
-3.63783e-05
0.00061303
-3.65109e-05
0.000592935
-3.66365e-05
0.000572716
-3.67567e-05
0.000552366
-3.68731e-05
0.000531882
-3.69866e-05
0.000511257
-3.7097e-05
0.000490486
-3.72039e-05
0.000469563
-3.73065e-05
0.00044848
-3.74047e-05
0.000427232
-3.74979e-05
0.00040581
-3.75867e-05
0.000384205
-3.76705e-05
0.000362407
-3.77503e-05
0.000340404
-3.78255e-05
0.000318183
-3.78979e-05
0.000295729
-3.79665e-05
0.000273023
-3.80351e-05
0.000250044
-3.81017e-05
0.000226763
-3.81731e-05
0.000203148
-3.8245e-05
0.000179154
-3.83309e-05
0.000154735
-3.84223e-05
0.000129818
-3.85507e-05
0.000104344
-3.86854e-05
7.8208e-05
-3.89005e-05
5.14173e-05
-3.90589e-05
2.3422e-05
-3.96715e-05
-3.25746e-05
0.000650641
-1.65153e-05
0.000630798
-1.65358e-05
0.000610835
-1.65476e-05
0.000590748
-1.65499e-05
0.000570535
-1.65436e-05
0.000550192
-1.65295e-05
0.000529713
-1.65079e-05
0.000509094
-1.64781e-05
0.000488329
-1.6439e-05
0.000467412
-1.63896e-05
0.000446337
-1.63291e-05
0.000425096
-1.62568e-05
0.000403681
-1.61723e-05
0.000382085
-1.60744e-05
0.000360297
-1.59626e-05
0.000338307
-1.58354e-05
0.000316102
-1.56925e-05
0.000293667
-1.55318e-05
0.000270985
-1.53532e-05
0.000248037
-1.51538e-05
0.000224798
-1.49335e-05
0.000201241
-1.46884e-05
0.00017733
-1.44193e-05
0.000153027
-1.41192e-05
0.000128266
-1.379e-05
0.000102996
-1.34157e-05
7.71006e-05
-1.30049e-05
5.05591e-05
-1.25174e-05
2.29261e-05
-1.20384e-05
-9.64849e-06
0.000649988
3.20357e-06
0.000630147
3.30492e-06
0.000610183
3.41696e-06
0.000590093
3.5403e-06
0.000569874
3.67458e-06
0.000549525
3.81984e-06
0.00052904
3.97697e-06
0.000508415
4.14749e-06
0.000487643
4.33296e-06
0.000466718
4.53479e-06
0.000445635
4.75409e-06
0.000424386
4.99201e-06
0.000402964
5.24988e-06
0.00038136
5.52934e-06
0.000359565
5.83245e-06
0.000337568
6.16139e-06
0.000315357
6.51893e-06
0.000292917
6.90778e-06
0.000270232
7.3319e-06
0.000247284
7.79482e-06
0.000224047
8.30299e-06
0.000200498
8.8609e-06
0.000176599
9.47965e-06
0.000152316
1.01636e-05
0.000127591
1.09354e-05
0.000102378
1.17966e-05
7.65656e-05
1.2808e-05
5.01335e-05
1.39147e-05
2.26734e-05
1.54217e-05
1.30249e-05
0.000650995
2.2934e-05
0.000631142
2.31581e-05
0.000611163
2.33957e-05
0.000591057
2.36459e-05
0.000570823
2.39088e-05
0.000550457
2.41858e-05
0.000529955
2.44793e-05
0.000509311
2.47915e-05
0.000488519
2.51245e-05
0.000467574
2.54798e-05
0.000446469
2.5859e-05
0.000425198
2.62636e-05
0.000403752
2.66958e-05
0.000382123
2.71579e-05
0.000360302
2.76535e-05
0.000338278
2.81855e-05
0.000316038
2.87591e-05
0.000293568
2.93779e-05
0.00027085
3.00493e-05
0.000247867
3.07778e-05
0.000224595
3.15759e-05
0.000201007
3.24488e-05
0.000177066
3.34202e-05
0.000152737
3.44928e-05
0.00012796
3.5712e-05
0.000102695
3.70625e-05
7.68214e-05
3.86812e-05
5.03161e-05
4.04199e-05
2.27512e-05
4.29866e-05
3.57761e-05
0.00065364
4.26878e-05
0.000633762
4.30366e-05
0.000613757
4.34005e-05
0.000593625
4.37779e-05
0.000573364
4.41699e-05
0.00055297
4.45796e-05
0.000532439
4.50106e-05
0.000511764
4.54659e-05
0.000490941
4.5948e-05
0.000469962
4.64584e-05
0.000448822
4.69992e-05
0.000427513
4.75722e-05
0.000406028
4.81807e-05
0.000384358
4.88278e-05
0.000362493
4.95186e-05
0.000340422
5.02568e-05
0.000318131
5.105e-05
0.000295606
5.19029e-05
0.000272828
5.28272e-05
0.000249778
5.3828e-05
0.00022643
5.49242e-05
0.000202759
5.61194e-05
0.000178731
5.74481e-05
0.000154312
5.89124e-05
0.000129436
6.0588e-05
0.000104058
6.24403e-05
7.80271e-05
6.47119e-05
5.1258e-05
6.7189e-05
2.32446e-05
7.10001e-05
5.90207e-05
0.000657798
6.24759e-05
0.000637882
6.29527e-05
0.000617839
6.34433e-05
0.00059767
6.39473e-05
0.000577372
6.44682e-05
0.00055694
6.50112e-05
0.000536369
6.55813e-05
0.000515654
6.61817e-05
0.000494787
6.6815e-05
0.000473762
6.74827e-05
0.000452574
6.81873e-05
0.000431215
6.89312e-05
0.000409677
6.97189e-05
0.00038795
7.05543e-05
0.000366025
7.14444e-05
0.000343888
7.23936e-05
0.000321526
7.34122e-05
0.000298923
7.45058e-05
0.000276059
7.56914e-05
0.000252909
7.69779e-05
0.000229437
7.83961e-05
0.0002056
7.99563e-05
0.00018134
8.17079e-05
0.000156605
8.36475e-05
0.000131328
8.58649e-05
0.000105549
8.82192e-05
7.92538e-05
9.10073e-05
5.23225e-05
9.41202e-05
2.3919e-05
9.94036e-05
8.29397e-05
0.000663261
8.23103e-05
0.000643296
8.29182e-05
0.000623204
8.35353e-05
0.000602986
8.4165e-05
0.00058264
8.48144e-05
0.00056216
8.54914e-05
0.000541539
8.62021e-05
0.000520771
8.69497e-05
0.000499849
8.77366e-05
0.000478768
8.8564e-05
0.00045752
8.94349e-05
0.000436099
9.03523e-05
0.000414496
9.13223e-05
0.0003927
9.23498e-05
0.000370701
9.34436e-05
0.000348485
9.46094e-05
0.000326038
9.58592e-05
0.000303347
9.71971e-05
0.000280399
9.86389e-05
0.000257192
0.000100185
0.000233721
0.000101867
0.000209976
0.000103702
0.000185896
0.000105788
0.000161372
0.000108171
0.000136107
0.00011113
0.000109802
0.000114525
8.24666e-05
0.000118342
5.44655e-05
0.000122121
2.50972e-05
0.000128772
0.000108037
0.000669772
0.000102207
0.000649743
0.000102947
0.000629589
0.00010369
0.00060931
0.000104443
0.000588904
0.000105221
0.000568363
0.000106032
0.00054768
0.000106885
0.000526848
0.000107782
0.00050586
0.000108725
0.00048471
0.000109714
0.000463392
0.000110753
0.000441898
0.000111847
0.000420217
0.000113003
0.00039834
0.000114227
0.000376252
0.000115532
0.000353933
0.000116928
0.000331354
0.000118438
0.000308472
0.00012008
0.000285221
0.00012189
0.00026153
0.000123876
0.000237338
0.000126059
0.000212654
0.000128385
0.000187609
0.000130833
0.000162542
0.000133237
0.000137564
0.000136109
0.000112102
0.000139987
8.52558e-05
0.000145189
5.69605e-05
0.000150417
2.65719e-05
0.000159161
0.000134609
0.00067706
0.000122183
0.00065695
0.000123057
0.000636717
0.000123923
0.000616363
0.000124798
0.000595882
0.000125702
0.000575266
0.000126647
0.000554508
0.000127643
0.000533599
0.000128691
0.000512533
0.000129791
0.000491302
0.000130944
0.000469901
0.000132154
0.000448324
0.000133424
0.000426563
0.000134764
0.000404613
0.000136176
0.00038248
0.000137666
0.000360179
0.000139229
0.000337746
0.000140871
0.000315225
0.000142601
0.000292629
0.000144486
0.00026989
0.000146615
0.000246751
0.000149199
0.000222854
0.000152281
0.000197686
0.000156001
0.000170974
0.00015995
0.000143476
0.000163606
0.000116089
0.000167374
8.83408e-05
0.000172937
5.9452e-05
0.000179305
2.80374e-05
0.000190575
0.000162646
0.000684872
0.00014227
0.00066466
0.000143269
0.000644328
0.000144254
0.000623878
0.000145248
0.000603304
0.000146276
0.000582597
0.000147354
0.000561748
0.000148492
0.000540749
0.000149691
0.000519591
0.000150949
0.000498267
0.000152268
0.000476766
0.000153655
0.000455068
0.000155122
0.000433143
0.000156689
0.000410932
0.000158387
0.000388353
0.000160244
0.000365311
0.000162272
0.000341715
0.000164466
0.000317551
0.000166764
0.000292963
0.000169074
0.000268373
0.000171205
0.000244269
0.000173303
0.000221009
0.000175542
0.000198296
0.000178714
0.000174609
0.000183637
0.000148627
0.000189588
0.000120975
0.000195026
9.23472e-05
0.000201564
6.26283e-05
0.000209024
2.99526e-05
0.000223251
0.000192599
0.000693005
0.000162497
0.000672656
0.000163618
0.000652198
0.000164712
0.000631628
0.000165818
0.000610936
0.000166967
0.00059011
0.00016818
0.000569142
0.00016946
0.000548026
0.000170807
0.000526763
0.000172212
0.000505359
0.000173672
0.00048384
0.000175174
0.000462258
0.000176703
0.000440699
0.000178249
0.000419261
0.000179825
0.000398
0.000181505
0.000376895
0.000183377
0.000355675
0.000185687
0.000333867
0.000188571
0.000310913
0.000192028
0.00028617
0.000195948
0.000259406
0.000200067
0.000231347
0.000203601
0.000203917
0.000206144
0.000178086
0.000209467
0.000152249
0.000215425
0.00012484
0.000222435
9.57749e-05
0.00023063
6.53498e-05
0.000239449
3.15506e-05
0.00025705
0.000224149
0.000701322
0.000182936
0.000680801
0.000184138
0.000660196
0.000185318
0.000639489
0.000186524
0.000618664
0.000187793
0.0005977
0.000189143
0.000576584
0.000190576
0.000555295
0.000192096
0.00053378
0.000193727
0.000511944
0.000195508
0.000489639
0.00019748
0.000466715
0.000199627
0.000443049
0.000201915
0.000418657
0.000204218
0.000393787
0.000206375
0.000368993
0.000208171
0.000344984
0.000209695
0.000322436
0.00021112
0.00030159
0.000212874
0.000281915
0.000215623
0.00026171
0.000220272
0.000238496
0.000226815
0.00021187
0.00023277
0.000184335
0.000237003
0.000157163
0.000242597
0.000129338
0.00025026
9.98598e-05
0.000260108
6.88045e-05
0.000270505
3.37997e-05
0.000292055
0.000257949
0.000709702
0.000203607
0.000688946
0.000204894
0.00066814
0.000206125
0.00064725
0.000207414
0.000626233
0.00020881
0.000605098
0.000210278
0.000583922
0.000211753
0.000562852
0.000213166
0.000542088
0.000214491
0.000521822
0.000215773
0.00050215
0.000217152
0.000482964
0.000218813
0.000463822
0.000221057
0.000444021
0.000224019
0.000422808
0.000227587
0.000399322
0.000231657
0.000373134
0.000235884
0.00034464
0.000239614
0.000315128
0.000242386
0.000286885
0.000243865
0.000262093
0.000245064
0.000239634
0.000249273
0.000215646
0.000256758
0.000188926
0.000263723
0.000161123
0.0002704
0.000132641
0.000278741
0.000102571
0.000290179
7.09966e-05
0.000302079
3.52046e-05
0.000327847
0.000293154
0.000718125
0.000224267
0.000697257
0.000225762
0.000676301
0.000227081
0.000655232
0.000228483
0.000633886
0.000230156
0.00061203
0.000232134
0.000589354
0.000234429
0.000565542
0.000236978
0.000540485
0.000239549
0.000514398
0.000241861
0.000487926
0.000243623
0.000462035
0.000244704
0.000437797
0.000245295
0.000416127
0.00024569
0.000397274
0.00024644
0.000380742
0.000248188
0.000364862
0.000251764
0.000347283
0.000257193
0.000325699
0.00026397
0.000299226
0.000270339
0.000270591
0.000273699
0.000244156
0.000275709
0.000219561
0.000281353
0.000193694
0.00028959
0.000165977
0.000298117
0.000137155
0.000307563
0.000106482
0.000320852
7.42439e-05
0.000334317
3.76236e-05
0.000364467
0.000330777
0.000725007
0.000242039
0.000705054
0.000245716
0.000684082
0.000248053
0.00066313
0.000249435
0.000643152
0.000250134
0.000624744
0.000250542
0.000607877
0.000251295
0.000591913
0.000252942
0.000575622
0.000255841
0.000557776
0.000259706
0.000537191
0.000264207
0.000513012
0.000268884
0.000485082
0.000273225
0.000454227
0.000276545
0.0004221
0.000278567
0.000391152
0.000279136
0.000363904
0.000279012
0.000341211
0.000279886
0.000321829
0.000283352
0.000301611
0.000290557
0.000276459
0.00029885
0.000248691
0.000303477
0.000222108
0.000307936
0.000195866
0.000315831
0.000168213
0.000325771
0.000139202
0.000336573
0.000108008
0.000352046
7.52373e-05
0.000367088
3.85116e-05
0.000401193
0.000369289
0.000721757
0.000244356
0.000710169
0.000257303
0.000690432
0.000267791
0.00066434
0.000275527
0.000634195
0.000280279
0.000602436
0.000282301
0.000571548
0.000282183
0.000543854
0.000280636
0.000520761
0.000278934
0.000502628
0.000277839
0.000488664
0.000278172
0.000477156
0.000280391
0.000465655
0.000284726
0.000451515
0.000290685
0.000432722
0.000297359
0.000408418
0.000303441
0.000380252
0.000307178
0.000351031
0.000309107
0.00032436
0.000310023
0.000302097
0.00031282
0.000280164
0.000320784
0.000254461
0.00032918
0.000227155
0.000335243
0.000200194
0.000342791
0.000172309
0.000353657
0.000143288
0.000365595
0.00011197
0.000383363
7.78888e-05
0.000401169
4.09644e-05
0.000438117
0.000410253
0.000663034
0.000198835
0.000693127
0.00022721
0.000709374
0.000251544
0.00071333
0.00027157
0.00070608
0.000287529
0.000688727
0.000299654
0.000662781
0.000308129
0.000630183
0.000313234
0.000593654
0.000315463
0.000556095
0.000315398
0.000520329
0.000313938
0.000488584
0.000312136
0.000462193
0.000311118
0.000440754
0.000312124
0.000422314
0.000315798
0.000404012
0.000321744
0.000382903
0.000328286
0.000358072
0.000333938
0.000330217
0.000337878
0.000303207
0.00033983
0.000279341
0.000344649
0.000255025
0.000353495
0.000228307
0.000361961
0.000200806
0.000370292
0.00017257
0.000381893
0.000142951
0.000395214
0.000112731
0.000413583
7.71164e-05
0.000436784
4.09559e-05
0.000474278
0.000451209
0.000396592
0.000104375
0.000466581
0.000157221
0.000519372
0.000198754
0.000557548
0.000233394
0.0005829
0.000262176
0.000596715
0.00028584
0.000600111
0.000304733
0.000594231
0.000319114
0.000580386
0.000329307
0.000560081
0.000335703
0.000535117
0.000338902
0.000507531
0.000339722
0.000479415
0.000339234
0.000452481
0.000339058
0.000427833
0.000340447
0.000405343
0.000344234
0.000383531
0.000350098
0.00036092
0.000356549
0.000336138
0.00036266
0.000309569
0.000366399
0.000283756
0.000370463
0.000258697
0.000378554
0.000232436
0.000388222
0.00020505
0.000397678
0.00017699
0.000409953
0.000146265
0.000425939
0.00011713
0.000442717
7.91792e-05
0.000474735
4.31762e-05
0.000510281
0.000494385
2.95241e-06
5.11001e-07
4.39553e-07
-2.1945e-06
-3.36722e-06
-4.33133e-06
-5.25797e-06
-5.86082e-06
-6.47857e-06
-7.16187e-06
-7.57343e-06
-7.68898e-06
-7.88194e-06
-8.26493e-06
-8.92812e-06
-9.76632e-06
-1.05822e-05
-1.1184e-05
-1.15264e-05
-1.18e-05
-1.23244e-05
-1.34364e-05
-1.54085e-05
-1.83959e-05
-2.24094e-05
-2.71838e-05
-3.18372e-05
-3.39886e-05
-2.81301e-05
)
;

boundaryField
{
    inlet
    {
        type            calculated;
        value           nonuniform List<scalar> 
30
(
-0.000666667
-0.000666667
-0.000666667
-0.000666667
-0.000666667
-0.000666667
-0.000666667
-0.000666667
-0.000666667
-0.000666667
-0.000666667
-0.000666667
-0.000666667
-0.000666667
-0.000666667
-0.000666667
-0.000666667
-0.000666667
-0.000666667
-0.000666667
-0.000666667
-0.000666667
-0.000666667
-0.000666667
-0.000666667
-0.000666667
-0.000666667
-0.000666667
-0.000666667
-0.000666667
)
;
    }
    outlet
    {
        type            calculated;
        value           nonuniform List<scalar> 0();
    }
    wall
    {
        type            calculated;
        value           uniform 0;
    }
    obstacle
    {
        type            calculated;
        value           uniform 0;
    }
    frontAndBack
    {
        type            empty;
        value           nonuniform List<scalar> 0();
    }
    procBoundary0to1
    {
        type            processor;
        value           nonuniform List<scalar> 
61
(
9.829e-05
0.000149241
0.000189799
0.000223701
0.000251868
0.000275037
0.000293526
0.000307522
0.000317299
0.00032325
0.000326009
0.00032626
0.00032514
0.000324146
0.000324493
0.00041383
0.000304868
0.000310562
0.000315342
0.000318533
0.000319511
0.000321877
0.000328913
0.000336526
0.000342825
0.000351883
0.000362889
0.000378168
0.000398047
0.000429655
0.000410144
0.000491433
0.000512722
0.000474807
0.000445351
0.000427111
0.000410917
0.000398605
0.000388825
0.000379172
0.000371146
0.000366811
0.000362776
0.000356742
0.000350481
0.000344897
0.000341285
0.000339874
0.000339836
0.000340064
0.000339176
0.000336228
0.000330419
0.000321086
0.00030772
0.000289854
0.000266951
0.000238047
0.000200905
0.000151362
7.62446e-05
)
;
    }
}


// ************************************************************************* //
