/*--------------------------------*- C++ -*----------------------------------*\
| =========                 |                                                 |
| \\      /  F ield         | OpenFOAM: The Open Source CFD Toolbox           |
|  \\    /   O peration     | Version:  2312                                  |
|   \\  /    A nd           | Website:  www.openfoam.com                      |
|    \\/     M anipulation  |                                                 |
\*---------------------------------------------------------------------------*/
FoamFile
{
    version     2.0;
    format      ascii;
    arch        "LSB;label=32;scalar=64";
    class       surfaceScalarField;
    location    "42000";
    object      phi;
}
// * * * * * * * * * * * * * * * * * * * * * * * * * * * * * * * * * * * * * //

dimensions      [0 3 -1 0 0 0 0];

oriented        oriented;

internalField   nonuniform List<scalar> 
5309
(
0.000664974
1.69226e-06
0.000661072
3.90241e-06
0.000655751
5.32086e-06
0.000649515
6.23638e-06
0.00064264
6.87506e-06
0.000635268
7.37161e-06
0.000627492
7.77647e-06
0.000619389
8.10272e-06
0.000611033
8.35637e-06
0.000602486
8.54638e-06
0.000593801
8.68507e-06
0.000585016
8.78474e-06
0.000576161
8.85501e-06
0.000567259
8.9022e-06
0.000558329
8.93013e-06
0.000549388
8.94125e-06
0.00054045
8.93741e-06
0.00053153
8.92016e-06
0.000522639
8.89083e-06
0.000513789
8.85049e-06
0.000504989
8.79996e-06
0.000496249
8.73983e-06
0.000487579
8.67052e-06
0.000478986
8.59232e-06
0.000470481
8.50545e-06
0.000462071
8.41005e-06
0.000453765
8.30624e-06
0.00044557
8.19402e-06
0.000437497
8.07353e-06
0.000429552
7.94461e-06
0.000421745
7.80749e-06
0.000414083
7.66181e-06
0.000406575
7.50808e-06
0.000399229
7.34553e-06
0.000392054
7.17525e-06
0.000385058
6.99572e-06
0.000378249
6.80911e-06
0.000371637
6.61247e-06
0.000365227
6.41002e-06
0.000359031
6.19611e-06
0.000353052
5.97871e-06
0.000347305
5.74711e-06
0.000341789
5.51621e-06
0.000336523
5.26592e-06
0.000331499
5.02382e-06
0.000326746
4.75254e-06
0.000322244
4.50281e-06
0.000318038
4.2054e-06
0.000314084
3.9538e-06
0.000310466
3.61886e-06
0.00030709
3.37573e-06
0.000304113
2.9769e-06
0.000301348
2.76519e-06
0.000299113
2.23476e-06
0.000296998
2.11488e-06
0.000295758
1.23976e-06
0.000294286
1.47248e-06
0.000294503
-2.16929e-07
0.000293348
1.15507e-06
-3.20704e-06
0.000296555
0.000667556
8.02973e-07
0.00066912
2.33791e-06
0.000670854
3.58747e-06
0.000672525
4.56545e-06
0.000674054
5.34626e-06
0.000675426
5.99868e-06
0.000676639
6.56435e-06
0.00067768
7.06166e-06
0.000678538
7.49767e-06
0.000679208
7.87683e-06
0.000679688
8.20474e-06
0.000679985
8.48834e-06
0.000680105
8.73464e-06
0.000680058
8.94949e-06
0.000679851
9.13723e-06
0.000679491
9.30076e-06
0.000678986
9.44226e-06
0.000678343
9.56327e-06
0.000677569
9.66526e-06
0.00067667
9.74928e-06
0.000675653
9.81645e-06
0.000674526
9.86732e-06
0.000673294
9.90273e-06
0.000671963
9.92272e-06
0.000670541
9.92804e-06
0.000669033
9.91829e-06
0.000667444
9.89434e-06
0.000665783
9.85525e-06
0.000664054
9.80233e-06
0.000662265
9.73386e-06
0.000660421
9.65195e-06
0.000658529
9.5537e-06
0.000656594
9.44263e-06
0.000654626
9.31397e-06
0.000652627
9.17361e-06
0.000650609
9.01371e-06
0.000648574
8.84413e-06
0.000646535
8.65195e-06
0.000644491
8.4536e-06
0.00064246
8.22776e-06
0.000640437
8.00175e-06
0.000638443
7.7403e-06
0.000636471
7.48873e-06
0.000634548
7.18868e-06
0.000632657
6.9152e-06
0.000630838
6.57172e-06
0.000629058
6.28244e-06
0.000627376
5.88763e-06
0.000625737
5.59255e-06
0.000624222
5.13349e-06
0.000622749
4.849e-06
0.000621421
4.30523e-06
0.000620128
4.05779e-06
0.000618964
3.39853e-06
0.00061785
3.22913e-06
0.000616675
2.4148e-06
0.000615769
2.37855e-06
0.000614161
1.39089e-06
0.000613779
1.53734e-06
4.44478e-07
0.000610127
0.000666951
5.18693e-07
0.000667819
1.47027e-06
0.000669059
2.3475e-06
0.000670484
3.14045e-06
0.000671985
3.84499e-06
0.000673515
4.46874e-06
0.000675055
5.02395e-06
0.000676595
5.5217e-06
0.000678123
5.96983e-06
0.000679627
6.37323e-06
0.000681096
6.73544e-06
0.000682524
7.05972e-06
0.00068391
7.34961e-06
0.00068525
7.60857e-06
0.000686548
7.83988e-06
0.000687802
8.04617e-06
0.000689015
8.22966e-06
0.000690186
8.3919e-06
0.000691317
8.53438e-06
0.000692408
8.658e-06
0.000693461
8.76392e-06
0.000694476
8.85257e-06
0.000695454
8.92493e-06
0.000696395
8.98094e-06
0.000697302
9.02155e-06
0.000698174
9.04616e-06
0.000699012
9.0559e-06
0.000699818
9.04954e-06
0.000700592
9.02862e-06
0.000701335
8.99112e-06
0.000702047
8.93934e-06
0.000702731
8.87011e-06
0.000703386
8.78698e-06
0.000704015
8.68512e-06
0.000704619
8.57001e-06
0.000705198
8.43441e-06
0.000705756
8.28669e-06
0.000706292
8.11606e-06
0.00070681
7.93518e-06
0.00070731
7.72813e-06
0.000707798
7.51378e-06
0.000708269
7.26884e-06
0.000708737
7.02104e-06
0.000709189
6.73672e-06
0.000709648
6.45594e-06
0.000710089
6.1309e-06
0.000710553
5.8182e-06
0.000710989
5.45148e-06
0.000711473
5.1085e-06
0.000711907
4.7001e-06
0.000712427
4.32877e-06
0.000712851
3.88079e-06
0.000713426
3.4829e-06
0.000713822
3.00271e-06
0.000714472
2.57952e-06
0.000714799
2.08757e-06
0.000715538
1.639e-06
0.000715744
1.18548e-06
0.000716581
6.99857e-07
3.8654e-07
0.000716639
0.000666854
3.31545e-07
0.000667309
1.01551e-06
0.000667972
1.68418e-06
0.000668796
2.31683e-06
0.000669736
2.90428e-06
0.000670761
3.4436e-06
0.000671849
3.93637e-06
0.000672984
4.38624e-06
0.000674157
4.79711e-06
0.000675358
5.17223e-06
0.000676579
5.51409e-06
0.000677814
5.82475e-06
0.000679058
6.10619e-06
0.000680306
6.36039e-06
0.000681557
6.58936e-06
0.000682808
6.79494e-06
0.000684059
6.9788e-06
0.000685308
7.14227e-06
0.000686556
7.28656e-06
0.000687802
7.4125e-06
0.000689045
7.52099e-06
0.000690285
7.61255e-06
0.000691522
7.68784e-06
0.000692755
7.74711e-06
0.000693986
7.79087e-06
0.000695213
7.81909e-06
0.000696437
7.8322e-06
0.000697657
7.82992e-06
0.000698873
7.8126e-06
0.000700084
7.77981e-06
0.000701291
7.73182e-06
0.000702493
7.66809e-06
0.000703692
7.58881e-06
0.000704883
7.49341e-06
0.000706071
7.38191e-06
0.000707252
7.25395e-06
0.000708429
7.10907e-06
0.000709598
6.94756e-06
0.000710765
6.76793e-06
0.000711921
6.57194e-06
0.000713079
6.35597e-06
0.000714223
6.12477e-06
0.000715374
5.87061e-06
0.000716507
5.60391e-06
0.000717653
5.30926e-06
0.000718777
5.00752e-06
0.000719925
4.66948e-06
0.000721042
4.3346e-06
0.000722201
3.94948e-06
0.000723315
3.58613e-06
0.000724495
3.14942e-06
0.000725608
2.76711e-06
0.000726818
2.27298e-06
0.000727932
1.88862e-06
0.000729183
1.32834e-06
0.000730301
9.70009e-07
0.000731608
3.32131e-07
0.000732744
4.88647e-08
0.000734188
-7.4354e-07
-9.10565e-07
0.000735485
0.000666738
2.59807e-07
0.00066697
7.84244e-07
0.000667356
1.29785e-06
0.000667879
1.79362e-06
0.000668518
2.26566e-06
0.000669251
2.71037e-06
0.000670061
3.1263e-06
0.000670934
3.51354e-06
0.000671858
3.87296e-06
0.000672825
4.20569e-06
0.000673826
4.51281e-06
0.000674855
4.7953e-06
0.000675907
5.05411e-06
0.000676978
5.29021e-06
0.000678062
5.50461e-06
0.000679159
5.69837e-06
0.000680265
5.87247e-06
0.00068138
6.02781e-06
0.000682501
6.16517e-06
0.000683628
6.28525e-06
0.000684761
6.3886e-06
0.000685897
6.47574e-06
0.000687038
6.54701e-06
0.000688183
6.60285e-06
0.00068933
6.64334e-06
0.00069048
6.66887e-06
0.000691633
6.67929e-06
0.000692788
6.67501e-06
0.000693945
6.65554e-06
0.000695104
6.62147e-06
0.000696264
6.57183e-06
0.000697424
6.50763e-06
0.000698586
6.42718e-06
0.000699747
6.33222e-06
0.000700909
6.21994e-06
0.000702069
6.0934e-06
0.00070323
5.94798e-06
0.000704389
5.78893e-06
0.000705548
5.60869e-06
0.000706704
5.41621e-06
0.000707861
5.19917e-06
0.000709013
4.97251e-06
0.000710167
4.71625e-06
0.000711316
4.45512e-06
0.000712469
4.15675e-06
0.000713615
3.86165e-06
0.000714767
3.51748e-06
0.000715911
3.18993e-06
0.000717066
2.79458e-06
0.000718215
2.43721e-06
0.000719382
1.98219e-06
0.00072055
1.59945e-06
0.000721751
1.07192e-06
0.000722968
6.71723e-07
0.00072425
4.59931e-08
0.000725554
-3.33417e-07
0.000726924
-1.03777e-06
0.000728372
-1.39908e-06
0.00072989
-2.26174e-06
-2.57399e-06
0.000731553
0.000666724
2.02482e-07
0.000666899
6.09211e-07
0.000667184
1.0132e-06
0.000667569
1.40791e-06
0.000668045
1.78964e-06
0.0006686
2.15547e-06
0.000669223
2.50333e-06
0.000669905
2.832e-06
0.000670637
3.14092e-06
0.000671413
3.42994e-06
0.000672226
3.69917e-06
0.000673073
3.94885e-06
0.000673947
4.17935e-06
0.000674847
4.39112e-06
0.000675767
4.5846e-06
0.000676705
4.76035e-06
0.000677658
4.91884e-06
0.000678625
5.06065e-06
0.000679604
5.18618e-06
0.000680594
5.29595e-06
0.000681592
5.39023e-06
0.000682598
5.46947e-06
0.000683612
5.53377e-06
0.000684631
5.58355e-06
0.000685655
5.61873e-06
0.000686685
5.63972e-06
0.000687718
5.64619e-06
0.000688754
5.63865e-06
0.000689793
5.61644e-06
0.000690834
5.58028e-06
0.000691877
5.52902e-06
0.000692921
5.4638e-06
0.000693965
5.38277e-06
0.00069501
5.28778e-06
0.000696054
5.17591e-06
0.000697097
5.0502e-06
0.000698139
4.90606e-06
0.000699179
4.7485e-06
0.000700218
4.57033e-06
0.000701254
4.37966e-06
0.000702288
4.16524e-06
0.000703321
3.94014e-06
0.00070435
3.68671e-06
0.000705379
3.42584e-06
0.000706406
3.12987e-06
0.000707436
2.832e-06
0.000708464
2.48906e-06
0.000709501
2.1538e-06
0.000710536
1.75907e-06
0.000711585
1.38821e-06
0.000712631
9.3666e-07
0.000713695
5.35218e-07
0.00071474
2.64344e-08
0.000715834
-4.21842e-07
0.000716916
-1.03663e-06
0.000718079
-1.49647e-06
0.000719255
-2.21324e-06
0.000720538
-2.68165e-06
0.000721815
-3.53888e-06
-3.99481e-06
0.000723235
0.000666708
1.6076e-07
0.000666834
4.84004e-07
0.00066704
8.06355e-07
0.000667325
1.12325e-06
0.000667683
1.43215e-06
0.000668107
1.73092e-06
0.000668593
2.01785e-06
0.000669133
2.29169e-06
0.000669722
2.55168e-06
0.000670355
2.7975e-06
0.000671026
3.02775e-06
0.000671732
3.24255e-06
0.00067247
3.44205e-06
0.000673234
3.62634e-06
0.000674023
3.79554e-06
0.000674834
3.94985e-06
0.000675663
4.08946e-06
0.000676509
4.21465e-06
0.00067737
4.32559e-06
0.000678243
4.42256e-06
0.000679128
4.5057e-06
0.000680022
4.57525e-06
0.000680925
4.63123e-06
0.000681834
4.67389e-06
0.00068275
4.70312e-06
0.00068367
4.71918e-06
0.000684595
4.72176e-06
0.000685522
4.71119e-06
0.000686452
4.68693e-06
0.000687383
4.64945e-06
0.000688314
4.59784e-06
0.000689245
4.53285e-06
0.000690175
4.45306e-06
0.000691103
4.35969e-06
0.000692028
4.25056e-06
0.00069295
4.12768e-06
0.000693869
3.98771e-06
0.000694783
3.83392e-06
0.000695693
3.66121e-06
0.000696597
3.4749e-06
0.000697495
3.26712e-06
0.000698389
3.04645e-06
0.000699275
2.80083e-06
0.000700157
2.54397e-06
0.000701029
2.25726e-06
0.000701899
1.96237e-06
0.000702758
1.63019e-06
0.000703617
1.29454e-06
0.000704467
9.09652e-07
0.000705326
5.28666e-07
0.000706184
7.88304e-08
0.000707061
-3.41859e-07
0.000707941
-8.53009e-07
0.000708842
-1.32366e-06
0.000709728
-1.92248e-06
0.000710672
-2.44046e-06
0.000711603
-3.14364e-06
0.000712626
-3.70502e-06
0.000713627
-4.53992e-06
-5.13428e-06
0.000714766
0.000666699
1.2873e-07
0.000666796
3.87194e-07
0.000666957
6.45311e-07
0.00066718
8.99886e-07
0.000667463
1.14918e-06
0.000667802
1.39166e-06
0.000668194
1.626e-06
0.000668635
1.85111e-06
0.00066912
2.0661e-06
0.000669647
2.27027e-06
0.000670212
2.46299e-06
0.000670811
2.64384e-06
0.00067144
2.81262e-06
0.000672097
2.96922e-06
0.000672779
3.11357e-06
0.000673484
3.24564e-06
0.000674208
3.36545e-06
0.000674949
3.47303e-06
0.000675706
3.56842e-06
0.000676477
3.65172e-06
0.00067726
3.72293e-06
0.000678053
3.78216e-06
0.000678855
3.82937e-06
0.000679664
3.86465e-06
0.000680479
3.88788e-06
0.000681299
3.89916e-06
0.000682123
3.89827e-06
0.000682949
3.8853e-06
0.000683776
3.85988e-06
0.000684603
3.82218e-06
0.000685429
3.77161e-06
0.000686254
3.70843e-06
0.000687075
3.63177e-06
0.000687893
3.5421e-06
0.000688705
3.43811e-06
0.000689512
3.32065e-06
0.000690312
3.18777e-06
0.000691105
3.0409e-06
0.000691889
2.87717e-06
0.000692665
2.69895e-06
0.00069343
2.50196e-06
0.000694187
2.29008e-06
0.000694931
2.05686e-06
0.000695666
1.80856e-06
0.000696388
1.53545e-06
0.000697103
1.24763e-06
0.000697802
9.30502e-07
0.000698496
6.00441e-07
0.00069917
2.35924e-07
0.00069984
-1.41062e-07
0.000700489
-5.70422e-07
0.00070115
-1.00327e-06
0.000701793
-1.4958e-06
0.000702455
-1.98553e-06
0.00070309
-2.55743e-06
0.000703761
-3.11168e-06
0.000704397
-3.77922e-06
0.000705094
-4.40202e-06
0.000705738
-5.18448e-06
-5.87606e-06
0.00070648
0.000666693
1.02562e-07
0.000666772
3.08344e-07
0.000666903
5.13999e-07
0.000667086
7.17197e-07
0.000667318
9.16708e-07
0.000667598
1.11142e-06
0.000667924
1.30031e-06
0.000668293
1.4825e-06
0.000668702
1.65723e-06
0.000669148
1.82386e-06
0.000669629
1.98186e-06
0.000670142
2.13081e-06
0.000670684
2.27037e-06
0.000671253
2.40029e-06
0.000671846
2.52039e-06
0.000672462
2.63053e-06
0.000673096
2.7306e-06
0.000673749
2.82053e-06
0.000674417
2.90025e-06
0.000675099
2.96974e-06
0.000675793
3.02893e-06
0.000676497
3.07781e-06
0.00067721
3.11632e-06
0.000677931
3.14442e-06
0.000678657
3.16201e-06
0.000679387
3.16905e-06
0.00068012
3.16539e-06
0.000680854
3.15094e-06
0.000681588
3.12548e-06
0.000682322
3.08894e-06
0.000683052
3.04096e-06
0.000683779
2.98146e-06
0.000684501
2.90998e-06
0.000685217
2.82643e-06
0.000685925
2.73018e-06
0.000686624
2.62118e-06
0.000687313
2.49857e-06
0.000687992
2.36237e-06
0.000688658
2.21145e-06
0.000689311
2.04594e-06
0.000689948
1.86431e-06
0.000690571
1.66695e-06
0.000691176
1.45175e-06
0.000691765
1.2195e-06
0.000692334
9.67269e-07
0.000692885
6.96481e-07
0.000693412
4.03005e-07
0.000693923
8.97844e-08
0.000694412
-2.52846e-07
0.000694889
-6.18602e-07
0.000695334
-1.01565e-06
0.000695769
-1.43774e-06
0.00069617
-1.89706e-06
0.000696568
-2.38353e-06
0.000696926
-2.91544e-06
0.000697291
-3.4768e-06
0.000697607
-4.09452e-06
0.000697947
-4.74263e-06
0.000698224
-5.46126e-06
-6.20729e-06
0.000698555
0.000666689
8.04983e-08
0.000666755
2.41943e-07
0.000666866
4.03358e-07
0.00066702
5.63013e-07
0.000667217
7.2002e-07
0.000667454
8.73564e-07
0.000667732
1.02289e-06
0.000668047
1.16731e-06
0.000668398
1.30623e-06
0.000668783
1.4391e-06
0.000669199
1.56548e-06
0.000669645
1.68498e-06
0.000670118
1.79724e-06
0.000670616
1.90201e-06
0.000671138
1.99904e-06
0.00067168
2.08816e-06
0.000672242
2.16919e-06
0.00067282
2.24201e-06
0.000673414
2.30652e-06
0.000674021
2.3626e-06
0.00067464
2.41017e-06
0.000675268
2.44914e-06
0.000675905
2.47943e-06
0.000676549
2.50094e-06
0.000677197
2.51357e-06
0.000677849
2.5172e-06
0.000678503
2.51173e-06
0.000679157
2.49696e-06
0.000679809
2.47278e-06
0.000680459
2.43893e-06
0.000681105
2.39528e-06
0.000681745
2.34147e-06
0.000682378
2.27737e-06
0.000683002
2.2025e-06
0.000683615
2.11671e-06
0.000684217
2.01937e-06
0.000684805
1.91038e-06
0.000685379
1.78882e-06
0.000685935
1.65475e-06
0.000686475
1.50683e-06
0.000686993
1.34542e-06
0.000687492
1.16853e-06
0.000687967
9.77064e-07
0.000688418
7.68059e-07
0.000688842
5.43435e-07
0.000689239
2.98878e-07
0.000689603
3.90853e-08
0.000689944
-2.50623e-07
0.000690249
-5.57878e-07
0.000690525
-8.94361e-07
0.000690759
-1.2498e-06
0.000690963
-1.64234e-06
0.00069112
-2.05385e-06
0.000691249
-2.51286e-06
0.000691323
-2.98886e-06
0.000691373
-3.52732e-06
0.000691356
-4.0775e-06
0.000691325
-4.71169e-06
0.00069121
-5.34578e-06
-6.09387e-06
0.000691096
0.000666686
6.13743e-08
0.000666743
1.8443e-07
0.000666839
3.07495e-07
0.000666973
4.29299e-07
0.000667144
5.49204e-07
0.000667351
6.66617e-07
0.000667593
7.80987e-07
0.000667868
8.91802e-07
0.000668176
9.98599e-07
0.000668514
1.10096e-06
0.000668881
1.19851e-06
0.000669275
1.29092e-06
0.000669694
1.3779e-06
0.000670137
1.45918e-06
0.000670602
1.53457e-06
0.000671086
1.60385e-06
0.000671588
1.66687e-06
0.000672107
1.72348e-06
0.00067264
1.77355e-06
0.000673185
1.81697e-06
0.000673742
1.85363e-06
0.000674308
1.88341e-06
0.000674881
1.90624e-06
0.00067546
1.92197e-06
0.000676043
1.93053e-06
0.000676628
1.93176e-06
0.000677214
1.92558e-06
0.0006778
1.91175e-06
0.000678382
1.89024e-06
0.00067896
1.86071e-06
0.000679532
1.82314e-06
0.000680097
1.77707e-06
0.000680652
1.72255e-06
0.000681195
1.6589e-06
0.000681726
1.5863e-06
0.000682241
1.50379e-06
0.00068274
1.41174e-06
0.00068322
1.30876e-06
0.000683679
1.19561e-06
0.000684116
1.07017e-06
0.000684527
9.33916e-07
0.000684912
7.83613e-07
0.000685267
6.21894e-07
0.000685592
4.43827e-07
0.000685881
2.54063e-07
0.000686134
4.55725e-08
0.000686352
-1.7872e-07
0.000686529
-4.27793e-07
0.00068666
-6.88497e-07
0.000686746
-9.80614e-07
0.000686779
-1.28301e-06
0.000686764
-1.62679e-06
0.000686687
-1.977e-06
0.000686557
-2.3832e-06
0.000686356
-2.78792e-06
0.000686099
-3.2705e-06
0.000685759
-3.73674e-06
0.000685361
-4.31388e-06
0.000684863
-4.84752e-06
-5.54134e-06
0.00068431
0.000666684
4.43549e-08
0.000666735
1.3327e-07
0.00066682
2.22206e-07
0.000666939
3.10268e-07
0.000667091
3.97012e-07
0.000667276
4.82024e-07
0.000667492
5.64915e-07
0.000667739
6.45322e-07
0.000668014
7.22909e-07
0.000668318
7.97367e-07
0.000668648
8.68416e-07
0.000669003
9.358e-07
0.000669382
9.99293e-07
0.000669782
1.05869e-06
0.000670203
1.11381e-06
0.000670642
1.16448e-06
0.000671099
1.21057e-06
0.00067157
1.25195e-06
0.000672055
1.28849e-06
0.000672552
1.32009e-06
0.000673059
1.34665e-06
0.000673574
1.36806e-06
0.000674096
1.38425e-06
0.000674623
1.39508e-06
0.000675153
1.40049e-06
0.000675685
1.40032e-06
0.000676216
1.39452e-06
0.000676745
1.38287e-06
0.000677269
1.36536e-06
0.000677789
1.34166e-06
0.0006783
1.31181e-06
0.000678802
1.27536e-06
0.000679292
1.23242e-06
0.000679768
1.18234e-06
0.000680229
1.1254e-06
0.000680672
1.06062e-06
0.000681096
9.88544e-07
0.000681497
9.0772e-07
0.000681873
8.19167e-07
0.000682223
7.20659e-07
0.000682542
6.14011e-07
0.00068283
4.95801e-07
0.000683083
3.69172e-07
0.000683298
2.28856e-07
0.000683472
8.04061e-08
0.000683603
-8.62845e-08
0.000683688
-2.62749e-07
0.00068372
-4.60656e-07
0.000683698
-6.65715e-07
0.000683616
-8.99321e-07
0.000683471
-1.13753e-06
0.000683258
-1.41431e-06
0.000682972
-1.6903e-06
0.000682608
-2.01992e-06
0.000682159
-2.33864e-06
0.000681623
-2.73396e-06
0.000680986
-3.1002e-06
0.000680251
-3.57843e-06
0.000679398
-3.99518e-06
-4.57808e-06
0.000678435
0.000666682
2.8794e-08
0.000666729
8.65085e-08
0.000666807
1.44241e-07
0.000666916
2.01421e-07
0.000667055
2.57767e-07
0.000667224
3.13014e-07
0.000667422
3.66916e-07
0.000667648
4.19237e-07
0.000667901
4.6976e-07
0.00066818
5.18282e-07
0.000668484
5.64618e-07
0.000668811
6.08594e-07
0.000669161
6.50056e-07
0.00066953
6.88861e-07
0.000669919
7.24884e-07
0.000670326
7.58005e-07
0.000670748
7.88124e-07
0.000671185
8.15138e-07
0.000671635
8.38968e-07
0.000672095
8.59522e-07
0.000672565
8.76735e-07
0.000673043
8.90514e-07
0.000673526
9.0081e-07
0.000674014
9.07514e-07
0.000674504
9.1059e-07
0.000674994
9.09904e-07
0.000675483
9.05434e-07
0.000675969
8.97003e-07
0.00067645
8.84614e-07
0.000676923
8.68017e-07
0.000677388
8.47261e-07
0.000677841
8.21989e-07
0.000678281
7.92327e-07
0.000678706
7.57751e-07
0.000679113
7.18525e-07
0.0006795
6.73871e-07
0.000679864
6.24283e-07
0.000680203
5.68588e-07
0.000680514
5.07675e-07
0.000680795
4.39748e-07
0.000681043
3.66361e-07
0.000681254
2.84754e-07
0.000681426
1.97605e-07
0.000681554
1.00708e-07
0.000681635
-5.69423e-10
0.000681666
-1.17973e-07
0.000681643
-2.3943e-07
0.000681559
-3.76983e-07
0.000681412
-5.18548e-07
0.000681195
-6.81674e-07
0.000680903
-8.46308e-07
0.00068053
-1.04047e-06
0.000680071
-1.23128e-06
0.000679514
-1.46377e-06
0.00067886
-1.68403e-06
0.000678091
-1.96472e-06
0.000677208
-2.2174e-06
0.000676189
-2.55971e-06
0.00067504
-2.84611e-06
-3.2674e-06
0.000673729
0.000666681
1.41553e-08
0.000666725
4.25259e-08
0.000666799
7.09064e-08
0.000666901
9.90183e-08
0.000667032
1.26725e-07
0.000667191
1.53898e-07
0.000667378
1.80416e-07
0.000667591
2.06166e-07
0.000667829
2.31039e-07
0.000668093
2.54935e-07
0.00066838
2.77762e-07
0.000668689
2.99434e-07
0.000669019
3.19872e-07
0.000669369
3.39002e-07
0.000669737
3.56762e-07
0.000670122
3.73089e-07
0.000670522
3.8793e-07
0.000670936
4.01231e-07
0.000671362
4.12951e-07
0.000671799
4.23039e-07
0.000672244
4.31462e-07
0.000672696
4.38169e-07
0.000673154
4.43133e-07
0.000673615
4.46297e-07
0.000674078
4.47641e-07
0.000674541
4.47092e-07
0.000675002
4.44642e-07
0.000675458
4.40193e-07
0.000675909
4.3375e-07
0.000676352
4.25177e-07
0.000676785
4.14507e-07
0.000677205
4.01543e-07
0.000677611
3.86363e-07
0.000678
3.68678e-07
0.00067837
3.48646e-07
0.000678718
3.25836e-07
0.000679042
3.00539e-07
0.000679338
2.72104e-07
0.000679605
2.41047e-07
0.000679838
2.06374e-07
0.000680036
1.68976e-07
0.000680193
1.27316e-07
0.000680308
8.29109e-08
0.000680375
3.34125e-08
0.000680394
-1.8986e-08
0.000680354
-7.87257e-08
0.000680256
-1.4078e-07
0.00068009
-2.11408e-07
0.000679855
-2.83764e-07
0.000679541
-3.67673e-07
0.000679147
-4.51849e-07
0.000678659
-5.51998e-07
0.000678077
-6.49589e-07
0.000677383
-7.69898e-07
0.000676581
-8.82532e-07
0.000675645
-1.02836e-06
0.000674585
-1.15744e-06
0.000673362
-1.33612e-06
0.000671998
-1.48207e-06
-1.70322e-06
0.000670433
0.000666681
-3.57484e-11
0.000666723
-1.08645e-10
0.000666795
-1.82479e-10
0.000666894
-2.56954e-10
0.000667021
-3.31903e-10
0.000667175
-4.07224e-10
0.000667356
-4.82781e-10
0.000667563
-5.5842e-10
0.000667795
-6.33996e-10
0.00066805
-7.09385e-10
0.000668329
-7.84478e-10
0.000668629
-8.59166e-10
0.00066895
-9.33327e-10
0.00066929
-1.00684e-09
0.000669648
-1.0796e-09
0.000670022
-1.15155e-09
0.000670411
-1.22268e-09
0.000670814
-1.29299e-09
0.000671228
-1.36251e-09
0.000671652
-1.43124e-09
0.000672085
-1.49921e-09
0.000672525
-1.56644e-09
0.00067297
-1.633e-09
0.000673418
-1.69896e-09
0.000673867
-1.7644e-09
0.000674316
-1.82941e-09
0.000674763
-1.89407e-09
0.000675205
-1.95848e-09
0.000675641
-2.02274e-09
0.000676068
-2.08703e-09
0.000676485
-2.15147e-09
0.000676888
-2.21628e-09
0.000677277
-2.28153e-09
0.000677648
-2.34748e-09
0.000677999
-2.41409e-09
0.000678327
-2.48166e-09
0.00067863
-2.54989e-09
0.000678905
-2.61931e-09
0.000679149
-2.6896e-09
0.000679358
-2.76226e-09
0.00067953
-2.83755e-09
0.00067966
-2.92056e-09
0.000679746
-3.01017e-09
0.000679782
-3.10421e-09
0.000679767
-3.19865e-09
0.000679691
-3.28804e-09
0.000679554
-3.3821e-09
0.000679346
-3.48356e-09
0.000679066
-3.59187e-09
0.000678702
-3.70488e-09
0.000678254
-3.82375e-09
0.000677706
-3.94797e-09
0.00067706
-4.07984e-09
0.000676295
-4.21772e-09
0.000675416
-4.36463e-09
0.000674393
-4.51783e-09
0.00067324
-4.68178e-09
0.000671909
-4.85224e-09
0.000670431
-5.0351e-09
-5.22392e-09
0.000668733
0.000666681
-1.42265e-08
0.000666723
-4.27418e-08
0.000666795
-7.12693e-08
0.000666894
-9.95294e-08
0.000667021
-1.27385e-07
0.000667175
-1.54708e-07
0.000667356
-1.81377e-07
0.000667563
-2.07277e-07
0.000667794
-2.323e-07
0.00066805
-2.56346e-07
0.000668329
-2.79323e-07
0.000668629
-3.01143e-07
0.00066895
-3.21729e-07
0.00066929
-3.41006e-07
0.000669648
-3.5891e-07
0.000670022
-3.7538e-07
0.000670411
-3.90362e-07
0.000670813
-4.03803e-07
0.000671228
-4.15661e-07
0.000671652
-4.25886e-07
0.000672085
-4.34444e-07
0.000672525
-4.41285e-07
0.00067297
-4.46382e-07
0.000673418
-4.49677e-07
0.000673867
-4.51151e-07
0.000674316
-4.50732e-07
0.000674762
-4.4841e-07
0.000675205
-4.44089e-07
0.00067564
-4.37773e-07
0.000676068
-4.29329e-07
0.000676484
-4.18786e-07
0.000676888
-4.05951e-07
0.000677277
-3.90901e-07
0.000677648
-3.73348e-07
0.000677999
-3.53448e-07
0.000678327
-3.30773e-07
0.00067863
-3.05613e-07
0.000678905
-2.77317e-07
0.000679148
-2.46403e-07
0.000679357
-2.11875e-07
0.000679529
-1.74623e-07
0.000679659
-1.33109e-07
0.000679745
-8.88505e-08
0.000679782
-3.94942e-08
0.000679766
1.25718e-08
0.00067969
7.21874e-08
0.000679553
1.34044e-07
0.000679345
2.04467e-07
0.000679065
2.76612e-07
0.000678701
3.60302e-07
0.000678253
4.44246e-07
0.000677705
5.44151e-07
0.000677059
6.41482e-07
0.000676293
7.61519e-07
0.000675415
8.73863e-07
0.000674391
1.01938e-06
0.000673238
1.14815e-06
0.000671907
1.32649e-06
0.00067043
1.47208e-06
1.69285e-06
0.000668732
0.000666681
-2.88641e-08
0.000666725
-8.6721e-08
0.000666799
-1.44599e-07
0.000666901
-2.01925e-07
0.000667032
-2.58417e-07
0.000667191
-3.13812e-07
0.000667378
-3.67861e-07
0.000667591
-4.20331e-07
0.000667829
-4.71002e-07
0.000668093
-5.19672e-07
0.00066838
-5.66154e-07
0.000668689
-6.10276e-07
0.000669019
-6.51884e-07
0.000669369
-6.90833e-07
0.000669737
-7.26999e-07
0.000670122
-7.6026e-07
0.000670522
-7.90518e-07
0.000670936
-8.17669e-07
0.000671362
-8.41636e-07
0.000671798
-8.62324e-07
0.000672243
-8.7967e-07
0.000672696
-8.93581e-07
0.000673153
-9.04006e-07
0.000673614
-9.10839e-07
0.000674077
-9.14043e-07
0.00067454
-9.13484e-07
0.000675001
-9.09141e-07
0.000675457
-9.00836e-07
0.000675908
-8.88572e-07
0.000676351
-8.72101e-07
0.000676784
-8.51471e-07
0.000677204
-8.26325e-07
0.00067761
-7.9679e-07
0.000677999
-7.62343e-07
0.000678369
-7.23248e-07
0.000678717
-6.78725e-07
0.00067904
-6.29273e-07
0.000679337
-5.73715e-07
0.000679603
-5.12945e-07
0.000679837
-4.45166e-07
0.000680034
-3.71935e-07
0.000680191
-2.90488e-07
0.000680306
-2.03504e-07
0.000680373
-1.06756e-07
0.000680391
-5.35318e-09
0.000680352
1.11484e-07
0.000680253
2.32791e-07
0.000680087
3.70173e-07
0.000679853
5.11537e-07
0.000679538
6.74445e-07
0.000679144
8.38848e-07
0.000678655
1.03277e-06
0.000678073
1.22333e-06
0.000677379
1.45556e-06
0.000676578
1.67554e-06
0.000675641
1.95594e-06
0.000674581
2.2083e-06
0.000673357
2.55029e-06
0.000671993
2.83633e-06
3.25727e-06
0.000670428
0.000666682
-4.44232e-08
0.000666729
-1.33477e-07
0.000666807
-2.22554e-07
0.000666916
-3.10758e-07
0.000667055
-3.97645e-07
0.000667224
-4.82801e-07
0.000667422
-5.65836e-07
0.000667648
-6.46387e-07
0.000667901
-7.24118e-07
0.00066818
-7.9872e-07
0.000668484
-8.69912e-07
0.000668811
-9.37439e-07
0.00066916
-1.00107e-06
0.00066953
-1.06061e-06
0.000669919
-1.11586e-06
0.000670325
-1.16668e-06
0.000670748
-1.2129e-06
0.000671184
-1.25441e-06
0.000671634
-1.29109e-06
0.000672094
-1.32282e-06
0.000672564
-1.34951e-06
0.000673042
-1.37105e-06
0.000673525
-1.38736e-06
0.000674013
-1.39831e-06
0.000674502
-1.40385e-06
0.000674993
-1.4038e-06
0.000675482
-1.39813e-06
0.000675967
-1.3866e-06
0.000676448
-1.36921e-06
0.000676922
-1.34563e-06
0.000677386
-1.3159e-06
0.000677839
-1.27957e-06
0.000678279
-1.23676e-06
0.000678704
-1.18681e-06
0.00067911
-1.12999e-06
0.000679497
-1.06533e-06
0.000679861
-9.93392e-07
0.0006802
-9.12701e-07
0.000680512
-8.24283e-07
0.000680792
-7.25911e-07
0.00068104
-6.19401e-07
0.000681251
-5.0133e-07
0.000681422
-3.74842e-07
0.00068155
-2.34672e-07
0.000681631
-8.63633e-08
0.000681662
8.00186e-08
0.000681639
2.5633e-07
0.000681555
4.54052e-07
0.000681407
6.58917e-07
0.00068119
8.92321e-07
0.000680898
1.13031e-06
0.000680524
1.40687e-06
0.000680065
1.68262e-06
0.000679508
2.01199e-06
0.000678853
2.33044e-06
0.000678084
2.72549e-06
0.000677201
3.09142e-06
0.000676182
3.56936e-06
0.000675032
3.98576e-06
4.56836e-06
0.000673721
0.000666684
-6.14401e-08
0.000666735
-1.8463e-07
0.00066682
-3.0783e-07
0.000666939
-4.29771e-07
0.000667091
-5.49814e-07
0.000667276
-6.67366e-07
0.000667492
-7.81874e-07
0.000667738
-8.92828e-07
0.000668014
-9.99764e-07
0.000668318
-1.10226e-06
0.000668648
-1.19995e-06
0.000669003
-1.2925e-06
0.000669381
-1.37961e-06
0.000669782
-1.46103e-06
0.000670202
-1.53655e-06
0.000670642
-1.60596e-06
0.000671098
-1.66911e-06
0.000671569
-1.72585e-06
0.000672054
-1.77605e-06
0.000672551
-1.81959e-06
0.000673058
-1.85638e-06
0.000673573
-1.88628e-06
0.000674095
-1.90923e-06
0.000674622
-1.92508e-06
0.000675152
-1.93376e-06
0.000675683
-1.93511e-06
0.000676214
-1.92904e-06
0.000676743
-1.91534e-06
0.000677267
-1.89394e-06
0.000677786
-1.86453e-06
0.000678297
-1.82707e-06
0.000678799
-1.78112e-06
0.000679289
-1.72671e-06
0.000679765
-1.66319e-06
0.000680226
-1.59071e-06
0.000680669
-1.50831e-06
0.000681092
-1.41639e-06
0.000681493
-1.31353e-06
0.000681869
-1.20051e-06
0.000682218
-1.07521e-06
0.000682538
-9.39088e-07
0.000682826
-7.88927e-07
0.000683078
-6.27353e-07
0.000683293
-4.49433e-07
0.000683466
-2.59811e-07
0.000683598
-5.14072e-08
0.000683681
1.72566e-07
0.000683714
4.21482e-07
0.000683691
6.82005e-07
0.000683609
9.73932e-07
0.000683464
1.27612e-06
0.000683251
1.61969e-06
0.000682964
1.96967e-06
0.0006826
2.37565e-06
0.00068215
2.78012e-06
0.000681613
3.26245e-06
0.000680976
3.7284e-06
0.00068024
4.30528e-06
0.000679388
4.83858e-06
5.53214e-06
0.000678424
0.000666686
-8.05609e-08
0.000666743
-2.42133e-07
0.000666839
-4.03677e-07
0.000666973
-5.63462e-07
0.000667144
-7.20601e-07
0.000667351
-8.74276e-07
0.000667592
-1.02373e-06
0.000667868
-1.16829e-06
0.000668175
-1.30733e-06
0.000668513
-1.44034e-06
0.00066888
-1.56685e-06
0.000669274
-1.68648e-06
0.000669694
-1.79887e-06
0.000670136
-1.90377e-06
0.000670601
-2.00093e-06
0.000671085
-2.09016e-06
0.000671587
-2.17132e-06
0.000672106
-2.24427e-06
0.000672638
-2.30889e-06
0.000673184
-2.36509e-06
0.00067374
-2.41278e-06
0.000674306
-2.45187e-06
0.000674879
-2.48227e-06
0.000675458
-2.50389e-06
0.000676041
-2.51664e-06
0.000676626
-2.52038e-06
0.000677212
-2.51502e-06
0.000677797
-2.50036e-06
0.000678379
-2.47629e-06
0.000678957
-2.44255e-06
0.000679529
-2.399e-06
0.000680093
-2.34531e-06
0.000680648
-2.28132e-06
0.000681191
-2.20656e-06
0.000681722
-2.12089e-06
0.000682237
-2.02365e-06
0.000682735
-1.91478e-06
0.000683215
-1.79334e-06
0.000683674
-1.65939e-06
0.00068411
-1.5116e-06
0.000684522
-1.35032e-06
0.000684906
-1.17356e-06
0.000685261
-9.82223e-07
0.000685585
-7.73355e-07
0.000685874
-5.48872e-07
0.000686127
-3.04453e-07
0.000686344
-4.4726e-08
0.000686521
2.44642e-07
0.000686652
5.51749e-07
0.000686737
8.88068e-07
0.00068677
1.24332e-06
0.000686754
1.63567e-06
0.000686677
2.04697e-06
0.000686547
2.50578e-06
0.000686345
2.98154e-06
0.000686088
3.51979e-06
0.000685747
4.0697e-06
0.000685348
4.70367e-06
0.000684849
5.33744e-06
6.08531e-06
0.000684296
0.000666689
-1.02621e-07
0.000666755
-3.08522e-07
0.000666866
-5.14299e-07
0.00066702
-7.17619e-07
0.000667217
-9.17253e-07
0.000667454
-1.11208e-06
0.000667732
-1.3011e-06
0.000668047
-1.48342e-06
0.000668398
-1.65828e-06
0.000668782
-1.82503e-06
0.000669199
-1.98315e-06
0.000669645
-2.13222e-06
0.000670118
-2.2719e-06
0.000670616
-2.40194e-06
0.000671137
-2.52216e-06
0.000671679
-2.63242e-06
0.00067224
-2.7326e-06
0.000672819
-2.82265e-06
0.000673412
-2.90248e-06
0.000674019
-2.97208e-06
0.000674638
-3.03138e-06
0.000675267
-3.08037e-06
0.000675903
-3.11898e-06
0.000676547
-3.14719e-06
0.000677195
-3.16489e-06
0.000677846
-3.17203e-06
0.0006785
-3.16847e-06
0.000679154
-3.15412e-06
0.000679806
-3.12877e-06
0.000680456
-3.09232e-06
0.000681101
-3.04445e-06
0.000681741
-2.98505e-06
0.000682373
-2.91367e-06
0.000682997
-2.83022e-06
0.00068361
-2.73408e-06
0.000684212
-2.62518e-06
0.0006848
-2.50268e-06
0.000685373
-2.36659e-06
0.000685929
-2.21578e-06
0.000686468
-2.05039e-06
0.000686987
-1.86887e-06
0.000687485
-1.67163e-06
0.000687959
-1.45655e-06
0.00068841
-1.22443e-06
0.000688834
-9.72324e-07
0.000689231
-7.0167e-07
0.000689594
-4.08335e-07
0.000689934
-9.52313e-08
0.000690239
2.47158e-07
0.000690514
6.12767e-07
0.000690748
1.00965e-06
0.000690952
1.43157e-06
0.000691108
1.8907e-06
0.000691237
2.37701e-06
0.00069131
2.90869e-06
0.00069136
3.46988e-06
0.000691342
4.08733e-06
0.000691311
4.73527e-06
0.000691194
5.45359e-06
6.19948e-06
0.00069108
0.000666693
-1.28785e-07
0.000666772
-3.87359e-07
0.000666903
-6.45588e-07
0.000667086
-9.00276e-07
0.000667318
-1.14968e-06
0.000667598
-1.39228e-06
0.000667924
-1.62673e-06
0.000668292
-1.85195e-06
0.000668701
-2.06707e-06
0.000669148
-2.27135e-06
0.000669629
-2.46417e-06
0.000670141
-2.64515e-06
0.000670684
-2.81404e-06
0.000671252
-2.97075e-06
0.000671845
-3.1152e-06
0.00067246
-3.24739e-06
0.000673095
-3.36729e-06
0.000673747
-3.47498e-06
0.000674415
-3.57048e-06
0.000675097
-3.65388e-06
0.000675791
-3.72519e-06
0.000676495
-3.78452e-06
0.000677208
-3.83182e-06
0.000677928
-3.8672e-06
0.000678654
-3.89053e-06
0.000679384
-3.90191e-06
0.000680116
-3.90111e-06
0.00068085
-3.88823e-06
0.000681584
-3.86291e-06
0.000682317
-3.8253e-06
0.000683048
-3.77482e-06
0.000683775
-3.71173e-06
0.000684496
-3.63516e-06
0.000685211
-3.54559e-06
0.000685919
-3.4417e-06
0.000686618
-3.32433e-06
0.000687307
-3.19155e-06
0.000687985
-3.04477e-06
0.000688651
-2.88114e-06
0.000689303
-2.70303e-06
0.00068994
-2.50614e-06
0.000690563
-2.29437e-06
0.000691168
-2.06126e-06
0.000691757
-1.81307e-06
0.000692324
-1.54007e-06
0.000692875
-1.25237e-06
0.000693402
-9.35368e-07
0.000693912
-6.0542e-07
0.0006944
-2.41007e-07
0.000694877
1.35682e-07
0.000695322
5.64948e-07
0.000695756
9.97671e-07
0.000696157
1.49004e-06
0.000696554
1.97963e-06
0.000696911
2.55132e-06
0.000697276
3.10542e-06
0.000697591
3.77272e-06
0.00069793
4.3954e-06
0.000698206
5.17757e-06
5.86906e-06
0.000698537
0.000666699
-1.60809e-07
0.000666795
-4.84154e-07
0.000666957
-8.06607e-07
0.00066718
-1.12361e-06
0.000667463
-1.43261e-06
0.000667802
-1.73148e-06
0.000668194
-2.01851e-06
0.000668634
-2.29246e-06
0.00066912
-2.55256e-06
0.000669647
-2.79847e-06
0.000670212
-3.02883e-06
0.00067081
-3.24373e-06
0.000671439
-3.44333e-06
0.000672096
-3.62772e-06
0.000672778
-3.79702e-06
0.000673482
-3.95143e-06
0.000674206
-4.09114e-06
0.000674948
-4.21642e-06
0.000675705
-4.32745e-06
0.000676475
-4.42452e-06
0.000677258
-4.50775e-06
0.000678051
-4.57739e-06
0.000678852
-4.63346e-06
0.000679661
-4.67621e-06
0.000680476
-4.70552e-06
0.000681296
-4.72166e-06
0.000682119
-4.72433e-06
0.000682945
-4.71385e-06
0.000683772
-4.68967e-06
0.000684599
-4.65227e-06
0.000685424
-4.60074e-06
0.000686249
-4.53583e-06
0.00068707
-4.45612e-06
0.000687887
-4.36284e-06
0.000688699
-4.25379e-06
0.000689506
-4.131e-06
0.000690305
-3.99111e-06
0.000691098
-3.83741e-06
0.000691881
-3.66479e-06
0.000692657
-3.47856e-06
0.000693422
-3.27088e-06
0.000694178
-3.0503e-06
0.000694921
-2.80478e-06
0.000695656
-2.54801e-06
0.000696377
-2.2614e-06
0.000697092
-1.96661e-06
0.000697791
-1.63454e-06
0.000698484
-1.299e-06
0.000699158
-9.14249e-07
0.000699827
-5.33397e-07
0.000700475
-8.37986e-08
0.000701136
3.3695e-07
0.000701778
8.47914e-07
0.000702439
1.31843e-06
0.000703074
1.91704e-06
0.000703744
2.43491e-06
0.000704379
3.13787e-06
0.000705075
3.69919e-06
0.000705719
4.53381e-06
5.12814e-06
0.00070646
0.000666708
-2.02526e-07
0.000666834
-6.09344e-07
0.00066704
-1.01342e-06
0.000667325
-1.40823e-06
0.000667682
-1.79005e-06
0.000668107
-2.15597e-06
0.000668592
-2.50392e-06
0.000669133
-2.83269e-06
0.000669722
-3.14169e-06
0.000670354
-3.43081e-06
0.000671025
-3.70012e-06
0.000671732
-3.9499e-06
0.000672469
-4.18049e-06
0.000673233
-4.39235e-06
0.000674022
-4.58592e-06
0.000674833
-4.76175e-06
0.000675662
-4.92033e-06
0.000676508
-5.06222e-06
0.000677368
-5.18784e-06
0.000678241
-5.29769e-06
0.000679125
-5.39205e-06
0.000680019
-5.47136e-06
0.000680922
-5.53575e-06
0.000681831
-5.58561e-06
0.000682746
-5.62086e-06
0.000683667
-5.64192e-06
0.000684591
-5.64847e-06
0.000685518
-5.64101e-06
0.000686447
-5.61887e-06
0.000687378
-5.58278e-06
0.000688308
-5.53159e-06
0.000689239
-5.46644e-06
0.000690168
-5.38548e-06
0.000691096
-5.29057e-06
0.000692021
-5.17876e-06
0.000692943
-5.05313e-06
0.000693861
-4.90906e-06
0.000694775
-4.75158e-06
0.000695684
-4.57348e-06
0.000696588
-4.38288e-06
0.000697486
-4.16854e-06
0.000698379
-3.94352e-06
0.000699265
-3.69018e-06
0.000700146
-3.42939e-06
0.000701018
-3.13351e-06
0.000701887
-2.83573e-06
0.000702746
-2.49289e-06
0.000703604
-2.15773e-06
0.000704453
-1.7631e-06
0.000705312
-1.39233e-06
0.000706169
-9.4089e-07
0.000707046
-5.39507e-07
0.000707924
-3.05725e-08
0.000708825
4.17195e-07
0.000709711
1.03187e-06
0.000710654
1.49169e-06
0.000711583
2.20827e-06
0.000712606
2.67664e-06
0.000713606
3.53361e-06
3.98957e-06
0.000714745
0.000666724
-2.59843e-07
0.000666899
-7.84357e-07
0.000667184
-1.29804e-06
0.000667569
-1.79389e-06
0.000668045
-2.26601e-06
0.0006686
-2.7108e-06
0.000669223
-3.12681e-06
0.000669904
-3.51413e-06
0.000670636
-3.87363e-06
0.000671412
-4.20644e-06
0.000672225
-4.51364e-06
0.000673072
-4.79621e-06
0.000673946
-5.05509e-06
0.000674845
-5.29127e-06
0.000675765
-5.50575e-06
0.000676703
-5.69959e-06
0.000677656
-5.87375e-06
0.000678623
-6.02917e-06
0.000679602
-6.1666e-06
0.000680591
-6.28676e-06
0.000681589
-6.39017e-06
0.000682595
-6.47739e-06
0.000683608
-6.54872e-06
0.000684627
-6.60462e-06
0.000685652
-6.64518e-06
0.00068668
-6.67078e-06
0.000687713
-6.68126e-06
0.000688749
-6.67704e-06
0.000689788
-6.65763e-06
0.000690829
-6.62362e-06
0.000691871
-6.57405e-06
0.000692915
-6.50991e-06
0.000693959
-6.42951e-06
0.000695003
-6.33461e-06
0.000696047
-6.22239e-06
0.000697089
-6.09592e-06
0.000698131
-5.95055e-06
0.000699171
-5.79156e-06
0.000700209
-5.61138e-06
0.000701245
-5.41897e-06
0.000702278
-5.20198e-06
0.00070331
-4.97539e-06
0.000704339
-4.7192e-06
0.000705368
-4.45813e-06
0.000706394
-4.15983e-06
0.000707423
-3.86479e-06
0.000708451
-3.5207e-06
0.000709487
-3.19321e-06
0.000710521
-2.79795e-06
0.00071157
-2.44064e-06
0.000712615
-1.98572e-06
0.000713678
-1.60305e-06
0.000714723
-1.07566e-06
0.000715816
-6.75541e-07
0.000716898
-5.02249e-08
0.00071806
3.2957e-07
0.000719235
1.03367e-06
0.000720516
1.39497e-06
0.000721793
2.25734e-06
2.56965e-06
0.000723213
0.000666738
-3.31577e-07
0.00066697
-1.01561e-06
0.000667356
-1.68434e-06
0.000667879
-2.31706e-06
0.000668518
-2.90457e-06
0.000669251
-3.44396e-06
0.000670061
-3.93679e-06
0.000670933
-4.38673e-06
0.000671857
-4.79767e-06
0.000672824
-5.17285e-06
0.000673825
-5.51478e-06
0.000674854
-5.8255e-06
0.000675906
-6.10701e-06
0.000676976
-6.36127e-06
0.000678061
-6.59031e-06
0.000679157
-6.79595e-06
0.000680263
-6.97988e-06
0.000681378
-7.14341e-06
0.000682499
-7.28775e-06
0.000683626
-7.41376e-06
0.000684758
-7.52231e-06
0.000685894
-7.61392e-06
0.000687035
-7.68927e-06
0.000688179
-7.74859e-06
0.000689326
-7.7924e-06
0.000690476
-7.82068e-06
0.000691629
-7.83384e-06
0.000692783
-7.83161e-06
0.00069394
-7.81435e-06
0.000695098
-7.7816e-06
0.000696257
-7.73366e-06
0.000697418
-7.66997e-06
0.000698579
-7.59074e-06
0.00069974
-7.49539e-06
0.000700901
-7.38394e-06
0.000702061
-7.25602e-06
0.000703222
-7.11119e-06
0.00070438
-6.94972e-06
0.000705539
-6.77014e-06
0.000706694
-6.5742e-06
0.00070785
-6.35828e-06
0.000709002
-6.12713e-06
0.000710156
-5.87302e-06
0.000711304
-5.60636e-06
0.000712456
-5.31177e-06
0.000713601
-5.01008e-06
0.000714753
-4.6721e-06
0.000715897
-4.33727e-06
0.000717051
-3.95222e-06
0.000718199
-3.58892e-06
0.000719366
-3.15229e-06
0.000720533
-2.77002e-06
0.000721733
-2.27598e-06
0.000722949
-1.89165e-06
0.00072423
-1.33148e-06
0.000725533
-9.73139e-07
0.000726902
-3.35387e-07
0.000728349
-5.1906e-08
0.000729867
7.39914e-07
9.07104e-07
0.000731529
0.000666854
-5.18718e-07
0.000667309
-1.47035e-06
0.000667972
-2.34762e-06
0.000668795
-3.14063e-06
0.000669736
-3.84522e-06
0.000670761
-4.46902e-06
0.000671849
-5.02428e-06
0.000672984
-5.52209e-06
0.000674157
-5.97027e-06
0.000675357
-6.37372e-06
0.000676579
-6.73598e-06
0.000677813
-7.06032e-06
0.000679057
-7.35026e-06
0.000680305
-7.60927e-06
0.000681555
-7.84063e-06
0.000682806
-8.04697e-06
0.000684057
-8.23051e-06
0.000685306
-8.3928e-06
0.000686554
-8.53533e-06
0.000687799
-8.65899e-06
0.000689042
-8.76497e-06
0.000690281
-8.85365e-06
0.000691518
-8.92606e-06
0.000692752
-8.98211e-06
0.000693982
-9.02277e-06
0.000695209
-9.04742e-06
0.000696432
-9.0572e-06
0.000697651
-9.05087e-06
0.000698867
-9.03e-06
0.000700078
-8.99253e-06
0.000701285
-8.94079e-06
0.000702487
-8.87159e-06
0.000703684
-8.78849e-06
0.000704876
-8.68667e-06
0.000706063
-8.57159e-06
0.000707243
-8.43602e-06
0.00070842
-8.28833e-06
0.000709588
-8.11773e-06
0.000710755
-7.93688e-06
0.000711911
-7.72986e-06
0.000713068
-7.51554e-06
0.000714212
-7.27063e-06
0.000715361
-7.02286e-06
0.000716494
-6.73858e-06
0.00071764
-6.45783e-06
0.000718763
-6.13282e-06
0.000719911
-5.82016e-06
0.000721027
-5.45348e-06
0.000722185
-5.11054e-06
0.000723298
-4.70217e-06
0.000724477
-4.33089e-06
0.00072559
-3.88292e-06
0.000726799
-3.48511e-06
0.000727912
-3.00492e-06
0.000729163
-2.58185e-06
0.000730279
-2.08987e-06
0.000731585
-1.64147e-06
0.000732721
-1.18786e-06
0.000734164
-7.02512e-07
-3.89033e-07
0.00073546
0.000666951
-8.02989e-07
0.000667819
-2.33796e-06
0.000669058
-3.58756e-06
0.000670483
-4.56557e-06
0.000671985
-5.34642e-06
0.000673514
-5.99888e-06
0.000675055
-6.56458e-06
0.000676595
-7.06193e-06
0.000678122
-7.49798e-06
0.000679626
-7.87718e-06
0.000681095
-8.20513e-06
0.000682523
-8.48876e-06
0.000683908
-8.7351e-06
0.000685249
-8.94999e-06
0.000686546
-9.13776e-06
0.0006878
-9.30134e-06
0.000689013
-9.44287e-06
0.000690184
-9.56391e-06
0.000691315
-9.66594e-06
0.000692406
-9.74999e-06
0.000693458
-9.8172e-06
0.000694472
-9.8681e-06
0.00069545
-9.90354e-06
0.000696391
-9.92356e-06
0.000697297
-9.92891e-06
0.000698169
-9.91918e-06
0.000699007
-9.89526e-06
0.000699812
-9.8562e-06
0.000700586
-9.8033e-06
0.000701328
-9.73486e-06
0.00070204
-9.65296e-06
0.000702723
-9.55473e-06
0.000703379
-9.44368e-06
0.000704007
-9.31504e-06
0.00070461
-9.1747e-06
0.000705189
-9.01482e-06
0.000705746
-8.84525e-06
0.000706281
-8.65308e-06
0.000706799
-8.45475e-06
0.000707298
-8.22892e-06
0.000707785
-8.00293e-06
0.000708256
-7.74149e-06
0.000708723
-7.48994e-06
0.000709175
-7.1899e-06
0.000709633
-6.91645e-06
0.000710073
-6.57299e-06
0.000710537
-6.28372e-06
0.000710973
-5.88893e-06
0.000711456
-5.59387e-06
0.000711889
-5.13484e-06
0.000712408
-4.85037e-06
0.000712832
-4.30661e-06
0.000713406
-4.05921e-06
0.000713801
-3.39994e-06
0.00071445
-3.2306e-06
0.000714776
-2.41622e-06
0.000715515
-2.38008e-06
0.000715719
-1.39232e-06
0.000716555
-1.539e-06
-4.45956e-07
0.000716612
0.000667556
-1.69227e-06
0.00066912
-3.90244e-06
0.000670854
-5.32091e-06
0.000672525
-6.23644e-06
0.000674053
-6.87515e-06
0.000675426
-7.37171e-06
0.000676638
-7.7766e-06
0.000677679
-8.10287e-06
0.000678538
-8.35653e-06
0.000679207
-8.54657e-06
0.000679687
-8.68528e-06
0.000679983
-8.78496e-06
0.000680104
-8.85525e-06
0.000680056
-8.90246e-06
0.000679849
-8.93041e-06
0.000679489
-8.94156e-06
0.000678984
-8.93774e-06
0.00067834
-8.92051e-06
0.000677566
-8.89119e-06
0.000676667
-8.85087e-06
0.00067565
-8.80035e-06
0.000674522
-8.74024e-06
0.000673289
-8.67094e-06
0.000671958
-8.59276e-06
0.000670535
-8.5059e-06
0.000669027
-8.41051e-06
0.000667438
-8.30671e-06
0.000665777
-8.19451e-06
0.000664047
-8.07402e-06
0.000662257
-7.94511e-06
0.000660413
-7.808e-06
0.00065852
-7.66232e-06
0.000656585
-7.5086e-06
0.000654616
-7.34605e-06
0.000652617
-7.17578e-06
0.000650599
-6.99625e-06
0.000648563
-6.80964e-06
0.000646523
-6.61301e-06
0.000644479
-6.41057e-06
0.000642446
-6.19665e-06
0.000640423
-5.97926e-06
0.000638429
-5.74766e-06
0.000636456
-5.51676e-06
0.000634532
-5.26648e-06
0.00063264
-5.02439e-06
0.00063082
-4.75312e-06
0.00062904
-4.50339e-06
0.000627357
-4.20598e-06
0.000625718
-3.9544e-06
0.000624202
-3.61946e-06
0.000622728
-3.37634e-06
0.000621399
-2.97752e-06
0.000620106
-2.76582e-06
0.000618941
-2.23539e-06
0.000617826
-2.11548e-06
0.00061665
-1.24039e-06
0.000615743
-1.47308e-06
0.000614135
2.16251e-07
0.000613751
-1.15567e-06
3.20662e-06
0.000610099
0.000664974
0.000661072
0.000655751
0.000649515
0.000642639
0.000635268
0.000627491
0.000619388
0.000611032
0.000602485
0.0005938
0.000585015
0.00057616
0.000567257
0.000558327
0.000549385
0.000540448
0.000531527
0.000522636
0.000513785
0.000504985
0.000496244
0.000487573
0.000478981
0.000470475
0.000462064
0.000453758
0.000445563
0.000437489
0.000429544
0.000421736
0.000414074
0.000406565
0.000399219
0.000392043
0.000385047
0.000378237
0.000371624
0.000365214
0.000359017
0.000353038
0.00034729
0.000341773
0.000336507
0.000331482
0.000326729
0.000322226
0.00031802
0.000314066
0.000310446
0.00030707
0.000304092
0.000301326
0.000299091
0.000296976
0.000295735
0.000294262
0.000294478
0.000293323
0.000296529
0.000390372
-0.000196204
0.000460122
-0.000224378
0.00051279
-0.000248524
0.000550865
-0.000268371
0.000576112
-0.000284156
0.000589821
-0.000296115
0.000593118
-0.000304424
0.000587145
-0.000309358
0.000573218
-0.000311406
0.000552847
-0.000311139
0.000527814
-0.000309451
0.000500181
-0.000307373
0.000472022
-0.000306053
0.000445
-0.000306656
-0.00030988
0.000655473
-0.00024155
0.00068545
-0.000254355
0.000701627
-0.000264701
0.000705557
-0.000272301
0.00069832
-0.00027692
0.000681014
-0.000278808
0.000655141
-0.00027855
0.000622619
-0.000276837
0.000586148
-0.000274934
0.000548615
-0.000273606
0.000512826
-0.000273661
0.000481018
-0.000275566
0.000454508
-0.000279543
0.000432961
-0.000285109
0.000414448
-0.000291367
0.000396103
-0.000296965
0.000374951
-0.000300175
0.000350056
-0.000301417
0.00032215
-0.000301554
0.00029501
-0.000303334
0.000271192
-0.000310151
0.000247203
-0.000317666
0.00022073
-0.00032237
0.000193475
-0.000328104
0.000165756
-0.000337082
0.000136873
-0.000347048
0.000107364
-0.000361917
7.32687e-05
-0.000377206
3.851e-05
-0.00040956
-0.000381471
0.000714361
-0.000239271
0.000702832
-0.000242827
0.000683164
-0.000245033
0.000657142
-0.000246278
0.000627057
-0.000246835
0.000595329
-0.00024708
0.000564426
-0.000247647
0.000536679
-0.00024909
0.000513494
-0.000251749
0.000495237
-0.00025535
0.000481144
-0.000259569
0.000469531
-0.000263952
0.000457961
-0.000267973
0.000443804
-0.000270952
0.000425013
-0.000272576
0.000400724
-0.000272676
0.000372522
-0.000271974
0.000343224
-0.000272119
0.000316453
-0.000274782
0.00029414
-0.000281021
0.000272455
-0.000288467
0.000247031
-0.000292242
0.000219812
-0.000295151
0.000193125
-0.000301417
0.000165809
-0.000309765
0.000137402
-0.000318641
0.000106976
-0.000331492
7.41544e-05
-0.000344384
3.86578e-05
-0.000374064
-0.000342813
0.000717702
-0.000221488
0.000697732
-0.000222857
0.000676731
-0.000224032
0.000655732
-0.000225279
0.000635689
-0.000226792
0.000617206
-0.000228598
0.000600267
-0.000230708
0.000584234
-0.000233057
0.000567898
-0.000235413
0.00055004
-0.000237492
0.000529469
-0.000238999
0.000505334
-0.000239817
0.00047746
-0.000240099
0.000446629
-0.000240121
0.000414466
-0.000240412
0.000383416
-0.000241626
0.000356009
-0.000244567
0.000333205
-0.000249315
0.00031381
-0.000255387
0.000293793
-0.000261004
0.000269014
-0.000263687
0.000241372
-0.000264601
0.000214885
-0.000268664
0.000189101
-0.000275633
0.000162051
-0.000282715
0.00013369
-0.000290279
0.000103474
-0.000301276
7.18036e-05
-0.000312714
3.65472e-05
-0.000338807
-0.000306266
0.000710858
-0.000200793
0.000689956
-0.000201956
0.000668968
-0.000203043
0.00064787
-0.000204181
0.000626502
-0.000205424
0.000604636
-0.000206732
0.000581961
-0.000208032
0.000558158
-0.000209254
0.000533113
-0.000210368
0.000507029
-0.000211408
0.000480545
-0.000212515
0.000454598
-0.00021387
0.00043027
-0.00021577
0.000408456
-0.000218308
0.000389455
-0.000221411
0.000372815
-0.000224986
0.000356935
-0.000228687
0.000339502
-0.000231883
0.000318175
-0.00023406
0.00029203
-0.000234859
0.000263538
-0.000235194
0.000237006
-0.000238069
0.000212647
-0.000244305
0.000187344
-0.00025033
0.00016016
-0.000255532
0.000131948
-0.000262067
0.000102185
-0.000271513
7.09646e-05
-0.000281493
3.5771e-05
-0.000303614
-0.000270495
0.000702524
-0.000180081
0.00068173
-0.000181162
0.00066089
-0.000182203
0.000639972
-0.000183263
0.000618928
-0.00018438
0.000597764
-0.000185568
0.000576555
-0.000186823
0.000555444
-0.000188143
0.000534627
-0.000189551
0.000514301
-0.000191082
0.000494564
-0.000192778
0.000475316
-0.000194622
0.000456123
-0.000196577
0.000436327
-0.000198512
0.000415185
-0.000200269
0.000391841
-0.000201642
0.000365858
-0.000202704
0.000337557
-0.000203581
0.00030815
-0.000204653
0.000279877
-0.000206586
0.000254921
-0.000210239
0.000232559
-0.000215707
0.000209169
-0.000220914
0.000183029
-0.000224191
0.000155663
-0.000228166
0.000127823
-0.000234226
9.86474e-05
-0.000242338
6.80517e-05
-0.000250897
3.36347e-05
-0.000269197
-0.00023686
0.000694289
-0.000159603
0.000673734
-0.000160607
0.000653097
-0.000161567
0.000632364
-0.000162529
0.000611512
-0.000163528
0.000590524
-0.00016458
0.000569384
-0.000165683
0.000548074
-0.000166833
0.000526545
-0.000168022
0.000504706
-0.000169242
0.000482411
-0.000170483
0.000459513
-0.000171725
0.000435891
-0.000172954
0.000411555
-0.000174176
0.000386743
-0.000175457
0.000361979
-0.000176878
0.000337947
-0.000178673
0.000315307
-0.000180941
0.000294363
-0.000183709
0.000274686
-0.000186909
0.00025472
-0.000190273
0.000232123
-0.00019311
0.000206116
-0.000194908
0.000178849
-0.000196924
0.000152011
-0.000201328
0.000124854
-0.000207069
9.62024e-05
-0.000213686
6.60524e-05
-0.000220747
3.23272e-05
-0.000235471
-0.000204533
0.00068622
-0.000139343
0.000665839
-0.000140226
0.000645351
-0.00014108
0.000624756
-0.000141934
0.000604042
-0.000142814
0.000583195
-0.000143733
0.000562209
-0.000144697
0.000541077
-0.000145701
0.000519801
-0.000146745
0.000498386
-0.000147828
0.000476856
-0.000148953
0.000455262
-0.00015013
0.000433684
-0.000151377
0.000412225
-0.000152716
0.000390944
-0.000154175
0.000369828
-0.000155762
0.000348629
-0.000157473
0.000326933
-0.000159244
0.000304215
-0.000160991
0.000279841
-0.000162535
0.000253542
-0.000163974
0.000225873
-0.000165441
0.00019852
-0.000167555
0.000172753
-0.000171157
0.00014744
-0.000176014
0.000120797
-0.000180426
9.24977e-05
-0.000185387
6.29234e-05
-0.000191173
3.03049e-05
-0.000202853
-0.000174228
0.000678435
-0.000119223
0.000658193
-0.000119984
0.000637836
-0.000120723
0.000617364
-0.000121462
0.00059677
-0.00012222
0.000576046
-0.000123009
0.000555182
-0.000123833
0.00053417
-0.00012469
0.000513003
-0.000125579
0.000491675
-0.000126499
0.000470176
-0.000127454
0.000448489
-0.000128444
0.000426588
-0.000129476
0.000404421
-0.000130549
0.000381913
-0.000131668
0.000358975
-0.000132825
0.000335522
-0.00013402
0.000311538
-0.00013526
0.000287138
-0.000136591
0.000262694
-0.000138091
0.000238651
-0.00013993
0.000215377
-0.000142168
0.000192756
-0.000144933
0.000169587
-0.000147989
0.000144401
-0.000150828
0.000117388
-0.000153412
8.93553e-05
-0.000157355
6.04039e-05
-0.000162222
2.87995e-05
-0.000171249
-0.000145428
0.000671089
-9.92152e-05
0.000650951
-9.98458e-05
0.000630694
-0.000100465
0.000610318
-0.000101086
0.000589818
-0.000101721
0.000569187
-0.000102378
0.000548415
-0.000103061
0.000527496
-0.000103771
0.000506424
-0.000104507
0.000485193
-0.000105269
0.000463799
-0.00010606
0.000442236
-0.000106881
0.000420498
-0.000107738
0.000398582
-0.000108633
0.000376491
-0.000109577
0.00035424
-0.000110574
0.000331862
-0.000111642
0.000309396
-0.000112794
0.000286865
-0.00011406
0.000264219
-0.000115445
0.000241259
-0.00011697
0.000217682
-0.000118591
0.000193043
-0.000120294
0.000166987
-0.000121933
0.00013995
-0.000123791
0.000112863
-0.000126325
8.56364e-05
-0.000130129
5.75128e-05
-0.000134098
2.70613e-05
-0.000140797
-0.000118367
0.000664383
-7.92877e-05
0.000644325
-7.97884e-05
0.000624146
-8.02859e-05
0.000603846
-8.07856e-05
0.00058342
-8.12948e-05
0.000562862
-8.18196e-05
0.000542164
-8.23636e-05
0.000521322
-8.29278e-05
0.000500328
-8.35131e-05
0.000479179
-8.41193e-05
0.000457867
-8.47482e-05
0.000436387
-8.5401e-05
0.000414731
-8.60813e-05
0.000392889
-8.67916e-05
0.00037085
-8.75375e-05
0.000348599
-8.83221e-05
0.00032611
-8.91537e-05
0.00030335
-9.0034e-05
0.000280265
-9.09744e-05
0.000256793
-9.19732e-05
0.000232876
-9.30534e-05
0.000208507
-9.42218e-05
0.000183761
-9.55481e-05
0.000158885
-9.70573e-05
0.000134055
-9.89605e-05
0.000108978
-0.000101248
8.2818e-05
-0.000103968
5.52599e-05
-0.00010654
2.56901e-05
-0.000111227
-9.26767e-05
0.000658567
-5.94197e-05
0.00063857
-5.97917e-05
0.00061845
-6.01658e-05
0.000598207
-6.05425e-05
0.000577838
-6.09253e-05
0.000557336
-6.13183e-05
0.000536697
-6.17246e-05
0.000515915
-6.21455e-05
0.000494984
-6.2582e-05
0.000473899
-6.30342e-05
0.000452654
-6.35034e-05
0.000431243
-6.39903e-05
0.000409659
-6.44974e-05
0.000387894
-6.50264e-05
0.000365938
-6.55814e-05
0.00034378
-6.61646e-05
0.000321409
-6.67823e-05
0.000298812
-6.74371e-05
0.000275978
-6.814e-05
0.0002529
-6.88955e-05
0.000229572
-6.9725e-05
0.000205983
-7.06329e-05
0.000182091
-7.16568e-05
0.000157826
-7.27916e-05
0.000132981
-7.4116e-05
0.000107281
-7.55484e-05
8.05618e-05
-7.7249e-05
5.30775e-05
-7.90557e-05
2.42947e-05
-8.24446e-05
-6.8382e-05
0.000653903
-3.9593e-05
0.00063395
-3.9839e-05
0.000613873
-4.00889e-05
0.000593671
-4.0341e-05
0.000573343
-4.05968e-05
0.000552883
-4.08585e-05
0.000532287
-4.11284e-05
0.000511549
-4.14079e-05
0.000490665
-4.16976e-05
0.000469628
-4.19979e-05
0.000448434
-4.23094e-05
0.000427077
-4.26326e-05
0.000405549
-4.29691e-05
0.000383842
-4.33199e-05
0.000361948
-4.36876e-05
0.000339857
-4.40736e-05
0.000317557
-4.44821e-05
0.000295035
-4.49147e-05
0.000272273
-4.53784e-05
0.000249252
-4.58748e-05
0.000225943
-4.6416e-05
0.000202312
-4.70019e-05
0.000178311
-4.76559e-05
0.000153895
-4.83755e-05
0.000128992
-4.92122e-05
0.000103577
-5.01336e-05
7.76074e-05
-5.12798e-05
5.10616e-05
-5.25098e-05
2.32517e-05
-5.46347e-05
-4.51303e-05
0.000650633
-1.97927e-05
0.000630709
-1.99151e-05
0.000610661
-2.00403e-05
0.000590487
-2.01668e-05
0.000570185
-2.0295e-05
0.000549752
-2.04258e-05
0.000529184
-2.05606e-05
0.000508476
-2.07001e-05
0.000487624
-2.08447e-05
0.00046662
-2.09946e-05
0.000445461
-2.11501e-05
0.00042414
-2.13114e-05
0.00040265
-2.14793e-05
0.000380984
-2.16543e-05
0.000359135
-2.18377e-05
0.000337091
-2.20301e-05
0.000314842
-2.22336e-05
0.000292377
-2.24489e-05
0.000269678
-2.26795e-05
0.000246729
-2.29259e-05
0.000223507
-2.31942e-05
0.00019999
-2.34848e-05
0.000176144
-2.38095e-05
0.000151934
-2.41663e-05
0.0001273
-2.45779e-05
0.000102196
-2.50295e-05
7.65056e-05
-2.55894e-05
5.01764e-05
-2.61806e-05
2.27283e-05
-2.71867e-05
-2.2402e-05
0.000648946
-5.42517e-09
0.000629037
-5.64544e-09
0.000609002
-5.88083e-09
0.000588842
-6.12964e-09
0.000568553
-6.39223e-09
0.000548134
-6.67044e-09
0.00052758
-6.96668e-09
0.000506887
-7.28318e-09
0.00048605
-7.62187e-09
0.000465064
-7.98453e-09
0.000443922
-8.37306e-09
0.000422619
-8.78978e-09
0.000401149
-9.23745e-09
0.000379505
-9.71933e-09
0.000357677
-1.02392e-08
0.000335658
-1.08014e-08
0.000313436
-1.1411e-08
0.000290999
-1.20738e-08
0.000268332
-1.2797e-08
0.00024542
-1.35886e-08
0.00022224
-1.44593e-08
0.000198771
-1.54203e-08
0.000174978
-1.64886e-08
0.000150829
-1.76794e-08
0.00012627
-1.9023e-08
0.000101261
-2.05395e-08
7.56943e-05
-2.22986e-08
4.95379e-05
-2.42747e-08
2.2378e-05
-2.6784e-08
-2.39871e-08
0.000648945
1.97819e-05
0.000629035
1.99038e-05
0.000609001
2.00285e-05
0.00058884
2.01546e-05
0.000568551
2.02822e-05
0.000548132
2.04125e-05
0.000527579
2.05467e-05
0.000506886
2.06855e-05
0.000486049
2.08294e-05
0.000465062
2.09786e-05
0.00044392
2.11333e-05
0.000422618
2.12938e-05
0.000401148
2.14608e-05
0.000379503
2.16348e-05
0.000357676
2.18172e-05
0.000335657
2.20084e-05
0.000313435
2.22107e-05
0.000290998
2.24247e-05
0.000268331
2.26538e-05
0.000245419
2.28987e-05
0.000222239
2.31652e-05
0.00019877
2.34539e-05
0.000174977
2.37764e-05
0.000150828
2.41308e-05
0.00012627
2.45398e-05
0.000101261
2.49883e-05
7.56938e-05
2.55447e-05
4.95376e-05
2.6132e-05
2.23778e-05
2.71329e-05
2.23539e-05
0.000650628
3.95821e-05
0.000630704
3.98276e-05
0.000610656
4.00771e-05
0.000590482
4.03287e-05
0.00057018
4.05839e-05
0.000549747
4.08451e-05
0.00052918
4.11144e-05
0.000508472
4.13932e-05
0.000487619
4.16823e-05
0.000466616
4.19818e-05
0.000445457
4.22926e-05
0.000424136
4.26149e-05
0.000402646
4.29505e-05
0.00038098
4.33003e-05
0.000359131
4.3667e-05
0.000337087
4.40518e-05
0.000314839
4.44591e-05
0.000292373
4.48903e-05
0.000269674
4.53526e-05
0.000246726
4.58474e-05
0.000223504
4.63868e-05
0.000199987
4.69708e-05
0.000176141
4.76227e-05
0.000151932
4.83398e-05
0.000127298
4.91738e-05
0.000102194
5.00922e-05
7.65039e-05
5.12348e-05
5.01751e-05
5.24607e-05
2.27277e-05
5.45803e-05
4.50816e-05
0.000653894
5.94088e-05
0.000633942
5.97803e-05
0.000613865
6.01539e-05
0.000593664
6.05301e-05
0.000573335
6.09124e-05
0.000552875
6.13048e-05
0.000532279
6.17105e-05
0.000511542
6.21307e-05
0.000490657
6.25665e-05
0.000469621
6.30181e-05
0.000448427
6.34864e-05
0.00042707
6.39724e-05
0.000405542
6.44786e-05
0.000383835
6.50066e-05
0.000361942
6.55606e-05
0.000339851
6.61427e-05
0.000317551
6.67591e-05
0.000295029
6.74125e-05
0.000272267
6.8114e-05
0.000249247
6.88678e-05
0.000225938
6.96956e-05
0.000202308
7.06014e-05
0.000178307
7.16231e-05
0.000153892
7.27555e-05
0.000128988
7.4077e-05
0.000103574
7.55064e-05
7.76052e-05
7.72037e-05
5.10598e-05
7.90062e-05
2.32508e-05
8.23893e-05
6.83323e-05
0.000658556
7.92767e-05
0.000638559
7.9777e-05
0.000618439
8.0274e-05
0.000598196
8.07731e-05
0.000577827
8.12818e-05
0.000557326
8.1806e-05
0.000536687
8.23493e-05
0.000515905
8.29129e-05
0.000494974
8.34975e-05
0.000473889
8.4103e-05
0.000452644
8.4731e-05
0.000431234
8.5383e-05
0.00040965
8.60624e-05
0.000387885
8.67716e-05
0.000365929
8.75165e-05
0.000343772
8.82999e-05
0.000321401
8.91302e-05
0.000298804
9.00091e-05
0.00027597
9.09481e-05
0.000252893
9.19452e-05
0.000229565
9.30236e-05
0.000205976
9.419e-05
0.000182085
9.55141e-05
0.00015782
9.70207e-05
0.000132976
9.89209e-05
0.000107277
0.000101205
8.05587e-05
0.000103922
5.30753e-05
0.00010649
2.42933e-05
0.000111171
9.26256e-05
0.000664369
9.92042e-05
0.000644312
9.98342e-05
0.000624132
0.000100453
0.000603832
0.000101073
0.000583406
0.000101708
0.000562848
0.000102364
0.000542151
0.000103046
0.000521309
0.000103755
0.000500315
0.000104491
0.000479166
0.000105252
0.000457855
0.000106042
0.000436375
0.000106862
0.000414719
0.000107718
0.000392878
0.000108613
0.000370839
0.000109555
0.000348588
0.000110551
0.0003261
0.000111618
0.00030334
0.000112769
0.000280255
0.000114033
0.000256784
0.000115417
0.000232868
0.00011694
0.000208499
0.000118559
0.000183754
0.000120259
0.000158879
0.000121896
0.000134048
0.000123751
0.000108972
0.000126282
8.28133e-05
0.000130081
5.52567e-05
0.000134046
2.56884e-05
0.00014074
0.000118314
0.000671073
0.000119211
0.000650935
0.000119972
0.000630678
0.00012071
0.000610302
0.000121449
0.000589803
0.000122207
0.000569171
0.000122995
0.0005484
0.000123818
0.000527481
0.000124674
0.000506409
0.000125563
0.000485178
0.000126483
0.000463784
0.000127436
0.000442222
0.000128425
0.000420484
0.000129456
0.000398568
0.000130529
0.000376478
0.000131646
0.000354227
0.000132802
0.000331849
0.000133996
0.000309384
0.000135234
0.000286853
0.000136564
0.000264207
0.000138063
0.000241247
0.000139899
0.000217671
0.000142135
0.000193034
0.000144897
0.000166979
0.00014795
0.000139944
0.000150787
0.000112857
0.000153368
8.56312e-05
0.000157306
5.7509e-05
0.000162168
2.70594e-05
0.000171189
0.000145373
0.000678417
0.000139332
0.000658175
0.000140214
0.000637818
0.000141067
0.000617346
0.000141921
0.000596752
0.000142801
0.000576028
0.000143719
0.000555164
0.000144682
0.000534153
0.000145686
0.000512986
0.000146729
0.000491658
0.000147811
0.00047016
0.000148935
0.000448473
0.000150111
0.000426572
0.000151357
0.000404405
0.000152695
0.000381898
0.000154153
0.000358961
0.000155739
0.000335509
0.000157448
0.000311525
0.000159218
0.000287125
0.000160963
0.000262683
0.000162505
0.000238639
0.000163943
0.000215366
0.000165408
0.000192744
0.000167519
0.000169577
0.000171117
0.000144392
0.000175972
0.00011738
0.00018038
8.93493e-05
0.000185337
6.03995e-05
0.000191118
2.87972e-05
0.000202791
0.000174171
0.000686199
0.000159592
0.000665819
0.000160595
0.000645331
0.000161554
0.000624736
0.000162516
0.000604022
0.000163515
0.000583176
0.000164565
0.00056219
0.000165668
0.000541058
0.000166818
0.000519782
0.000168005
0.000498367
0.000169225
0.000476838
0.000170464
0.000455244
0.000171705
0.000433667
0.000172934
0.000412207
0.000174155
0.000390926
0.000175434
0.000369811
0.000176854
0.000348612
0.000178647
0.000326917
0.000180914
0.0003042
0.00018368
0.000279827
0.000186878
0.00025353
0.00019024
0.000225862
0.000193076
0.00019851
0.000194871
0.000172743
0.000196884
0.00014743
0.000201284
0.000120788
0.000207022
9.24911e-05
0.000213635
6.29184e-05
0.000220691
3.03024e-05
0.000235408
0.000204473
0.000694267
0.00018007
0.000673712
0.00018115
0.000653076
0.000182191
0.000632342
0.00018325
0.000611491
0.000184366
0.000590502
0.000185554
0.000569363
0.000186808
0.000548053
0.000188127
0.000526525
0.000189534
0.000504686
0.000191064
0.000482391
0.000192759
0.000459494
0.000194603
0.000435872
0.000196556
0.000411537
0.00019849
0.000386726
0.000200246
0.000361962
0.000201617
0.000337931
0.000202679
0.00031529
0.000203555
0.000294346
0.000204624
0.000274669
0.000206555
0.000254704
0.000210205
0.000232109
0.000215671
0.000206104
0.000220876
0.000178838
0.000224151
0.000152
0.000228121
0.000124845
0.000234178
9.61948e-05
0.000242285
6.60468e-05
0.000250839
3.23243e-05
0.00026913
0.000236797
0.000702501
0.000200782
0.000681707
0.000201944
0.000660867
0.00020303
0.000639949
0.000204168
0.000618905
0.00020541
0.000597742
0.000206717
0.000576533
0.000208017
0.000555422
0.000209238
0.000534605
0.000210351
0.000514279
0.00021139
0.000494542
0.000212496
0.000475295
0.00021385
0.000456102
0.000215749
0.000436306
0.000218286
0.000415165
0.000221387
0.000391822
0.000224961
0.000365841
0.00022866
0.000337541
0.000231855
0.000308134
0.00023403
0.000279861
0.000234828
0.000254905
0.000235161
0.000232543
0.000238033
0.000209155
0.000244265
0.000183017
0.000250288
0.000155652
0.000255486
0.000127813
0.000262017
9.86393e-05
0.000271458
6.80457e-05
0.000281432
3.36315e-05
0.000303544
0.000270429
0.000710834
0.000221477
0.000689932
0.000222845
0.000668944
0.000224019
0.000647846
0.000225266
0.000626479
0.000226778
0.000604613
0.000228583
0.000581937
0.000230692
0.000558135
0.00023304
0.000533091
0.000235396
0.000507008
0.000237473
0.000480524
0.000238979
0.000454578
0.000239797
0.000430249
0.000240078
0.000408435
0.000240099
0.000389433
0.000240389
0.000372793
0.000241601
0.000356913
0.00024454
0.000339482
0.000249286
0.000318157
0.000255356
0.000292013
0.000260972
0.000263522
0.000263653
0.00023699
0.000264564
0.000212632
0.000268623
0.000187331
0.00027559
0.000160148
0.000282669
0.000131937
0.000290228
0.000102176
0.000301219
7.09579e-05
0.000312651
3.57674e-05
0.000338735
0.000306196
0.000717677
0.00023926
0.000697708
0.000242815
0.000676707
0.00024502
0.000655707
0.000246265
0.000635664
0.000246821
0.000617181
0.000247066
0.000600242
0.000247631
0.000584209
0.000249074
0.000567873
0.000251731
0.000550015
0.000255331
0.000529446
0.000259549
0.000505312
0.000263931
0.000477438
0.000267951
0.000446608
0.000270929
0.000414446
0.000272551
0.000383396
0.00027265
0.000355989
0.000271947
0.000333185
0.00027209
0.00031379
0.000274751
0.000293775
0.000280986
0.000268997
0.000288431
0.000241356
0.000292205
0.000214869
0.00029511
0.000189087
0.000301372
0.000162039
0.000309717
0.000133678
0.000318588
0.000103464
0.000331433
7.17967e-05
0.000344318
3.65434e-05
0.000373988
0.00034274
0.000714334
0.000241538
0.000702806
0.000254343
0.000683139
0.000264688
0.000657117
0.000272287
0.000627033
0.000276905
0.000595305
0.000278793
0.000564402
0.000278535
0.000536655
0.00027682
0.000513469
0.000274917
0.000495212
0.000273588
0.00048112
0.000273642
0.000469506
0.000275545
0.000457936
0.00027952
0.00044378
0.000285085
0.00042499
0.000291342
0.000400702
0.000296938
0.000372502
0.000300147
0.000343204
0.000301388
0.000316433
0.000301522
0.00029412
0.0003033
0.000272436
0.000310114
0.000247014
0.000317627
0.000219796
0.000322328
0.00019311
0.000328058
0.000165795
0.000337032
0.00013739
0.000346994
0.000106966
0.000361857
7.41469e-05
0.000377138
3.86536e-05
0.000409481
0.000381393
0.000655444
0.000196192
0.000685422
0.000224365
0.000701599
0.00024851
0.000705529
0.000268356
0.000698293
0.000284141
0.000680988
0.000296099
0.000655116
0.000304407
0.000622595
0.000309341
0.000586124
0.000311388
0.000548591
0.00031112
0.000512802
0.000309431
0.000480995
0.000307352
0.000454485
0.000306031
0.000432937
0.000306633
0.000414425
0.000309854
0.00039608
0.000315283
0.00037493
0.000321298
0.000350036
0.000326282
0.00032213
0.000329428
0.000294991
0.000330439
0.000271172
0.000333932
0.000247186
0.000341614
0.000220714
0.0003488
0.00019346
0.000355311
0.000165743
0.000364749
0.000136861
0.000375876
0.000107353
0.000391365
7.3261e-05
0.00041123
3.85058e-05
0.000444236
0.000419899
0.000390344
0.000102378
0.000460094
0.000154615
0.000512761
0.000195843
0.000550836
0.000230282
0.000576083
0.000258894
0.000589793
0.000282389
0.00059309
0.00030111
0.000587118
0.000315313
0.000573191
0.000325315
0.000552821
0.00033149
0.000527789
0.000334463
0.000500156
0.000334985
0.000471997
0.000334189
0.000444976
0.000333654
0.00042025
0.00033458
0.000397684
0.000337848
0.000375832
0.00034315
0.000353153
0.000348961
0.000328294
0.000354287
0.000301612
0.000357121
0.000275671
0.000359874
0.000250702
0.000366583
0.000224661
0.000374841
0.000197525
0.000382447
0.000169782
0.000392493
0.000139939
0.000405719
0.000111284
0.000420019
7.50694e-05
0.000447444
4.03484e-05
0.000478958
0.000460247
2.82643e-06
3.73582e-07
1.03626e-07
-2.45185e-06
-3.65804e-06
-4.5757e-06
-5.42207e-06
-5.95151e-06
-6.5092e-06
-7.13034e-06
-7.45275e-06
-7.52344e-06
-7.66723e-06
-7.98917e-06
-8.59344e-06
-9.36722e-06
-1.01072e-05
-1.06766e-05
-1.10288e-05
-1.13295e-05
-1.19279e-05
-1.31251e-05
-1.517e-05
-1.81983e-05
-2.22178e-05
-2.69612e-05
-3.1555e-05
-3.36325e-05
-2.77379e-05
)
;

boundaryField
{
    inlet
    {
        type            calculated;
        value           nonuniform List<scalar> 
30
(
-0.000666667
-0.000666667
-0.000666667
-0.000666667
-0.000666667
-0.000666667
-0.000666667
-0.000666667
-0.000666667
-0.000666667
-0.000666667
-0.000666667
-0.000666667
-0.000666667
-0.000666667
-0.000666667
-0.000666667
-0.000666667
-0.000666667
-0.000666667
-0.000666667
-0.000666667
-0.000666667
-0.000666667
-0.000666667
-0.000666667
-0.000666667
-0.000666667
-0.000666667
-0.000666667
)
;
    }
    outlet
    {
        type            calculated;
        value           nonuniform List<scalar> 0();
    }
    wall
    {
        type            calculated;
        value           uniform 0;
    }
    obstacle
    {
        type            calculated;
        value           uniform 0;
    }
    frontAndBack
    {
        type            empty;
        value           nonuniform List<scalar> 0();
    }
    procBoundary0to1
    {
        type            processor;
        value           nonuniform List<scalar> 
61
(
0.000102387
0.000154627
0.000195856
0.000230296
0.000258909
0.000282405
0.000301127
0.000315331
0.000325333
0.00033151
0.000334483
0.000335007
0.000334211
0.000333678
0.000334606
0.000420274
0.00031531
0.000321326
0.000326312
0.00032946
0.000330473
0.00033397
0.000341654
0.000348843
0.000355358
0.000364801
0.000375932
0.000391426
0.000411301
0.000444319
0.000419981
0.000457421
0.00048141
0.000447714
0.000422575
0.000406925
0.00039341
0.000383293
0.00037537
0.00036714
0.000360495
0.000357443
0.000354357
0.000349105
0.000343472
0.000338453
0.000335354
0.000334394
0.000334758
0.000335337
0.000334764
0.000332089
0.000326512
0.000317358
0.000304138
0.000286409
0.000263637
0.000234875
0.000197921
0.000148721
7.46397e-05
)
;
    }
}


// ************************************************************************* //
