/*--------------------------------*- C++ -*----------------------------------*\
| =========                 |                                                 |
| \\      /  F ield         | OpenFOAM: The Open Source CFD Toolbox           |
|  \\    /   O peration     | Version:  2312                                  |
|   \\  /    A nd           | Website:  www.openfoam.com                      |
|    \\/     M anipulation  |                                                 |
\*---------------------------------------------------------------------------*/
FoamFile
{
    version     2.0;
    format      ascii;
    arch        "LSB;label=32;scalar=64";
    class       volVectorField;
    location    "19000";
    object      U;
}
// * * * * * * * * * * * * * * * * * * * * * * * * * * * * * * * * * * * * * //

dimensions      [0 1 -1 0 0 0 0];

internalField   nonuniform List<vector> 
2685
(
(0.00043574 -5.70934e-09 0)
(0.000435745 -4.92232e-09 0)
(0.000435749 -4.22502e-09 0)
(0.000435753 -3.61229e-09 0)
(0.000435757 -3.07434e-09 0)
(0.00043576 -2.60404e-09 0)
(0.000435763 -2.19448e-09 0)
(0.000435765 -1.83924e-09 0)
(0.000435767 -1.53237e-09 0)
(0.000435769 -1.2684e-09 0)
(0.000435771 -1.04246e-09 0)
(0.000435773 -8.50028e-10 0)
(0.000435774 -6.86945e-10 0)
(0.000435775 -5.49531e-10 0)
(0.000435776 -4.34581e-10 0)
(0.000435777 -3.3901e-10 0)
(0.000435778 -2.5985e-10 0)
(0.000435779 -1.94679e-10 0)
(0.00043578 -1.41591e-10 0)
(0.00043578 -9.87414e-11 0)
(0.000435781 -6.43655e-11 0)
(0.000435781 -3.71071e-11 0)
(0.000435782 -1.59298e-11 0)
(0.000435782 3.15908e-13 0)
(0.000435782 1.28748e-11 0)
(0.000435783 2.26486e-11 0)
(0.000435783 2.99775e-11 0)
(0.000435783 3.50367e-11 0)
(0.000435783 3.82239e-11 0)
(0.000435783 4.01689e-11 0)
(0.000435784 4.1408e-11 0)
(0.000435784 4.22129e-11 0)
(0.000435784 4.26581e-11 0)
(0.000435784 4.27839e-11 0)
(0.000435784 4.26862e-11 0)
(0.000435784 4.24224e-11 0)
(0.000435784 4.19975e-11 0)
(0.000435784 4.13215e-11 0)
(0.000435784 4.03566e-11 0)
(0.000435784 3.91038e-11 0)
(0.000435784 3.76265e-11 0)
(0.000435784 3.59703e-11 0)
(0.000435784 3.41511e-11 0)
(0.000435785 3.21982e-11 0)
(0.000435785 3.01128e-11 0)
(0.000435785 2.79509e-11 0)
(0.000435785 2.5711e-11 0)
(0.000435785 2.34698e-11 0)
(0.000435785 2.12435e-11 0)
(0.000435785 1.91231e-11 0)
(0.000435785 1.71437e-11 0)
(0.000435785 1.53589e-11 0)
(0.000435785 1.3797e-11 0)
(0.000435785 1.24473e-11 0)
(0.000435785 1.13219e-11 0)
(0.000435785 1.03721e-11 0)
(0.000435785 9.60493e-12 0)
(0.000435785 8.94246e-12 0)
(0.000435785 8.42387e-12 0)
(0.000435785 7.92659e-12 0)
(0.000435785 7.54967e-12 0)
(0.000435785 7.16806e-12 0)
(0.000435785 6.82696e-12 0)
(0.000435785 6.58351e-12 0)
(0.000435785 6.23883e-12 0)
(0.000435785 6.07698e-12 0)
(0.000435785 5.8322e-12 0)
(0.000435785 5.58786e-12 0)
(0.000435785 5.54019e-12 0)
(0.000435785 5.25268e-12 0)
(0.000435785 5.19066e-12 0)
(0.000435785 5.13413e-12 0)
(0.000435785 4.88726e-12 0)
(0.000435785 4.95377e-12 0)
(0.000435785 4.84326e-12 0)
(0.000435785 4.62016e-12 0)
(0.000435785 4.67826e-12 0)
(0.000435785 4.44814e-12 0)
(0.000435785 4.24072e-12 0)
(0.000435785 4.18422e-12 0)
(0.000435785 3.92877e-12 0)
(0.000435785 3.66363e-12 0)
(0.000435785 3.54606e-12 0)
(0.000435785 3.24435e-12 0)
(0.000435785 3.01869e-12 0)
(0.000435785 2.77228e-12 0)
(0.000435785 2.58967e-12 0)
(0.000435785 2.33907e-12 0)
(0.000435785 2.13591e-12 0)
(0.000888136 -1.65095e-08 0)
(0.000888143 -1.48148e-08 0)
(0.000888148 -1.33185e-08 0)
(0.000888154 -1.19912e-08 0)
(0.000888158 -1.08095e-08 0)
(0.000888162 -9.75382e-09 0)
(0.000888166 -8.80769e-09 0)
(0.00088817 -7.9575e-09 0)
(0.000888173 -7.19177e-09 0)
(0.000888175 -6.50076e-09 0)
(0.000888178 -5.8762e-09 0)
(0.00088818 -5.311e-09 0)
(0.000888182 -4.79899e-09 0)
(0.000888184 -4.33487e-09 0)
(0.000888186 -3.91399e-09 0)
(0.000888187 -3.53216e-09 0)
(0.000888189 -3.18568e-09 0)
(0.00088819 -2.87127e-09 0)
(0.000888191 -2.58596e-09 0)
(0.000888192 -2.32709e-09 0)
(0.000888193 -2.09239e-09 0)
(0.000888194 -1.87981e-09 0)
(0.000888195 -1.68747e-09 0)
(0.000888195 -1.51359e-09 0)
(0.000888196 -1.35648e-09 0)
(0.000888196 -1.21443e-09 0)
(0.000888197 -1.08605e-09 0)
(0.000888197 -9.70281e-10 0)
(0.000888198 -8.66226e-10 0)
(0.000888198 -7.72796e-10 0)
(0.000888198 -6.88671e-10 0)
(0.000888199 -6.12828e-10 0)
(0.000888199 -5.44413e-10 0)
(0.000888199 -4.83021e-10 0)
(0.000888199 -4.27946e-10 0)
(0.0008882 -3.78642e-10 0)
(0.0008882 -3.34285e-10 0)
(0.0008882 -2.94247e-10 0)
(0.0008882 -2.58162e-10 0)
(0.0008882 -2.25568e-10 0)
(0.0008882 -1.96619e-10 0)
(0.0008882 -1.70837e-10 0)
(0.0008882 -1.48315e-10 0)
(0.000888201 -1.28546e-10 0)
(0.000888201 -1.11061e-10 0)
(0.000888201 -9.56706e-11 0)
(0.000888201 -8.15892e-11 0)
(0.000888201 -6.91094e-11 0)
(0.000888201 -5.7833e-11 0)
(0.000888201 -4.79254e-11 0)
(0.000888201 -3.96547e-11 0)
(0.000888201 -3.2587e-11 0)
(0.000888201 -2.71506e-11 0)
(0.000888201 -2.2829e-11 0)
(0.000888201 -1.94596e-11 0)
(0.000888201 -1.7073e-11 0)
(0.000888201 -1.49549e-11 0)
(0.000888201 -1.33873e-11 0)
(0.000888201 -1.1933e-11 0)
(0.000888201 -1.04692e-11 0)
(0.000888201 -9.23342e-12 0)
(0.000888201 -7.76485e-12 0)
(0.000888201 -6.42178e-12 0)
(0.000888201 -5.11052e-12 0)
(0.000888201 -3.61121e-12 0)
(0.000888201 -2.42695e-12 0)
(0.000888201 -1.09312e-12 0)
(0.000888201 1.69849e-13 0)
(0.000888201 1.19285e-12 0)
(0.000888201 2.34575e-12 0)
(0.000888201 3.3492e-12 0)
(0.000888201 4.1704e-12 0)
(0.000888201 5.13358e-12 0)
(0.000888201 5.86012e-12 0)
(0.000888201 6.575e-12 0)
(0.000888201 7.26554e-12 0)
(0.000888201 7.84733e-12 0)
(0.000888201 8.39194e-12 0)
(0.000888201 8.95244e-12 0)
(0.000888201 9.31375e-12 0)
(0.000888201 9.77599e-12 0)
(0.000888201 1.01371e-11 0)
(0.000888201 1.04115e-11 0)
(0.000888201 1.06683e-11 0)
(0.000888201 1.09319e-11 0)
(0.000888201 1.10484e-11 0)
(0.000888201 1.11706e-11 0)
(0.000888201 1.12548e-11 0)
(0.000888201 1.13089e-11 0)
(0.00102236 -3.75281e-08 0)
(0.00102236 -3.36175e-08 0)
(0.00102237 -3.01032e-08 0)
(0.00102238 -2.69448e-08 0)
(0.00102238 -2.41116e-08 0)
(0.00102238 -2.1572e-08 0)
(0.00102239 -1.92968e-08 0)
(0.00102239 -1.72595e-08 0)
(0.0010224 -1.54361e-08 0)
(0.0010224 -1.38047e-08 0)
(0.0010224 -1.23456e-08 0)
(0.0010224 -1.10409e-08 0)
(0.00102241 -9.87459e-09 0)
(0.00102241 -8.83217e-09 0)
(0.00102241 -7.90069e-09 0)
(0.00102241 -7.06843e-09 0)
(0.00102241 -6.32483e-09 0)
(0.00102241 -5.66042e-09 0)
(0.00102242 -5.06665e-09 0)
(0.00102242 -4.53586e-09 0)
(0.00102242 -4.06131e-09 0)
(0.00102242 -3.63697e-09 0)
(0.00102242 -3.25738e-09 0)
(0.00102242 -2.91769e-09 0)
(0.00102242 -2.61365e-09 0)
(0.00102242 -2.34133e-09 0)
(0.00102242 -2.09714e-09 0)
(0.00102242 -1.87809e-09 0)
(0.00102242 -1.68166e-09 0)
(0.00102242 -1.50562e-09 0)
(0.00102242 -1.34761e-09 0)
(0.00102242 -1.20564e-09 0)
(0.00102242 -1.07789e-09 0)
(0.00102242 -9.63038e-10 0)
(0.00102242 -8.59784e-10 0)
(0.00102242 -7.66941e-10 0)
(0.00102242 -6.83532e-10 0)
(0.00102242 -6.08445e-10 0)
(0.00102243 -5.41093e-10 0)
(0.00102243 -4.80467e-10 0)
(0.00102243 -4.2611e-10 0)
(0.00102243 -3.77347e-10 0)
(0.00102243 -3.33632e-10 0)
(0.00102243 -2.94815e-10 0)
(0.00102243 -2.60099e-10 0)
(0.00102243 -2.29466e-10 0)
(0.00102243 -2.02123e-10 0)
(0.00102243 -1.77703e-10 0)
(0.00102243 -1.56007e-10 0)
(0.00102243 -1.36325e-10 0)
(0.00102243 -1.1896e-10 0)
(0.00102243 -1.03432e-10 0)
(0.00102243 -8.97711e-11 0)
(0.00102243 -7.81448e-11 0)
(0.00102243 -6.79811e-11 0)
(0.00102243 -5.96504e-11 0)
(0.00102243 -5.26034e-11 0)
(0.00102243 -4.66543e-11 0)
(0.00102243 -4.18221e-11 0)
(0.00102243 -3.74425e-11 0)
(0.00102243 -3.37083e-11 0)
(0.00102243 -3.0314e-11 0)
(0.00102243 -2.69524e-11 0)
(0.00102243 -2.40275e-11 0)
(0.00102243 -2.09522e-11 0)
(0.00102243 -1.80773e-11 0)
(0.00102243 -1.53854e-11 0)
(0.00102243 -1.26021e-11 0)
(0.00102243 -1.00971e-11 0)
(0.00102243 -7.73925e-12 0)
(0.00102243 -5.322e-12 0)
(0.00102243 -3.34667e-12 0)
(0.00102243 -1.27747e-12 0)
(0.00102243 5.44403e-13 0)
(0.00102243 2.20148e-12 0)
(0.00102243 3.78442e-12 0)
(0.00102243 5.26533e-12 0)
(0.00102243 6.45854e-12 0)
(0.00102243 7.81817e-12 0)
(0.00102243 8.799e-12 0)
(0.00102243 9.88415e-12 0)
(0.00102243 1.07498e-11 0)
(0.00102243 1.1657e-11 0)
(0.00102243 1.22581e-11 0)
(0.00102243 1.30828e-11 0)
(0.00102243 1.34632e-11 0)
(0.00102243 1.41528e-11 0)
(0.00102243 1.43386e-11 0)
(0.00102243 1.49915e-11 0)
(0.00104998 -4.36929e-08 0)
(0.00104998 -3.95291e-08 0)
(0.00104998 -3.57523e-08 0)
(0.00104998 -3.2329e-08 0)
(0.00104998 -2.92303e-08 0)
(0.00104999 -2.64269e-08 0)
(0.00104999 -2.38915e-08 0)
(0.00104999 -2.15986e-08 0)
(0.00104999 -1.95252e-08 0)
(0.00104999 -1.76501e-08 0)
(0.00104999 -1.5954e-08 0)
(0.00104999 -1.44198e-08 0)
(0.00104999 -1.30318e-08 0)
(0.00104999 -1.17759e-08 0)
(0.00104999 -1.06394e-08 0)
(0.00105 -9.61101e-09 0)
(0.00105 -8.68038e-09 0)
(0.00105 -7.83828e-09 0)
(0.00105 -7.07639e-09 0)
(0.00105 -6.38709e-09 0)
(0.00105 -5.76357e-09 0)
(0.00105 -5.19973e-09 0)
(0.00105 -4.68998e-09 0)
(0.00105 -4.22923e-09 0)
(0.00105 -3.81292e-09 0)
(0.00105 -3.43692e-09 0)
(0.00105 -3.09729e-09 0)
(0.00105 -2.7905e-09 0)
(0.00105 -2.51345e-09 0)
(0.00105 -2.26342e-09 0)
(0.00105 -2.03775e-09 0)
(0.00105 -1.83401e-09 0)
(0.00105 -1.64999e-09 0)
(0.00105 -1.48387e-09 0)
(0.00105 -1.33395e-09 0)
(0.00105 -1.1986e-09 0)
(0.00105 -1.07648e-09 0)
(0.00105 -9.66202e-10 0)
(0.00105 -8.66769e-10 0)
(0.00105 -7.77059e-10 0)
(0.00105 -6.9618e-10 0)
(0.00105 -6.23306e-10 0)
(0.00105 -5.57562e-10 0)
(0.00105 -4.98468e-10 0)
(0.00105 -4.45212e-10 0)
(0.00105 -3.97422e-10 0)
(0.00105 -3.54504e-10 0)
(0.00105 -3.15894e-10 0)
(0.00105 -2.81336e-10 0)
(0.00105 -2.50153e-10 0)
(0.00105 -2.22231e-10 0)
(0.00105 -1.97202e-10 0)
(0.00105 -1.74733e-10 0)
(0.00105 -1.54925e-10 0)
(0.00105 -1.3726e-10 0)
(0.00105 -1.21841e-10 0)
(0.00105 -1.08382e-10 0)
(0.00105 -9.65438e-11 0)
(0.00105 -8.63512e-11 0)
(0.00105 -7.73172e-11 0)
(0.00105 -6.93129e-11 0)
(0.00105 -6.22699e-11 0)
(0.00105 -5.5691e-11 0)
(0.00105 -4.98452e-11 0)
(0.00105 -4.43259e-11 0)
(0.00105 -3.91716e-11 0)
(0.00105 -3.44388e-11 0)
(0.00105 -2.99239e-11 0)
(0.00105 -2.56751e-11 0)
(0.00105 -2.18684e-11 0)
(0.00105 -1.80607e-11 0)
(0.00105 -1.47668e-11 0)
(0.00105 -1.15501e-11 0)
(0.00105 -8.62e-12 0)
(0.00105 -5.87244e-12 0)
(0.00105 -3.42712e-12 0)
(0.00105 -9.54088e-13 0)
(0.00105 1.00375e-12 0)
(0.00105 3.17006e-12 0)
(0.00105 4.82131e-12 0)
(0.00105 6.65181e-12 0)
(0.00105 8.00879e-12 0)
(0.00105 9.67989e-12 0)
(0.00105 1.0662e-11 0)
(0.00105 1.22289e-11 0)
(0.00105 1.29189e-11 0)
(0.00105 1.43793e-11 0)
(0.00105 1.47418e-11 0)
(0.00105 1.62313e-11 0)
(0.00105429 -4.53673e-08 0)
(0.00105429 -4.16021e-08 0)
(0.0010543 -3.80754e-08 0)
(0.0010543 -3.47901e-08 0)
(0.0010543 -3.17438e-08 0)
(0.0010543 -2.89299e-08 0)
(0.0010543 -2.63386e-08 0)
(0.00105431 -2.39584e-08 0)
(0.00105431 -2.1777e-08 0)
(0.00105431 -1.97814e-08 0)
(0.00105431 -1.79586e-08 0)
(0.00105431 -1.62959e-08 0)
(0.00105431 -1.47811e-08 0)
(0.00105431 -1.34023e-08 0)
(0.00105431 -1.21484e-08 0)
(0.00105432 -1.10088e-08 0)
(0.00105432 -9.9739e-09 0)
(0.00105432 -9.0344e-09 0)
(0.00105432 -8.18192e-09 0)
(0.00105432 -7.40862e-09 0)
(0.00105432 -6.70728e-09 0)
(0.00105432 -6.07133e-09 0)
(0.00105432 -5.49474e-09 0)
(0.00105432 -4.972e-09 0)
(0.00105432 -4.49812e-09 0)
(0.00105432 -4.06861e-09 0)
(0.00105432 -3.67934e-09 0)
(0.00105432 -3.32648e-09 0)
(0.00105432 -3.00665e-09 0)
(0.00105432 -2.71685e-09 0)
(0.00105432 -2.45434e-09 0)
(0.00105432 -2.21653e-09 0)
(0.00105432 -2.00109e-09 0)
(0.00105432 -1.80596e-09 0)
(0.00105432 -1.62927e-09 0)
(0.00105432 -1.46926e-09 0)
(0.00105432 -1.32439e-09 0)
(0.00105432 -1.19324e-09 0)
(0.00105432 -1.07458e-09 0)
(0.00105432 -9.67248e-10 0)
(0.00105432 -8.7016e-10 0)
(0.00105432 -7.82399e-10 0)
(0.00105432 -7.03032e-10 0)
(0.00105432 -6.31367e-10 0)
(0.00105432 -5.66654e-10 0)
(0.00105432 -5.08316e-10 0)
(0.00105432 -4.55799e-10 0)
(0.00105432 -4.08501e-10 0)
(0.00105432 -3.65994e-10 0)
(0.00105432 -3.27711e-10 0)
(0.00105432 -2.93242e-10 0)
(0.00105432 -2.62255e-10 0)
(0.00105432 -2.3431e-10 0)
(0.00105432 -2.09313e-10 0)
(0.00105432 -1.86896e-10 0)
(0.00105432 -1.66934e-10 0)
(0.00105432 -1.49244e-10 0)
(0.00105432 -1.33532e-10 0)
(0.00105432 -1.19662e-10 0)
(0.00105432 -1.07388e-10 0)
(0.00105432 -9.63907e-11 0)
(0.00105432 -8.66538e-11 0)
(0.00105432 -7.77484e-11 0)
(0.00105432 -6.9735e-11 0)
(0.00105432 -6.23443e-11 0)
(0.00105432 -5.55371e-11 0)
(0.00105432 -4.92203e-11 0)
(0.00105432 -4.34031e-11 0)
(0.00105432 -3.78639e-11 0)
(0.00105432 -3.28995e-11 0)
(0.00105432 -2.80612e-11 0)
(0.00105432 -2.37546e-11 0)
(0.00105432 -1.96059e-11 0)
(0.00105432 -1.58858e-11 0)
(0.00105432 -1.22685e-11 0)
(0.00105432 -9.1751e-12 0)
(0.00105432 -5.96777e-12 0)
(0.00105432 -3.39939e-12 0)
(0.00105432 -5.94366e-13 0)
(0.00105432 1.55371e-12 0)
(0.00105432 4.02358e-12 0)
(0.00105432 5.76322e-12 0)
(0.00105432 8.05387e-12 0)
(0.00105432 9.34908e-12 0)
(0.00105432 1.15151e-11 0)
(0.00105432 1.24275e-11 0)
(0.00105432 1.45189e-11 0)
(0.00105432 1.50013e-11 0)
(0.00105432 1.71667e-11 0)
(0.00105487 -5.05477e-08 0)
(0.00105487 -4.62372e-08 0)
(0.00105487 -4.22473e-08 0)
(0.00105487 -3.85651e-08 0)
(0.00105487 -3.51754e-08 0)
(0.00105487 -3.20613e-08 0)
(0.00105487 -2.92052e-08 0)
(0.00105487 -2.65894e-08 0)
(0.00105487 -2.41965e-08 0)
(0.00105487 -2.20097e-08 0)
(0.00105487 -2.00129e-08 0)
(0.00105487 -1.81908e-08 0)
(0.00105487 -1.65293e-08 0)
(0.00105487 -1.50148e-08 0)
(0.00105487 -1.36351e-08 0)
(0.00105487 -1.23787e-08 0)
(0.00105487 -1.12351e-08 0)
(0.00105487 -1.01945e-08 0)
(0.00105487 -9.24797e-09 0)
(0.00105487 -8.38737e-09 0)
(0.00105487 -7.60514e-09 0)
(0.00105487 -6.89441e-09 0)
(0.00105487 -6.24885e-09 0)
(0.00105487 -5.66266e-09 0)
(0.00105487 -5.13053e-09 0)
(0.00105487 -4.64763e-09 0)
(0.00105487 -4.20952e-09 0)
(0.00105487 -3.81208e-09 0)
(0.00105487 -3.45154e-09 0)
(0.00105487 -3.12453e-09 0)
(0.00105487 -2.82799e-09 0)
(0.00105487 -2.55908e-09 0)
(0.00105487 -2.31523e-09 0)
(0.00105487 -2.09411e-09 0)
(0.00105487 -1.89363e-09 0)
(0.00105487 -1.71186e-09 0)
(0.00105487 -1.54705e-09 0)
(0.00105487 -1.39766e-09 0)
(0.00105487 -1.26228e-09 0)
(0.00105487 -1.13964e-09 0)
(0.00105487 -1.02853e-09 0)
(0.00105487 -9.27906e-10 0)
(0.00105487 -8.36774e-10 0)
(0.00105487 -7.54283e-10 0)
(0.00105487 -6.79631e-10 0)
(0.00105487 -6.12113e-10 0)
(0.00105487 -5.51102e-10 0)
(0.00105487 -4.95988e-10 0)
(0.00105487 -4.46226e-10 0)
(0.00105487 -4.01298e-10 0)
(0.00105487 -3.60698e-10 0)
(0.00105487 -3.24062e-10 0)
(0.00105487 -2.90944e-10 0)
(0.00105487 -2.61114e-10 0)
(0.00105487 -2.34239e-10 0)
(0.00105487 -2.10106e-10 0)
(0.00105487 -1.88488e-10 0)
(0.00105487 -1.69154e-10 0)
(0.00105487 -1.51849e-10 0)
(0.00105487 -1.36428e-10 0)
(0.00105487 -1.22529e-10 0)
(0.00105487 -1.1011e-10 0)
(0.00105487 -9.8817e-11 0)
(0.00105487 -8.86207e-11 0)
(0.00105487 -7.92666e-11 0)
(0.00105487 -7.07525e-11 0)
(0.00105487 -6.28411e-11 0)
(0.00105487 -5.56643e-11 0)
(0.00105487 -4.88791e-11 0)
(0.00105487 -4.27913e-11 0)
(0.00105487 -3.69646e-11 0)
(0.00105487 -3.17623e-11 0)
(0.00105487 -2.67598e-11 0)
(0.00105487 -2.23478e-11 0)
(0.00105487 -1.7985e-11 0)
(0.00105487 -1.42947e-11 0)
(0.00105487 -1.0461e-11 0)
(0.00105487 -7.36385e-12 0)
(0.00105487 -3.97757e-12 0)
(0.00105487 -1.39466e-12 0)
(0.00105487 1.66353e-12 0)
(0.00105487 3.74188e-12 0)
(0.00105487 6.58803e-12 0)
(0.00105487 8.1749e-12 0)
(0.00105487 1.09005e-11 0)
(0.00105487 1.20151e-11 0)
(0.00105487 1.4728e-11 0)
(0.00105487 1.53158e-11 0)
(0.00105487 1.81688e-11 0)
(0.00105492 -4.46166e-08 0)
(0.00105492 -4.13653e-08 0)
(0.00105492 -3.82742e-08 0)
(0.00105492 -3.53505e-08 0)
(0.00105492 -3.25977e-08 0)
(0.00105492 -3.00159e-08 0)
(0.00105492 -2.76026e-08 0)
(0.00105492 -2.53535e-08 0)
(0.00105492 -2.3263e-08 0)
(0.00105492 -2.13243e-08 0)
(0.00105492 -1.95302e-08 0)
(0.00105492 -1.78728e-08 0)
(0.00105492 -1.63443e-08 0)
(0.00105492 -1.49366e-08 0)
(0.00105492 -1.36419e-08 0)
(0.00105492 -1.24524e-08 0)
(0.00105492 -1.13607e-08 0)
(0.00105492 -1.03597e-08 0)
(0.00105492 -9.44255e-09 0)
(0.00105493 -8.60286e-09 0)
(0.00105493 -7.83456e-09 0)
(0.00105493 -7.13197e-09 0)
(0.00105493 -6.48982e-09 0)
(0.00105493 -5.9032e-09 0)
(0.00105493 -5.36755e-09 0)
(0.00105493 -4.87871e-09 0)
(0.00105493 -4.43281e-09 0)
(0.00105493 -4.02627e-09 0)
(0.00105493 -3.65575e-09 0)
(0.00105493 -3.31821e-09 0)
(0.00105493 -3.01086e-09 0)
(0.00105493 -2.73111e-09 0)
(0.00105493 -2.47657e-09 0)
(0.00105493 -2.24506e-09 0)
(0.00105493 -2.03457e-09 0)
(0.00105493 -1.84322e-09 0)
(0.00105493 -1.66931e-09 0)
(0.00105493 -1.51131e-09 0)
(0.00105493 -1.36781e-09 0)
(0.00105493 -1.23753e-09 0)
(0.00105493 -1.11925e-09 0)
(0.00105493 -1.01191e-09 0)
(0.00105493 -9.14506e-10 0)
(0.00105493 -8.26157e-10 0)
(0.00105493 -7.46049e-10 0)
(0.00105493 -6.73453e-10 0)
(0.00105493 -6.07706e-10 0)
(0.00105493 -5.48207e-10 0)
(0.00105493 -4.94369e-10 0)
(0.00105493 -4.45686e-10 0)
(0.00105493 -4.01632e-10 0)
(0.00105493 -3.61808e-10 0)
(0.00105493 -3.25773e-10 0)
(0.00105493 -2.93234e-10 0)
(0.00105493 -2.63843e-10 0)
(0.00105493 -2.37364e-10 0)
(0.00105493 -2.13514e-10 0)
(0.00105493 -1.92093e-10 0)
(0.00105493 -1.72795e-10 0)
(0.00105493 -1.55497e-10 0)
(0.00105493 -1.39847e-10 0)
(0.00105493 -1.25783e-10 0)
(0.00105493 -1.12977e-10 0)
(0.00105493 -1.01401e-10 0)
(0.00105493 -9.07649e-11 0)
(0.00105493 -8.11249e-11 0)
(0.00105493 -7.216e-11 0)
(0.00105493 -6.40544e-11 0)
(0.00105493 -5.64203e-11 0)
(0.00105493 -4.95637e-11 0)
(0.00105493 -4.30254e-11 0)
(0.00105493 -3.71991e-11 0)
(0.00105493 -3.15671e-11 0)
(0.00105493 -2.66343e-11 0)
(0.00105493 -2.17145e-11 0)
(0.00105493 -1.7561e-11 0)
(0.00105493 -1.32355e-11 0)
(0.00105493 -9.73252e-12 0)
(0.00105493 -5.88257e-12 0)
(0.00105493 -2.97798e-12 0)
(0.00105493 5.2601e-13 0)
(0.00105493 2.8691e-12 0)
(0.00105493 6.14969e-12 0)
(0.00105493 7.95801e-12 0)
(0.00105493 1.11319e-11 0)
(0.00105493 1.2408e-11 0)
(0.00105493 1.56159e-11 0)
(0.00105493 1.62921e-11 0)
(0.00105493 1.9705e-11 0)
(0.00105495 -5.04873e-08 0)
(0.00105495 -4.62741e-08 0)
(0.00105494 -4.23801e-08 0)
(0.00105494 -3.87866e-08 0)
(0.00105494 -3.54749e-08 0)
(0.00105494 -3.24267e-08 0)
(0.00105494 -2.96244e-08 0)
(0.00105494 -2.70507e-08 0)
(0.00105494 -2.46894e-08 0)
(0.00105494 -2.25247e-08 0)
(0.00105494 -2.05418e-08 0)
(0.00105494 -1.87268e-08 0)
(0.00105493 -1.70665e-08 0)
(0.00105493 -1.55486e-08 0)
(0.00105493 -1.41617e-08 0)
(0.00105493 -1.2895e-08 0)
(0.00105493 -1.17388e-08 0)
(0.00105493 -1.06838e-08 0)
(0.00105493 -9.72148e-09 0)
(0.00105493 -8.84416e-09 0)
(0.00105493 -8.04456e-09 0)
(0.00105493 -7.31602e-09 0)
(0.00105493 -6.65243e-09 0)
(0.00105493 -6.04812e-09 0)
(0.00105493 -5.49788e-09 0)
(0.00105493 -4.99697e-09 0)
(0.00105493 -4.54101e-09 0)
(0.00105493 -4.12602e-09 0)
(0.00105493 -3.74833e-09 0)
(0.00105493 -3.40459e-09 0)
(0.00105493 -3.09179e-09 0)
(0.00105493 -2.80716e-09 0)
(0.00105493 -2.54818e-09 0)
(0.00105493 -2.31259e-09 0)
(0.00105493 -2.09828e-09 0)
(0.00105493 -1.90335e-09 0)
(0.00105493 -1.72606e-09 0)
(0.00105493 -1.56485e-09 0)
(0.00105493 -1.4183e-09 0)
(0.00105493 -1.28512e-09 0)
(0.00105493 -1.16409e-09 0)
(0.00105493 -1.05412e-09 0)
(0.00105493 -9.54241e-10 0)
(0.00105493 -8.63543e-10 0)
(0.00105493 -7.8121e-10 0)
(0.00105493 -7.06508e-10 0)
(0.00105493 -6.38751e-10 0)
(0.00105493 -5.77344e-10 0)
(0.00105493 -5.21687e-10 0)
(0.00105493 -4.71279e-10 0)
(0.00105493 -4.25596e-10 0)
(0.00105493 -3.84232e-10 0)
(0.00105493 -3.46749e-10 0)
(0.00105493 -3.12839e-10 0)
(0.00105493 -2.82136e-10 0)
(0.00105493 -2.54404e-10 0)
(0.00105493 -2.29325e-10 0)
(0.00105493 -2.06715e-10 0)
(0.00105493 -1.86249e-10 0)
(0.00105493 -1.67816e-10 0)
(0.00105493 -1.51069e-10 0)
(0.00105493 -1.35954e-10 0)
(0.00105493 -1.22148e-10 0)
(0.00105493 -1.09647e-10 0)
(0.00105493 -9.81327e-11 0)
(0.00105493 -8.77063e-11 0)
(0.00105493 -7.80045e-11 0)
(0.00105493 -6.92396e-11 0)
(0.00105493 -6.09992e-11 0)
(0.00105493 -5.36035e-11 0)
(0.00105493 -4.65548e-11 0)
(0.00105493 -4.02976e-11 0)
(0.00105493 -3.423e-11 0)
(0.00105493 -2.89451e-11 0)
(0.00105493 -2.36574e-11 0)
(0.00105493 -1.92078e-11 0)
(0.00105493 -1.45584e-11 0)
(0.00105493 -1.08125e-11 0)
(0.00105493 -6.65029e-12 0)
(0.00105493 -3.54311e-12 0)
(0.00105493 2.8031e-13 0)
(0.00105493 2.81268e-12 0)
(0.00105493 6.42296e-12 0)
(0.00105493 8.38904e-12 0)
(0.00105493 1.19244e-11 0)
(0.00105493 1.33165e-11 0)
(0.00105493 1.69285e-11 0)
(0.00105493 1.7673e-11 0)
(0.00105493 2.15531e-11 0)
(0.00105494 -4.04583e-08 0)
(0.00105494 -3.75333e-08 0)
(0.00105494 -3.47844e-08 0)
(0.00105494 -3.22042e-08 0)
(0.00105494 -2.97855e-08 0)
(0.00105494 -2.75213e-08 0)
(0.00105494 -2.5405e-08 0)
(0.00105494 -2.34297e-08 0)
(0.00105494 -2.15888e-08 0)
(0.00105494 -1.98753e-08 0)
(0.00105494 -1.82828e-08 0)
(0.00105494 -1.68046e-08 0)
(0.00105494 -1.54342e-08 0)
(0.00105494 -1.41652e-08 0)
(0.00105494 -1.29915e-08 0)
(0.00105494 -1.1907e-08 0)
(0.00105493 -1.0906e-08 0)
(0.00105493 -9.9829e-09 0)
(0.00105493 -9.13245e-09 0)
(0.00105493 -8.34958e-09 0)
(0.00105493 -7.62953e-09 0)
(0.00105493 -6.96779e-09 0)
(0.00105493 -6.36013e-09 0)
(0.00105493 -5.80258e-09 0)
(0.00105493 -5.29139e-09 0)
(0.00105493 -4.82307e-09 0)
(0.00105493 -4.39435e-09 0)
(0.00105493 -4.00214e-09 0)
(0.00105493 -3.64358e-09 0)
(0.00105493 -3.31597e-09 0)
(0.00105493 -3.01679e-09 0)
(0.00105493 -2.74371e-09 0)
(0.00105493 -2.49457e-09 0)
(0.00105493 -2.26737e-09 0)
(0.00105493 -2.06026e-09 0)
(0.00105493 -1.87151e-09 0)
(0.00105493 -1.69954e-09 0)
(0.00105493 -1.54293e-09 0)
(0.00105493 -1.40033e-09 0)
(0.00105493 -1.27055e-09 0)
(0.00105493 -1.15245e-09 0)
(0.00105493 -1.045e-09 0)
(0.00105493 -9.47285e-10 0)
(0.00105493 -8.58434e-10 0)
(0.00105493 -7.77672e-10 0)
(0.00105493 -7.043e-10 0)
(0.00105493 -6.37658e-10 0)
(0.00105493 -5.77179e-10 0)
(0.00105493 -5.2229e-10 0)
(0.00105493 -4.72517e-10 0)
(0.00105493 -4.27366e-10 0)
(0.00105493 -3.8645e-10 0)
(0.00105493 -3.49342e-10 0)
(0.00105493 -3.15745e-10 0)
(0.00105493 -2.85286e-10 0)
(0.00105493 -2.57735e-10 0)
(0.00105493 -2.3276e-10 0)
(0.00105493 -2.10183e-10 0)
(0.00105493 -1.89675e-10 0)
(0.00105493 -1.71134e-10 0)
(0.00105493 -1.5422e-10 0)
(0.00105493 -1.38896e-10 0)
(0.00105493 -1.24844e-10 0)
(0.00105493 -1.12087e-10 0)
(0.00105493 -1.00298e-10 0)
(0.00105493 -8.96123e-11 0)
(0.00105493 -7.96492e-11 0)
(0.00105493 -7.06474e-11 0)
(0.00105493 -6.21753e-11 0)
(0.00105493 -5.45813e-11 0)
(0.00105493 -4.7329e-11 0)
(0.00105493 -4.0911e-11 0)
(0.00105493 -3.46642e-11 0)
(0.00105493 -2.92428e-11 0)
(0.00105493 -2.37906e-11 0)
(0.00105493 -1.92177e-11 0)
(0.00105493 -1.44017e-11 0)
(0.00105493 -1.05414e-11 0)
(0.00105493 -6.19716e-12 0)
(0.00105493 -2.98209e-12 0)
(0.00105493 1.03633e-12 0)
(0.00105493 3.66858e-12 0)
(0.00105493 7.4936e-12 0)
(0.00105493 9.54926e-12 0)
(0.00105493 1.33358e-11 0)
(0.00105493 1.47991e-11 0)
(0.00105493 1.87086e-11 0)
(0.00105493 1.94982e-11 0)
(0.00105493 2.37356e-11 0)
(0.00105496 -4.45945e-08 0)
(0.00105496 -4.0795e-08 0)
(0.00105496 -3.73106e-08 0)
(0.00105495 -3.41155e-08 0)
(0.00105495 -3.11858e-08 0)
(0.00105495 -2.85003e-08 0)
(0.00105495 -2.60392e-08 0)
(0.00105495 -2.37846e-08 0)
(0.00105495 -2.17199e-08 0)
(0.00105494 -1.98297e-08 0)
(0.00105494 -1.81001e-08 0)
(0.00105494 -1.65179e-08 0)
(0.00105494 -1.50711e-08 0)
(0.00105494 -1.37486e-08 0)
(0.00105494 -1.25402e-08 0)
(0.00105494 -1.14363e-08 0)
(0.00105494 -1.04282e-08 0)
(0.00105494 -9.50782e-09 0)
(0.00105494 -8.66774e-09 0)
(0.00105494 -7.90108e-09 0)
(0.00105494 -7.20155e-09 0)
(0.00105494 -6.56334e-09 0)
(0.00105494 -5.98111e-09 0)
(0.00105494 -5.44997e-09 0)
(0.00105493 -4.96544e-09 0)
(0.00105493 -4.52342e-09 0)
(0.00105493 -4.12016e-09 0)
(0.00105493 -3.75226e-09 0)
(0.00105493 -3.41665e-09 0)
(0.00105493 -3.11049e-09 0)
(0.00105493 -2.83121e-09 0)
(0.00105493 -2.57648e-09 0)
(0.00105493 -2.34417e-09 0)
(0.00105493 -2.13232e-09 0)
(0.00105493 -1.93917e-09 0)
(0.00105493 -1.7631e-09 0)
(0.00105493 -1.60261e-09 0)
(0.00105493 -1.45636e-09 0)
(0.00105493 -1.32311e-09 0)
(0.00105493 -1.20173e-09 0)
(0.00105493 -1.09118e-09 0)
(0.00105493 -9.90537e-10 0)
(0.00105493 -8.98917e-10 0)
(0.00105493 -8.1554e-10 0)
(0.00105493 -7.39682e-10 0)
(0.00105493 -6.707e-10 0)
(0.00105493 -6.07981e-10 0)
(0.00105493 -5.51003e-10 0)
(0.00105493 -4.99239e-10 0)
(0.00105493 -4.52264e-10 0)
(0.00105493 -4.09628e-10 0)
(0.00105493 -3.70981e-10 0)
(0.00105493 -3.35923e-10 0)
(0.00105493 -3.04177e-10 0)
(0.00105493 -2.75375e-10 0)
(0.00105493 -2.49294e-10 0)
(0.00105493 -2.25597e-10 0)
(0.00105493 -2.04113e-10 0)
(0.00105493 -1.84517e-10 0)
(0.00105493 -1.66721e-10 0)
(0.00105493 -1.50397e-10 0)
(0.00105493 -1.35537e-10 0)
(0.00105493 -1.21833e-10 0)
(0.00105493 -1.09347e-10 0)
(0.00105493 -9.7754e-11 0)
(0.00105493 -8.72255e-11 0)
(0.00105493 -7.73789e-11 0)
(0.00105493 -6.8481e-11 0)
(0.00105493 -6.00879e-11 0)
(0.00105493 -5.25785e-11 0)
(0.00105493 -4.53863e-11 0)
(0.00105493 -3.90432e-11 0)
(0.00105493 -3.28437e-11 0)
(0.00105493 -2.74861e-11 0)
(0.00105493 -2.20637e-11 0)
(0.00105493 -1.75419e-11 0)
(0.00105493 -1.27318e-11 0)
(0.00105493 -8.90747e-12 0)
(0.00105493 -4.53952e-12 0)
(0.00105493 -1.34278e-12 0)
(0.00105493 2.73014e-12 0)
(0.00105493 5.36527e-12 0)
(0.00105493 9.28742e-12 0)
(0.00105493 1.13599e-11 0)
(0.00105493 1.52867e-11 0)
(0.00105493 1.67741e-11 0)
(0.00105493 2.08701e-11 0)
(0.00105493 2.16789e-11 0)
(0.00105493 2.6158e-11 0)
(0.00105496 -3.21246e-08 0)
(0.00105496 -2.97245e-08 0)
(0.00105495 -2.75036e-08 0)
(0.00105495 -2.54447e-08 0)
(0.00105495 -2.35337e-08 0)
(0.00105495 -2.17582e-08 0)
(0.00105495 -2.01076e-08 0)
(0.00105495 -1.85727e-08 0)
(0.00105495 -1.71453e-08 0)
(0.00105494 -1.58179e-08 0)
(0.00105494 -1.4584e-08 0)
(0.00105494 -1.34374e-08 0)
(0.00105494 -1.23725e-08 0)
(0.00105494 -1.13842e-08 0)
(0.00105494 -1.04675e-08 0)
(0.00105494 -9.61796e-09 0)
(0.00105494 -8.83123e-09 0)
(0.00105494 -8.10329e-09 0)
(0.00105494 -7.43036e-09 0)
(0.00105494 -6.80885e-09 0)
(0.00105494 -6.23538e-09 0)
(0.00105494 -5.70677e-09 0)
(0.00105494 -5.21998e-09 0)
(0.00105494 -4.77216e-09 0)
(0.00105494 -4.36058e-09 0)
(0.00105494 -3.98263e-09 0)
(0.00105494 -3.63585e-09 0)
(0.00105494 -3.31792e-09 0)
(0.00105493 -3.02668e-09 0)
(0.00105493 -2.76004e-09 0)
(0.00105493 -2.51606e-09 0)
(0.00105493 -2.29292e-09 0)
(0.00105493 -2.08896e-09 0)
(0.00105493 -1.90257e-09 0)
(0.00105493 -1.73232e-09 0)
(0.00105493 -1.57687e-09 0)
(0.00105493 -1.43498e-09 0)
(0.00105493 -1.30551e-09 0)
(0.00105493 -1.18737e-09 0)
(0.00105493 -1.07962e-09 0)
(0.00105493 -9.81371e-10 0)
(0.00105493 -8.91823e-10 0)
(0.00105493 -8.10222e-10 0)
(0.00105493 -7.35884e-10 0)
(0.00105493 -6.68176e-10 0)
(0.00105493 -6.06535e-10 0)
(0.00105493 -5.50413e-10 0)
(0.00105493 -4.99364e-10 0)
(0.00105493 -4.52933e-10 0)
(0.00105493 -4.10776e-10 0)
(0.00105493 -3.72512e-10 0)
(0.00105493 -3.37854e-10 0)
(0.00105493 -3.06446e-10 0)
(0.00105493 -2.78038e-10 0)
(0.00105493 -2.52274e-10 0)
(0.00105493 -2.28935e-10 0)
(0.00105493 -2.07682e-10 0)
(0.00105493 -1.88348e-10 0)
(0.00105493 -1.70614e-10 0)
(0.00105493 -1.54413e-10 0)
(0.00105493 -1.39437e-10 0)
(0.00105493 -1.25713e-10 0)
(0.00105493 -1.1296e-10 0)
(0.00105493 -1.01281e-10 0)
(0.00105493 -9.03718e-11 0)
(0.00105493 -8.04403e-11 0)
(0.00105493 -7.11133e-11 0)
(0.00105493 -6.26875e-11 0)
(0.00105493 -5.47152e-11 0)
(0.00105493 -4.76023e-11 0)
(0.00105493 -4.07642e-11 0)
(0.00105493 -3.47617e-11 0)
(0.00105493 -2.88619e-11 0)
(0.00105493 -2.37937e-11 0)
(0.00105493 -1.86155e-11 0)
(0.00105493 -1.43324e-11 0)
(0.00105493 -9.70922e-12 0)
(0.00105493 -6.06981e-12 0)
(0.00105493 -1.82864e-12 0)
(0.00105493 1.23064e-12 0)
(0.00105493 5.23329e-12 0)
(0.00105493 7.78053e-12 0)
(0.00105493 1.16859e-11 0)
(0.00105493 1.37063e-11 0)
(0.00105493 1.76668e-11 0)
(0.00105493 1.91303e-11 0)
(0.00105493 2.33074e-11 0)
(0.00105493 2.41094e-11 0)
(0.00105493 2.87202e-11 0)
(0.00105497 -3.29547e-08 0)
(0.00105497 -3.00657e-08 0)
(0.00105497 -2.74315e-08 0)
(0.00105496 -2.50289e-08 0)
(0.00105496 -2.28367e-08 0)
(0.00105496 -2.08361e-08 0)
(0.00105496 -1.90103e-08 0)
(0.00105495 -1.73439e-08 0)
(0.00105495 -1.58232e-08 0)
(0.00105495 -1.44355e-08 0)
(0.00105495 -1.31693e-08 0)
(0.00105495 -1.20143e-08 0)
(0.00105495 -1.09608e-08 0)
(0.00105494 -9.99995e-09 0)
(0.00105494 -9.12381e-09 0)
(0.00105494 -8.32492e-09 0)
(0.00105494 -7.59652e-09 0)
(0.00105494 -6.93236e-09 0)
(0.00105494 -6.32671e-09 0)
(0.00105494 -5.77434e-09 0)
(0.00105494 -5.27048e-09 0)
(0.00105494 -4.81074e-09 0)
(0.00105494 -4.39115e-09 0)
(0.00105494 -4.00811e-09 0)
(0.00105494 -3.65833e-09 0)
(0.00105494 -3.33881e-09 0)
(0.00105494 -3.04688e-09 0)
(0.00105494 -2.78014e-09 0)
(0.00105494 -2.53642e-09 0)
(0.00105494 -2.31369e-09 0)
(0.00105493 -2.11015e-09 0)
(0.00105493 -1.92416e-09 0)
(0.00105493 -1.75423e-09 0)
(0.00105493 -1.59895e-09 0)
(0.00105493 -1.45709e-09 0)
(0.00105493 -1.32755e-09 0)
(0.00105493 -1.20927e-09 0)
(0.00105493 -1.10126e-09 0)
(0.00105493 -1.00262e-09 0)
(0.00105493 -9.12565e-10 0)
(0.00105493 -8.30386e-10 0)
(0.00105493 -7.55431e-10 0)
(0.00105493 -6.87078e-10 0)
(0.00105493 -6.24756e-10 0)
(0.00105493 -5.67933e-10 0)
(0.00105493 -5.16128e-10 0)
(0.00105493 -4.6888e-10 0)
(0.00105493 -4.25836e-10 0)
(0.00105493 -3.86643e-10 0)
(0.00105493 -3.51061e-10 0)
(0.00105493 -3.18805e-10 0)
(0.00105493 -2.89664e-10 0)
(0.00105493 -2.63333e-10 0)
(0.00105493 -2.39594e-10 0)
(0.00105493 -2.18095e-10 0)
(0.00105493 -1.98617e-10 0)
(0.00105493 -1.80816e-10 0)
(0.00105493 -1.64529e-10 0)
(0.00105493 -1.49447e-10 0)
(0.00105493 -1.35535e-10 0)
(0.00105493 -1.22517e-10 0)
(0.00105493 -1.10468e-10 0)
(0.00105493 -9.91481e-11 0)
(0.00105493 -8.87072e-11 0)
(0.00105493 -7.8877e-11 0)
(0.00105493 -6.99045e-11 0)
(0.00105493 -6.14353e-11 0)
(0.00105493 -5.37941e-11 0)
(0.00105493 -4.65371e-11 0)
(0.00105493 -4.00909e-11 0)
(0.00105493 -3.38624e-11 0)
(0.00105493 -2.84312e-11 0)
(0.00105493 -2.30494e-11 0)
(0.00105493 -1.84642e-11 0)
(0.00105493 -1.37149e-11 0)
(0.00105493 -9.82927e-12 0)
(0.00105493 -5.54643e-12 0)
(0.00105493 -2.22284e-12 0)
(0.00105493 1.7536e-12 0)
(0.00105493 4.57301e-12 0)
(0.00105493 8.39081e-12 0)
(0.00105493 1.07672e-11 0)
(0.00105493 1.45515e-11 0)
(0.00105493 1.64582e-11 0)
(0.00105493 2.03547e-11 0)
(0.00105493 2.17522e-11 0)
(0.00105493 2.59142e-11 0)
(0.00105493 2.66871e-11 0)
(0.00105493 3.13275e-11 0)
(0.00105497 -1.91237e-08 0)
(0.00105497 -1.76929e-08 0)
(0.00105496 -1.63814e-08 0)
(0.00105496 -1.51749e-08 0)
(0.00105496 -1.40614e-08 0)
(0.00105496 -1.30309e-08 0)
(0.00105496 -1.2075e-08 0)
(0.00105495 -1.11868e-08 0)
(0.00105495 -1.03602e-08 0)
(0.00105495 -9.59018e-09 0)
(0.00105495 -8.87236e-09 0)
(0.00105495 -8.20294e-09 0)
(0.00105495 -7.57863e-09 0)
(0.00105494 -6.99649e-09 0)
(0.00105494 -6.45389e-09 0)
(0.00105494 -5.94843e-09 0)
(0.00105494 -5.47798e-09 0)
(0.00105494 -5.04053e-09 0)
(0.00105494 -4.63423e-09 0)
(0.00105494 -4.25732e-09 0)
(0.00105494 -3.90818e-09 0)
(0.00105494 -3.58518e-09 0)
(0.00105494 -3.28677e-09 0)
(0.00105494 -3.01149e-09 0)
(0.00105494 -2.75783e-09 0)
(0.00105494 -2.52429e-09 0)
(0.00105494 -2.30951e-09 0)
(0.00105494 -2.1122e-09 0)
(0.00105494 -1.93111e-09 0)
(0.00105494 -1.76496e-09 0)
(0.00105494 -1.61262e-09 0)
(0.00105494 -1.47301e-09 0)
(0.00105493 -1.34511e-09 0)
(0.00105493 -1.22798e-09 0)
(0.00105493 -1.12077e-09 0)
(0.00105493 -1.02272e-09 0)
(0.00105493 -9.33031e-10 0)
(0.00105493 -8.50968e-10 0)
(0.00105493 -7.75856e-10 0)
(0.00105493 -7.07169e-10 0)
(0.00105493 -6.44402e-10 0)
(0.00105493 -5.87094e-10 0)
(0.00105493 -5.34775e-10 0)
(0.00105493 -4.87002e-10 0)
(0.00105493 -4.43347e-10 0)
(0.00105493 -4.03432e-10 0)
(0.00105493 -3.66909e-10 0)
(0.00105493 -3.33556e-10 0)
(0.00105493 -3.03155e-10 0)
(0.00105493 -2.75591e-10 0)
(0.00105493 -2.50684e-10 0)
(0.00105493 -2.28304e-10 0)
(0.00105493 -2.08197e-10 0)
(0.00105493 -1.9017e-10 0)
(0.00105493 -1.73885e-10 0)
(0.00105493 -1.59128e-10 0)
(0.00105493 -1.45565e-10 0)
(0.00105493 -1.33047e-10 0)
(0.00105493 -1.21294e-10 0)
(0.00105493 -1.10302e-10 0)
(0.00105493 -9.98369e-11 0)
(0.00105493 -9.00213e-11 0)
(0.00105493 -8.06602e-11 0)
(0.00105493 -7.19478e-11 0)
(0.00105493 -6.36527e-11 0)
(0.00105493 -5.60563e-11 0)
(0.00105493 -4.88279e-11 0)
(0.00105493 -4.23148e-11 0)
(0.00105493 -3.60854e-11 0)
(0.00105493 -3.0581e-11 0)
(0.00105493 -2.52111e-11 0)
(0.00105493 -2.05662e-11 0)
(0.00105493 -1.58981e-11 0)
(0.00105493 -1.19625e-11 0)
(0.00105493 -7.79568e-12 0)
(0.00105493 -4.43652e-12 0)
(0.00105493 -6.23851e-13 0)
(0.00105493 2.28182e-12 0)
(0.00105493 5.8941e-12 0)
(0.00105493 8.39951e-12 0)
(0.00105493 1.19421e-11 0)
(0.00105493 1.4087e-11 0)
(0.00105493 1.76695e-11 0)
(0.00105493 1.94167e-11 0)
(0.00105493 2.31707e-11 0)
(0.00105493 2.447e-11 0)
(0.00105493 2.85365e-11 0)
(0.00105493 2.92625e-11 0)
(0.00105493 3.38461e-11 0)
(0.00105498 -1.69303e-08 0)
(0.00105497 -1.53868e-08 0)
(0.00105497 -1.39825e-08 0)
(0.00105497 -1.27053e-08 0)
(0.00105496 -1.15441e-08 0)
(0.00105496 -1.04888e-08 0)
(0.00105496 -9.53022e-09 0)
(0.00105496 -8.65987e-09 0)
(0.00105495 -7.87008e-09 0)
(0.00105495 -7.15377e-09 0)
(0.00105495 -6.50441e-09 0)
(0.00105495 -5.91598e-09 0)
(0.00105495 -5.38297e-09 0)
(0.00105495 -4.90029e-09 0)
(0.00105495 -4.46321e-09 0)
(0.00105494 -4.06735e-09 0)
(0.00105494 -3.70876e-09 0)
(0.00105494 -3.38375e-09 0)
(0.00105494 -3.08897e-09 0)
(0.00105494 -2.82138e-09 0)
(0.00105494 -2.57819e-09 0)
(0.00105494 -2.35694e-09 0)
(0.00105494 -2.15542e-09 0)
(0.00105494 -1.97173e-09 0)
(0.00105494 -1.80406e-09 0)
(0.00105494 -1.65083e-09 0)
(0.00105494 -1.51072e-09 0)
(0.00105494 -1.38258e-09 0)
(0.00105494 -1.26535e-09 0)
(0.00105494 -1.158e-09 0)
(0.00105494 -1.05969e-09 0)
(0.00105494 -9.69626e-10 0)
(0.00105494 -8.87083e-10 0)
(0.00105493 -8.11447e-10 0)
(0.00105493 -7.422e-10 0)
(0.00105493 -6.78826e-10 0)
(0.00105493 -6.20747e-10 0)
(0.00105493 -5.67454e-10 0)
(0.00105493 -5.18527e-10 0)
(0.00105493 -4.73697e-10 0)
(0.00105493 -4.32687e-10 0)
(0.00105493 -3.95216e-10 0)
(0.00105493 -3.60952e-10 0)
(0.00105493 -3.29555e-10 0)
(0.00105493 -3.00706e-10 0)
(0.00105493 -2.74165e-10 0)
(0.00105493 -2.49751e-10 0)
(0.00105493 -2.27411e-10 0)
(0.00105493 -2.07069e-10 0)
(0.00105493 -1.88715e-10 0)
(0.00105493 -1.7223e-10 0)
(0.00105493 -1.57523e-10 0)
(0.00105493 -1.44372e-10 0)
(0.00105493 -1.3263e-10 0)
(0.00105493 -1.22016e-10 0)
(0.00105493 -1.12383e-10 0)
(0.00105493 -1.03463e-10 0)
(0.00105493 -9.5165e-11 0)
(0.00105493 -8.72521e-11 0)
(0.00105493 -7.9751e-11 0)
(0.00105493 -7.24498e-11 0)
(0.00105493 -6.54847e-11 0)
(0.00105493 -5.86799e-11 0)
(0.00105493 -5.2247e-11 0)
(0.00105493 -4.59793e-11 0)
(0.00105493 -4.01812e-11 0)
(0.00105493 -3.45505e-11 0)
(0.00105493 -2.94565e-11 0)
(0.00105493 -2.44933e-11 0)
(0.00105493 -2.01191e-11 0)
(0.00105493 -1.57634e-11 0)
(0.00105493 -1.20264e-11 0)
(0.00105493 -8.17611e-12 0)
(0.00105493 -4.97103e-12 0)
(0.00105493 -1.464e-12 0)
(0.00105493 1.31052e-12 0)
(0.00105493 4.5958e-12 0)
(0.00105493 7.04488e-12 0)
(0.00105493 1.02448e-11 0)
(0.00105493 1.23985e-11 0)
(0.00105493 1.56147e-11 0)
(0.00105493 1.7498e-11 0)
(0.00105493 2.0826e-11 0)
(0.00105493 2.23884e-11 0)
(0.00105493 2.59432e-11 0)
(0.00105493 2.71247e-11 0)
(0.00105493 3.10334e-11 0)
(0.00105493 3.17017e-11 0)
(0.00105493 3.61592e-11 0)
(0.00105498 -2.48759e-09 0)
(0.00105497 -2.42989e-09 0)
(0.00105497 -2.37333e-09 0)
(0.00105497 -2.3175e-09 0)
(0.00105496 -2.25968e-09 0)
(0.00105496 -2.19868e-09 0)
(0.00105496 -2.13383e-09 0)
(0.00105496 -2.06485e-09 0)
(0.00105496 -1.99183e-09 0)
(0.00105495 -1.9151e-09 0)
(0.00105495 -1.83509e-09 0)
(0.00105495 -1.7524e-09 0)
(0.00105495 -1.66778e-09 0)
(0.00105495 -1.58196e-09 0)
(0.00105495 -1.49567e-09 0)
(0.00105494 -1.40964e-09 0)
(0.00105494 -1.32462e-09 0)
(0.00105494 -1.24127e-09 0)
(0.00105494 -1.16025e-09 0)
(0.00105494 -1.08206e-09 0)
(0.00105494 -1.00708e-09 0)
(0.00105494 -9.35624e-10 0)
(0.00105494 -8.67985e-10 0)
(0.00105494 -8.04302e-10 0)
(0.00105494 -7.44521e-10 0)
(0.00105494 -6.88558e-10 0)
(0.00105494 -6.36379e-10 0)
(0.00105494 -5.8789e-10 0)
(0.00105494 -5.42898e-10 0)
(0.00105494 -5.01181e-10 0)
(0.00105494 -4.62536e-10 0)
(0.00105494 -4.26729e-10 0)
(0.00105494 -3.93558e-10 0)
(0.00105494 -3.62898e-10 0)
(0.00105493 -3.34648e-10 0)
(0.00105493 -3.08616e-10 0)
(0.00105493 -2.84507e-10 0)
(0.00105493 -2.62099e-10 0)
(0.00105493 -2.41274e-10 0)
(0.00105493 -2.22043e-10 0)
(0.00105493 -2.0437e-10 0)
(0.00105493 -1.88158e-10 0)
(0.00105493 -1.73208e-10 0)
(0.00105493 -1.59299e-10 0)
(0.00105493 -1.46261e-10 0)
(0.00105493 -1.3404e-10 0)
(0.00105493 -1.22662e-10 0)
(0.00105493 -1.12241e-10 0)
(0.00105493 -1.02807e-10 0)
(0.00105493 -9.43811e-11 0)
(0.00105493 -8.68519e-11 0)
(0.00105493 -8.01367e-11 0)
(0.00105493 -7.40767e-11 0)
(0.00105493 -6.86362e-11 0)
(0.00105493 -6.36932e-11 0)
(0.00105493 -5.92614e-11 0)
(0.00105493 -5.52136e-11 0)
(0.00105493 -5.15425e-11 0)
(0.00105493 -4.80467e-11 0)
(0.00105493 -4.47347e-11 0)
(0.00105493 -4.13577e-11 0)
(0.00105493 -3.79999e-11 0)
(0.00105493 -3.44534e-11 0)
(0.00105493 -3.09082e-11 -2.30305e-39)
(0.00105493 -2.71686e-11 0)
(0.00105493 -2.35558e-11 2.12241e-39)
(0.00105493 -1.98111e-11 0)
(0.00105493 -1.63371e-11 1.94178e-39)
(0.00105493 -1.2778e-11 0)
(0.00105493 -9.61907e-12 -1.76114e-39)
(0.00105493 -6.33337e-12 0)
(0.00105493 -3.53289e-12 0)
(0.00105493 -5.2048e-13 0)
(0.00105493 1.94719e-12 0)
(0.00105493 4.78546e-12 0)
(0.00105493 6.97659e-12 0)
(0.00105493 9.72899e-12 0)
(0.00105493 1.17195e-11 0)
(0.00105493 1.44876e-11 0)
(0.00105493 1.62839e-11 0)
(0.00105493 1.9152e-11 -7.67667e-40)
(0.00105493 2.07655e-11 0)
(0.00105493 2.38105e-11 0)
(0.00105493 2.51795e-11 0)
(0.00105493 2.84998e-11 0)
(0.00105493 2.95556e-11 0)
(0.00105493 3.32652e-11 0)
(0.00105493 3.38718e-11 0)
(0.00105493 3.81551e-11 0)
(0.00105498 8.73381e-10 0)
(0.00105498 8.91705e-10 0)
(0.00105497 9.13175e-10 0)
(0.00105497 9.3479e-10 0)
(0.00105497 9.51814e-10 0)
(0.00105496 9.63394e-10 0)
(0.00105496 9.68445e-10 0)
(0.00105496 9.66445e-10 0)
(0.00105496 9.57286e-10 0)
(0.00105496 9.41142e-10 0)
(0.00105495 9.18448e-10 0)
(0.00105495 8.89866e-10 0)
(0.00105495 8.56139e-10 0)
(0.00105495 8.18032e-10 0)
(0.00105495 7.76392e-10 0)
(0.00105495 7.32116e-10 0)
(0.00105494 6.86061e-10 0)
(0.00105494 6.39034e-10 0)
(0.00105494 5.91782e-10 0)
(0.00105494 5.44961e-10 0)
(0.00105494 4.99185e-10 0)
(0.00105494 4.55027e-10 0)
(0.00105494 4.12898e-10 0)
(0.00105494 3.73025e-10 0)
(0.00105494 3.35593e-10 0)
(0.00105494 3.0078e-10 0)
(0.00105494 2.68628e-10 0)
(0.00105494 2.39047e-10 0)
(0.00105494 2.11942e-10 0)
(0.00105494 1.87246e-10 0)
(0.00105494 1.64857e-10 0)
(0.00105494 1.44627e-10 0)
(0.00105494 1.26425e-10 0)
(0.00105494 1.10101e-10 0)
(0.00105494 9.54683e-11 0)
(0.00105493 8.23395e-11 0)
(0.00105493 7.06097e-11 0)
(0.00105493 6.02527e-11 0)
(0.00105493 5.11888e-11 0)
(0.00105493 4.32815e-11 0)
(0.00105493 3.63153e-11 0)
(0.00105493 3.01441e-11 0)
(0.00105493 2.46905e-11 0)
(0.00105493 1.9973e-11 0)
(0.00105493 1.60235e-11 0)
(0.00105493 1.28193e-11 0)
(0.00105493 1.02312e-11 0)
(0.00105493 8.0886e-12 0)
(0.00105493 6.18449e-12 0)
(0.00105493 4.4339e-12 0)
(0.00105493 2.78252e-12 0)
(0.00105493 1.2954e-12 0)
(0.00105493 -1.90577e-14 0)
(0.00105493 -1.11779e-12 0)
(0.00105493 -2.1025e-12 0)
(0.00105493 -3.00436e-12 0)
(0.00105493 -3.96923e-12 0)
(0.00105493 -4.9772e-12 0)
(0.00105493 -6.08161e-12 0)
(0.00105493 -7.11077e-12 0)
(0.00105493 -8.0629e-12 0)
(0.00105493 -8.67455e-12 0)
(0.00105493 -8.99638e-12 0)
(0.00105493 -8.80607e-12 0)
(0.00105493 -8.27667e-12 2.30305e-39)
(0.00105493 -7.22428e-12 0)
(0.00105493 -5.97431e-12 -2.12241e-39)
(0.00105493 -4.30418e-12 0)
(0.00105493 -2.6327e-12 -1.94178e-39)
(0.00105493 -6.49084e-13 0)
(0.00105493 1.14739e-12 1.76114e-39)
(0.00105493 3.23593e-12 0)
(0.00105493 5.00196e-12 0)
(0.00105493 7.0971e-12 0)
(0.00105493 8.77334e-12 0)
(0.00105493 1.08998e-11 0)
(0.00105493 1.2482e-11 0)
(0.00105493 1.46716e-11 0)
(0.00105493 1.61881e-11 0)
(0.00105493 1.85054e-11 0)
(0.00105493 1.99376e-11 0)
(0.00105493 2.24388e-11 7.67667e-40)
(0.00105493 2.37761e-11 0)
(0.00105493 2.65161e-11 0)
(0.00105493 2.76858e-11 0)
(0.00105493 3.07451e-11 0)
(0.00105493 3.16701e-11 0)
(0.00105493 3.51494e-11 0)
(0.00105493 3.56923e-11 0)
(0.00105493 3.97638e-11 0)
(0.00105498 1.70117e-08 0)
(0.00105498 1.53956e-08 0)
(0.00105497 1.39286e-08 0)
(0.00105497 1.25974e-08 0)
(0.00105497 1.13897e-08 0)
(0.00105496 1.02946e-08 0)
(0.00105496 9.30214e-09 0)
(0.00105496 8.4033e-09 0)
(0.00105496 7.58982e-09 0)
(0.00105495 6.85411e-09 0)
(0.00105495 6.18921e-09 0)
(0.00105495 5.58873e-09 0)
(0.00105495 5.0468e-09 0)
(0.00105495 4.55798e-09 0)
(0.00105495 4.11728e-09 0)
(0.00105495 3.7201e-09 0)
(0.00105494 3.36221e-09 0)
(0.00105494 3.03971e-09 0)
(0.00105494 2.74902e-09 0)
(0.00105494 2.48687e-09 0)
(0.00105494 2.25028e-09 0)
(0.00105494 2.03664e-09 0)
(0.00105494 1.84355e-09 0)
(0.00105494 1.66886e-09 0)
(0.00105494 1.51065e-09 0)
(0.00105494 1.36728e-09 0)
(0.00105494 1.23726e-09 0)
(0.00105494 1.11924e-09 0)
(0.00105494 1.01206e-09 0)
(0.00105494 9.14772e-10 0)
(0.00105494 8.2649e-10 0)
(0.00105494 7.46369e-10 0)
(0.00105494 6.73637e-10 0)
(0.00105494 6.07618e-10 0)
(0.00105493 5.47734e-10 0)
(0.00105493 4.93461e-10 0)
(0.00105493 4.44315e-10 0)
(0.00105493 3.9986e-10 0)
(0.00105493 3.59668e-10 0)
(0.00105493 3.23351e-10 0)
(0.00105493 2.90521e-10 0)
(0.00105493 2.60865e-10 0)
(0.00105493 2.34116e-10 0)
(0.00105493 2.10074e-10 0)
(0.00105493 1.88542e-10 0)
(0.00105493 1.69293e-10 0)
(0.00105493 1.52045e-10 0)
(0.00105493 1.36537e-10 0)
(0.00105493 1.22511e-10 0)
(0.00105493 1.0983e-10 0)
(0.00105493 9.8366e-11 0)
(0.00105493 8.80761e-11 0)
(0.00105493 7.88461e-11 0)
(0.00105493 7.05907e-11 0)
(0.00105493 6.31032e-11 0)
(0.00105493 5.62614e-11 0)
(0.00105493 4.98569e-11 0)
(0.00105493 4.38529e-11 0)
(0.00105493 3.81534e-11 0)
(0.00105493 3.2882e-11 0)
(0.00105493 2.80093e-11 0)
(0.00105493 2.37574e-11 0)
(0.00105493 2.00618e-11 0)
(0.00105493 1.71222e-11 0)
(0.00105493 1.47694e-11 0)
(0.00105493 1.31754e-11 0)
(0.00105493 1.20294e-11 0)
(0.00105493 1.15368e-11 0)
(0.00105493 1.12898e-11 0)
(0.00105493 1.15707e-11 0)
(0.00105493 1.18867e-11 0)
(0.00105493 1.26721e-11 0)
(0.00105493 1.33212e-11 0)
(0.00105493 1.44332e-11 0)
(0.00105493 1.52744e-11 0)
(0.00105493 1.66533e-11 0)
(0.00105493 1.76091e-11 0)
(0.00105493 1.92225e-11 0)
(0.00105493 2.02642e-11 0)
(0.00105493 2.21247e-11 0)
(0.00105493 2.31967e-11 0)
(0.00105493 2.53247e-11 0)
(0.00105493 2.63893e-11 0)
(0.00105493 2.88145e-11 0)
(0.00105493 2.9787e-11 0)
(0.00105493 3.25704e-11 0)
(0.00105493 3.33654e-11 0)
(0.00105493 3.65949e-11 0)
(0.00105493 3.70748e-11 0)
(0.00105493 4.09089e-11 0)
(0.00105498 1.90727e-08 0)
(0.00105497 1.7588e-08 0)
(0.00105497 1.62358e-08 0)
(0.00105497 1.4999e-08 0)
(0.00105496 1.38635e-08 0)
(0.00105496 1.28174e-08 0)
(0.00105496 1.1851e-08 0)
(0.00105496 1.09559e-08 0)
(0.00105495 1.01254e-08 0)
(0.00105495 9.35363e-09 0)
(0.00105495 8.63562e-09 0)
(0.00105495 7.96716e-09 0)
(0.00105495 7.34462e-09 0)
(0.00105495 6.76481e-09 0)
(0.00105495 6.22491e-09 0)
(0.00105494 5.72243e-09 0)
(0.00105494 5.2551e-09 0)
(0.00105494 4.82086e-09 0)
(0.00105494 4.41781e-09 0)
(0.00105494 4.04418e-09 0)
(0.00105494 3.69831e-09 0)
(0.00105494 3.37862e-09 0)
(0.00105494 3.08361e-09 0)
(0.00105494 2.81182e-09 0)
(0.00105494 2.56179e-09 0)
(0.00105494 2.3321e-09 0)
(0.00105494 2.12139e-09 0)
(0.00105494 1.92829e-09 0)
(0.00105494 1.75154e-09 0)
(0.00105494 1.58996e-09 0)
(0.00105494 1.44246e-09 0)
(0.00105494 1.30792e-09 0)
(0.00105494 1.18523e-09 0)
(0.00105493 1.07339e-09 0)
(0.00105493 9.71559e-10 0)
(0.00105493 8.78977e-10 0)
(0.00105493 7.94875e-10 0)
(0.00105493 7.185e-10 0)
(0.00105493 6.49148e-10 0)
(0.00105493 5.86215e-10 0)
(0.00105493 5.29139e-10 0)
(0.00105493 4.77436e-10 0)
(0.00105493 4.30659e-10 0)
(0.00105493 3.88413e-10 0)
(0.00105493 3.5031e-10 0)
(0.00105493 3.15955e-10 0)
(0.00105493 2.84937e-10 0)
(0.00105493 2.56899e-10 0)
(0.00105493 2.31522e-10 0)
(0.00105493 2.08598e-10 0)
(0.00105493 1.87926e-10 0)
(0.00105493 1.69363e-10 0)
(0.00105493 1.52692e-10 0)
(0.00105493 1.37721e-10 0)
(0.00105493 1.24155e-10 0)
(0.00105493 1.11785e-10 0)
(0.00105493 1.00341e-10 0)
(0.00105493 8.97215e-11 0)
(0.00105493 7.97835e-11 0)
(0.00105493 7.05962e-11 0)
(0.00105493 6.20992e-11 0)
(0.00105493 5.44717e-11 0)
(0.00105493 4.76391e-11 0)
(0.00105493 4.17783e-11 0)
(0.00105493 3.67275e-11 0)
(0.00105493 3.26446e-11 0)
(0.00105493 2.92381e-11 0)
(0.00105493 2.66926e-11 0)
(0.00105493 2.46173e-11 0)
(0.00105493 2.32626e-11 0)
(0.00105493 2.21503e-11 0)
(0.00105493 2.16667e-11 0)
(0.00105493 2.12248e-11 0)
(0.00105493 2.13666e-11 0)
(0.00105493 2.13831e-11 0)
(0.00105493 2.2016e-11 0)
(0.00105493 2.2349e-11 0)
(0.00105493 2.33815e-11 0)
(0.00105493 2.39479e-11 0)
(0.00105493 2.53436e-11 0)
(0.00105493 2.60535e-11 0)
(0.00105493 2.77979e-11 0)
(0.00105493 2.85871e-11 0)
(0.00105493 3.06849e-11 0)
(0.00105493 3.14575e-11 0)
(0.00105493 3.39502e-11 0)
(0.00105493 3.46126e-11 0)
(0.00105493 3.75736e-11 0)
(0.00105493 3.79883e-11 0)
(0.00105493 4.15606e-11 0)
(0.00105498 3.45937e-08 0)
(0.00105497 3.15003e-08 0)
(0.00105497 2.86845e-08 0)
(0.00105497 2.61203e-08 0)
(0.00105496 2.3784e-08 0)
(0.00105496 2.16549e-08 0)
(0.00105496 1.97144e-08 0)
(0.00105496 1.79456e-08 0)
(0.00105495 1.63335e-08 0)
(0.00105495 1.48644e-08 0)
(0.00105495 1.35257e-08 0)
(0.00105495 1.23062e-08 0)
(0.00105495 1.11955e-08 0)
(0.00105495 1.01842e-08 0)
(0.00105494 9.26344e-09 0)
(0.00105494 8.42538e-09 0)
(0.00105494 7.6627e-09 0)
(0.00105494 6.96867e-09 0)
(0.00105494 6.33715e-09 0)
(0.00105494 5.76251e-09 0)
(0.00105494 5.23959e-09 0)
(0.00105494 4.76368e-09 0)
(0.00105494 4.33052e-09 0)
(0.00105494 3.93622e-09 0)
(0.00105494 3.57724e-09 0)
(0.00105494 3.25034e-09 0)
(0.00105494 2.95261e-09 0)
(0.00105494 2.68142e-09 0)
(0.00105494 2.43437e-09 0)
(0.00105494 2.20937e-09 0)
(0.00105494 2.00455e-09 0)
(0.00105494 1.81812e-09 0)
(0.00105493 1.64841e-09 0)
(0.00105493 1.4939e-09 0)
(0.00105493 1.35331e-09 0)
(0.00105493 1.22553e-09 0)
(0.00105493 1.10945e-09 0)
(0.00105493 1.00401e-09 0)
(0.00105493 9.08213e-10 0)
(0.00105493 8.21225e-10 0)
(0.00105493 7.42287e-10 0)
(0.00105493 6.70726e-10 0)
(0.00105493 6.05907e-10 0)
(0.00105493 5.47259e-10 0)
(0.00105493 4.94232e-10 0)
(0.00105493 4.4629e-10 0)
(0.00105493 4.02913e-10 0)
(0.00105493 3.63652e-10 0)
(0.00105493 3.2811e-10 0)
(0.00105493 2.96e-10 0)
(0.00105493 2.6704e-10 0)
(0.00105493 2.41001e-10 0)
(0.00105493 2.17586e-10 0)
(0.00105493 1.96522e-10 0)
(0.00105493 1.77452e-10 0)
(0.00105493 1.60106e-10 0)
(0.00105493 1.44167e-10 0)
(0.00105493 1.29481e-10 0)
(0.00105493 1.15859e-10 0)
(0.00105493 1.03313e-10 0)
(0.00105493 9.17481e-11 0)
(0.00105493 8.12892e-11 0)
(0.00105493 7.18414e-11 0)
(0.00105493 6.3546e-11 0)
(0.00105493 5.62399e-11 0)
(0.00105493 5.00577e-11 0)
(0.00105493 4.47241e-11 0)
(0.00105493 4.04005e-11 0)
(0.00105493 3.67185e-11 0)
(0.00105493 3.38995e-11 0)
(0.00105493 3.14902e-11 0)
(0.00105493 2.98329e-11 0)
(0.00105493 2.83714e-11 0)
(0.00105493 2.7592e-11 0)
(0.00105493 2.68222e-11 0)
(0.00105493 2.67344e-11 0)
(0.00105493 2.64671e-11 0)
(0.00105493 2.69326e-11 0)
(0.00105493 2.70395e-11 0)
(0.00105493 2.79791e-11 0)
(0.00105493 2.83396e-11 0)
(0.00105493 2.97059e-11 0)
(0.00105493 3.023e-11 0)
(0.00105493 3.20032e-11 0)
(0.00105493 3.2584e-11 0)
(0.00105493 3.47854e-11 0)
(0.00105493 3.53205e-11 0)
(0.00105493 3.80081e-11 0)
(0.00105493 3.83595e-11 0)
(0.00105493 4.16594e-11 0)
(0.00105496 3.32519e-08 0)
(0.00105496 3.07294e-08 0)
(0.00105496 2.84021e-08 0)
(0.00105495 2.62501e-08 0)
(0.00105495 2.42566e-08 0)
(0.00105495 2.24075e-08 0)
(0.00105495 2.06905e-08 0)
(0.00105495 1.90954e-08 0)
(0.00105495 1.7613e-08 0)
(0.00105495 1.62353e-08 0)
(0.00105494 1.4955e-08 0)
(0.00105494 1.37657e-08 0)
(0.00105494 1.26614e-08 0)
(0.00105494 1.16367e-08 0)
(0.00105494 1.06864e-08 0)
(0.00105494 9.80585e-09 0)
(0.00105494 8.99058e-09 0)
(0.00105494 8.23644e-09 0)
(0.00105494 7.53948e-09 0)
(0.00105494 6.896e-09 0)
(0.00105494 6.3025e-09 0)
(0.00105494 5.75567e-09 0)
(0.00105494 5.2524e-09 0)
(0.00105494 4.78973e-09 0)
(0.00105494 4.36487e-09 0)
(0.00105494 3.97512e-09 0)
(0.00105494 3.61793e-09 0)
(0.00105494 3.29088e-09 0)
(0.00105494 2.9917e-09 0)
(0.00105494 2.71828e-09 0)
(0.00105493 2.46864e-09 0)
(0.00105493 2.24089e-09 0)
(0.00105493 2.0332e-09 0)
(0.00105493 1.84388e-09 0)
(0.00105493 1.67142e-09 0)
(0.00105493 1.51449e-09 0)
(0.00105493 1.37179e-09 0)
(0.00105493 1.24208e-09 0)
(0.00105493 1.12417e-09 0)
(0.00105493 1.01704e-09 0)
(0.00105493 9.19784e-10 0)
(0.00105493 8.31564e-10 0)
(0.00105493 7.516e-10 0)
(0.00105493 6.79176e-10 0)
(0.00105493 6.13614e-10 0)
(0.00105493 5.54274e-10 0)
(0.00105493 5.00546e-10 0)
(0.00105493 4.519e-10 0)
(0.00105493 4.07865e-10 0)
(0.00105493 3.68075e-10 0)
(0.00105493 3.32177e-10 0)
(0.00105493 2.99864e-10 0)
(0.00105493 2.70779e-10 0)
(0.00105493 2.44593e-10 0)
(0.00105493 2.2091e-10 0)
(0.00105493 1.99415e-10 0)
(0.00105493 1.79762e-10 0)
(0.00105493 1.61748e-10 0)
(0.00105493 1.4515e-10 0)
(0.00105493 1.29925e-10 0)
(0.00105493 1.15939e-10 0)
(0.00105493 1.03263e-10 0)
(0.00105493 9.17773e-11 0)
(0.00105493 8.1583e-11 0)
(0.00105493 7.2512e-11 0)
(0.00105493 6.46707e-11 0)
(0.00105493 5.78001e-11 0)
(0.00105493 5.20362e-11 0)
(0.00105493 4.70377e-11 0)
(0.00105493 4.29971e-11 0)
(0.00105493 3.94934e-11 0)
(0.00105493 3.68271e-11 0)
(0.00105493 3.44811e-11 0)
(0.00105493 3.28873e-11 0)
(0.00105493 3.14191e-11 0)
(0.00105493 3.06785e-11 0)
(0.00105493 2.98675e-11 0)
(0.00105493 2.98088e-11 0)
(0.00105493 2.94936e-11 0)
(0.00105493 3.00036e-11 0)
(0.00105493 3.00392e-11 0)
(0.00105493 3.10428e-11 0)
(0.00105493 3.13179e-11 0)
(0.00105493 3.27735e-11 0)
(0.00105493 3.31712e-11 0)
(0.00105493 3.50809e-11 0)
(0.00105493 3.54921e-11 0)
(0.00105493 3.78986e-11 0)
(0.00105493 3.81866e-11 0)
(0.00105493 4.1199e-11 0)
(0.00105496 4.73615e-08 0)
(0.00105496 4.3289e-08 0)
(0.00105496 3.95571e-08 0)
(0.00105496 3.61369e-08 0)
(0.00105495 3.30025e-08 0)
(0.00105495 3.01306e-08 0)
(0.00105495 2.74997e-08 0)
(0.00105495 2.50906e-08 0)
(0.00105495 2.28853e-08 0)
(0.00105495 2.08673e-08 0)
(0.00105494 1.90216e-08 0)
(0.00105494 1.73341e-08 0)
(0.00105494 1.5792e-08 0)
(0.00105494 1.43833e-08 0)
(0.00105494 1.3097e-08 0)
(0.00105494 1.19229e-08 0)
(0.00105494 1.08515e-08 0)
(0.00105494 9.87433e-09 0)
(0.00105494 8.98325e-09 0)
(0.00105494 8.17094e-09 0)
(0.00105494 7.43061e-09 0)
(0.00105494 6.75605e-09 0)
(0.00105494 6.14152e-09 0)
(0.00105494 5.58179e-09 0)
(0.00105494 5.07204e-09 0)
(0.00105494 4.60784e-09 0)
(0.00105493 4.18514e-09 0)
(0.00105493 3.80024e-09 0)
(0.00105493 3.44982e-09 0)
(0.00105493 3.13082e-09 0)
(0.00105493 2.84051e-09 0)
(0.00105493 2.57637e-09 0)
(0.00105493 2.33607e-09 0)
(0.00105493 2.11746e-09 0)
(0.00105493 1.91863e-09 0)
(0.00105493 1.7379e-09 0)
(0.00105493 1.57373e-09 0)
(0.00105493 1.42462e-09 0)
(0.00105493 1.28917e-09 0)
(0.00105493 1.16618e-09 0)
(0.00105493 1.05457e-09 0)
(0.00105493 9.53361e-10 0)
(0.00105493 8.61631e-10 0)
(0.00105493 7.78534e-10 0)
(0.00105493 7.03289e-10 0)
(0.00105493 6.35165e-10 0)
(0.00105493 5.73482e-10 0)
(0.00105493 5.17638e-10 0)
(0.00105493 4.67098e-10 0)
(0.00105493 4.21425e-10 0)
(0.00105493 3.80204e-10 0)
(0.00105493 3.43067e-10 0)
(0.00105493 3.09615e-10 0)
(0.00105493 2.79481e-10 0)
(0.00105493 2.5225e-10 0)
(0.00105493 2.27585e-10 0)
(0.00105493 2.05125e-10 0)
(0.00105493 1.84635e-10 0)
(0.00105493 1.65864e-10 0)
(0.00105493 1.4872e-10 0)
(0.00105493 1.33038e-10 0)
(0.00105493 1.1883e-10 0)
(0.00105493 1.05955e-10 0)
(0.00105493 9.44672e-11 0)
(0.00105493 8.41932e-11 0)
(0.00105493 7.52079e-11 0)
(0.00105493 6.7268e-11 0)
(0.00105493 6.04822e-11 0)
(0.00105493 5.45391e-11 0)
(0.00105493 4.96027e-11 0)
(0.00105493 4.52884e-11 0)
(0.00105493 4.1858e-11 0)
(0.00105493 3.88383e-11 0)
(0.00105493 3.66087e-11 0)
(0.00105493 3.4596e-11 0)
(0.00105493 3.33316e-11 0)
(0.00105493 3.20883e-11 0)
(0.00105493 3.15983e-11 0)
(0.00105493 3.09408e-11 0)
(0.00105493 3.10881e-11 0)
(0.00105493 3.08564e-11 0)
(0.00105493 3.15444e-11 0)
(0.00105493 3.16118e-11 0)
(0.00105493 3.27828e-11 0)
(0.00105493 3.30249e-11 0)
(0.00105493 3.46653e-11 0)
(0.00105493 3.49696e-11 0)
(0.00105493 3.71076e-11 0)
(0.00105493 3.73398e-11 0)
(0.00105493 4.00697e-11 0)
(0.00105494 4.2317e-08 0)
(0.00105494 3.92747e-08 0)
(0.00105494 3.64128e-08 0)
(0.00105494 3.37235e-08 0)
(0.00105494 3.11995e-08 0)
(0.00105494 2.88338e-08 0)
(0.00105494 2.66197e-08 0)
(0.00105494 2.45506e-08 0)
(0.00105494 2.26199e-08 0)
(0.00105494 2.08211e-08 0)
(0.00105494 1.91475e-08 0)
(0.00105494 1.75927e-08 0)
(0.00105494 1.61501e-08 0)
(0.00105494 1.48135e-08 0)
(0.00105494 1.35765e-08 0)
(0.00105494 1.24332e-08 0)
(0.00105494 1.13775e-08 0)
(0.00105494 1.04039e-08 0)
(0.00105494 9.50693e-09 0)
(0.00105493 8.68128e-09 0)
(0.00105493 7.92203e-09 0)
(0.00105493 7.22448e-09 0)
(0.00105493 6.58419e-09 0)
(0.00105493 5.99697e-09 0)
(0.00105493 5.45892e-09 0)
(0.00105493 4.96633e-09 0)
(0.00105493 4.51571e-09 0)
(0.00105493 4.10382e-09 0)
(0.00105493 3.72764e-09 0)
(0.00105493 3.38433e-09 0)
(0.00105493 3.07125e-09 0)
(0.00105493 2.78596e-09 0)
(0.00105493 2.52614e-09 0)
(0.00105493 2.28961e-09 0)
(0.00105493 2.07437e-09 0)
(0.00105493 1.87866e-09 0)
(0.00105493 1.70083e-09 0)
(0.00105493 1.53931e-09 0)
(0.00105493 1.39261e-09 0)
(0.00105493 1.25941e-09 0)
(0.00105493 1.13855e-09 0)
(0.00105493 1.02896e-09 0)
(0.00105493 9.29642e-10 0)
(0.00105493 8.39667e-10 0)
(0.00105493 7.58189e-10 0)
(0.00105493 6.84428e-10 0)
(0.00105493 6.17657e-10 0)
(0.00105493 5.57231e-10 0)
(0.00105493 5.0257e-10 0)
(0.00105493 4.53181e-10 0)
(0.00105493 4.08606e-10 0)
(0.00105493 3.68432e-10 0)
(0.00105493 3.32234e-10 0)
(0.00105493 2.99622e-10 0)
(0.00105493 2.70178e-10 0)
(0.00105493 2.43555e-10 0)
(0.00105493 2.19386e-10 0)
(0.00105493 1.97419e-10 0)
(0.00105493 1.77388e-10 0)
(0.00105493 1.59158e-10 0)
(0.00105493 1.42544e-10 0)
(0.00105493 1.27509e-10 0)
(0.00105493 1.13895e-10 0)
(0.00105493 1.01719e-10 0)
(0.00105493 9.08017e-11 0)
(0.00105493 8.11918e-11 0)
(0.00105493 7.26622e-11 0)
(0.00105493 6.52951e-11 0)
(0.00105493 5.88118e-11 0)
(0.00105493 5.33462e-11 0)
(0.00105493 4.85526e-11 0)
(0.00105493 4.4656e-11 0)
(0.00105493 4.12271e-11 0)
(0.00105493 3.85958e-11 0)
(0.00105493 3.62447e-11 0)
(0.00105493 3.46346e-11 0)
(0.00105493 3.31147e-11 0)
(0.00105493 3.23257e-11 0)
(0.00105493 3.14397e-11 0)
(0.00105493 3.13192e-11 0)
(0.00105493 3.09008e-11 0)
(0.00105493 3.13373e-11 0)
(0.00105493 3.12521e-11 0)
(0.00105493 3.21785e-11 0)
(0.00105493 3.22994e-11 0)
(0.00105493 3.36915e-11 0)
(0.00105493 3.39079e-11 0)
(0.00105493 3.57834e-11 0)
(0.00105493 3.59679e-11 0)
(0.00105493 3.84089e-11 0)
(0.00105495 5.3896e-08 0)
(0.00105495 4.94055e-08 0)
(0.00105495 4.525e-08 0)
(0.00105494 4.14106e-08 0)
(0.00105494 3.78687e-08 0)
(0.00105494 3.46057e-08 0)
(0.00105494 3.16037e-08 0)
(0.00105494 2.8845e-08 0)
(0.00105494 2.63127e-08 0)
(0.00105494 2.39905e-08 0)
(0.00105494 2.18629e-08 0)
(0.00105494 1.99153e-08 0)
(0.00105494 1.81337e-08 0)
(0.00105494 1.6505e-08 0)
(0.00105493 1.50172e-08 0)
(0.00105493 1.36587e-08 0)
(0.00105493 1.24191e-08 0)
(0.00105493 1.12884e-08 0)
(0.00105493 1.02577e-08 0)
(0.00105493 9.31838e-09 0)
(0.00105493 8.46281e-09 0)
(0.00105493 7.68381e-09 0)
(0.00105493 6.9748e-09 0)
(0.00105493 6.32973e-09 0)
(0.00105493 5.74302e-09 0)
(0.00105493 5.20953e-09 0)
(0.00105493 4.72452e-09 0)
(0.00105493 4.28369e-09 0)
(0.00105493 3.88306e-09 0)
(0.00105493 3.51904e-09 0)
(0.00105493 3.18836e-09 0)
(0.00105493 2.88802e-09 0)
(0.00105493 2.6153e-09 0)
(0.00105493 2.36766e-09 0)
(0.00105493 2.14282e-09 0)
(0.00105493 1.93875e-09 0)
(0.00105493 1.75365e-09 0)
(0.00105493 1.58577e-09 0)
(0.00105493 1.4335e-09 0)
(0.00105493 1.29541e-09 0)
(0.00105493 1.17025e-09 0)
(0.00105493 1.05685e-09 0)
(0.00105493 9.54149e-10 0)
(0.00105493 8.61159e-10 0)
(0.00105493 7.76985e-10 0)
(0.00105493 7.00812e-10 0)
(0.00105493 6.31887e-10 0)
(0.00105493 5.69543e-10 0)
(0.00105493 5.13175e-10 0)
(0.00105493 4.62267e-10 0)
(0.00105493 4.16342e-10 0)
(0.00105493 3.74964e-10 0)
(0.00105493 3.37704e-10 0)
(0.00105493 3.0416e-10 0)
(0.00105493 2.73919e-10 0)
(0.00105493 2.4663e-10 0)
(0.00105493 2.21925e-10 0)
(0.00105493 1.99542e-10 0)
(0.00105493 1.79201e-10 0)
(0.00105493 1.60741e-10 0)
(0.00105493 1.43968e-10 0)
(0.00105493 1.28805e-10 0)
(0.00105493 1.15091e-10 0)
(0.00105493 1.02814e-10 0)
(0.00105493 9.17951e-11 0)
(0.00105493 8.20672e-11 0)
(0.00105493 7.34171e-11 0)
(0.00105493 6.5905e-11 0)
(0.00105493 5.92862e-11 0)
(0.00105493 5.36611e-11 0)
(0.00105493 4.87275e-11 0)
(0.00105493 4.46721e-11 0)
(0.00105493 4.11079e-11 0)
(0.00105493 3.8323e-11 0)
(0.00105493 3.58505e-11 0)
(0.00105493 3.40864e-11 0)
(0.00105493 3.2459e-11 0)
(0.00105493 3.15166e-11 0)
(0.00105493 3.0528e-11 0)
(0.00105493 3.02517e-11 0)
(0.00105493 2.97371e-11 0)
(0.00105493 3.00054e-11 0)
(0.00105493 2.98339e-11 0)
(0.00105493 3.05749e-11 0)
(0.00105493 3.06204e-11 0)
(0.00105493 3.18088e-11 0)
(0.00105493 3.1963e-11 0)
(0.00105493 3.3609e-11 0)
(0.00105493 3.37575e-11 0)
(0.00105493 3.59321e-11 0)
(0.00105492 4.70539e-08 0)
(0.00105492 4.37075e-08 0)
(0.00105492 4.05057e-08 0)
(0.00105492 3.74612e-08 0)
(0.00105492 3.45814e-08 0)
(0.00105492 3.18697e-08 0)
(0.00105492 2.93266e-08 0)
(0.00105492 2.69497e-08 0)
(0.00105492 2.4735e-08 0)
(0.00105492 2.26768e-08 0)
(0.00105492 2.07688e-08 0)
(0.00105492 1.90035e-08 0)
(0.00105492 1.73734e-08 0)
(0.00105492 1.58706e-08 0)
(0.00105492 1.44874e-08 0)
(0.00105492 1.32158e-08 0)
(0.00105492 1.20483e-08 0)
(0.00105492 1.09775e-08 0)
(0.00105493 9.99636e-09 0)
(0.00105493 9.09815e-09 0)
(0.00105493 8.27651e-09 0)
(0.00105493 7.52543e-09 0)
(0.00105493 6.83928e-09 0)
(0.00105493 6.21286e-09 0)
(0.00105493 5.64129e-09 0)
(0.00105493 5.12006e-09 0)
(0.00105493 4.64498e-09 0)
(0.00105493 4.2122e-09 0)
(0.00105493 3.81816e-09 0)
(0.00105493 3.45959e-09 0)
(0.00105493 3.13349e-09 0)
(0.00105493 2.8371e-09 0)
(0.00105493 2.56783e-09 0)
(0.00105493 2.32327e-09 0)
(0.00105493 2.10121e-09 0)
(0.00105493 1.89973e-09 0)
(0.00105493 1.71703e-09 0)
(0.00105493 1.55139e-09 0)
(0.00105493 1.40122e-09 0)
(0.00105493 1.26512e-09 0)
(0.00105493 1.14184e-09 0)
(0.00105493 1.03023e-09 0)
(0.00105493 9.29215e-10 0)
(0.00105493 8.37811e-10 0)
(0.00105493 7.55129e-10 0)
(0.00105493 6.80353e-10 0)
(0.00105493 6.12725e-10 0)
(0.00105493 5.51585e-10 0)
(0.00105493 4.96328e-10 0)
(0.00105493 4.46445e-10 0)
(0.00105493 4.01473e-10 0)
(0.00105493 3.60974e-10 0)
(0.00105493 3.24548e-10 0)
(0.00105493 2.91788e-10 0)
(0.00105493 2.62304e-10 0)
(0.00105493 2.35747e-10 0)
(0.00105493 2.11752e-10 0)
(0.00105493 1.90065e-10 0)
(0.00105493 1.704e-10 0)
(0.00105493 1.52591e-10 0)
(0.00105493 1.36454e-10 0)
(0.00105493 1.21884e-10 0)
(0.00105493 1.08746e-10 0)
(0.00105493 9.70024e-11 0)
(0.00105493 8.64857e-11 0)
(0.00105493 7.72261e-11 0)
(0.00105493 6.90118e-11 0)
(0.00105493 6.18938e-11 0)
(0.00105493 5.56539e-11 0)
(0.00105493 5.035e-11 0)
(0.00105493 4.57328e-11 0)
(0.00105493 4.19371e-11 0)
(0.00105493 3.86174e-11 0)
(0.00105493 3.60295e-11 0)
(0.00105493 3.37411e-11 0)
(0.00105493 3.20951e-11 0)
(0.00105493 3.06012e-11 0)
(0.00105493 2.97061e-11 0)
(0.00105493 2.8791e-11 0)
(0.00105493 2.85049e-11 0)
(0.00105493 2.80139e-11 0)
(0.00105493 2.82099e-11 0)
(0.00105493 2.80333e-11 0)
(0.00105493 2.86406e-11 0)
(0.00105493 2.86611e-11 0)
(0.00105493 2.96662e-11 0)
(0.00105493 2.97849e-11 0)
(0.00105493 3.11938e-11 0)
(0.00105493 3.13195e-11 0)
(0.00105493 3.31962e-11 0)
(0.00105487 5.43532e-08 0)
(0.00105487 4.97593e-08 0)
(0.00105487 4.5492e-08 0)
(0.00105487 4.15427e-08 0)
(0.00105487 3.78988e-08 0)
(0.00105487 3.45451e-08 0)
(0.00105487 3.1465e-08 0)
(0.00105487 2.86411e-08 0)
(0.00105487 2.60558e-08 0)
(0.00105487 2.36917e-08 0)
(0.00105487 2.15321e-08 0)
(0.00105487 1.95611e-08 0)
(0.00105487 1.77635e-08 0)
(0.00105487 1.61251e-08 0)
(0.00105487 1.46326e-08 0)
(0.00105487 1.32737e-08 0)
(0.00105487 1.20371e-08 0)
(0.00105487 1.09122e-08 0)
(0.00105487 9.8893e-09 0)
(0.00105487 8.95958e-09 0)
(0.00105487 8.11489e-09 0)
(0.00105487 7.34774e-09 0)
(0.00105487 6.65131e-09 0)
(0.00105487 6.01934e-09 0)
(0.00105487 5.4461e-09 0)
(0.00105487 4.92631e-09 0)
(0.00105487 4.45513e-09 0)
(0.00105487 4.02813e-09 0)
(0.00105487 3.64127e-09 0)
(0.00105487 3.29085e-09 0)
(0.00105487 2.97356e-09 0)
(0.00105487 2.68633e-09 0)
(0.00105487 2.42633e-09 0)
(0.00105487 2.19095e-09 0)
(0.00105487 1.97791e-09 0)
(0.00105487 1.78519e-09 0)
(0.00105487 1.61088e-09 0)
(0.00105487 1.45321e-09 0)
(0.00105487 1.31055e-09 0)
(0.00105487 1.18149e-09 0)
(0.00105487 1.06478e-09 0)
(0.00105487 9.59255e-10 0)
(0.00105487 8.63872e-10 0)
(0.00105487 7.77655e-10 0)
(0.00105487 6.99752e-10 0)
(0.00105487 6.29359e-10 0)
(0.00105487 5.65741e-10 0)
(0.00105487 5.08281e-10 0)
(0.00105487 4.56392e-10 0)
(0.00105487 4.09632e-10 0)
(0.00105487 3.67558e-10 0)
(0.00105487 3.29762e-10 0)
(0.00105487 2.95879e-10 0)
(0.00105487 2.6547e-10 0)
(0.00105487 2.38181e-10 0)
(0.00105487 2.13632e-10 0)
(0.00105487 1.91458e-10 0)
(0.00105487 1.71437e-10 0)
(0.00105487 1.53259e-10 0)
(0.00105487 1.36806e-10 0)
(0.00105487 1.2191e-10 0)
(0.00105487 1.08462e-10 0)
(0.00105487 9.63916e-11 0)
(0.00105487 8.56262e-11 0)
(0.00105487 7.60377e-11 0)
(0.00105487 6.76576e-11 0)
(0.00105487 6.02568e-11 0)
(0.00105487 5.39057e-11 0)
(0.00105487 4.8384e-11 0)
(0.00105487 4.37122e-11 0)
(0.00105487 3.97067e-11 0)
(0.00105487 3.64228e-11 0)
(0.00105487 3.35787e-11 0)
(0.00105487 3.13977e-11 0)
(0.00105487 2.94628e-11 0)
(0.00105487 2.80984e-11 0)
(0.00105487 2.68726e-11 0)
(0.00105487 2.61396e-11 0)
(0.00105487 2.54074e-11 0)
(0.00105487 2.51998e-11 0)
(0.00105487 2.48082e-11 0)
(0.00105487 2.50125e-11 0)
(0.00105487 2.48819e-11 0)
(0.00105487 2.54202e-11 0)
(0.00105487 2.54609e-11 0)
(0.00105487 2.63324e-11 0)
(0.00105487 2.64464e-11 0)
(0.00105487 2.76727e-11 0)
(0.00105487 2.77868e-11 0)
(0.00105487 2.94214e-11 0)
(0.00105429 4.8742e-08 0)
(0.00105429 4.47857e-08 0)
(0.00105429 4.10532e-08 0)
(0.0010543 3.75564e-08 0)
(0.0010543 3.42993e-08 0)
(0.0010543 3.12796e-08 0)
(0.0010543 2.84906e-08 0)
(0.0010543 2.59227e-08 0)
(0.00105431 2.35645e-08 0)
(0.00105431 2.14037e-08 0)
(0.00105431 1.94276e-08 0)
(0.00105431 1.76232e-08 0)
(0.00105431 1.59778e-08 0)
(0.00105431 1.44793e-08 0)
(0.00105431 1.3116e-08 0)
(0.00105431 1.18768e-08 0)
(0.00105432 1.07513e-08 0)
(0.00105432 9.72967e-09 0)
(0.00105432 8.80286e-09 0)
(0.00105432 7.96246e-09 0)
(0.00105432 7.2007e-09 0)
(0.00105432 6.51042e-09 0)
(0.00105432 5.88509e-09 0)
(0.00105432 5.31874e-09 0)
(0.00105432 4.80588e-09 0)
(0.00105432 4.34151e-09 0)
(0.00105432 3.92109e-09 0)
(0.00105432 3.54049e-09 0)
(0.00105432 3.19601e-09 0)
(0.00105432 2.88432e-09 0)
(0.00105432 2.60241e-09 0)
(0.00105432 2.34745e-09 0)
(0.00105432 2.11684e-09 0)
(0.00105432 1.90827e-09 0)
(0.00105432 1.71976e-09 0)
(0.00105432 1.54951e-09 0)
(0.00105432 1.39573e-09 0)
(0.00105432 1.25684e-09 0)
(0.00105432 1.13136e-09 0)
(0.00105432 1.01804e-09 0)
(0.00105432 9.15727e-10 0)
(0.00105432 8.23337e-10 0)
(0.00105432 7.39964e-10 0)
(0.00105432 6.64678e-10 0)
(0.00105432 5.96747e-10 0)
(0.00105432 5.35362e-10 0)
(0.00105432 4.79871e-10 0)
(0.00105432 4.29734e-10 0)
(0.00105432 3.84417e-10 0)
(0.00105432 3.43648e-10 0)
(0.00105432 3.07007e-10 0)
(0.00105432 2.74215e-10 0)
(0.00105432 2.44963e-10 0)
(0.00105432 2.18781e-10 0)
(0.00105432 1.95409e-10 0)
(0.00105432 1.74377e-10 0)
(0.00105432 1.55383e-10 0)
(0.00105432 1.38238e-10 0)
(0.00105432 1.22614e-10 0)
(0.00105432 1.08534e-10 0)
(0.00105432 9.58202e-11 0)
(0.00105432 8.44227e-11 0)
(0.00105432 7.43647e-11 0)
(0.00105432 6.54912e-11 0)
(0.00105432 5.7784e-11 0)
(0.00105432 5.12095e-11 0)
(0.00105432 4.55128e-11 0)
(0.00105432 4.08157e-11 0)
(0.00105432 3.68054e-11 0)
(0.00105432 3.35153e-11 0)
(0.00105432 3.08092e-11 0)
(0.00105432 2.86169e-11 0)
(0.00105432 2.67881e-11 0)
(0.00105432 2.54692e-11 0)
(0.00105432 2.426e-11 0)
(0.00105432 2.35228e-11 0)
(0.00105432 2.28263e-11 0)
(0.00105432 2.24713e-11 0)
(0.00105432 2.21158e-11 0)
(0.00105432 2.21116e-11 0)
(0.00105432 2.19271e-11 0)
(0.00105432 2.22199e-11 0)
(0.00105432 2.21819e-11 0)
(0.00105432 2.26667e-11 0)
(0.00105432 2.2757e-11 0)
(0.00105432 2.34578e-11 0)
(0.00105432 2.35679e-11 0)
(0.00105432 2.45425e-11 0)
(0.00105432 2.46359e-11 0)
(0.00105432 2.59088e-11 0)
(0.00104998 4.78029e-08 0)
(0.00104998 4.32496e-08 0)
(0.00104998 3.91112e-08 0)
(0.00104998 3.53558e-08 0)
(0.00104998 3.19542e-08 0)
(0.00104999 2.88759e-08 0)
(0.00104999 2.60918e-08 0)
(0.00104999 2.35745e-08 0)
(0.00104999 2.12989e-08 0)
(0.00104999 1.92418e-08 0)
(0.00104999 1.73821e-08 0)
(0.00104999 1.57006e-08 0)
(0.00104999 1.41802e-08 0)
(0.00104999 1.28053e-08 0)
(0.00104999 1.15619e-08 0)
(0.00105 1.04373e-08 0)
(0.00105 9.42013e-09 0)
(0.00105 8.50018e-09 0)
(0.00105 7.6682e-09 0)
(0.00105 6.91588e-09 0)
(0.00105 6.2357e-09 0)
(0.00105 5.62091e-09 0)
(0.00105 5.06538e-09 0)
(0.00105 4.56359e-09 0)
(0.00105 4.11046e-09 0)
(0.00105 3.70142e-09 0)
(0.00105 3.3323e-09 0)
(0.00105 2.99926e-09 0)
(0.00105 2.69889e-09 0)
(0.00105 2.42813e-09 0)
(0.00105 2.18419e-09 0)
(0.00105 1.96433e-09 0)
(0.00105 1.76617e-09 0)
(0.00105 1.58761e-09 0)
(0.00105 1.42686e-09 0)
(0.00105 1.28217e-09 0)
(0.00105 1.15182e-09 0)
(0.00105 1.03441e-09 0)
(0.00105 9.28561e-10 0)
(0.00105 8.33251e-10 0)
(0.00105 7.47354e-10 0)
(0.00105 6.69978e-10 0)
(0.00105 6.00342e-10 0)
(0.00105 5.37571e-10 0)
(0.00105 4.81117e-10 0)
(0.00105 4.30095e-10 0)
(0.00105 3.8408e-10 0)
(0.00105 3.42569e-10 0)
(0.00105 3.05125e-10 0)
(0.00105 2.71681e-10 0)
(0.00105 2.41684e-10 0)
(0.00105 2.15034e-10 0)
(0.00105 1.91271e-10 0)
(0.00105 1.69882e-10 0)
(0.00105 1.5073e-10 0)
(0.00105 1.33175e-10 0)
(0.00105 1.17189e-10 0)
(0.00105 1.02603e-10 0)
(0.00105 8.91854e-11 0)
(0.00105 7.72523e-11 0)
(0.00105 6.65287e-11 0)
(0.00105 5.71833e-11 0)
(0.00105 4.92495e-11 0)
(0.00105 4.24409e-11 0)
(0.00105 3.69194e-11 0)
(0.00105 3.241e-11 0)
(0.00105 2.8691e-11 0)
(0.00105 2.59129e-11 0)
(0.00105 2.35587e-11 0)
(0.00105 2.18051e-11 0)
(0.00105 2.04693e-11 0)
(0.00105 1.93673e-11 0)
(0.00105 1.85746e-11 0)
(0.00105 1.80591e-11 0)
(0.00105 1.75187e-11 0)
(0.00105 1.73731e-11 0)
(0.00105 1.71258e-11 0)
(0.00105 1.71145e-11 0)
(0.00105 1.7105e-11 0)
(0.00105 1.72661e-11 0)
(0.00105 1.7297e-11 0)
(0.00105 1.76772e-11 0)
(0.00105 1.77438e-11 0)
(0.00105 1.82178e-11 0)
(0.00105 1.83803e-11 0)
(0.00105 1.89703e-11 0)
(0.00105 1.91218e-11 0)
(0.00105 1.99185e-11 0)
(0.00105 2.00364e-11 0)
(0.00105 2.10341e-11 0)
(0.00102235 4.16208e-08 0)
(0.00102236 3.72945e-08 0)
(0.00102236 3.33991e-08 0)
(0.00102237 2.98941e-08 0)
(0.00102238 2.67473e-08 0)
(0.00102238 2.39248e-08 0)
(0.00102239 2.13951e-08 0)
(0.00102239 1.91292e-08 0)
(0.00102239 1.71006e-08 0)
(0.0010224 1.52853e-08 0)
(0.0010224 1.36615e-08 0)
(0.0010224 1.22096e-08 0)
(0.0010224 1.09117e-08 0)
(0.00102241 9.75177e-09 0)
(0.00102241 8.71551e-09 0)
(0.00102241 7.78987e-09 0)
(0.00102241 6.96315e-09 0)
(0.00102241 6.2248e-09 0)
(0.00102242 5.5654e-09 0)
(0.00102242 4.97654e-09 0)
(0.00102242 4.45064e-09 0)
(0.00102242 3.9809e-09 0)
(0.00102242 3.56121e-09 0)
(0.00102242 3.18612e-09 0)
(0.00102242 2.8508e-09 0)
(0.00102242 2.55097e-09 0)
(0.00102242 2.28278e-09 0)
(0.00102242 2.04279e-09 0)
(0.00102242 1.82804e-09 0)
(0.00102242 1.63585e-09 0)
(0.00102242 1.46377e-09 0)
(0.00102242 1.30949e-09 0)
(0.00102242 1.17126e-09 0)
(0.00102242 1.04747e-09 0)
(0.00102242 9.36794e-10 0)
(0.00102242 8.37755e-10 0)
(0.00102242 7.48996e-10 0)
(0.00102242 6.69475e-10 0)
(0.00102243 5.98036e-10 0)
(0.00102243 5.33996e-10 0)
(0.00102243 4.76319e-10 0)
(0.00102243 4.24549e-10 0)
(0.00102243 3.78045e-10 0)
(0.00102243 3.36136e-10 0)
(0.00102243 2.98483e-10 0)
(0.00102243 2.64189e-10 0)
(0.00102243 2.33288e-10 0)
(0.00102243 2.05313e-10 0)
(0.00102243 1.80233e-10 0)
(0.00102243 1.58192e-10 0)
(0.00102243 1.38624e-10 0)
(0.00102243 1.21718e-10 0)
(0.00102243 1.06712e-10 0)
(0.00102243 9.32083e-11 0)
(0.00102243 8.10234e-11 0)
(0.00102243 6.94154e-11 0)
(0.00102243 5.87217e-11 0)
(0.00102243 4.8697e-11 0)
(0.00102243 3.94652e-11 0)
(0.00102243 3.15274e-11 0)
(0.00102243 2.45698e-11 0)
(0.00102243 1.90905e-11 0)
(0.00102243 1.49109e-11 0)
(0.00102243 1.17861e-11 0)
(0.00102243 9.94268e-12 0)
(0.00102243 8.76703e-12 0)
(0.00102243 8.25505e-12 0)
(0.00102243 8.36656e-12 0)
(0.00102243 8.49793e-12 0)
(0.00102243 9.02796e-12 0)
(0.00102243 9.56421e-12 0)
(0.00102243 1.00297e-11 0)
(0.00102243 1.06317e-11 0)
(0.00102243 1.11334e-11 0)
(0.00102243 1.1507e-11 0)
(0.00102243 1.20685e-11 0)
(0.00102243 1.23298e-11 0)
(0.00102243 1.2759e-11 0)
(0.00102243 1.30713e-11 0)
(0.00102243 1.33783e-11 0)
(0.00102243 1.36148e-11 0)
(0.00102243 1.39958e-11 0)
(0.00102243 1.40959e-11 0)
(0.00102243 1.44888e-11 0)
(0.00102243 1.46152e-11 0)
(0.00102243 1.49852e-11 0)
(0.00102243 1.51021e-11 0)
(0.00102243 1.55828e-11 0)
(0.00102243 1.56708e-11 0)
(0.00102243 1.62727e-11 0)
(0.00088813 1.83081e-08 0)
(0.000888137 1.63874e-08 0)
(0.000888144 1.46994e-08 0)
(0.000888149 1.32088e-08 0)
(0.000888154 1.18874e-08 0)
(0.000888159 1.07113e-08 0)
(0.000888163 9.6609e-09 0)
(0.000888167 8.71978e-09 0)
(0.00088817 7.87435e-09 0)
(0.000888173 7.11313e-09 0)
(0.000888176 6.42644e-09 0)
(0.000888179 5.80602e-09 0)
(0.000888181 5.2448e-09 0)
(0.000888183 4.73663e-09 0)
(0.000888185 4.27613e-09 0)
(0.000888186 3.85859e-09 0)
(0.000888188 3.47988e-09 0)
(0.000888189 3.13635e-09 0)
(0.00088819 2.82478e-09 0)
(0.000888191 2.54229e-09 0)
(0.000888192 2.28628e-09 0)
(0.000888193 2.0544e-09 0)
(0.000888194 1.84449e-09 0)
(0.000888195 1.65457e-09 0)
(0.000888195 1.48282e-09 0)
(0.000888196 1.32773e-09 0)
(0.000888197 1.1879e-09 0)
(0.000888197 1.06209e-09 0)
(0.000888198 9.49031e-10 0)
(0.000888198 8.47388e-10 0)
(0.000888198 7.55927e-10 0)
(0.000888199 6.73656e-10 0)
(0.000888199 6.00017e-10 0)
(0.000888199 5.34286e-10 0)
(0.000888199 4.75734e-10 0)
(0.0008882 4.23278e-10 0)
(0.0008882 3.76284e-10 0)
(0.0008882 3.34188e-10 0)
(0.0008882 2.96639e-10 0)
(0.0008882 2.63351e-10 0)
(0.0008882 2.33687e-10 0)
(0.0008882 2.07415e-10 0)
(0.0008882 1.83637e-10 0)
(0.000888201 1.62078e-10 0)
(0.000888201 1.42237e-10 0)
(0.000888201 1.23959e-10 0)
(0.000888201 1.07599e-10 0)
(0.000888201 9.28499e-11 0)
(0.000888201 8.01556e-11 0)
(0.000888201 6.90005e-11 0)
(0.000888201 5.90811e-11 0)
(0.000888201 5.01712e-11 0)
(0.000888201 4.14444e-11 0)
(0.000888201 3.31739e-11 0)
(0.000888201 2.50373e-11 0)
(0.000888201 1.72534e-11 0)
(0.000888201 1.03973e-11 0)
(0.000888201 4.30401e-12 0)
(0.000888201 -3.74139e-13 0)
(0.000888201 -3.77259e-12 0)
(0.000888201 -6.00465e-12 0)
(0.000888201 -6.88506e-12 0)
(0.000888201 -7.08932e-12 0)
(0.000888201 -6.49593e-12 0)
(0.000888201 -5.4494e-12 0)
(0.000888201 -4.36017e-12 0)
(0.000888201 -2.96037e-12 0)
(0.000888201 -1.7273e-12 0)
(0.000888201 -6.34047e-13 0)
(0.000888201 5.71481e-13 0)
(0.000888201 1.41517e-12 0)
(0.000888201 2.27448e-12 0)
(0.000888201 3.0872e-12 0)
(0.000888201 3.6953e-12 0)
(0.000888201 4.30692e-12 0)
(0.000888201 4.91418e-12 0)
(0.000888201 5.32029e-12 0)
(0.000888201 5.85864e-12 0)
(0.000888201 6.20773e-12 0)
(0.000888201 6.58325e-12 0)
(0.000888201 6.90925e-12 0)
(0.000888201 7.22018e-12 0)
(0.000888201 7.36771e-12 0)
(0.000888201 7.70916e-12 0)
(0.000888201 7.80537e-12 0)
(0.000888201 8.03309e-12 0)
(0.000888201 8.11847e-12 0)
(0.000888201 8.42139e-12 0)
(0.000888201 8.43414e-12 0)
(0.000888201 8.84006e-12 0)
(0.000435735 6.60526e-09 0)
(0.00043574 5.71777e-09 0)
(0.000435745 4.92902e-09 0)
(0.00043575 4.23321e-09 0)
(0.000435753 3.62004e-09 0)
(0.000435757 3.08182e-09 0)
(0.00043576 2.61112e-09 0)
(0.000435763 2.20108e-09 0)
(0.000435765 1.8453e-09 0)
(0.000435767 1.53789e-09 0)
(0.000435769 1.27345e-09 0)
(0.000435771 1.04709e-09 0)
(0.000435773 8.54253e-10 0)
(0.000435774 6.90812e-10 0)
(0.000435775 5.53096e-10 0)
(0.000435776 4.37671e-10 0)
(0.000435777 3.41413e-10 0)
(0.000435778 2.61702e-10 0)
(0.000435779 1.96355e-10 0)
(0.00043578 1.43328e-10 0)
(0.00043578 1.0055e-10 0)
(0.000435781 6.6231e-11 0)
(0.000435781 3.90506e-11 0)
(0.000435782 1.78422e-11 0)
(0.000435782 1.40782e-12 0)
(0.000435782 -1.11538e-11 0)
(0.000435783 -2.03191e-11 0)
(0.000435783 -2.65522e-11 0)
(0.000435783 -3.07148e-11 0)
(0.000435783 -3.37074e-11 0)
(0.000435783 -3.5896e-11 0)
(0.000435784 -3.71303e-11 0)
(0.000435784 -3.73356e-11 0)
(0.000435784 -3.67792e-11 0)
(0.000435784 -3.57789e-11 0)
(0.000435784 -3.44471e-11 0)
(0.000435784 -3.27717e-11 0)
(0.000435784 -3.09126e-11 0)
(0.000435784 -2.91393e-11 0)
(0.000435784 -2.76994e-11 0)
(0.000435784 -2.66644e-11 0)
(0.000435784 -2.60234e-11 0)
(0.000435785 -2.57231e-11 0)
(0.000435785 -2.56813e-11 0)
(0.000435785 -2.58133e-11 0)
(0.000435785 -2.59966e-11 0)
(0.000435785 -2.61743e-11 0)
(0.000435785 -2.62517e-11 0)
(0.000435785 -2.62065e-11 0)
(0.000435785 -2.59475e-11 0)
(0.000435785 -2.5448e-11 0)
(0.000435785 -2.46447e-11 0)
(0.000435785 -2.35135e-11 0)
(0.000435785 -2.20635e-11 0)
(0.000435785 -2.03126e-11 0)
(0.000435785 -1.83484e-11 0)
(0.000435785 -1.62254e-11 0)
(0.000435785 -1.4085e-11 0)
(0.000435785 -1.19943e-11 0)
(0.000435785 -1.00914e-11 0)
(0.000435785 -8.33331e-12 0)
(0.000435785 -6.8539e-12 0)
(0.000435785 -5.55143e-12 0)
(0.000435785 -4.44262e-12 0)
(0.000435785 -3.58663e-12 0)
(0.000435785 -2.74221e-12 0)
(0.000435785 -2.17493e-12 0)
(0.000435785 -1.6113e-12 0)
(0.000435785 -1.09841e-12 0)
(0.000435785 -8.22682e-13 0)
(0.000435785 -3.66529e-13 0)
(0.000435785 -1.26054e-13 0)
(0.000435785 3.67232e-14 0)
(0.000435785 3.95041e-13 0)
(0.000435785 4.04411e-13 0)
(0.000435785 5.50925e-13 0)
(0.000435785 7.46081e-13 0)
(0.000435785 6.57127e-13 0)
(0.000435785 7.46098e-13 0)
(0.000435785 8.49432e-13 0)
(0.000435785 6.98993e-13 0)
(0.000435785 7.9267e-13 0)
(0.000435785 7.8437e-13 0)
(0.000435785 7.43344e-13 0)
(0.000435785 7.34876e-13 0)
(0.000435785 8.44107e-13 0)
(0.000435785 7.73505e-13 0)
(0.000435785 9.48116e-13 0)
(0.000435785 9.34119e-13 0)
(0.000435785 1.26522e-12 0)
)
;

boundaryField
{
    inlet
    {
        type            fixedValue;
        value           nonuniform List<vector> 0();
    }
    outlet
    {
        type            zeroGradient;
    }
    wall
    {
        type            noSlip;
    }
    obstacle
    {
        type            noSlip;
    }
    frontAndBack
    {
        type            empty;
    }
    procBoundary3to2
    {
        type            processor;
        value           nonuniform List<vector> 
31
(
(0.000435734 -6.59397e-09 0)
(0.000888129 -1.84379e-08 0)
(0.00102235 -4.1874e-08 0)
(0.00104998 -4.82752e-08 0)
(0.00105429 -4.93591e-08 0)
(0.00105487 -5.51876e-08 0)
(0.00105491 -4.80161e-08 0)
(0.00105495 -5.5039e-08 0)
(0.00105494 -4.35678e-08 0)
(0.00105496 -4.87384e-08 0)
(0.00105496 -3.4724e-08 0)
(0.00105497 -3.61255e-08 0)
(0.00105497 -2.06912e-08 0)
(0.00105498 -1.86266e-08 0)
(0.00105498 -2.55058e-09 0)
(0.00105498 -2.55058e-09 0)
(0.00105499 8.59298e-10 0)
(0.00105499 1.87916e-08 0)
(0.00105498 2.07106e-08 0)
(0.00105498 3.7995e-08 0)
(0.00105496 3.59938e-08 0)
(0.00105497 5.1807e-08 0)
(0.00105494 4.55495e-08 0)
(0.00105495 5.87406e-08 0)
(0.00105492 5.05269e-08 0)
(0.00105487 5.92766e-08 0)
(0.00105429 5.28981e-08 0)
(0.00104998 5.27987e-08 0)
(0.00102234 4.64148e-08 0)
(0.000888123 2.05039e-08 0)
(0.000435728 7.60017e-09 0)
)
;
    }
}


// ************************************************************************* //
