/*--------------------------------*- C++ -*----------------------------------*\
| =========                 |                                                 |
| \\      /  F ield         | OpenFOAM: The Open Source CFD Toolbox           |
|  \\    /   O peration     | Version:  2312                                  |
|   \\  /    A nd           | Website:  www.openfoam.com                      |
|    \\/     M anipulation  |                                                 |
\*---------------------------------------------------------------------------*/
FoamFile
{
    version     2.0;
    format      ascii;
    arch        "LSB;label=32;scalar=64";
    class       volVectorField;
    location    "185000";
    object      U;
}
// * * * * * * * * * * * * * * * * * * * * * * * * * * * * * * * * * * * * * //

dimensions      [0 1 -1 0 0 0 0];

internalField   nonuniform List<vector> 
2685
(
(0.000249575 -3.73243e-05 0)
(0.000236335 -3.18387e-05 0)
(0.000225512 -2.3991e-05 0)
(0.000216978 -1.72031e-05 0)
(0.000209164 -1.28006e-05 0)
(0.00020184 -1.02607e-05 0)
(0.000195333 -8.71065e-06 0)
(0.000189881 -7.58443e-06 0)
(0.000185557 -6.66514e-06 0)
(0.000182339 -5.89592e-06 0)
(0.000180161 -5.25086e-06 0)
(0.00017895 -4.69857e-06 0)
(0.000178612 -4.20371e-06 0)
(0.000179018 -3.74435e-06 0)
(0.000180031 -3.27937e-06 0)
(0.00018155 -2.78824e-06 0)
(0.000183462 -2.24492e-06 0)
(0.000185652 -1.62623e-06 0)
(0.000188005 -9.20983e-07 0)
(0.000190396 -1.05486e-07 0)
(0.000192704 8.85041e-07 0)
(0.000194817 2.16044e-06 0)
(0.000196625 3.82643e-06 0)
(0.000198032 5.88285e-06 0)
(0.000198978 8.13551e-06 0)
(0.00019949 1.01998e-05 0)
(0.000199692 1.16187e-05 0)
(0.000199849 1.20129e-05 0)
(0.000200239 1.12099e-05 0)
(0.000201186 9.22393e-06 0)
(0.000202988 6.24452e-06 0)
(0.000205882 2.55267e-06 0)
(0.000210009 -1.56381e-06 0)
(0.000215415 -5.86512e-06 0)
(0.000222054 -1.01864e-05 0)
(0.000229812 -1.44393e-05 0)
(0.00023852 -1.85883e-05 0)
(0.000247975 -2.26106e-05 0)
(0.000257939 -2.64621e-05 0)
(0.000268141 -3.0067e-05 0)
(0.000278326 -3.33134e-05 0)
(0.000288244 -3.6066e-05 0)
(0.00029754 -3.81832e-05 0)
(0.000305698 -3.94626e-05 0)
(0.000312161 -3.9666e-05 0)
(0.000316478 -3.85054e-05 0)
(0.000318464 -3.57744e-05 0)
(0.000318473 -3.14043e-05 0)
(0.000317194 -2.55809e-05 0)
(0.000315416 -1.86654e-05 0)
(0.000313736 -1.11031e-05 0)
(0.000312528 -3.40877e-06 0)
(0.000311871 3.87771e-06 0)
(0.00031155 1.02355e-05 0)
(0.000311079 1.52938e-05 0)
(0.000309589 1.87281e-05 0)
(0.000306158 2.02885e-05 0)
(0.000300242 1.98256e-05 0)
(0.000291773 1.74905e-05 0)
(0.000281184 1.38681e-05 0)
(0.000269217 9.89558e-06 0)
(0.000256663 6.58725e-06 0)
(0.000244207 4.66377e-06 0)
(0.000232099 4.13168e-06 0)
(0.000220289 4.73699e-06 0)
(0.000208883 6.008e-06 0)
(0.000198126 7.37572e-06 0)
(0.000188253 8.38016e-06 0)
(0.000179367 8.76916e-06 0)
(0.000171478 8.54392e-06 0)
(0.000164631 7.84219e-06 0)
(0.000158883 6.74751e-06 0)
(0.000154237 5.35322e-06 0)
(0.000150681 3.76293e-06 0)
(0.000148181 2.07279e-06 0)
(0.000146668 3.58987e-07 0)
(0.000146048 -1.33023e-06 0)
(0.000146144 -2.92267e-06 0)
(0.000146771 -4.33521e-06 0)
(0.000147793 -5.51085e-06 0)
(0.000149097 -6.41176e-06 0)
(0.000150584 -7.01777e-06 0)
(0.000152178 -7.30466e-06 0)
(0.000153859 -7.26855e-06 0)
(0.000155656 -6.93072e-06 0)
(0.000157615 -6.32899e-06 0)
(0.00015977 -5.51461e-06 0)
(0.000162118 -4.54967e-06 0)
(0.000164609 -3.49859e-06 0)
(0.000167144 -2.42032e-06 0)
(0.000887558 7.69093e-05 0)
(0.000859868 6.79419e-05 0)
(0.000832033 6.00753e-05 0)
(0.000802713 5.32391e-05 0)
(0.000773803 4.68773e-05 0)
(0.000747149 4.0604e-05 0)
(0.000723465 3.43675e-05 0)
(0.000702743 2.82883e-05 0)
(0.000684721 2.24985e-05 0)
(0.000669164 1.71086e-05 0)
(0.000655937 1.21916e-05 0)
(0.000644932 7.77039e-06 0)
(0.000635978 3.83376e-06 0)
(0.000628971 3.74837e-07 0)
(0.000623815 -2.58569e-06 0)
(0.000620358 -5.04337e-06 0)
(0.000618404 -6.99807e-06 0)
(0.000617728 -8.44285e-06 0)
(0.000618124 -9.41314e-06 0)
(0.000619454 -1.00109e-05 0)
(0.000621615 -1.03564e-05 0)
(0.000624531 -1.05611e-05 0)
(0.000628222 -1.07192e-05 0)
(0.000632814 -1.09123e-05 0)
(0.000638497 -1.12253e-05 0)
(0.000645433 -1.16846e-05 0)
(0.000653677 -1.22824e-05 0)
(0.000663374 -1.30547e-05 0)
(0.000674457 -1.40715e-05 0)
(0.000686651 -1.5371e-05 0)
(0.000699753 -1.69186e-05 0)
(0.000713635 -1.85947e-05 0)
(0.000728179 -2.02465e-05 0)
(0.000743238 -2.17022e-05 0)
(0.000758625 -2.27521e-05 0)
(0.000774119 -2.31847e-05 0)
(0.000789451 -2.28503e-05 0)
(0.000804279 -2.16382e-05 0)
(0.000818202 -1.94108e-05 0)
(0.000830813 -1.60535e-05 0)
(0.000841637 -1.15757e-05 0)
(0.000850025 -6.06187e-06 0)
(0.000855408 5.26197e-07 0)
(0.000857521 8.37772e-06 0)
(0.000856393 1.72809e-05 0)
(0.000852046 2.60536e-05 0)
(0.000844516 3.28384e-05 0)
(0.000833987 3.59741e-05 0)
(0.000820643 3.4516e-05 0)
(0.000804966 2.85495e-05 0)
(0.000787407 1.93449e-05 0)
(0.000768254 8.75342e-06 0)
(0.000747801 -1.19373e-06 0)
(0.00072657 -8.47176e-06 0)
(0.000704814 -1.1494e-05 0)
(0.000682394 -9.43329e-06 0)
(0.000659083 -2.3567e-06 0)
(0.000635272 8.35072e-06 0)
(0.000612325 2.04147e-05 0)
(0.000592071 3.15336e-05 0)
(0.000575889 4.01566e-05 0)
(0.000563854 4.58134e-05 0)
(0.000554179 4.89154e-05 0)
(0.000544662 4.98685e-05 0)
(0.000533849 4.87057e-05 0)
(0.000520975 4.54372e-05 0)
(0.000506283 4.04532e-05 0)
(0.000490901 3.45726e-05 0)
(0.000476265 2.87198e-05 0)
(0.000463491 2.34562e-05 0)
(0.000452913 1.89231e-05 0)
(0.000444486 1.50574e-05 0)
(0.000438233 1.16904e-05 0)
(0.000434114 8.70117e-06 0)
(0.000431975 6.0697e-06 0)
(0.000431564 3.84925e-06 0)
(0.000432678 2.13664e-06 0)
(0.000435104 9.44638e-07 0)
(0.000438486 2.65905e-07 0)
(0.000442431 5.2774e-08 0)
(0.000446572 1.65857e-07 0)
(0.000450614 3.78595e-07 0)
(0.000454345 4.31635e-07 0)
(0.000457565 9.74115e-08 0)
(0.000460127 -7.44033e-07 0)
(0.000461962 -2.06627e-06 0)
(0.000463081 -3.70704e-06 0)
(0.000463542 -5.41712e-06 0)
(0.000463424 -6.91656e-06 0)
(0.000462808 -7.94437e-06 0)
(0.00125673 0.000126018 0)
(0.00123451 0.000124422 0)
(0.00121197 0.000120498 0)
(0.00118654 0.000114822 0)
(0.00115835 0.000107753 0)
(0.00112878 9.94192e-05 0)
(0.00109917 9.00116e-05 0)
(0.00107028 7.9876e-05 0)
(0.00104248 6.9453e-05 0)
(0.001016 5.91034e-05 0)
(0.000991047 4.90937e-05 0)
(0.000967751 3.96312e-05 0)
(0.000946276 3.08541e-05 0)
(0.000926778 2.28285e-05 0)
(0.000909298 1.55659e-05 0)
(0.000893751 9.09347e-06 0)
(0.000880044 3.43833e-06 0)
(0.000868153 -1.37667e-06 0)
(0.000857983 -5.35784e-06 0)
(0.000849399 -8.59756e-06 0)
(0.000842286 -1.12687e-05 0)
(0.000836607 -1.35892e-05 0)
(0.000832493 -1.58196e-05 0)
(0.000830101 -1.82164e-05 0)
(0.000829491 -2.09672e-05 0)
(0.000830748 -2.42167e-05 0)
(0.00083395 -2.80801e-05 0)
(0.000838997 -3.2626e-05 0)
(0.000845756 -3.78538e-05 0)
(0.000854189 -4.36329e-05 0)
(0.000864278 -4.97647e-05 0)
(0.000875989 -5.6021e-05 0)
(0.000889247 -6.21266e-05 0)
(0.00090395 -6.77815e-05 0)
(0.000919973 -7.26969e-05 0)
(0.000937187 -7.65923e-05 0)
(0.000955456 -7.91764e-05 0)
(0.000974624 -8.01834e-05 0)
(0.000994525 -7.94161e-05 0)
(0.00101501 -7.66996e-05 0)
(0.00103591 -7.18388e-05 0)
(0.00105708 -6.47159e-05 0)
(0.00107852 -5.53851e-05 0)
(0.00110043 -4.39976e-05 0)
(0.00112272 -3.07296e-05 0)
(0.00114516 -1.59442e-05 0)
(0.00116757 -2.35498e-07 0)
(0.00118922 1.56283e-05 0)
(0.00120866 3.10933e-05 0)
(0.00122482 4.62446e-05 0)
(0.00123684 6.11976e-05 0)
(0.00124361 7.56442e-05 0)
(0.00124431 8.90324e-05 0)
(0.00123768 0.00010125 0)
(0.00122202 0.000112702 0)
(0.00119751 0.00012376 0)
(0.00116549 0.000132826 0)
(0.00112708 0.00013551 0)
(0.00108343 0.000127482 0)
(0.00103576 0.000108481 0)
(0.000985824 8.35322e-05 0)
(0.000936313 6.04313e-05 0)
(0.000889613 4.57759e-05 0)
(0.000846408 4.25002e-05 0)
(0.000806469 4.84827e-05 0)
(0.000770671 5.80707e-05 0)
(0.000740506 6.57031e-05 0)
(0.00071676 6.84858e-05 0)
(0.000698495 6.63297e-05 0)
(0.000683628 6.05002e-05 0)
(0.000670563 5.21192e-05 0)
(0.000658564 4.19897e-05 0)
(0.000647512 3.08914e-05 0)
(0.000637906 1.96744e-05 0)
(0.000630428 9.09761e-06 0)
(0.000625633 -3.43508e-07 0)
(0.000623646 -8.36164e-06 0)
(0.000624371 -1.48087e-05 0)
(0.000627829 -1.96345e-05 0)
(0.000633924 -2.28738e-05 0)
(0.000642335 -2.45288e-05 0)
(0.000652548 -2.46305e-05 0)
(0.00066386 -2.33202e-05 0)
(0.000675457 -2.08575e-05 0)
(0.000686557 -1.7594e-05 0)
(0.000696529 -1.39042e-05 0)
(0.000704942 -1.01156e-05 0)
(0.000711561 -6.45704e-06 0)
(0.000716293 -3.02994e-06 0)
(0.00071915 1.81228e-07 0)
(0.00140027 0.000167233 0)
(0.00138168 0.000170121 0)
(0.00136284 0.000170881 0)
(0.00134274 0.000169649 0)
(0.00132097 0.000166719 0)
(0.00129768 0.000162213 0)
(0.0012732 0.000156155 0)
(0.00124787 0.000148612 0)
(0.00122194 0.000139672 0)
(0.00119551 0.000129433 0)
(0.00116865 0.000118166 0)
(0.00114154 0.000106324 0)
(0.00111451 9.43662e-05 0)
(0.00108798 8.25951e-05 0)
(0.00106232 7.11925e-05 0)
(0.00103781 6.03326e-05 0)
(0.00101458 5.02247e-05 0)
(0.000992711 4.10513e-05 0)
(0.000972253 3.28664e-05 0)
(0.000953356 2.55274e-05 0)
(0.000936284 1.86957e-05 0)
(0.000921332 1.19635e-05 0)
(0.000908637 4.95858e-06 0)
(0.000898238 -2.56116e-06 0)
(0.000890216 -1.06169e-05 0)
(0.000884577 -1.9163e-05 0)
(0.000881178 -2.82144e-05 0)
(0.000879979 -3.77259e-05 0)
(0.00088115 -4.75423e-05 0)
(0.00088479 -5.74857e-05 0)
(0.000890779 -6.73609e-05 0)
(0.000898935 -7.69356e-05 0)
(0.000909143 -8.59436e-05 0)
(0.000921325 -9.4119e-05 0)
(0.000935403 -0.000101209 0)
(0.000951288 -0.000106968 0)
(0.000968893 -0.000111169 0)
(0.000988132 -0.000113636 0)
(0.0010089 -0.000114232 0)
(0.00103107 -0.000112853 0)
(0.00105447 -0.000109462 0)
(0.001079 -0.000104151 0)
(0.00110448 -9.71392e-05 0)
(0.00113059 -8.87271e-05 0)
(0.00115713 -7.9209e-05 0)
(0.00118426 -6.88329e-05 0)
(0.00121228 -5.79567e-05 0)
(0.00124135 -4.69533e-05 0)
(0.00127165 -3.58011e-05 0)
(0.0013028 -2.39234e-05 0)
(0.00133413 -1.07054e-05 0)
(0.00136542 4.53965e-06 0)
(0.00139626 2.26575e-05 0)
(0.00142566 4.42941e-05 0)
(0.00145285 7.00369e-05 0)
(0.00147755 9.99723e-05 0)
(0.00149901 0.0001325 0)
(0.00151545 0.0001654 0)
(0.00152394 0.000196466 0)
(0.00152084 0.000222715 0)
(0.00150303 0.000240639 0)
(0.00146751 0.000248785 0)
(0.0014137 0.000249126 0)
(0.00134625 0.000243998 0)
(0.00127142 0.000231669 0)
(0.00119433 0.000208451 0)
(0.00111913 0.000174838 0)
(0.00104907 0.0001374 0)
(0.000986415 0.000104634 0)
(0.000931845 8.16583e-05 0)
(0.000884817 6.80292e-05 0)
(0.000845261 5.9457e-05 0)
(0.000813565 5.15162e-05 0)
(0.000789433 4.18529e-05 0)
(0.000771674 3.01457e-05 0)
(0.000758885 1.7079e-05 0)
(0.000750148 3.47815e-06 0)
(0.000744937 -9.85033e-06 0)
(0.000742792 -2.21428e-05 0)
(0.000743563 -3.27139e-05 0)
(0.000747327 -4.09589e-05 0)
(0.000753877 -4.63962e-05 0)
(0.000762697 -4.8776e-05 0)
(0.000772999 -4.82076e-05 0)
(0.000783871 -4.5205e-05 0)
(0.000794539 -4.05159e-05 0)
(0.000804485 -3.48455e-05 0)
(0.000813379 -2.86747e-05 0)
(0.000820924 -2.22371e-05 0)
(0.000826799 -1.56058e-05 0)
(0.0014811 0.000220259 0)
(0.00145584 0.000221237 0)
(0.00142983 0.000220278 0)
(0.00140299 0.000217547 0)
(0.00137548 0.000213284 0)
(0.00134763 0.000207978 0)
(0.00131997 0.000201851 0)
(0.00129272 0.000194744 0)
(0.00126566 0.000186678 0)
(0.00123865 0.000178 0)
(0.0012118 0.000168882 0)
(0.00118508 0.000159138 0)
(0.00115836 0.00014859 0)
(0.0011316 0.000137323 0)
(0.00110486 0.000125627 0)
(0.00107821 0.000113882 0)
(0.00105182 0.000102474 0)
(0.00102604 9.16086e-05 0)
(0.0010014 8.11101e-05 0)
(0.000978446 7.04729e-05 0)
(0.000957569 5.92144e-05 0)
(0.000938928 4.71883e-05 0)
(0.000922462 3.45331e-05 0)
(0.000908048 2.1467e-05 0)
(0.000895477 8.14992e-06 0)
(0.000884515 -5.41671e-06 0)
(0.000875341 -1.93532e-05 0)
(0.000868451 -3.37146e-05 0)
(0.000864106 -4.83718e-05 0)
(0.00086227 -6.31371e-05 0)
(0.00086277 -7.79036e-05 0)
(0.000865458 -9.25225e-05 0)
(0.000870269 -0.000106767 0)
(0.000877217 -0.000120337 0)
(0.000886402 -0.000132914 0)
(0.000897984 -0.000144183 0)
(0.000912102 -0.00015384 0)
(0.000928796 -0.000161584 0)
(0.000947961 -0.000167113 0)
(0.000969342 -0.000170172 0)
(0.000992596 -0.000170624 0)
(0.00101738 -0.000168506 0)
(0.00104345 -0.000164034 0)
(0.00107073 -0.000157559 0)
(0.00109921 -0.000149464 0)
(0.00112895 -0.000140136 0)
(0.00116015 -0.000129962 0)
(0.00119305 -0.000119236 0)
(0.00122789 -0.000108046 0)
(0.00126486 -9.62688e-05 0)
(0.00130417 -8.33171e-05 0)
(0.00134587 -6.83563e-05 0)
(0.00138964 -5.04104e-05 0)
(0.0014353 -2.85589e-05 0)
(0.00148273 -2.18951e-06 0)
(0.00153065 2.87361e-05 0)
(0.00157733 6.36543e-05 0)
(0.00162134 0.000101802 0)
(0.00166084 0.000142173 0)
(0.00169361 0.000183477 0)
(0.00171677 0.000224376 0)
(0.00172779 0.000263458 0)
(0.00172668 0.000299655 0)
(0.00171423 0.000331699 0)
(0.0016898 0.000356172 0)
(0.00165228 0.00036773 0)
(0.00160072 0.00036315 0)
(0.00153519 0.000345003 0)
(0.00145781 0.000318942 0)
(0.00137367 0.000287968 0)
(0.00128951 0.000251347 0)
(0.00121047 0.000208256 0)
(0.00113901 0.000161385 0)
(0.00107599 0.000116236 0)
(0.00102186 7.74479e-05 0)
(0.000976502 4.63867e-05 0)
(0.000939229 2.15842e-05 0)
(0.000909341 6.76317e-07 0)
(0.000886323 -1.7964e-05 0)
(0.000869555 -3.47949e-05 0)
(0.000858436 -4.94729e-05 0)
(0.000852508 -6.09624e-05 0)
(0.000851092 -6.80163e-05 0)
(0.000853004 -6.99693e-05 0)
(0.000856788 -6.73285e-05 0)
(0.000861274 -6.1452e-05 0)
(0.00086583 -5.36388e-05 0)
(0.000870195 -4.45378e-05 0)
(0.000874172 -3.42232e-05 0)
(0.000877407 -2.26822e-05 0)
(0.00153618 0.00027525 0)
(0.00151476 0.000283174 0)
(0.00149139 0.000287212 0)
(0.00146485 0.000288155 0)
(0.00143532 0.000286638 0)
(0.00140337 0.000281956 0)
(0.00136909 0.000274268 0)
(0.00133346 0.000265207 0)
(0.00129825 0.000255429 0)
(0.00126418 0.000244325 0)
(0.00123084 0.000232032 0)
(0.00119825 0.000219578 0)
(0.00116676 0.000207531 0)
(0.00113621 0.000195834 0)
(0.00110625 0.000184395 0)
(0.00107724 0.000173059 0)
(0.00104961 0.000161378 0)
(0.00102311 0.00014887 0)
(0.000997462 0.000135288 0)
(0.000973164 0.000120547 0)
(0.000950909 0.000104812 0)
(0.000930302 8.86706e-05 0)
(0.000909836 7.26968e-05 0)
(0.000888705 5.69856e-05 0)
(0.000868015 4.13605e-05 0)
(0.00084978 2.53693e-05 0)
(0.000835271 8.04655e-06 0)
(0.000824408 -1.14254e-05 0)
(0.000815951 -3.26354e-05 0)
(0.00080813 -5.41971e-05 0)
(0.000799899 -7.48331e-05 0)
(0.000791735 -9.40078e-05 0)
(0.000785176 -0.000112005 0)
(0.000781954 -0.000129398 0)
(0.000783364 -0.000146556 0)
(0.00079007 -0.000163379 0)
(0.000802175 -0.000179296 0)
(0.000819318 -0.000193482 0)
(0.000840828 -0.00020505 0)
(0.000865777 -0.000213278 0)
(0.000893126 -0.000217714 0)
(0.000921782 -0.000218377 0)
(0.000950769 -0.000215744 0)
(0.000979403 -0.000210727 0)
(0.00100749 -0.000204451 0)
(0.00103531 -0.000198018 0)
(0.00106355 -0.000192314 0)
(0.00109312 -0.00018783 0)
(0.00112503 -0.000184544 0)
(0.00116026 -0.000181937 0)
(0.00119962 -0.000179027 0)
(0.00124363 -0.000174377 0)
(0.0012925 -0.000166178 0)
(0.00134609 -0.000152616 0)
(0.00140386 -0.000132492 0)
(0.00146496 -0.000105088 0)
(0.00152819 -6.96858e-05 0)
(0.0015921 -2.61139e-05 0)
(0.00165488 2.49338e-05 0)
(0.00171446 8.22893e-05 0)
(0.001769 0.000144438 0)
(0.00181671 0.000209172 0)
(0.00185497 0.00027377 0)
(0.00188088 0.000334992 0)
(0.00189254 0.000388941 0)
(0.00188871 0.000431535 0)
(0.00186783 0.000459386 0)
(0.0018294 0.000470232 0)
(0.0017762 0.000464105 0)
(0.00171366 0.000444047 0)
(0.00164626 0.000413881 0)
(0.00157599 0.000376737 0)
(0.00150385 0.000335533 0)
(0.00143126 0.000292007 0)
(0.00136011 0.000246362 0)
(0.00129226 0.00019917 0)
(0.00122955 0.000152276 0)
(0.00117339 0.000107791 0)
(0.0011239 6.71459e-05 0)
(0.0010801 3.07407e-05 0)
(0.00104164 -1.50617e-06 0)
(0.00100938 -2.86429e-05 0)
(0.000983829 -4.83443e-05 0)
(0.000964001 -5.89669e-05 0)
(0.000948169 -6.13242e-05 0)
(0.000935626 -5.81831e-05 0)
(0.000926846 -5.2286e-05 0)
(0.000921956 -4.50092e-05 0)
(0.000919504 -3.63945e-05 0)
(0.000916536 -2.56199e-05 0)
(0.00150481 0.000298855 0)
(0.00148754 0.000312238 0)
(0.00147103 0.000325406 0)
(0.00145485 0.000336196 0)
(0.00143663 0.000342655 0)
(0.00141472 0.000346903 0)
(0.0013899 0.000349332 0)
(0.00136226 0.000346165 0)
(0.00133044 0.00033706 0)
(0.00129509 0.000326196 0)
(0.00125872 0.000314853 0)
(0.00122203 0.000301349 0)
(0.00118469 0.000286454 0)
(0.00114825 0.000271954 0)
(0.00111437 0.000256921 0)
(0.00108172 0.000240231 0)
(0.00104848 0.000223559 0)
(0.00101635 0.000208358 0)
(0.000988341 0.000192608 0)
(0.000963445 0.000173938 0)
(0.000936587 0.000154349 0)
(0.000904452 0.000138532 0)
(0.00087025 0.000126871 0)
(0.000841355 0.000113502 0)
(0.000821939 9.29883e-05 0)
(0.000808599 6.52527e-05 0)
(0.000792939 3.45801e-05 0)
(0.000768888 7.32324e-06 0)
(0.000737245 -1.2196e-05 0)
(0.000703433 -2.54637e-05 0)
(0.000673454 -3.83816e-05 0)
(0.000651704 -5.66389e-05 0)
(0.000640555 -8.237e-05 0)
(0.000640732 -0.000114234 0)
(0.000651684 -0.000149187 0)
(0.000672053 -0.000184031 0)
(0.000700051 -0.000216155 0)
(0.000733766 -0.000243684 0)
(0.00077143 -0.000265297 0)
(0.000811446 -0.000280169 0)
(0.000852286 -0.000287991 0)
(0.000892399 -0.000289237 0)
(0.000930358 -0.000285172 0)
(0.000965074 -0.0002778 0)
(0.000996099 -0.000269383 0)
(0.00102373 -0.000262045 0)
(0.00104897 -0.000257353 0)
(0.00107336 -0.000256194 0)
(0.00109862 -0.000258667 0)
(0.0011265 -0.000264052 0)
(0.00115848 -0.000270785 0)
(0.00119566 -0.00027669 0)
(0.00123869 -0.000279354 0)
(0.00128778 -0.000276411 0)
(0.00134264 -0.000265651 0)
(0.00140241 -0.000245357 0)
(0.00146587 -0.000214525 0)
(0.0015317 -0.000172867 0)
(0.00159862 -0.00012065 0)
(0.00166516 -5.86755e-05 0)
(0.00172952 1.16065e-05 0)
(0.00178987 8.82286e-05 0)
(0.0018444 0.000169156 0)
(0.00189131 0.000251782 0)
(0.00192905 0.000332584 0)
(0.00195578 0.000407937 0)
(0.00196951 0.000473926 0)
(0.0019685 0.000526234 0)
(0.0019508 0.000560941 0)
(0.00191528 0.000574688 0)
(0.00186361 0.000565866 0)
(0.0017998 0.000537056 0)
(0.00172893 0.000493871 0)
(0.00165639 0.000442364 0)
(0.00158602 0.000388522 0)
(0.00151896 0.000335873 0)
(0.00145533 0.000283976 0)
(0.00139549 0.00023331 0)
(0.0013391 0.000187436 0)
(0.00128506 0.000146708 0)
(0.00123319 0.000106561 0)
(0.00118467 6.58818e-05 0)
(0.0011401 3.11082e-05 0)
(0.00109916 8.28752e-06 0)
(0.00106234 -4.52839e-06 0)
(0.00103136 -1.41188e-05 0)
(0.00100736 -2.35427e-05 0)
(0.000988872 -2.87942e-05 0)
(0.000971722 -2.28751e-05 0)
(0.000950879 -1.772e-06 0)
(0.00151161 0.000356432 0)
(0.00147209 0.000361112 0)
(0.00143717 0.000363477 0)
(0.00140634 0.000367781 0)
(0.00137968 0.000376614 0)
(0.00135727 0.000383837 0)
(0.00133658 0.000387106 0)
(0.00131508 0.000392425 0)
(0.00129273 0.000399156 0)
(0.0012691 0.000398641 0)
(0.00124236 0.000390398 0)
(0.0012124 0.000381023 0)
(0.00118094 0.000369109 0)
(0.00114762 0.000350047 0)
(0.00111085 0.0003301 0)
(0.0010732 0.000317134 0)
(0.00103959 0.000304387 0)
(0.00100894 0.000280741 0)
(0.000973873 0.000251577 0)
(0.000931414 0.000234237 0)
(0.000888847 0.000233211 0)
(0.000855617 0.000231677 0)
(0.000832822 0.000208838 0)
(0.000811823 0.000162411 0)
(0.000781557 0.000115102 0)
(0.000737384 9.3569e-05 0)
(0.000683304 0.000100277 0)
(0.000627911 0.000113275 0)
(0.000580355 0.000109637 0)
(0.000547708 8.1133e-05 0)
(0.000533125 3.18659e-05 0)
(0.000536396 -2.9797e-05 0)
(0.00055535 -9.60716e-05 0)
(0.000586687 -0.000161158 0)
(0.0006269 -0.000221069 0)
(0.000672843 -0.000273422 0)
(0.000721983 -0.00031706 0)
(0.000772568 -0.000351568 0)
(0.000823592 -0.000376719 0)
(0.000874536 -0.000392118 0)
(0.000924963 -0.000397315 0)
(0.000974125 -0.000392382 0)
(0.00102076 -0.000378635 0)
(0.0010633 -0.000358982 0)
(0.00110035 -0.000337516 0)
(0.00113126 -0.000318622 0)
(0.0011565 -0.000305907 0)
(0.00117756 -0.000301547 0)
(0.0011967 -0.000306024 0)
(0.00121643 -0.00031818 0)
(0.00123904 -0.000335501 0)
(0.00126625 -0.000354529 0)
(0.00129902 -0.000371376 0)
(0.00133746 -0.000382199 0)
(0.00138106 -0.000383574 0)
(0.00142892 -0.000373091 0)
(0.00148002 -0.000349583 0)
(0.00153321 -0.000312729 0)
(0.00158743 -0.00026263 0)
(0.00164192 -0.000200179 0)
(0.00169616 -0.000127044 0)
(0.00174972 -4.46998e-05 0)
(0.00180169 4.54363e-05 0)
(0.00185043 0.000141285 0)
(0.00189472 0.000240233 0)
(0.00193304 0.000338796 0)
(0.00196266 0.000432112 0)
(0.00198073 0.000515231 0)
(0.0019849 0.000584353 0)
(0.00197374 0.000634775 0)
(0.00194701 0.000661442 0)
(0.00190518 0.000662778 0)
(0.00185017 0.000640213 0)
(0.00178607 0.000597506 0)
(0.00171775 0.00054272 0)
(0.00164913 0.000483703 0)
(0.0015829 0.00042291 0)
(0.00152046 0.000362891 0)
(0.00146191 0.000309477 0)
(0.00140678 0.000263668 0)
(0.00135451 0.000219791 0)
(0.001304 0.000176177 0)
(0.00125389 0.000138793 0)
(0.00120421 0.000111057 0)
(0.00115714 8.76618e-05 0)
(0.00111517 6.28507e-05 0)
(0.0010784 4.05412e-05 0)
(0.00104376 3.23772e-05 0)
(0.00100681 4.70484e-05 0)
(0.000964691 8.30143e-05 0)
(0.00163648 0.000485226 0)
(0.00157447 0.000486986 0)
(0.00151086 0.000484205 0)
(0.001447 0.000476962 0)
(0.00138834 0.000461367 0)
(0.00133636 0.000447836 0)
(0.00129149 0.00044476 0)
(0.00125701 0.000443347 0)
(0.00123185 0.000438174 0)
(0.00120905 0.000436156 0)
(0.00118432 0.000437625 0)
(0.00115855 0.000433768 0)
(0.00113166 0.000425831 0)
(0.0011012 0.000422486 0)
(0.00106806 0.000417156 0)
(0.00103636 0.000394778 0)
(0.00100526 0.000363433 0)
(0.000967925 0.000350275 0)
(0.000922376 0.000358725 0)
(0.00087771 0.000356973 0)
(0.000843949 0.000320388 0)
(0.000819111 0.000264463 0)
(0.000789591 0.000227152 0)
(0.000741812 0.000228847 0)
(0.000675029 0.000254453 0)
(0.000603016 0.000272664 0)
(0.000542638 0.000263222 0)
(0.000503569 0.000222908 0)
(0.000487182 0.000157846 0)
(0.000489945 7.69245e-05 0)
(0.000507428 -1.144e-05 0)
(0.00053597 -0.000100904 0)
(0.000572572 -0.000186633 0)
(0.000615027 -0.000264913 0)
(0.000661535 -0.00033302 0)
(0.000710283 -0.000389408 0)
(0.000759555 -0.000433933 0)
(0.000807982 -0.000467587 0)
(0.000854926 -0.000491571 0)
(0.000900611 -0.000506222 0)
(0.000945787 -0.000510635 0)
(0.000991026 -0.000503387 0)
(0.00103611 -0.000484066 0)
(0.00107995 -0.000454558 0)
(0.00112096 -0.00041939 0)
(0.00115777 -0.000384827 0)
(0.00118989 -0.0003573 0)
(0.00121795 -0.000341792 0)
(0.00124363 -0.000340778 0)
(0.00126917 -0.000353798 0)
(0.00129667 -0.000377674 0)
(0.00132763 -0.000407185 0)
(0.00136269 -0.000436185 0)
(0.00140162 -0.000458808 0)
(0.00144367 -0.000470356 0)
(0.0014877 -0.000467649 0)
(0.00153246 -0.000449009 0)
(0.00157679 -0.000414196 0)
(0.00161989 -0.000364294 0)
(0.0016615 -0.000301277 0)
(0.00170153 -0.000226851 0)
(0.00173973 -0.000141999 0)
(0.00177628 -4.84498e-05 0)
(0.00181174 5.12042e-05 0)
(0.00184541 0.000155651 0)
(0.00187594 0.000263286 0)
(0.0019023 0.000370578 0)
(0.00192302 0.000473164 0)
(0.00193597 0.000566906 0)
(0.00193901 0.000646251 0)
(0.00193034 0.000705727 0)
(0.00190826 0.000741787 0)
(0.00187218 0.000750197 0)
(0.00182376 0.000728981 0)
(0.00176623 0.000684892 0)
(0.00170367 0.00062763 0)
(0.00164044 0.00056222 0)
(0.0015794 0.000494425 0)
(0.00152148 0.000432862 0)
(0.00146703 0.000379681 0)
(0.00141599 0.000330261 0)
(0.00136688 0.000284524 0)
(0.00131765 0.000247746 0)
(0.00126789 0.000219317 0)
(0.00121918 0.000190919 0)
(0.00117281 0.000159013 0)
(0.00112789 0.00013298 0)
(0.00108208 0.000127476 0)
(0.00103358 0.000149016 0)
(0.000982553 0.00019106 0)
(0.00171202 0.000597907 0)
(0.0016677 0.000624374 0)
(0.001612 0.000639678 0)
(0.0015482 0.000634879 0)
(0.00147537 0.000618701 0)
(0.00139657 0.000598397 0)
(0.00132355 0.000564305 0)
(0.00125996 0.000525043 0)
(0.00120211 0.000504526 0)
(0.00115304 0.000501847 0)
(0.00111691 0.000499514 0)
(0.00108868 0.000494548 0)
(0.00106115 0.000491838 0)
(0.00103462 0.000485166 0)
(0.00101069 0.000467662 0)
(0.000982815 0.000450635 0)
(0.0009435 0.000450381 0)
(0.00089817 0.000458799 0)
(0.000861098 0.000447878 0)
(0.00083673 0.000406978 0)
(0.000811878 0.000361542 0)
(0.000768996 0.000346478 0)
(0.000704395 0.000367702 0)
(0.000630703 0.000398833 0)
(0.000564811 0.000408787 0)
(0.000517041 0.00038313 0)
(0.000489298 0.000324264 0)
(0.000478771 0.000241711 0)
(0.000481613 0.000144834 0)
(0.000494664 4.07478e-05 0)
(0.000514971 -6.54598e-05 0)
(0.000540795 -0.00016968 0)
(0.000572021 -0.000268068 0)
(0.000608466 -0.000356729 0)
(0.000649655 -0.00043204 0)
(0.000694383 -0.000491507 0)
(0.000740524 -0.000534792 0)
(0.000785501 -0.000564052 0)
(0.000827246 -0.000582766 0)
(0.000865043 -0.000593592 0)
(0.000899731 -0.000596725 0)
(0.000933036 -0.000590176 0)
(0.000966495 -0.000571817 0)
(0.00100075 -0.000541809 0)
(0.00103554 -0.000503884 0)
(0.00107025 -0.000464811 0)
(0.00110459 -0.000432549 0)
(0.00113897 -0.000413945 0)
(0.00117438 -0.000412829 0)
(0.00121197 -0.000429051 0)
(0.00125257 -0.000458633 0)
(0.00129644 -0.0004949 0)
(0.00134318 -0.000530178 0)
(0.00139183 -0.000557353 0)
(0.00144105 -0.000570899 0)
(0.0014894 -0.000567305 0)
(0.00153559 -0.000545077 0)
(0.00157872 -0.000504789 0)
(0.00161828 -0.000448618 0)
(0.001654 -0.000379161 0)
(0.00168572 -0.000298363 0)
(0.00171375 -0.000207986 0)
(0.00173895 -0.000110352 0)
(0.0017626 -7.32848e-06 0)
(0.00178426 0.000100645 0)
(0.00180332 0.000212605 0)
(0.00182067 0.000325497 0)
(0.0018359 0.000437042 0)
(0.00184711 0.000544812 0)
(0.00185251 0.000642804 0)
(0.0018505 0.00072429 0)
(0.00183901 0.000784621 0)
(0.00181667 0.000818476 0)
(0.00178363 0.000822341 0)
(0.001741 0.00079928 0)
(0.00169135 0.000754198 0)
(0.00163822 0.000691288 0)
(0.0015841 0.000620077 0)
(0.00153047 0.000552378 0)
(0.00147921 0.000491654 0)
(0.00143146 0.000435789 0)
(0.00138594 0.000387547 0)
(0.00134055 0.00035148 0)
(0.00129474 0.000323381 0)
(0.00124933 0.000293297 0)
(0.0012044 0.000259907 0)
(0.00115854 0.000235491 0)
(0.00111022 0.000234672 0)
(0.00105927 0.000260907 0)
(0.00100715 0.000304087 0)
(0.00162806 0.00064255 0)
(0.00161503 0.000700616 0)
(0.00159198 0.000740522 0)
(0.00155512 0.000765167 0)
(0.0015004 0.000779313 0)
(0.00143608 0.000768254 0)
(0.00136626 0.000735726 0)
(0.00128873 0.000705663 0)
(0.0012148 0.000673531 0)
(0.00115748 0.000626587 0)
(0.00111226 0.000582793 0)
(0.00107021 0.000559863 0)
(0.00103235 0.000547471 0)
(0.00100027 0.000534962 0)
(0.000966599 0.000531357 0)
(0.000925097 0.000541838 0)
(0.00088253 0.000548487 0)
(0.000850832 0.000529931 0)
(0.000829741 0.000490466 0)
(0.000803899 0.000459405 0)
(0.000758249 0.000461659 0)
(0.00069322 0.000493173 0)
(0.000623041 0.000526483 0)
(0.000562925 0.000534017 0)
(0.000520414 0.000503444 0)
(0.000495449 0.000437432 0)
(0.000484588 0.000345677 0)
(0.000484438 0.000238019 0)
(0.000492775 0.000121765 0)
(0.000507831 1.78321e-06 0)
(0.000528532 -0.000118542 0)
(0.000554448 -0.000235654 0)
(0.000585147 -0.000346073 0)
(0.000620454 -0.000445779 0)
(0.000660276 -0.000530132 0)
(0.000704178 -0.00059475 0)
(0.000750784 -0.000637254 0)
(0.000797393 -0.000659093 0)
(0.000840532 -0.000665625 0)
(0.000877423 -0.00066354 0)
(0.000907401 -0.00065713 0)
(0.000932101 -0.000646464 0)
(0.000954368 -0.000628923 0)
(0.000976826 -0.000602774 0)
(0.00100105 -0.000570008 0)
(0.00102773 -0.000536653 0)
(0.00105711 -0.000510768 0)
(0.0010895 -0.000499492 0)
(0.00112527 -0.000506574 0)
(0.00116473 -0.00053122 0)
(0.00120786 -0.000568439 0)
(0.00125415 -0.00061052 0)
(0.00130258 -0.00064891 0)
(0.00135184 -0.0006759 0)
(0.00140036 -0.000685814 0)
(0.00144672 -0.000675639 0)
(0.00148984 -0.000644988 0)
(0.00152898 -0.000595394 0)
(0.00156386 -0.000529269 0)
(0.00159436 -0.000449213 0)
(0.00162065 -0.000358205 0)
(0.00164315 -0.000259464 0)
(0.00166224 -0.000155098 0)
(0.00167814 -4.55275e-05 0)
(0.00169153 6.82556e-05 0)
(0.00170328 0.000184069 0)
(0.00171356 0.000300304 0)
(0.00172172 0.000417028 0)
(0.00172737 0.000531743 0)
(0.00173062 0.000638474 0)
(0.00173012 0.00073288 0)
(0.00172352 0.000811072 0)
(0.00170975 0.000864962 0)
(0.00168857 0.000887876 0)
(0.00165961 0.000880545 0)
(0.00162383 0.000846647 0)
(0.00158348 0.000791362 0)
(0.00154046 0.00072497 0)
(0.00149665 0.00065748 0)
(0.00145451 0.000591907 0)
(0.00141506 0.000530181 0)
(0.00137689 0.000479192 0)
(0.00133833 0.000443074 0)
(0.00129933 0.000415021 0)
(0.0012604 0.000384881 0)
(0.00122082 0.000353445 0)
(0.00117901 0.0003339 0)
(0.00113416 0.000338933 0)
(0.00108701 0.000368882 0)
(0.00103934 0.000411798 0)
(0.00144082 0.00061991 0)
(0.00145557 0.000700036 0)
(0.00146172 0.000768937 0)
(0.00145382 0.000828563 0)
(0.0014331 0.000865935 0)
(0.00140028 0.000875749 0)
(0.00135034 0.000872224 0)
(0.00129059 0.00084746 0)
(0.00123334 0.000788035 0)
(0.00117405 0.000724536 0)
(0.00110785 0.000689399 0)
(0.00104619 0.000668591 0)
(0.000998177 0.000643338 0)
(0.000957002 0.00062627 0)
(0.000914492 0.00062854 0)
(0.000875087 0.000631121 0)
(0.000847534 0.000610014 0)
(0.000829033 0.000571542 0)
(0.000804851 0.000547021 0)
(0.000762702 0.000558511 0)
(0.000703953 0.000598109 0)
(0.000641073 0.000637275 0)
(0.000587182 0.000648894 0)
(0.000548928 0.000620731 0)
(0.000526406 0.00055496 0)
(0.000516761 0.000460751 0)
(0.000517161 0.000347718 0)
(0.000525725 0.000223298 0)
(0.000541025 9.29332e-05 0)
(0.000561627 -3.91612e-05 0)
(0.000586743 -0.000169526 0)
(0.000615456 -0.000295282 0)
(0.000646479 -0.00041379 0)
(0.000679129 -0.000521948 0)
(0.000713385 -0.000615501 0)
(0.000749788 -0.000688985 0)
(0.000788871 -0.000737129 0)
(0.000830092 -0.000757792 0)
(0.000871056 -0.000754679 0)
(0.000908195 -0.000736815 0)
(0.000938837 -0.000714021 0)
(0.000962936 -0.000691782 0)
(0.000982942 -0.000669872 0)
(0.00100213 -0.000645529 0)
(0.00102287 -0.00061807 0)
(0.00104606 -0.000591269 0)
(0.00107159 -0.00057223 0)
(0.00109917 -0.000568075 0)
(0.00112886 -0.000582704 0)
(0.00116101 -0.000615049 0)
(0.0011959 -0.000659306 0)
(0.00123332 -0.000706654 0)
(0.00127248 -0.000747552 0)
(0.00131208 -0.000773809 0)
(0.00135061 -0.000779882 0)
(0.00138678 -0.00076332 0)
(0.00141968 -0.000724471 0)
(0.00144888 -0.000665595 0)
(0.00147442 -0.000590035 0)
(0.00149654 -0.000501487 0)
(0.0015155 -0.000403162 0)
(0.00153157 -0.000297326 0)
(0.00154487 -0.000185603 0)
(0.00155548 -6.98593e-05 0)
(0.00156414 4.78325e-05 0)
(0.00157121 0.000166671 0)
(0.0015764 0.000287295 0)
(0.00157991 0.000408464 0)
(0.00158258 0.000526015 0)
(0.00158412 0.000636767 0)
(0.00158303 0.000739121 0)
(0.00157873 0.000827323 0)
(0.00157145 0.00089212 0)
(0.00155997 0.000928945 0)
(0.00154277 0.000937794 0)
(0.00152068 0.000917907 0)
(0.00149543 0.000871805 0)
(0.00146776 0.000809285 0)
(0.00143857 0.000740288 0)
(0.00140939 0.000670223 0)
(0.00138055 0.000605516 0)
(0.00135106 0.000554795 0)
(0.0013206 0.000519946 0)
(0.00129003 0.000492364 0)
(0.00125964 0.000463284 0)
(0.00122814 0.00043555 0)
(0.00119387 0.000421866 0)
(0.00115644 0.000432272 0)
(0.00111698 0.000464848 0)
(0.00107709 0.000507337 0)
(0.00121858 0.000562493 0)
(0.00124641 0.000661061 0)
(0.00126601 0.000754192 0)
(0.00127641 0.000834621 0)
(0.00127679 0.000895933 0)
(0.00126225 0.000941279 0)
(0.00123371 0.000963455 0)
(0.00119826 0.000949282 0)
(0.00115241 0.000916166 0)
(0.00109293 0.000887568 0)
(0.0010351 0.000850064 0)
(0.000992618 0.000790523 0)
(0.000958226 0.000735532 0)
(0.000920465 0.000712532 0)
(0.000882749 0.000706932 0)
(0.000855531 0.000686287 0)
(0.000838309 0.000647924 0)
(0.000818035 0.000621544 0)
(0.000782955 0.00063248 0)
(0.000733133 0.000675976 0)
(0.000678639 0.000723756 0)
(0.000630965 0.000746226 0)
(0.000596627 0.000727905 0)
(0.000576486 0.000668587 0)
(0.000568502 0.000576314 0)
(0.000570315 0.000460558 0)
(0.000580174 0.000329326 0)
(0.000596726 0.000189165 0)
(0.000618599 4.56675e-05 0)
(0.000644136 -9.65591e-05 0)
(0.000671925 -0.000233509 0)
(0.000700917 -0.000362643 0)
(0.000730221 -0.000482164 0)
(0.000759376 -0.000590353 0)
(0.000788162 -0.000684778 0)
(0.000816605 -0.000761621 0)
(0.000845259 -0.000815607 0)
(0.000875018 -0.000841723 0)
(0.000905891 -0.000839155 0)
(0.000935925 -0.000814529 0)
(0.000962181 -0.000779974 0)
(0.000983168 -0.000746426 0)
(0.00100023 -0.000718128 0)
(0.00101651 -0.000693058 0)
(0.00103473 -0.000668072 0)
(0.00105573 -0.000643939 0)
(0.00107867 -0.000626415 0)
(0.00110235 -0.00062326 0)
(0.0011262 -0.000639764 0)
(0.00115062 -0.000675605 0)
(0.00117629 -0.000724433 0)
(0.00120355 -0.000775913 0)
(0.00123188 -0.000818911 0)
(0.00126016 -0.000844257 0)
(0.00128701 -0.000846312 0)
(0.00131124 -0.000823428 0)
(0.00133217 -0.000777306 0)
(0.00134976 -0.000711451 0)
(0.00136441 -0.000629631 0)
(0.00137671 -0.000535262 0)
(0.00138702 -0.000431393 0)
(0.0013954 -0.000320661 0)
(0.00140202 -0.000205071 0)
(0.00140725 -8.58399e-05 0)
(0.00141145 3.62151e-05 0)
(0.0014147 0.000160083 0)
(0.00141696 0.000284041 0)
(0.00141851 0.000406016 0)
(0.00141942 0.000524855 0)
(0.00141934 0.000639577 0)
(0.00141852 0.000745979 0)
(0.00141767 0.000836511 0)
(0.00141612 0.000905417 0)
(0.00141211 0.000949948 0)
(0.0014055 0.000966006 0)
(0.00139749 0.000950386 0)
(0.00138768 0.000908318 0)
(0.00137475 0.000851041 0)
(0.00135906 0.000786615 0)
(0.00134214 0.000719896 0)
(0.00132442 0.00065854 0)
(0.00130554 0.000610656 0)
(0.00128598 0.00057645 0)
(0.00126665 0.000548077 0)
(0.00124734 0.000519948 0)
(0.00122645 0.000496734 0)
(0.00120255 0.000489594 0)
(0.00117565 0.000505511 0)
(0.00114693 0.000540802 0)
(0.00111767 0.000583616 0)
(0.000980371 0.000484552 0)
(0.00102111 0.000600644 0)
(0.0010543 0.000710595 0)
(0.00107978 0.00081034 0)
(0.0010958 0.000898241 0)
(0.00110154 0.000968244 0)
(0.00109957 0.00100957 0)
(0.0010886 0.00102423 0)
(0.0010657 0.00102011 0)
(0.00103903 0.000986173 0)
(0.0010175 0.000916201 0)
(0.000993334 0.000843435 0)
(0.000956002 0.000806009 0)
(0.000912586 0.000795397 0)
(0.000879257 0.000774026 0)
(0.000860155 0.000730327 0)
(0.000843762 0.000691971 0)
(0.000816852 0.000690667 0)
(0.000776502 0.000729706 0)
(0.000730101 0.000783861 0)
(0.00068806 0.000820345 0)
(0.000657381 0.000817707 0)
(0.000639972 0.000770971 0)
(0.000634572 0.00068604 0)
(0.000639091 0.000572297 0)
(0.000651611 0.000438657 0)
(0.000670531 0.000292794 0)
(0.000694098 0.000141475 0)
(0.000720052 -9.58564e-06 0)
(0.000747261 -0.000155959 0)
(0.00077508 -0.000294562 0)
(0.000802547 -0.00042381 0)
(0.000829493 -0.000542644 0)
(0.000856239 -0.000649362 0)
(0.000883107 -0.000740948 0)
(0.000909666 -0.000813727 0)
(0.000934762 -0.000864205 0)
(0.000957759 -0.000888824 0)
(0.000979105 -0.000885054 0)
(0.000998755 -0.000855862 0)
(0.0010149 -0.000812603 0)
(0.00102552 -0.000770277 0)
(0.00103118 -0.000738477 0)
(0.00103539 -0.000717083 0)
(0.00104227 -0.000700217 0)
(0.00105385 -0.000683974 0)
(0.0010693 -0.000671086 0)
(0.00108631 -0.000669406 0)
(0.00110304 -0.000686251 0)
(0.00111912 -0.000723073 0)
(0.0011352 -0.000773692 0)
(0.00115194 -0.000826553 0)
(0.00116923 -0.000869043 0)
(0.00118622 -0.00089123 0)
(0.00120182 -0.00088773 0)
(0.00121513 -0.000857757 0)
(0.00122571 -0.00080417 0)
(0.00123357 -0.000731706 0)
(0.00123916 -0.000644948 0)
(0.00124307 -0.000547188 0)
(0.00124583 -0.000440711 0)
(0.00124771 -0.000327559 0)
(0.00124863 -0.000209694 0)
(0.00124859 -8.87759e-05 0)
(0.00124811 3.41931e-05 0)
(0.00124768 0.000158592 0)
(0.00124719 0.000283557 0)
(0.00124657 0.000407586 0)
(0.00124588 0.000528297 0)
(0.00124562 0.00064217 0)
(0.00124641 0.000745071 0)
(0.00124818 0.000833499 0)
(0.00125026 0.000903942 0)
(0.00125289 0.000950542 0)
(0.00125695 0.000967213 0)
(0.0012617 0.000954354 0)
(0.00126481 0.0009196 0)
(0.00126537 0.000870351 0)
(0.00126464 0.000810454 0)
(0.00126357 0.000745547 0)
(0.00126139 0.000685739 0)
(0.00125727 0.00063913 0)
(0.00125161 0.00060505 0)
(0.00124515 0.000576845 0)
(0.00123751 0.000551226 0)
(0.00122744 0.000533309 0)
(0.00121419 0.000532269 0)
(0.00119829 0.000552787 0)
(0.00118103 0.000590508 0)
(0.00116338 0.000634499 0)
(0.000712425 0.00036342 0)
(0.000771053 0.000494613 0)
(0.000822657 0.000619293 0)
(0.00086683 0.000735247 0)
(0.000903451 0.000838412 0)
(0.000933224 0.00092197 0)
(0.000955522 0.000981804 0)
(0.000968217 0.00101716 0)
(0.000973087 0.00102161 0)
(0.000973028 0.000992062 0)
(0.000962462 0.000949758 0)
(0.0009352 0.000923035 0)
(0.00090021 0.000908669 0)
(0.00087516 0.000878037 0)
(0.000866239 0.000820615 0)
(0.000862669 0.000762484 0)
(0.000849645 0.000739876 0)
(0.000821696 0.00076515 0)
(0.000784494 0.000819168 0)
(0.000748429 0.000867939 0)
(0.000721731 0.000883524 0)
(0.000707736 0.00085411 0)
(0.000705942 0.000781718 0)
(0.000714328 0.000674869 0)
(0.000730712 0.000543212 0)
(0.00075305 0.000395584 0)
(0.000779466 0.000239821 0)
(0.000808011 8.26455e-05 0)
(0.000837368 -7.06854e-05 0)
(0.000867079 -0.000216414 7.29235e-38)
(0.000896714 -0.000352829 0)
(0.000925704 -0.000479464 0)
(0.000953301 -0.000596777 0)
(0.000978839 -0.000704398 0)
(0.0010024 -0.000798449 0)
(0.00102437 -0.000871785 0)
(0.00104401 -0.000918482 0)
(0.00105965 -0.000936687 0)
(0.00107106 -0.000926466 0)
(0.00107992 -0.000889483 0)
(0.00108699 -0.000834169 0)
(0.00109055 -0.000777296 0)
(0.001089 -0.000735349 0)
(0.00108391 -0.000713837 0)
(0.00107949 -0.000705965 0)
(0.00107935 -0.000701394 0)
(0.00108388 -0.000696366 0)
(0.00109061 -0.000696561 0)
(0.00109666 -0.000711474 0)
(0.00110078 -0.000746027 0)
(0.00110354 -0.000795907 0)
(0.0011061 -0.000849068 0)
(0.00110903 -0.00089128 0)
(0.00111201 -0.0009115 0)
(0.00111434 -0.00090436 0)
(0.0011154 -0.000869872 0)
(0.00111496 -0.000811727 -2.70837e-38)
(0.00111314 -0.000735185 0)
(0.00111023 -0.000645126 0)
(0.00110655 -0.00054499 0)
(0.00110227 -0.000436912 0)
(0.00109762 -0.000322556 0)
(0.00109277 -0.000203584 4.51894e-38)
(0.00108785 -8.14791e-05 0)
(0.00108334 4.25923e-05 0)
(0.00107972 0.000167584 -4.68694e-38)
(0.00107707 0.000292246 0)
(0.00107548 0.000414818 -4.42614e-38)
(0.0010751 0.000533034 0)
(0.00107618 0.000644275 0)
(0.00107896 0.000745395 3.48473e-38)
(0.00108391 0.000831942 0)
(0.00109195 0.000897748 0)
(0.00110389 0.000937021 0)
(0.00111896 0.000948373 0)
(0.00113491 0.000935674 0)
(0.00115028 0.000903749 9.6368e-39)
(0.00116544 0.000855472 0)
(0.00118078 0.000795094 0)
(0.00119492 0.000731934 0)
(0.00120586 0.000677085 0)
(0.00121313 0.00063603 0)
(0.00121796 0.000606029 0)
(0.00122152 0.00058134 0)
(0.00122372 0.000560616 0)
(0.00122368 0.000549051 0)
(0.00122103 0.000553893 0)
(0.00121645 0.000578047 1.32353e-39)
(0.00121111 0.000617121 0)
(0.00120575 0.000661514 0)
(0.000417382 0.000230963 0)
(0.000484935 0.00038084 0)
(0.000546126 0.000522147 0)
(0.000601757 0.000652507 0)
(0.000652358 0.000768252 0)
(0.000697762 0.000865243 0)
(0.000737191 0.00094013 0)
(0.000770635 0.000989177 0)
(0.000798409 0.00101012 0)
(0.000818015 0.00100961 0)
(0.000826933 0.000999642 0)
(0.000830587 0.000980558 0)
(0.00083996 0.000939495 0)
(0.000858519 0.000873158 0)
(0.000876444 0.000804333 0)
(0.000880017 0.000767647 0)
(0.000864076 0.000780801 0)
(0.000834754 0.000831805 0)
(0.00080362 0.000889313 0)
(0.000780646 0.000922024 0)
(0.000770645 0.000911978 0)
(0.000773799 0.000856213 0)
(0.000787863 0.000761173 0)
(0.000810135 0.000636519 0)
(0.00083817 0.000491791 0)
(0.00086985 0.00033553 0)
(0.000903292 0.000175084 0)
(0.000936968 1.62492e-05 0)
(0.000970159 -0.000136939 0)
(0.00100223 -0.000282232 -7.29235e-38)
(0.00103262 -0.000417947 0)
(0.00106123 -0.000542105 0)
(0.00108764 -0.000653506 0)
(0.00111049 -0.00075267 0)
(0.00112836 -0.000838818 0)
(0.00114113 -0.000905563 0)
(0.00114934 -0.00094403 0)
(0.00115198 -0.000951676 0)
(0.00114775 -0.000933376 0)
(0.00113876 -0.00089415 0)
(0.00112974 -0.000838242 0)
(0.00112307 -0.000776111 0)
(0.00111716 -0.000724654 0)
(0.00110984 -0.000696274 0)
(0.00110177 -0.00068942 0)
(0.0010956 -0.000691756 0)
(0.00109268 -0.000692856 0)
(0.00109133 -0.000693772 0)
(0.0010884 -0.000704805 0)
(0.00108205 -0.000734823 0)
(0.00107273 -0.000782447 0)
(0.00106212 -0.000835733 0)
(0.00105153 -0.000878791 0)
(0.00104125 -0.000899098 0)
(0.00103097 -0.000890925 0)
(0.00102035 -0.000854787 0)
(0.00100931 -0.000795097 2.70837e-38)
(0.000997943 -0.000717538 0)
(0.000986585 -0.000626989 0)
(0.000975548 -0.000526668 0)
(0.000965053 -0.000418628 0)
(0.00095501 -0.00030466 0)
(0.000945369 -0.000186794 -4.51894e-38)
(0.000936247 -6.68679e-05 0)
(0.000928151 5.39308e-05 0)
(0.000921725 0.000175021 4.68694e-38)
(0.000917297 0.000295732 0)
(0.00091519 0.000414667 4.42614e-38)
(0.000915721 0.000529337 0)
(0.000919321 0.000636133 0)
(0.000926631 0.000730472 -3.48473e-38)
(0.000938395 0.000807297 0)
(0.000954965 0.000862337 0)
(0.00097571 0.000893696 0)
(0.000999247 0.000902075 0)
(0.00102458 0.000889071 0)
(0.00105158 0.000856218 -9.6368e-39)
(0.00107979 0.000807053 0)
(0.00110718 0.000749547 0)
(0.001131 0.000694359 0)
(0.00114992 0.00064935 0)
(0.00116489 0.000615709 0)
(0.00117795 0.000589531 0)
(0.00119031 0.000567227 0)
(0.00120181 0.000549809 0)
(0.00121171 0.000542641 0)
(0.00121984 0.000551367 0)
(0.0012269 0.000577523 -1.32353e-39)
(0.00123386 0.000616845 0)
(0.000195142 7.33733e-05 0)
(0.000264207 0.000233478 0)
(0.000331172 0.000385244 0)
(0.000396239 0.000525608 0)
(0.000459105 0.000650852 0)
(0.000519595 0.000757261 0)
(0.000577767 0.000841329 0)
(0.000633655 0.000900252 0)
(0.000686336 0.000933931 0)
(0.000734366 0.000945476 0)
(0.000778528 0.000936711 0)
(0.000821634 0.000905837 0)
(0.000862779 0.00085578 0)
(0.00089373 0.000804004 0)
(0.000904613 0.000776804 0)
(0.000893185 0.000790379 0)
(0.000867282 0.000838602 0)
(0.000839564 0.000897406 0)
(0.000820893 0.000938729 0)
(0.000816827 0.000942772 0)
(0.000827669 0.000902611 0)
(0.00085077 0.000821444 0)
(0.00088268 0.000707421 0)
(0.000920249 0.000569703 0)
(0.000960871 0.000416877 0)
(0.00100245 0.000256685 0)
(0.00104323 9.57032e-05 0)
(0.00108213 -6.08045e-05 0)
(0.00111857 -0.000209542 0)
(0.00115198 -0.00034897 0)
(0.00118177 -0.000478527 0)
(0.00120734 -0.000597179 0)
(0.00122854 -0.000702345 0)
(0.0012451 -0.00079161 0)
(0.00125543 -0.000864143 0)
(0.00125794 -0.000916626 0)
(0.00125334 -0.000940245 0)
(0.00124309 -0.000929375 0)
(0.00122632 -0.000891946 0)
(0.00120243 -0.000843343 0)
(0.00117554 -0.000792759 0)
(0.00115209 -0.000743178 0)
(0.00113468 -0.000700847 0)
(0.00112105 -0.00067568 0)
(0.00110851 -0.00067113 0)
(0.00109722 -0.000678422 0)
(0.0010885 -0.000684379 0)
(0.00108139 -0.000685067 0)
(0.00107233 -0.000689812 0)
(0.00105828 -0.000711213 0)
(0.00103912 -0.00075218 0)
(0.00101702 -0.000802272 0)
(0.000994383 -0.00084447 0)
(0.000972405 -0.000864633 0)
(0.000951296 -0.000856282 0)
(0.000930931 -0.000819951 0)
(0.000911161 -0.000760326 0)
(0.000891942 -0.000683375 0)
(0.000873357 -0.000594153 0)
(0.000855615 -0.000495764 0)
(0.000839032 -0.000389819 0)
(0.000823828 -0.000277685 0)
(0.000809973 -0.000161196 0)
(0.0007973 -4.25623e-05 0)
(0.000786178 7.64144e-05 0)
(0.000777198 0.000194256 0)
(0.000770913 0.000309731 0)
(0.000768209 0.000421227 0)
(0.000769904 0.000526319 0)
(0.000776671 0.000621772 0)
(0.000788987 0.000703879 0)
(0.000807017 0.000769045 0)
(0.000830528 0.00081443 0)
(0.000859011 0.000838282 0)
(0.00089194 0.000839955 0)
(0.000928652 0.0008203 0)
(0.000967656 0.000782874 0)
(0.00100621 0.000734744 0)
(0.0010412 0.000684983 0)
(0.00107084 0.000641026 0)
(0.00109568 0.000605681 0)
(0.00111779 0.000577307 0)
(0.0011391 0.000552911 0)
(0.00116024 0.0005317 0)
(0.00118075 0.00051649 0)
(0.00119999 0.000512276 0)
(0.001218 0.000523169 0)
(0.00123557 0.000549712 0)
(0.00125366 0.000588019 0)
(8.34528e-05 -7.74509e-05 0)
(0.000140231 7.57322e-05 0)
(0.000208645 0.000222844 0)
(0.000280086 0.00035984 0)
(0.000353514 0.000482872 0)
(0.000427978 0.000588553 0)
(0.000502398 0.000674047 0)
(0.000575383 0.000737595 0)
(0.000645031 0.000779227 0)
(0.000709448 0.000800479 0)
(0.000766964 0.000803768 0)
(0.000814752 0.000794228 0)
(0.000847732 0.000782846 0)
(0.00086137 0.000784221 0)
(0.000856569 0.000807848 0)
(0.000841118 0.000851105 0)
(0.00082616 0.000899937 0)
(0.000821318 0.000935488 0)
(0.000831616 0.000941872 0)
(0.000857382 0.000910873 0)
(0.000895775 0.000842259 0)
(0.000942919 0.000741042 0)
(0.000995045 0.000614543 0)
(0.00104893 0.000470487 0)
(0.00110203 0.000316309 0)
(0.00115248 0.000158811 0)
(0.00119947 3.65112e-06 0)
(0.00124226 -0.000145575 0)
(0.00128017 -0.000287003 0)
(0.00131324 -0.000418524 0)
(0.00134127 -0.00053775 0)
(0.00136336 -0.000643471 0)
(0.00137851 -0.000735015 0)
(0.00138682 -0.000809967 0)
(0.00138828 -0.000865403 0)
(0.00138077 -0.000900238 0)
(0.00136277 -0.000911436 0)
(0.00133734 -0.000892213 0)
(0.0013089 -0.000843244 0)
(0.00127821 -0.000780958 0)
(0.00124527 -0.000725273 0)
(0.00121372 -0.00068372 0)
(0.00118782 -0.000654203 0)
(0.00116723 -0.000637178 0)
(0.00114805 -0.000636169 0)
(0.0011283 -0.000647518 0)
(0.00110944 -0.000658181 0)
(0.00109233 -0.000658651 0)
(0.00107412 -0.000655017 0)
(0.00105063 -0.000663523 0)
(0.00102047 -0.000693711 0)
(0.000985887 -0.000738792 0)
(0.000950333 -0.000780954 0)
(0.000916084 -0.000803415 0)
(0.000883819 -0.000797895 0)
(0.00085355 -0.000764364 0)
(0.000825214 -0.000707287 0)
(0.000798692 -0.000632538 0)
(0.000773794 -0.000545453 0)
(0.000750485 -0.000449714 0)
(0.000728968 -0.000347307 0)
(0.000709593 -0.000239474 0)
(0.000692708 -0.000127767 0)
(0.000678701 -1.42403e-05 0)
(0.000667637 9.90599e-05 0)
(0.000659465 0.000210137 0)
(0.000654757 0.000317391 0)
(0.000654288 0.000419096 0)
(0.000658875 0.000512994 0)
(0.000669311 0.000596163 0)
(0.00068624 0.000665238 0)
(0.000710033 0.000716922 0)
(0.000740663 0.000748655 0)
(0.000777547 0.00075932 0)
(0.000819319 0.000749943 0)
(0.000863641 0.000724181 0)
(0.000907425 0.000688073 0)
(0.000947763 0.000648554 0)
(0.000983143 0.000611153 0)
(0.00101404 0.000578331 0)
(0.00104231 0.00054963 0)
(0.00106996 0.00052345 0)
(0.00109799 0.000499232 0)
(0.00112627 0.000478675 0)
(0.0011541 0.000465425 0)
(0.001181 0.000463527 0)
(0.00120722 0.000475544 0)
(0.00123357 0.000501187 0)
(0.00126098 0.000537014 0)
(7.56189e-05 -0.000188842 0)
(0.000102924 -5.32673e-05 0)
(0.000152684 7.96071e-05 0)
(0.000210587 0.000205885 0)
(0.00027496 0.000321904 0)
(0.000343716 0.000424551 0)
(0.000414272 0.00051168 0)
(0.000483874 0.000582376 0)
(0.000549723 0.000637177 0)
(0.000609147 0.000678087 0)
(0.000659642 0.000708644 0)
(0.000698894 0.000734175 0)
(0.000725878 0.000760788 0)
(0.000742459 0.000792689 0)
(0.000754024 0.0008292 0)
(0.000767811 0.000864154 0)
(0.000790341 0.000887755 0)
(0.00082536 0.000890008 0)
(0.00087333 0.000863821 0)
(0.000931978 0.000806723 0)
(0.000997765 0.000720431 0)
(0.00106699 0.000609679 0)
(0.00113626 0.000480863 0)
(0.00120275 0.000340562 0)
(0.00126446 0.000194318 0)
(0.00132052 4.68833e-05 0)
(0.00137052 -9.70934e-05 0)
(0.00141385 -0.000234 0)
(0.00145011 -0.000361735 0)
(0.00147894 -0.000479197 0)
(0.00150029 -0.000584365 0)
(0.00151432 -0.000674925 0)
(0.00152017 -0.000750759 0)
(0.00151643 -0.000811576 0)
(0.00150342 -0.000851508 0)
(0.00148181 -0.000863561 0)
(0.00144999 -0.000849512 0)
(0.00140849 -0.000816182 0)
(0.00136404 -0.000766943 0)
(0.00132341 -0.000708114 0)
(0.00128767 -0.00065502 0)
(0.00125599 -0.000619934 0)
(0.00122973 -0.000600659 0)
(0.00120904 -0.000589372 0)
(0.00118946 -0.000586071 0)
(0.00116604 -0.000593729 0)
(0.00113888 -0.000605124 0)
(0.00111118 -0.000606894 0)
(0.00108305 -0.000597858 0)
(0.00105065 -0.000593967 0)
(0.00101106 -0.000611511 0)
(0.000965571 -0.000649921 0)
(0.000918314 -0.000692269 0)
(0.000872845 -0.000718872 0)
(0.000830603 -0.000718686 0)
(0.000791604 -0.000690702 0)
(0.000755658 -0.000639308 0)
(0.000722731 -0.000570095 0)
(0.000692746 -0.000488084 0)
(0.000665526 -0.000397179 0)
(0.000641021 -0.00030002 0)
(0.000619358 -0.000198281 0)
(0.000600824 -9.34282e-05 0)
(0.000585961 1.2828e-05 0)
(0.000575035 0.000118413 0)
(0.000568147 0.000221237 0)
(0.000565898 0.000319178 0)
(0.000568968 0.000409916 0)
(0.000578167 0.000490809 0)
(0.00059428 0.00055895 0)
(0.000617815 0.00061155 0)
(0.000648724 0.000646556 0)
(0.000686164 0.000663327 0)
(0.000728397 0.000663118 0)
(0.000772928 0.00064911 0)
(0.000817006 0.000625797 0)
(0.000858402 0.000597795 0)
(0.000896147 0.000568548 0)
(0.00093071 0.000539667 0)
(0.000963516 0.000511263 0)
(0.000996044 0.000483009 0)
(0.00102912 0.000455283 0)
(0.0010627 0.000429803 0)
(0.00109619 0.000409496 0)
(0.00112899 0.000397742 0)
(0.001161 0.000397334 0)
(0.00119273 0.000409521 0)
(0.00122508 0.000433436 0)
(0.00125898 0.000466055 0)
(0.000232248 -0.000194063 0)
(0.000211755 -0.000106076 0)
(0.000213076 -5.75309e-06 0)
(0.000233702 9.81165e-05 0)
(0.000268304 0.000199454 0)
(0.000312543 0.000294131 0)
(0.000362816 0.000379513 0)
(0.000415901 0.000454348 0)
(0.000469053 0.000518593 0)
(0.000520055 0.000573289 0)
(0.000567484 0.000620211 0)
(0.000610917 0.000661493 0)
(0.000651413 0.000698712 0)
(0.000691557 0.0007319 0)
(0.000734946 0.00075881 0)
(0.000784997 0.000775098 0)
(0.000843941 0.000775325 0)
(0.000912058 0.000754599 0)
(0.000987896 0.000709938 0)
(0.00106864 0.000641157 0)
(0.00115104 0.000550639 0)
(0.00123192 0.000442598 0)
(0.00130861 0.000322086 0)
(0.00137922 0.000193834 0)
(0.00144289 6.19712e-05 0)
(0.00149905 -6.94042e-05 0)
(0.00154656 -0.000196431 0)
(0.00158489 -0.000315951 0)
(0.00161466 -0.000426086 0)
(0.0016359 -0.000525792 0)
(0.00164747 -0.000613864 0)
(0.00164885 -0.000686959 0)
(0.00164063 -0.000740774 0)
(0.00162183 -0.000775574 0)
(0.00159076 -0.000792953 0)
(0.00154935 -0.000787278 0)
(0.0015012 -0.000754719 0)
(0.0014482 -0.000706393 0)
(0.0013944 -0.00065739 0)
(0.00134703 -0.000612932 0)
(0.00130942 -0.000576408 0)
(0.00127885 -0.000555628 0)
(0.00125287 -0.000550536 0)
(0.00123167 -0.000548691 0)
(0.00121289 -0.000542306 0)
(0.00119021 -0.000537639 0)
(0.00116012 -0.000539142 0)
(0.00112555 -0.00053734 0)
(0.00108991 -0.000523553 0)
(0.00105146 -0.000507676 0)
(0.00100608 -0.000509919 0)
(0.000953029 -0.000538126 0)
(0.000896239 -0.000579453 0)
(0.000840904 -0.000611938 0)
(0.000790102 -0.000619999 0)
(0.000744243 -0.000600041 0)
(0.000702613 -0.000556266 0)
(0.000664738 -0.000494671 0)
(0.000630596 -0.000420156 0)
(0.000600293 -0.000336318 0)
(0.000573892 -0.000245882 0)
(0.000551488 -0.000151048 0)
(0.000533293 -5.37523e-05 0)
(0.000519754 4.40513e-05 0)
(0.000511148 0.00014009 0)
(0.000507776 0.000232023 0)
(0.000510335 0.000317337 0)
(0.000519502 0.000393471 0)
(0.000535834 0.000457975 0)
(0.000559563 0.000508784 0)
(0.000590341 0.000544608 0)
(0.000627083 0.000565329 0)
(0.000667983 0.000572195 0)
(0.000710786 0.000567654 0)
(0.000753274 0.00055477 0)
(0.000793829 0.000536404 0)
(0.000831811 0.000514559 0)
(0.000867575 0.000490191 0)
(0.000902065 0.00046359 0)
(0.000936281 0.000435059 0)
(0.000970828 0.000405526 0)
(0.00100578 0.000376806 0)
(0.00104081 0.000351461 0)
(0.00107553 0.000332341 0)
(0.00110978 0.000321986 0)
(0.00114379 0.000322062 0)
(0.00117818 0.00033295 0)
(0.00121376 0.000353547 0)
(0.00125133 0.000381333 0)
(0.000586094 -4.35227e-05 0)
(0.000522957 -1.45082e-05 0)
(0.000476615 2.67805e-05 0)
(0.00044855 8.08704e-05 0)
(0.000438756 0.000144421 0)
(0.000445521 0.000212608 0)
(0.00046577 0.000280914 0)
(0.000496271 0.000345975 0)
(0.000534166 0.000405708 0)
(0.000577284 0.000459043 0)
(0.000624241 0.000505604 0)
(0.000674585 0.000545264 0)
(0.000728682 0.000577714 0)
(0.000787511 0.000601971 0)
(0.00085216 0.00061614 0)
(0.000923339 0.000617507 0)
(0.00100091 0.000603125 0)
(0.00108377 0.000570717 0)
(0.00116989 0.000519481 0)
(0.00125674 0.000450271 0)
(0.00134156 0.000365403 0)
(0.00142209 0.000267895 0)
(0.00149646 0.000161305 0)
(0.00156358 4.94831e-05 0)
(0.00162261 -6.40163e-05 0)
(0.00167201 -0.000175565 0)
(0.00171111 -0.000281746 0)
(0.00173999 -0.000380936 0)
(0.0017583 -0.00047196 0)
(0.00176575 -0.000550477 0)
(0.00176178 -0.000612982 0)
(0.00174541 -0.000661033 0)
(0.00171738 -0.000693819 0)
(0.00167935 -0.000705814 0)
(0.00163089 -0.000696826 0)
(0.00157318 -0.000671085 0)
(0.001513 -0.000630681 0)
(0.00145698 -0.000583742 0)
(0.00140728 -0.000545555 0)
(0.00136554 -0.000521457 0)
(0.00133336 -0.000505063 0)
(0.00130767 -0.000495538 0)
(0.00128268 -0.000497031 0)
(0.0012568 -0.000501921 0)
(0.00123158 -0.000495891 0)
(0.00120463 -0.000479557 0)
(0.00117101 -0.000465532 0)
(0.0011309 -0.00045527 0)
(0.00108919 -0.000438057 0)
(0.00104736 -0.000413756 0)
(0.00100112 -0.000400242 0)
(0.000946428 -0.000413562 0)
(0.000884766 -0.000449576 0)
(0.000821971 -0.000487577 0)
(0.000763712 -0.000506905 0)
(0.000712433 -0.000498459 0)
(0.000667681 -0.000464419 0)
(0.000628122 -0.000411643 0)
(0.000592955 -0.000346374 0)
(0.000562157 -0.000272684 0)
(0.00053612 -0.000193121 0)
(0.000515336 -0.000109659 0)
(0.000500295 -2.42152e-05 0)
(0.000491404 6.10459e-05 0)
(0.000488855 0.000143504 0)
(0.000492839 0.000220759 0)
(0.00050358 0.000290458 0)
(0.000521107 0.000350489 0)
(0.000545151 0.000399241 0)
(0.000574975 0.000435858 0)
(0.000609298 0.000460435 0)
(0.000646399 0.000474027 0)
(0.000684382 0.000478399 0)
(0.000721564 0.000475531 0)
(0.000756834 0.000467071 0)
(0.000789861 0.000453986 0)
(0.000821011 0.000436599 0)
(0.000851064 0.000414957 0)
(0.00088084 0.000389371 0)
(0.000910937 0.000360815 0)
(0.000941625 0.000331061 0)
(0.000972921 0.000302515 0)
(0.00100476 0.000277852 0)
(0.00103714 0.00025957 0)
(0.00107019 0.000249585 0)
(0.0011042 0.000248927 0)
(0.00113962 0.000257548 0)
(0.00117697 0.00027428 0)
(0.00121673 0.000296935 0)
(0.000928481 9.54704e-05 0)
(0.00089293 0.000123779 0)
(0.000854951 0.000147419 0)
(0.00082034 0.000169714 0)
(0.00079324 0.000194031 0)
(0.000776102 0.000222246 0)
(0.000770099 0.000254442 0)
(0.000775535 0.000289285 0)
(0.000791977 0.000324757 0)
(0.00081863 0.000358714 0)
(0.000854583 0.000389271 0)
(0.000899052 0.000414849 0)
(0.000951472 0.000433992 0)
(0.00101141 0.000445154 0)
(0.00107835 0.000446641 0)
(0.00115148 0.000436715 0)
(0.00122953 0.000413799 0)
(0.00131076 0.000376859 0)
(0.00139285 0.000325935 0)
(0.00147346 0.000262077 0)
(0.00155019 0.000187035 0)
(0.00162092 0.000102928 0)
(0.00168437 1.30748e-05 0)
(0.00173959 -7.91294e-05 0)
(0.00178502 -0.00017089 0)
(0.00181943 -0.000260035 0)
(0.00184235 -0.000343584 0)
(0.0018538 -0.000418252 0)
(0.00185295 -0.000482487 0)
(0.00183891 -0.000534986 0)
(0.00181298 -0.000572694 0)
(0.00177633 -0.000594673 0)
(0.00172866 -0.000601935 0)
(0.00167225 -0.000592312 0)
(0.00161205 -0.000566543 0)
(0.00155206 -0.000534433 0)
(0.00149696 -0.000504342 0)
(0.00145197 -0.000477924 0)
(0.00141727 -0.000459312 0)
(0.00138848 -0.000452608 0)
(0.00136336 -0.000451115 0)
(0.00134095 -0.0004462 0)
(0.00131631 -0.000440966 0)
(0.00128485 -0.000438866 0)
(0.00124876 -0.000430213 0)
(0.00121158 -0.00040742 0)
(0.00117127 -0.000380455 0)
(0.00112549 -0.000360829 0)
(0.001078 -0.000343427 0)
(0.00103369 -0.000319009 0)
(0.000990638 -0.000295007 0)
(0.000941838 -0.000290405 0)
(0.000883516 -0.000313418 0)
(0.000819068 -0.000351927 0)
(0.000755856 -0.000383918 0)
(0.000699826 -0.000392869 0)
(0.000653002 -0.000374479 0)
(0.000614414 -0.000333545 0)
(0.000582245 -0.00027768 0)
(0.000555261 -0.000213195 0)
(0.000533168 -0.000144132 0)
(0.000516408 -7.29358e-05 0)
(0.000505551 -1.37559e-06 0)
(0.000500595 6.88088e-05 0)
(0.000501885 0.000135666 0)
(0.000510028 0.000197295 0)
(0.000524845 0.000251988 0)
(0.000545709 0.00029845 0)
(0.000571589 0.000335983 0)
(0.00060114 0.000364577 0)
(0.000632855 0.000384848 0)
(0.000665293 0.000397803 0)
(0.000697317 0.000404471 0)
(0.0007283 0.000405542 0)
(0.000758172 0.000401199 0)
(0.000787293 0.000391224 0)
(0.000816224 0.000375332 0)
(0.000845512 0.000353591 0)
(0.000875509 0.000326738 0)
(0.000906287 0.000296299 0)
(0.000937672 0.000264463 0)
(0.000969361 0.000233808 0)
(0.00100106 0.000206931 0)
(0.00103263 0.000186101 0)
(0.00106419 0.000172957 0)
(0.00109613 0.000168327 0)
(0.00112903 0.000172106 0)
(0.00116351 0.000183264 0)
(0.00120012 0.000199949 0)
(0.00106971 9.681e-05 0)
(0.00108043 0.000139003 0)
(0.00108824 0.000176432 0)
(0.00109405 0.000208416 0)
(0.00109926 0.000235077 0)
(0.00110538 0.000257223 0)
(0.00111377 0.000275897 0)
(0.00112577 0.000291913 0)
(0.00114265 0.000305629 0)
(0.00116544 0.000316926 0)
(0.00119483 0.000325281 0)
(0.00123113 0.000329856 0)
(0.00127428 0.000329607 0)
(0.0013239 0.000323406 0)
(0.00137922 0.000310119 0)
(0.00143911 0.000288603 0)
(0.00150203 0.000257938 0)
(0.00156612 0.000217819 0)
(0.00162931 0.000168654 0)
(0.00168933 0.000111172 0)
(0.00174402 4.67653e-05 0)
(0.00179287 -2.20734e-05 0)
(0.0018345 -9.32377e-05 0)
(0.00186635 -0.000164984 0)
(0.00188761 -0.000234481 0)
(0.00189768 -0.000298712 0)
(0.00189555 -0.000356382 0)
(0.00188121 -0.000405547 0)
(0.00185566 -0.000443116 0)
(0.0018196 -0.000468744 0)
(0.00177452 -0.000482954 0)
(0.00172349 -0.000484106 0)
(0.00166919 -0.000473692 0)
(0.00161478 -0.000457332 0)
(0.00156546 -0.000438865 0)
(0.00152439 -0.000422192 0)
(0.00149051 -0.000412714 0)
(0.00146257 -0.000409474 0)
(0.00143948 -0.000406511 0)
(0.00141687 -0.000403435 0)
(0.00139064 -0.000401194 0)
(0.00136144 -0.000393206 0)
(0.00132923 -0.000375907 0)
(0.00128998 -0.000356707 0)
(0.00124375 -0.000338647 0)
(0.00119683 -0.000313865 0)
(0.00115185 -0.000281914 0)
(0.00110501 -0.000255492 0)
(0.00105547 -0.000240098 0)
(0.00100891 -0.000225233 0)
(0.000968952 -0.000203205 0)
(0.000930454 -0.000184474 0)
(0.000884378 -0.000186447 0)
(0.000827232 -0.00021292 0)
(0.000763971 -0.000249683 0)
(0.000703263 -0.000276741 0)
(0.000651755 -0.000281306 0)
(0.000611859 -0.000261443 0)
(0.000582748 -0.00022219 0)
(0.000562358 -0.000170512 0)
(0.0005488 -0.000112363 0)
(0.000540906 -5.19591e-05 0)
(0.00053824 7.85177e-06 0)
(0.000540583 6.52018e-05 0)
(0.000547784 0.000118944 0)
(0.000559839 0.000167949 0)
(0.000576569 0.000211315 0)
(0.000597499 0.00024847 0)
(0.000621866 0.000279234 0)
(0.000648744 0.000303773 0)
(0.000677251 0.000322453 0)
(0.000706735 0.000335596 0)
(0.000736856 0.000343271 0)
(0.000767582 0.000345212 0)
(0.000799081 0.00034091 0)
(0.000831563 0.000329879 0)
(0.000865111 0.000312005 0)
(0.000899536 0.000287841 0)
(0.000934329 0.000258729 0)
(0.000968738 0.00022673 0)
(0.00100192 0.000194367 0)
(0.00103314 0.000164256 0)
(0.00106194 0.00013872 0)
(0.00108827 0.000119492 0)
(0.00111258 0.000107523 0)
(0.00113568 0.000102956 0)
(0.00115861 0.000105214 0)
(0.00118243 0.000113114 0)
(0.00120809 0.000125017 0)
(0.00110617 5.44264e-05 0)
(0.00112246 8.76101e-05 0)
(0.00114229 0.000120315 0)
(0.0011655 0.00015112 0)
(0.00119192 0.000178934 0)
(0.00122114 0.000203005 0)
(0.00125251 0.000222894 0)
(0.0012855 0.000238402 0)
(0.0013199 0.000249404 0)
(0.00135583 0.000255709 0)
(0.00139365 0.000257087 0)
(0.00143364 0.000253344 0)
(0.00147578 0.000244237 0)
(0.0015198 0.000229399 0)
(0.00156521 0.000208518 0)
(0.0016113 0.000181411 0)
(0.001657 0.000147953 0)
(0.00170101 0.000108359 0)
(0.00174192 6.36083e-05 0)
(0.00177858 1.48354e-05 0)
(0.00180998 -3.68449e-05 0)
(0.00183382 -8.98805e-05 0)
(0.00184858 -0.000142576 0)
(0.00185414 -0.000193043 0)
(0.00185012 -0.000239782 0)
(0.00183702 -0.000280807 0)
(0.00181586 -0.000314493 0)
(0.00178744 -0.000340466 0)
(0.00175348 -0.00035816 0)
(0.00171659 -0.000367651 0)
(0.00167863 -0.000371278 0)
(0.00164146 -0.000370974 0)
(0.00160767 -0.000368147 0)
(0.00157823 -0.000366656 0)
(0.00155229 -0.00036832 0)
(0.00152922 -0.000369364 0)
(0.00150729 -0.000367868 0)
(0.00148303 -0.000365317 0)
(0.00145466 -0.000359057 0)
(0.00142217 -0.000346546 0)
(0.00138416 -0.000331684 0)
(0.00134013 -0.000314297 0)
(0.00129295 -0.000287693 0)
(0.00124463 -0.00025524 0)
(0.00119463 -0.000228823 0)
(0.00114453 -0.000207748 0)
(0.00109831 -0.000181576 0)
(0.0010567 -0.000152895 0)
(0.00101637 -0.000135686 0)
(0.000975759 -0.000131694 0)
(0.000937827 -0.000126221 0)
(0.000905214 -0.000109768 0)
(0.000874854 -9.20679e-05 0)
(0.000839282 -9.08346e-05 0)
(0.000793024 -0.000112178 0)
(0.000737617 -0.000144916 0)
(0.000680684 -0.00017128 0)
(0.000630582 -0.000179445 0)
(0.000592216 -0.000166958 0)
(0.00056659 -0.00013744 0)
(0.0005524 -9.65838e-05 0)
(0.000547549 -4.97353e-05 0)
(0.000550197 -1.0549e-06 0)
(0.000559115 4.65003e-05 0)
(0.000573251 9.11329e-05 0)
(0.000591636 0.000131707 0)
(0.000613488 0.000167553 0)
(0.000638113 0.000198338 0)
(0.000664911 0.000223963 0)
(0.000693419 0.000244449 0)
(0.00072331 0.000259803 0)
(0.000754389 0.000269894 0)
(0.00078656 0.000274418 0)
(0.000819716 0.000272956 0)
(0.000853624 0.00026517 0)
(0.00088784 0.000251066 0)
(0.000921662 0.000231234 0)
(0.000954168 0.000206952 0)
(0.000984358 0.000180111 0)
(0.00101136 0.000152975 0)
(0.0010346 0.000127799 0)
(0.00105397 0.000106421 0)
(0.00106986 8.99638e-05 0)
(0.00108314 7.88358e-05 0)
(0.00109497 7.29019e-05 0)
(0.00110669 7.16663e-05 0)
(0.0011195 7.4399e-05 0)
(0.00113436 8.01613e-05 0)
(0.00115198 8.77848e-05 0)
(0.0011591 4.32883e-05 0)
(0.001164 6.10866e-05 0)
(0.00117306 7.87112e-05 0)
(0.00118711 9.6031e-05 0)
(0.00120647 0.000112532 0)
(0.00123084 0.000127463 0)
(0.00125931 0.000140071 0)
(0.0012909 0.000149747 0)
(0.00132481 0.000156064 0)
(0.00136046 0.000158702 0)
(0.0013974 0.000157354 0)
(0.00143526 0.000151763 0)
(0.00147362 0.000141809 0)
(0.00151193 0.000127472 0)
(0.00154949 0.000108709 0)
(0.00158552 8.56291e-05 0)
(0.00161938 5.86654e-05 0)
(0.00165045 2.83433e-05 0)
(0.00167743 -4.97015e-06 0)
(0.00169923 -4.04306e-05 0)
(0.0017156 -7.69523e-05 0)
(0.00172629 -0.0001137 0)
(0.00173128 -0.00014932 0)
(0.00173103 -0.000182338 0)
(0.00172605 -0.000211928 0)
(0.00171686 -0.000237909 0)
(0.00170435 -0.000259801 0)
(0.0016894 -0.000277803 0)
(0.00167254 -0.000293085 0)
(0.0016544 -0.000305595 0)
(0.00163554 -0.000315039 0)
(0.001616 -0.000323031 0)
(0.00159572 -0.000329645 0)
(0.00157424 -0.000331991 0)
(0.00154967 -0.000329437 0)
(0.00152032 -0.000323536 0)
(0.00148598 -0.000313183 0)
(0.00144634 -0.000297033 0)
(0.00140105 -0.000276546 0)
(0.00135155 -0.000252428 0)
(0.00129955 -0.000224697 0)
(0.00124593 -0.000196087 0)
(0.00119313 -0.000169235 0)
(0.00114455 -0.000144171 0)
(0.0011006 -0.000121818 0)
(0.00105968 -0.000104325 0)
(0.00102233 -9.07311e-05 0)
(0.000990361 -7.74481e-05 0)
(0.000962473 -6.37217e-05 0)
(0.000934738 -5.29912e-05 0)
(0.000905724 -4.79789e-05 0)
(0.000878229 -4.64552e-05 0)
(0.000854941 -4.34777e-05 0)
(0.00083412 -3.72971e-05 0)
(0.000810447 -3.22359e-05 0)
(0.000779344 -3.52586e-05 0)
(0.000740201 -4.86773e-05 0)
(0.000696478 -6.66397e-05 0)
(0.000653686 -7.94597e-05 0)
(0.000616895 -8.03814e-05 0)
(0.000589276 -6.81676e-05 0)
(0.000571962 -4.54064e-05 0)
(0.000564534 -1.5909e-05 0)
(0.000565974 1.67801e-05 0)
(0.000574937 4.98464e-05 0)
(0.000589901 8.1368e-05 0)
(0.000609593 0.000110105 0)
(0.000632967 0.000135315 0)
(0.000659176 0.000156583 0)
(0.00068755 0.000173657 0)
(0.000717553 0.000186348 0)
(0.00074871 0.000194478 0)
(0.000780534 0.000197876 0)
(0.000812495 0.000196446 0)
(0.000843966 0.000190325 0)
(0.00087421 0.000180005 0)
(0.000902458 0.000166337 0)
(0.000928051 0.000150437 0)
(0.000950588 0.000133523 0)
(0.00097001 0.000116769 0)
(0.000986636 0.000101105 0)
(0.00100113 8.707e-05 0)
(0.00101447 7.47976e-05 0)
(0.00102785 6.41978e-05 0)
(0.00104235 5.52318e-05 0)
(0.00105869 4.80791e-05 0)
(0.00107715 4.29776e-05 0)
(0.00109771 3.98062e-05 0)
(0.00112022 3.79237e-05 0)
(0.00121336 4.07724e-05 0)
(0.00121766 5.32313e-05 0)
(0.00122402 6.41173e-05 0)
(0.00123332 7.3443e-05 0)
(0.00124603 8.12076e-05 0)
(0.00126231 8.73164e-05 0)
(0.001282 9.16223e-05 0)
(0.00130469 9.39866e-05 0)
(0.00132986 9.42457e-05 0)
(0.001357 9.21882e-05 0)
(0.00138566 8.76332e-05 0)
(0.0014154 8.04393e-05 0)
(0.00144569 7.0469e-05 0)
(0.00147597 5.76982e-05 0)
(0.0015057 4.21639e-05 0)
(0.00153419 2.38889e-05 0)
(0.00156059 2.97931e-06 0)
(0.00158423 -2.02511e-05 0)
(0.00160509 -4.54013e-05 0)
(0.00162312 -7.1807e-05 0)
(0.00163781 -9.87709e-05 0)
(0.00164897 -0.000125611 0)
(0.00165648 -0.000151847 0)
(0.0016602 -0.000177122 0)
(0.00166006 -0.000200925 0)
(0.0016561 -0.000222818 0)
(0.00164847 -0.000242485 0)
(0.00163743 -0.000259238 0)
(0.00162291 -0.000272392 0)
(0.00160446 -0.000281757 0)
(0.00158172 -0.000286674 0)
(0.00155418 -0.000286058 0)
(0.00152093 -0.000279927 0)
(0.00148187 -0.000268827 0)
(0.00143789 -0.000252605 0)
(0.00138981 -0.000231612 0)
(0.00133869 -0.000207298 0)
(0.00128651 -0.000180875 0)
(0.00123515 -0.00015343 0)
(0.00118591 -0.000126863 0)
(0.00114003 -0.000103101 0)
(0.00109832 -8.29599e-05 0)
(0.00106073 -6.63934e-05 0)
(0.0010271 -5.32179e-05 0)
(0.00099734 -4.31346e-05 0)
(0.000970828 -3.52493e-05 0)
(0.000946608 -2.81559e-05 0)
(0.000924385 -2.08671e-05 0)
(0.000904426 -1.34802e-05 0)
(0.000886495 -6.74495e-06 0)
(0.000869512 -1.25998e-06 0)
(0.000852345 2.87073e-06 0)
(0.00083492 5.88706e-06 0)
(0.000818193 8.07469e-06 0)
(0.000802804 9.54142e-06 0)
(0.000787832 1.01633e-05 0)
(0.000771024 9.64142e-06 0)
(0.000750457 7.68538e-06 0)
(0.000726166 4.54535e-06 0)
(0.00070026 1.56895e-06 0)
(0.000675709 9.13318e-07 0)
(0.000655144 4.43575e-06 0)
(0.000640337 1.28194e-05 0)
(0.000632066 2.55293e-05 0)
(0.00063043 4.11926e-05 0)
(0.000635158 5.82706e-05 0)
(0.000645657 7.53649e-05 0)
(0.000661189 9.13472e-05 0)
(0.000680995 0.000105362 0)
(0.000704359 0.000116792 0)
(0.000730595 0.000125212 0)
(0.000758945 0.000130344 0)
(0.000788575 0.000132056 0)
(0.000818645 0.00013037 0)
(0.000848315 0.00012549 0)
(0.000876785 0.000117788 0)
(0.000903432 0.000107724 0)
(0.000927947 9.58144e-05 0)
(0.000950362 8.26659e-05 0)
(0.000970957 6.89587e-05 0)
(0.000990191 5.53036e-05 0)
(0.00100863 4.20614e-05 0)
(0.00102689 2.9411e-05 0)
(0.00104562 1.74676e-05 0)
(0.00106539 6.57823e-06 0)
(0.00108657 -2.32093e-06 0)
(0.00110926 -8.11739e-06 0)
(0.00113319 -1.0671e-05 0)
(0.00115787 -1.15333e-05 0)
(0.00121761 2.96396e-05 0)
(0.00122312 3.42179e-05 0)
(0.00123086 3.83757e-05 0)
(0.00124131 4.20341e-05 0)
(0.00125466 4.49176e-05 0)
(0.00127075 4.67136e-05 0)
(0.00128921 4.70335e-05 0)
(0.00130962 4.56198e-05 0)
(0.00133151 4.23779e-05 0)
(0.00135444 3.72476e-05 0)
(0.00137807 3.02245e-05 0)
(0.00140208 2.13717e-05 0)
(0.0014262 1.0749e-05 0)
(0.00144994 -1.69127e-06 0)
(0.00147255 -1.59534e-05 0)
(0.00149347 -3.1969e-05 0)
(0.00151236 -4.95634e-05 0)
(0.0015287 -6.84606e-05 0)
(0.00154204 -8.82886e-05 0)
(0.00155233 -0.000108757 0)
(0.00155917 -0.000129343 0)
(0.00156167 -0.000149445 0)
(0.00155951 -0.000168414 0)
(0.0015528 -0.000185568 0)
(0.00154144 -0.000200189 0)
(0.00152517 -0.000211542 0)
(0.00150373 -0.000218982 0)
(0.00147697 -0.000222038 0)
(0.00144491 -0.000220424 0)
(0.00140784 -0.000214198 0)
(0.00136641 -0.000203849 0)
(0.0013219 -0.000189981 0)
(0.00127581 -0.000173088 0)
(0.00122948 -0.000153793 0)
(0.00118409 -0.000133091 0)
(0.00114058 -0.000112262 0)
(0.00109953 -9.25442e-05 0)
(0.00106145 -7.47809e-05 0)
(0.0010268 -5.91874e-05 0)
(0.000995897 -4.54506e-05 0)
(0.000968677 -3.319e-05 0)
(0.0009448 -2.22679e-05 0)
(0.000923784 -1.27592e-05 0)
(0.000905184 -4.75497e-06 0)
(0.000888554 1.75114e-06 0)
(0.000873467 6.97495e-06 0)
(0.000859646 1.13963e-05 0)
(0.000847021 1.55355e-05 0)
(0.000835676 1.95791e-05 0)
(0.000825627 2.33213e-05 0)
(0.000816652 2.64381e-05 0)
(0.000808432 2.88388e-05 0)
(0.000800726 3.07133e-05 0)
(0.000793385 3.22427e-05 0)
(0.000786305 3.33394e-05 0)
(0.000779368 3.37193e-05 0)
(0.000772401 3.32379e-05 0)
(0.000765183 3.21096e-05 0)
(0.000757477 3.08047e-05 0)
(0.000749189 2.9814e-05 0)
(0.000740594 2.95352e-05 0)
(0.000732438 3.0278e-05 0)
(0.000725773 3.2253e-05 0)
(0.000721651 3.55013e-05 0)
(0.000720896 3.98987e-05 0)
(0.000724035 4.51023e-05 0)
(0.000731277 5.06623e-05 0)
(0.000742538 5.61424e-05 0)
(0.000757537 6.11753e-05 0)
(0.000775834 6.54619e-05 0)
(0.000796865 6.87829e-05 0)
(0.000820057 7.09768e-05 0)
(0.000844835 7.1928e-05 0)
(0.000870535 7.15593e-05 0)
(0.000896393 6.98843e-05 0)
(0.000921674 6.68266e-05 0)
(0.000945862 6.20775e-05 0)
(0.000968789 5.53064e-05 0)
(0.000990553 4.64681e-05 0)
(0.00101128 3.58549e-05 0)
(0.0010308 2.37829e-05 0)
(0.00104898 1.04335e-05 0)
(0.00106619 -4.21678e-06 0)
(0.00108318 -2.00389e-05 0)
(0.00110084 -3.62565e-05 0)
(0.00111946 -5.13583e-05 0)
(0.00113803 -6.36402e-05 0)
(0.00115444 -7.19596e-05 0)
(0.00116613 -7.60896e-05 0)
(0.00115305 3.10665e-05 0)
(0.00115565 2.8498e-05 0)
(0.00116235 2.58595e-05 0)
(0.00117184 2.32143e-05 0)
(0.00118357 2.02177e-05 0)
(0.00119692 1.65171e-05 0)
(0.00121139 1.19407e-05 0)
(0.00122702 6.37123e-06 0)
(0.00124361 -1.58874e-07 0)
(0.00126076 -7.36517e-06 0)
(0.00127809 -1.49376e-05 0)
(0.00129515 -2.26839e-05 0)
(0.00131115 -3.0631e-05 0)
(0.00132527 -3.90634e-05 0)
(0.00133708 -4.82117e-05 0)
(0.00134597 -5.81494e-05 0)
(0.00135139 -6.88836e-05 0)
(0.00135302 -8.04296e-05 0)
(0.0013503 -9.25408e-05 0)
(0.00134323 -0.000104772 0)
(0.00133212 -0.00011677 0)
(0.00131665 -0.000127869 0)
(0.00129644 -0.000137192 0)
(0.00127139 -0.000144033 0)
(0.00124169 -0.000147857 0)
(0.00120772 -0.000148297 0)
(0.00117022 -0.000145237 0)
(0.00113025 -0.000138801 0)
(0.001089 -0.000129408 0)
(0.0010476 -0.000117896 0)
(0.00100704 -0.000105305 0)
(0.000968095 -9.24854e-05 0)
(0.000931427 -7.97902e-05 0)
(0.000897618 -6.7117e-05 0)
(0.000867091 -5.42502e-05 0)
(0.000840105 -4.11982e-05 0)
(0.00081676 -2.83158e-05 0)
(0.000796916 -1.61912e-05 0)
(0.000780284 -5.37857e-06 0)
(0.000766475 3.77092e-06 0)
(0.000755164 1.11683e-05 0)
(0.000746146 1.69013e-05 0)
(0.000739189 2.12068e-05 0)
(0.000733995 2.43856e-05 0)
(0.000730187 2.67477e-05 0)
(0.0007274 2.86206e-05 0)
(0.000725389 3.03205e-05 0)
(0.000724044 3.20642e-05 0)
(0.000723338 3.39151e-05 0)
(0.000723239 3.5782e-05 0)
(0.000723659 3.75226e-05 0)
(0.00072447 3.90359e-05 0)
(0.000725576 4.02786e-05 0)
(0.000726947 4.12508e-05 0)
(0.000728577 4.19634e-05 0)
(0.000730422 4.24069e-05 0)
(0.000732371 4.25464e-05 0)
(0.000734301 4.23512e-05 0)
(0.000736164 4.18466e-05 0)
(0.000738024 4.11493e-05 0)
(0.000740055 4.04467e-05 0)
(0.000742506 3.99161e-05 0)
(0.000745666 3.96324e-05 0)
(0.000749858 3.95179e-05 0)
(0.000755416 3.93657e-05 0)
(0.000762676 3.89166e-05 0)
(0.000771962 3.79562e-05 0)
(0.000783564 3.6373e-05 0)
(0.000797645 3.41247e-05 0)
(0.00081416 3.11607e-05 0)
(0.000832811 2.74297e-05 0)
(0.000853023 2.2985e-05 0)
(0.000874014 1.80507e-05 0)
(0.000894852 1.30694e-05 0)
(0.000914723 8.40993e-06 0)
(0.000932601 3.93722e-06 0)
(0.000947747 -1.05325e-06 0)
(0.000959698 -7.3364e-06 0)
(0.000968054 -1.48654e-05 0)
(0.000972588 -2.25817e-05 0)
(0.000973644 -2.95262e-05 0)
(0.00097169 -3.62195e-05 0)
(0.000966834 -4.44967e-05 0)
(0.000959337 -5.55118e-05 0)
(0.000949464 -6.74758e-05 0)
(0.000937442 -7.54314e-05 0)
(0.000923656 -7.37775e-05 0)
(0.000908596 -5.99612e-05 0)
(0.000892778 -3.64579e-05 0)
(0.000964898 1.32079e-05 0)
(0.000966311 8.2949e-06 0)
(0.000971828 3.11788e-06 0)
(0.00097759 -2.42898e-06 0)
(0.000982858 -8.22402e-06 0)
(0.000988235 -1.4257e-05 0)
(0.000993796 -2.05351e-05 0)
(0.00099929 -2.71411e-05 0)
(0.00100494 -3.40712e-05 0)
(0.00101094 -4.11466e-05 0)
(0.00101669 -4.81128e-05 0)
(0.00102095 -5.45866e-05 0)
(0.00102242 -6.03017e-05 0)
(0.00102004 -6.5231e-05 0)
(0.00101324 -6.91869e-05 0)
(0.0010021 -7.19132e-05 0)
(0.000986437 -7.36678e-05 0)
(0.000965893 -7.4552e-05 0)
(0.000940958 -7.41132e-05 0)
(0.00091202 -7.22111e-05 0)
(0.000879487 -6.93528e-05 0)
(0.00084426 -6.58975e-05 0)
(0.000807331 -6.17721e-05 0)
(0.000769575 -5.6858e-05 0)
(0.00073185 -5.13586e-05 0)
(0.000694995 -4.57553e-05 0)
(0.000659784 -4.05104e-05 0)
(0.000626872 -3.58003e-05 0)
(0.000596792 -3.14942e-05 0)
(0.000570005 -2.73785e-05 0)
(0.000546657 -2.3355e-05 0)
(0.000526592 -1.93822e-05 0)
(0.000509664 -1.54449e-05 0)
(0.000495736 -1.15413e-05 0)
(0.000484724 -7.68233e-06 0)
(0.000476599 -3.92317e-06 0)
(0.00047129 -3.80547e-07 0)
(0.000468594 2.82972e-06 0)
(0.000468179 5.63641e-06 0)
(0.000469724 8.03162e-06 0)
(0.000472897 1.00803e-05 0)
(0.000477218 1.184e-05 0)
(0.000482292 1.33572e-05 0)
(0.000487844 1.46787e-05 0)
(0.000493687 1.58713e-05 0)
(0.000499717 1.70099e-05 0)
(0.000505896 1.8148e-05 0)
(0.00051225 1.93021e-05 0)
(0.000518828 2.04534e-05 0)
(0.000525673 2.15543e-05 0)
(0.000532798 2.25389e-05 0)
(0.000540184 2.33368e-05 0)
(0.000547794 2.3887e-05 0)
(0.000555585 2.41472e-05 0)
(0.000563511 2.40956e-05 0)
(0.000571521 2.37255e-05 0)
(0.000579554 2.30406e-05 0)
(0.00058754 2.20524e-05 0)
(0.000595402 2.07833e-05 0)
(0.000603079 1.92776e-05 0)
(0.000610535 1.76077e-05 0)
(0.000617771 1.58557e-05 0)
(0.000624811 1.40547e-05 0)
(0.000631681 1.2128e-05 0)
(0.000638373 9.87717e-06 0)
(0.000644817 7.04817e-06 0)
(0.00065088 3.45169e-06 0)
(0.000656374 -9.13738e-07 0)
(0.000661092 -5.77278e-06 0)
(0.00066488 -1.05561e-05 0)
(0.000667676 -1.44885e-05 0)
(0.000669488 -1.67342e-05 0)
(0.000670374 -1.66272e-05 0)
(0.000670313 -1.38576e-05 0)
(0.000669434 -8.61997e-06 0)
(0.000667879 -1.4925e-06 0)
(0.000665716 6.60498e-06 0)
(0.000662754 1.44866e-05 0)
(0.000658782 2.09696e-05 0)
(0.000653747 2.50931e-05 0)
(0.000647686 2.62537e-05 0)
(0.000640721 2.4207e-05 0)
(0.000632746 1.92552e-05 0)
(0.000623136 1.21535e-05 0)
(0.000611152 4.04869e-06 0)
(0.000596981 -3.68171e-06 0)
(0.00058199 -9.77097e-06 0)
(0.000568333 -1.34085e-05 0)
(0.000558158 -1.4619e-05 0)
(0.000439767 4.28652e-05 0)
(0.000450679 2.9532e-05 0)
(0.00045015 1.78127e-05 0)
(0.000450278 7.62363e-06 0)
(0.000449843 -5.49928e-07 0)
(0.000447082 -7.421e-06 0)
(0.000440996 -1.39785e-05 0)
(0.000431313 -2.05353e-05 0)
(0.000418321 -2.63998e-05 0)
(0.000402588 -3.01032e-05 0)
(0.000384762 -3.0254e-05 0)
(0.00036572 -2.64347e-05 0)
(0.000346488 -1.93166e-05 0)
(0.000327927 -1.02345e-05 0)
(0.000310585 -6.8963e-07 0)
(0.000294747 8.12888e-06 0)
(0.000280563 1.55011e-05 0)
(0.000267896 2.10438e-05 0)
(0.000256502 2.44373e-05 0)
(0.000246033 2.55486e-05 0)
(0.000236198 2.45555e-05 0)
(0.000226707 2.17467e-05 0)
(0.000217319 1.7552e-05 0)
(0.000207917 1.25197e-05 0)
(0.000198497 7.21897e-06 0)
(0.000189102 2.15847e-06 0)
(0.000179776 -2.26717e-06 0)
(0.000170572 -5.80851e-06 0)
(0.00016155 -8.36994e-06 0)
(0.000152794 -1.00064e-05 0)
(0.00014448 -1.09153e-05 0)
(0.000136838 -1.12881e-05 0)
(0.000130019 -1.13034e-05 0)
(0.000124105 -1.10903e-05 0)
(0.000119151 -1.07051e-05 0)
(0.000115192 -1.01492e-05 0)
(0.000112246 -9.39955e-06 0)
(0.000110311 -8.43377e-06 0)
(0.000109372 -7.23679e-06 0)
(0.000109359 -5.80471e-06 0)
(0.000110184 -4.22868e-06 0)
(0.000111783 -2.61287e-06 0)
(0.000114114 -1.03722e-06 0)
(0.000117118 4.44069e-07 0)
(0.000120737 1.80062e-06 0)
(0.00012492 3.01938e-06 0)
(0.000129628 4.09884e-06 0)
(0.000134829 5.0442e-06 0)
(0.000140497 5.86299e-06 0)
(0.000146594 6.56215e-06 0)
(0.000153077 7.14888e-06 0)
(0.000159885 7.63325e-06 0)
(0.000166947 8.02964e-06 0)
(0.000174183 8.35608e-06 0)
(0.000181511 8.632e-06 0)
(0.00018885 8.87586e-06 0)
(0.000196122 9.10476e-06 0)
(0.000203254 9.3359e-06 0)
(0.000210182 9.58832e-06 0)
(0.000216852 9.88289e-06 0)
(0.000223232 1.02386e-05 0)
(0.000229308 1.06674e-05 0)
(0.000235085 1.11745e-05 0)
(0.000240562 1.17638e-05 0)
(0.000245708 1.24422e-05 0)
(0.000250444 1.3214e-05 0)
(0.000254644 1.40671e-05 0)
(0.000258166 1.49582e-05 0)
(0.000260882 1.58074e-05 0)
(0.000262708 1.64953e-05 0)
(0.000263667 1.68693e-05 0)
(0.000263932 1.67737e-05 0)
(0.000263865 1.60867e-05 0)
(0.000263958 1.47788e-05 0)
(0.000264694 1.29031e-05 0)
(0.000266482 1.05456e-05 0)
(0.000269533 7.81446e-06 0)
(0.000273837 4.87019e-06 0)
(0.00027914 1.90231e-06 0)
(0.000284986 -8.75326e-07 0)
(0.00029079 -3.26543e-06 0)
(0.000295912 -5.10011e-06 0)
(0.00029973 -6.32166e-06 0)
(0.000301801 -6.91492e-06 0)
(0.000301957 -6.75582e-06 0)
(0.00030033 -5.6194e-06 0)
(0.000297378 -3.37178e-06 0)
(0.000293889 -9.45414e-08 0)
(0.000290699 3.7999e-06 0)
)
;

boundaryField
{
    inlet
    {
        type            fixedValue;
        value           nonuniform List<vector> 0();
    }
    outlet
    {
        type            zeroGradient;
    }
    wall
    {
        type            noSlip;
    }
    obstacle
    {
        type            noSlip;
    }
    frontAndBack
    {
        type            empty;
    }
    procBoundary2to1
    {
        type            processor;
        value           nonuniform List<vector> 
30
(
(0.000229545 -4.18009e-05 0)
(0.000931457 8.50795e-05 0)
(0.00128525 0.000125134 0)
(0.00141992 0.000162855 0)
(0.00150648 0.000216966 0)
(0.00155686 0.000263998 0)
(0.00152278 0.000284601 0)
(0.00155502 0.00035059 0)
(0.00169817 0.000472158 0)
(0.00174703 0.000562169 0)
(0.00162973 0.000576973 0)
(0.00142014 0.000530909 0)
(0.00118539 0.000460045 0)
(0.000932428 0.000366045 0)
(0.000646686 0.000227817 0)
(0.000344364 7.45824e-05 0)
(0.000116331 -9.61026e-05 0)
(7.37964e-06 -0.000240544 0)
(3.90518e-05 -0.000316282 0)
(0.000270238 -0.000256361 0)
(0.000660093 -6.58192e-05 0)
(0.0009554 6.0544e-05 0)
(0.00105645 5.12038e-05 0)
(0.00109417 2.22851e-05 0)
(0.00115746 2.50789e-05 0)
(0.00121003 2.68395e-05 0)
(0.00121373 2.41108e-05 0)
(0.00115637 3.20478e-05 0)
(0.000977254 2.10091e-05 0)
(0.000374009 6.84465e-05 0)
)
;
    }
    procBoundary2to3
    {
        type            processor;
        value           nonuniform List<vector> 
31
(
(0.000169585 -1.36393e-06 0)
(0.000461748 -8.31341e-06 0)
(0.000720203 3.27334e-06 0)
(0.000830756 -8.81129e-06 0)
(0.000879265 -1.02681e-05 0)
(0.000909878 -1.142e-05 0)
(0.000922665 3.27464e-05 0)
(0.000917962 0.000130118 0)
(0.000931018 0.000239321 0)
(0.00095605 0.000348363 0)
(0.000992791 0.000452326 0)
(0.00103781 0.00054569 0)
(0.00108843 0.000621378 0)
(0.00114558 0.000673376 0)
(0.00120041 0.000701122 0)
(0.00124129 0.00066096 0)
(0.00124129 0.00066096 0)
(0.00127275 0.000631003 0)
(0.00128992 0.000577254 0)
(0.00129494 0.00050273 0)
(0.00129135 0.000412684 0)
(0.00125915 0.000322569 0)
(0.00123924 0.000219702 0)
(0.00123629 0.000138984 0)
(0.00117289 9.58625e-05 0)
(0.00114479 3.64013e-05 0)
(0.00118261 -1.31516e-05 0)
(0.00117119 -7.68184e-05 0)
(0.000876804 -9.87207e-06 0)
(0.000552641 -1.43007e-05 0)
(0.000288395 7.62292e-06 0)
)
;
    }
}


// ************************************************************************* //
