/*--------------------------------*- C++ -*----------------------------------*\
| =========                 |                                                 |
| \\      /  F ield         | OpenFOAM: The Open Source CFD Toolbox           |
|  \\    /   O peration     | Version:  2312                                  |
|   \\  /    A nd           | Website:  www.openfoam.com                      |
|    \\/     M anipulation  |                                                 |
\*---------------------------------------------------------------------------*/
FoamFile
{
    version     2.0;
    format      ascii;
    arch        "LSB;label=32;scalar=64";
    class       surfaceScalarField;
    location    "151000";
    object      phi;
}
// * * * * * * * * * * * * * * * * * * * * * * * * * * * * * * * * * * * * * //

dimensions      [0 3 -1 0 0 0 0];

oriented        oriented;

internalField   nonuniform List<scalar> 
5309
(
7.32985e-05
2.76092e-05
6.78917e-05
5.40677e-06
6.15392e-05
6.35247e-06
5.8277e-05
3.26227e-06
5.70263e-05
1.25063e-06
5.76421e-05
-6.15795e-07
5.87065e-05
-1.06437e-06
6.1077e-05
-2.3705e-06
6.32966e-05
-2.21963e-06
6.66357e-05
-3.33903e-06
6.92748e-05
-2.63913e-06
7.29266e-05
-3.6518e-06
7.53303e-05
-2.40373e-06
7.87165e-05
-3.38621e-06
8.03429e-05
-1.62631e-06
8.31567e-05
-2.81385e-06
8.37172e-05
-5.60465e-07
8.59022e-05
-2.18503e-06
8.5377e-05
5.25236e-07
8.72266e-05
-1.8496e-06
8.57984e-05
1.42813e-06
8.77706e-05
-1.97215e-06
8.5635e-05
2.13554e-06
8.81664e-05
-2.53141e-06
8.52751e-05
2.89136e-06
8.91175e-05
-3.84239e-06
8.18883e-05
7.22913e-06
9.61318e-05
-1.42434e-05
4.74556e-05
4.86762e-05
-3.91175e-05
8.6573e-05
0.000146628
3.36741e-05
0.000144172
7.86233e-06
0.000141673
8.85154e-06
0.000140193
4.7421e-06
0.000139808
1.63565e-06
0.000141301
-2.10807e-06
0.000143547
-3.31069e-06
0.000147556
-6.3793e-06
0.000151662
-6.32599e-06
0.000157446
-9.12328e-06
0.000162604
-7.79638e-06
0.00016936
-1.04087e-05
0.000174664
-7.70675e-06
0.000181594
-1.03162e-05
0.000186217
-6.24974e-06
0.000192701
-9.29783e-06
0.000196019
-3.87866e-06
0.00020187
-8.03612e-06
0.00020367
-1.2741e-06
0.00020925
-7.4305e-06
0.000209266
1.41226e-06
0.000215492
-8.19782e-06
0.000213087
4.54018e-06
0.000221645
-1.10886e-05
0.000214582
9.95375e-06
0.000229383
-1.86428e-05
0.00021084
2.57713e-05
0.000234257
-3.76605e-05
0.000224623
5.83108e-05
-4.19296e-05
0.000227435
0.000195561
3.17847e-05
0.000196113
7.31088e-06
0.000197349
7.61501e-06
0.000198052
4.03946e-06
0.000199054
6.33364e-07
0.000201287
-4.34081e-06
0.00020402
-6.04391e-06
0.00020826
-1.0619e-05
0.000212614
-1.06804e-05
0.000218626
-1.51345e-05
0.000224132
-1.33027e-05
0.000231388
-1.76643e-05
0.000237347
-1.36659e-05
0.000245264
-1.82331e-05
0.000250969
-1.19557e-05
0.000259093
-1.74216e-05
0.00026399
-8.77545e-06
0.000272256
-1.63016e-05
0.000275804
-4.82259e-06
0.000284466
-1.60922e-05
0.000286206
-3.27879e-07
0.000295841
-1.78333e-05
0.000295486
4.8955e-06
0.000306883
-2.24856e-05
0.000304372
1.2465e-05
0.00031676
-3.10307e-05
0.000318128
2.44034e-05
0.000323906
-4.3439e-05
0.000347364
3.48531e-05
-2.88245e-05
0.000334259
0.000232324
2.73815e-05
0.000232201
7.43448e-06
0.000234143
5.67322e-06
0.000236084
2.09828e-06
0.000237768
-1.05112e-06
0.000240771
-7.34368e-06
0.000243949
-9.22176e-06
0.000248382
-1.5052e-05
0.000252756
-1.50546e-05
0.000258546
-2.09245e-05
0.000263894
-1.86499e-05
0.000270768
-2.4539e-05
0.000276677
-1.95745e-05
0.000284268
-2.58238e-05
0.000290284
-1.79722e-05
0.000298291
-2.54286e-05
0.000304052
-1.45362e-05
0.000312264
-2.45138e-05
0.00031755
-1.01083e-05
0.000325783
-2.43249e-05
0.000330837
-5.3819e-06
0.000338847
-2.58439e-05
0.000344365
-6.22398e-07
0.000351488
-2.96085e-05
0.000359367
4.58602e-06
0.000363685
-3.53483e-05
0.000378516
9.57205e-06
0.000374845
-3.97679e-05
0.00040395
5.74812e-06
-2.4726e-05
0.000399851
0.000260961
2.28288e-05
0.000260431
7.96499e-06
0.000262158
3.9457e-06
0.000264614
-3.57748e-07
0.000266897
-3.33368e-06
0.00026959
-1.00366e-05
0.000272701
-1.23331e-05
0.000276608
-1.89584e-05
0.000280815
-1.92614e-05
0.000285767
-2.58772e-05
0.000290913
-2.37957e-05
0.000296707
-3.03329e-05
0.000302573
-2.54403e-05
0.000308926
-3.2177e-05
0.00031529
-2.43369e-05
0.00032191
-3.20479e-05
0.00032866
-2.12866e-05
0.000335231
-3.10849e-05
0.000342477
-1.73544e-05
0.000348655
-3.05022e-05
0.000356782
-1.35097e-05
0.00036208
-3.11412e-05
0.000371795
-1.03379e-05
0.000375468
-3.32819e-05
0.000388327
-8.27282e-06
0.000388847
-3.58676e-05
0.000407397
-8.9784e-06
0.000403145
-3.55156e-05
0.000426448
-1.75549e-05
-2.72327e-05
0.000428954
0.000283662
1.90102e-05
0.000283096
8.53078e-06
0.000284317
2.7248e-06
0.00028628
-2.32143e-06
0.000288451
-5.50463e-06
0.000290769
-1.2354e-05
0.000293769
-1.5333e-05
0.000296999
-2.21892e-05
0.000301041
-2.33031e-05
0.000305015
-2.98509e-05
0.000309972
-2.87527e-05
0.000314544
-3.49057e-05
0.000320331
-3.12272e-05
0.000325299
-3.71451e-05
0.000331839
-3.08769e-05
0.000336961
-3.71691e-05
0.000344251
-2.8577e-05
0.000349247
-3.60809e-05
0.00035743
-2.55372e-05
0.000361963
-3.50358e-05
0.000371337
-2.28832e-05
0.000374978
-3.47822e-05
0.000386089
-2.14486e-05
0.000388232
-3.54254e-05
0.000401898
-2.19383e-05
0.000402085
-3.60548e-05
0.00041852
-2.54135e-05
0.000417914
-3.49092e-05
0.000433399
-3.30401e-05
-3.42143e-05
0.00044038
0.00030135
1.61918e-05
0.000301192
8.68887e-06
0.000301765
2.15169e-06
0.000303145
-3.70192e-06
0.000305214
-7.57383e-06
0.000307074
-1.42139e-05
0.000309832
-1.80913e-05
0.000312337
-2.46937e-05
0.000316042
-2.70084e-05
0.000319135
-3.29435e-05
0.000323716
-3.33335e-05
0.000327277
-3.84668e-05
0.000332709
-3.66592e-05
0.000336604
-4.10405e-05
0.000342873
-3.71454e-05
0.000346921
-4.12169e-05
0.000354061
-3.57172e-05
0.000358054
-4.00738e-05
0.000366161
-3.36443e-05
0.00036986
-3.8735e-05
0.000379085
-3.21082e-05
0.000382245
-3.79419e-05
0.000392767
-3.19705e-05
0.000395237
-3.78953e-05
0.000407091
-3.37926e-05
0.000409271
-3.82345e-05
0.000421607
-3.77502e-05
0.000425501
-3.88024e-05
0.000435635
-4.3175e-05
-4.20652e-05
0.000443486
0.000314518
1.43573e-05
0.000314736
8.47014e-06
0.000315045
1.84343e-06
0.000315912
-4.56894e-06
0.000317732
-9.39368e-06
0.000319227
-1.57094e-05
0.000321647
-2.05111e-05
0.000323604
-2.6651e-05
0.000326838
-3.02423e-05
0.00032929
-3.53954e-05
0.000333318
-3.73617e-05
0.000336177
-4.13255e-05
0.000341004
-4.14867e-05
0.000344198
-4.42341e-05
0.00034984
-4.27874e-05
0.000353265
-4.46414e-05
0.000359751
-4.22032e-05
0.000363293
-4.36166e-05
0.000370646
-4.09975e-05
0.000374198
-4.2287e-05
0.000382407
-4.03166e-05
0.000385921
-4.14562e-05
0.000394883
-4.09322e-05
0.000398498
-4.15104e-05
0.000407877
-4.31717e-05
0.000412251
-4.26087e-05
0.000421248
-4.67472e-05
0.000427585
-4.51394e-05
0.000435248
-5.08373e-05
-4.9576e-05
0.000442758
0.000323589
1.33583e-05
0.000324036
8.0233e-06
0.000324417
1.46217e-06
0.000324981
-5.13269e-06
0.000326472
-1.08851e-05
0.000327722
-1.69591e-05
0.000329761
-2.25498e-05
0.000331363
-2.82527e-05
0.000334051
-3.29306e-05
0.000336093
-3.74379e-05
0.000339462
-4.07303e-05
0.000341901
-4.37648e-05
0.000345968
-4.5554e-05
0.000348789
-4.70549e-05
0.000353583
-4.75814e-05
0.000356763
-4.78213e-05
0.000362291
-4.77308e-05
0.000365809
-4.71353e-05
0.000372033
-4.7221e-05
0.000375886
-4.61399e-05
0.000382692
-4.71235e-05
0.00038694
-4.57038e-05
0.000394114
-4.81061e-05
0.000398961
-4.63575e-05
0.000406171
-5.03813e-05
0.00041197
-4.84085e-05
0.000418962
-5.37388e-05
0.000425805
-5.19827e-05
0.000432844
-5.7876e-05
-5.67888e-05
0.000440057
0.000329063
1.29352e-05
0.000329666
7.42018e-06
0.000330201
9.26633e-07
0.000330692
-5.62323e-06
0.000331873
-1.20665e-05
0.000332972
-1.80581e-05
0.000334645
-2.42227e-05
0.000336049
-2.96569e-05
0.00033821
-3.50916e-05
0.000340021
-3.9248e-05
0.000342739
-4.34486e-05
0.000344961
-4.59873e-05
0.000348262
-4.8855e-05
0.000350927
-4.97199e-05
0.000354849
-5.15034e-05
0.000357997
-5.09688e-05
0.00036254
-5.22735e-05
0.000366207
-5.08024e-05
0.000371319
-5.2333e-05
0.000375539
-5.03598e-05
0.000381107
-5.26924e-05
0.000385922
-5.0518e-05
0.000391792
-5.39767e-05
0.000397244
-5.1809e-05
0.000403308
-5.6445e-05
0.000409355
-5.44556e-05
0.000415728
-6.01118e-05
0.000422133
-5.83878e-05
0.000429133
-6.4876e-05
-6.33124e-05
0.000435656
0.000331647
1.27732e-05
0.000332244
6.82239e-06
0.000332923
2.48356e-07
0.000333517
-6.2172e-06
0.000334491
-1.30413e-05
0.000335512
-1.90787e-05
0.000336893
-2.56035e-05
0.000338213
-3.09767e-05
0.000339958
-3.68372e-05
0.000341654
-4.09436e-05
0.000343846
-4.56408e-05
0.000345969
-4.81101e-05
0.000348644
-5.15302e-05
0.000351255
-5.23307e-05
0.000354464
-5.47127e-05
0.000357638
-5.41425e-05
0.000361398
-5.60339e-05
0.000365192
-5.45966e-05
0.000369476
-5.66168e-05
0.000373918
-5.48013e-05
0.000378663
-5.74372e-05
0.000383729
-5.55842e-05
0.000388873
-5.91206e-05
0.000394474
-5.741e-05
0.000400005
-6.19767e-05
0.000406003
-6.04533e-05
0.000411994
-6.6103e-05
0.000418273
-6.46668e-05
0.000424828
-7.14302e-05
-6.98515e-05
0.000431367
0.000332103
1.25072e-05
0.000332706
6.21969e-06
0.000333459
-5.0433e-07
0.000334193
-6.95202e-06
0.000335084
-1.39314e-05
0.000336099
-2.00937e-05
0.000337304
-2.68091e-05
0.000338616
-3.22881e-05
0.000340114
-3.83354e-05
0.000341769
-4.25984e-05
0.000343633
-4.75053e-05
0.000345707
-5.01837e-05
0.000347992
-5.38152e-05
0.000350564
-5.49034e-05
0.000353332
-5.74806e-05
0.000356492
-5.73025e-05
0.000359786
-5.93277e-05
0.000363593
-5.84033e-05
0.000367426
-6.04498e-05
0.000371886
-5.92615e-05
0.000376239
-6.17896e-05
0.000381297
-6.06424e-05
0.000386131
-6.39547e-05
0.000391682
-6.2961e-05
0.000396967
-6.72616e-05
0.000402887
-6.63731e-05
0.000408619
-7.18351e-05
0.000414819
-7.08672e-05
0.000421033
-7.76442e-05
-7.62572e-05
0.000427439
0.000331383
1.20024e-05
0.000332068
5.53408e-06
0.000332868
-1.30355e-06
0.000333732
-7.81629e-06
0.00033464
-1.48395e-05
0.000335716
-2.11701e-05
0.000336876
-2.79684e-05
0.000338234
-3.36469e-05
0.000339651
-3.97517e-05
0.00034132
-4.42678e-05
0.00034305
-4.92349e-05
0.000345107
-5.22407e-05
0.000347217
-5.59255e-05
0.000349747
-5.74334e-05
0.000352313
-6.00468e-05
0.000355407
-6.03968e-05
0.000358496
-6.24161e-05
0.000362216
-6.21235e-05
0.000365861
-6.40943e-05
0.000370218
-6.36186e-05
0.000374409
-6.59812e-05
0.000379359
-6.55917e-05
0.000384051
-6.86473e-05
0.000389503
-6.84133e-05
0.00039463
-7.23878e-05
0.000400474
-7.22177e-05
0.000405972
-7.73329e-05
0.000412104
-7.69988e-05
0.00041795
-8.34907e-05
-8.25713e-05
0.000424264
0.000330841
1.13189e-05
0.000331596
4.77899e-06
0.000332413
-2.11997e-06
0.000333361
-8.76451e-06
0.000334334
-1.58122e-05
0.000335501
-2.23372e-05
0.000336701
-2.9169e-05
0.000338135
-3.50808e-05
0.000339572
-4.11889e-05
0.000341284
-4.59797e-05
0.000342994
-5.0945e-05
0.000345046
-5.42927e-05
0.000347099
-5.79778e-05
0.000349572
-5.99065e-05
0.00035205
-6.25252e-05
0.000355036
-6.33825e-05
0.000358022
-6.54023e-05
0.000361591
-6.56928e-05
0.000365132
-6.76346e-05
0.000369312
-6.7799e-05
0.000373401
-7.00702e-05
0.000378168
-7.03592e-05
0.000382748
-7.32267e-05
0.000388034
-7.3699e-05
0.000393005
-7.73592e-05
0.000398709
-7.79217e-05
0.000403962
-8.25858e-05
0.00040997
-8.30071e-05
0.000415423
-8.89433e-05
-8.87504e-05
0.000421602
0.000331589
1.05892e-05
0.000332354
4.0141e-06
0.000333162
-2.92773e-06
0.000334146
-9.74809e-06
0.000335179
-1.6846e-05
0.000336421
-2.35785e-05
0.000337684
-3.04323e-05
0.000339173
-3.65697e-05
0.000340647
-4.26629e-05
0.000342373
-4.7706e-05
0.000344073
-5.26445e-05
0.000346077
-5.62969e-05
0.000348066
-5.99663e-05
0.000350423
-6.22641e-05
0.000352793
-6.48951e-05
0.000355599
-6.61886e-05
0.000358449
-6.82517e-05
0.000361787
-6.90312e-05
0.000365181
-7.10287e-05
0.000369095
-7.17129e-05
0.000373041
-7.40164e-05
0.000377522
-7.48403e-05
0.000381965
-7.76692e-05
0.000386957
-7.86908e-05
0.000391787
-8.21892e-05
0.000397193
-8.33285e-05
0.000402273
-8.76649e-05
0.000407971
-8.87053e-05
0.000413165
-9.41373e-05
-9.4586e-05
0.000419
0.000334443
1.00207e-05
-0.000333875
0.000335115
3.34266e-06
0.000335852
-3.66549e-06
0.000336789
-1.06847e-05
0.000337814
-1.7871e-05
0.000339041
-2.48051e-05
0.000340297
-3.16885e-05
0.000341743
-3.80161e-05
0.00034317
-4.40901e-05
0.000344802
-4.93376e-05
0.000346394
-5.42368e-05
0.000348236
-5.81385e-05
0.000350051
-6.17812e-05
0.00035218
-6.43935e-05
0.000354323
-6.70381e-05
0.000356849
-6.87147e-05
0.000359441
-7.08438e-05
0.000362465
-7.2055e-05
0.000365597
-7.41606e-05
0.000369176
-7.52921e-05
0.000372878
-7.7718e-05
0.000377015
-7.89782e-05
0.000381246
-8.18998e-05
0.000385896
-8.33411e-05
0.000390549
-8.68418e-05
0.000395627
-8.84062e-05
0.000400541
-9.25796e-05
0.00040593
-9.40943e-05
0.000410918
-9.91254e-05
-0.000100139
0.000416472
0.000339248
9.72985e-06
-0.000338957
0.000339735
2.85557e-06
0.000340345
-4.27509e-06
0.000341147
-1.14868e-05
0.000342062
-1.87863e-05
0.000343146
-2.58891e-05
0.00034427
-3.28128e-05
0.000345529
-3.92744e-05
0.000346771
-4.53321e-05
0.000348152
-5.07189e-05
0.000349493
-5.5578e-05
0.000351023
-5.96677e-05
0.000352525
-6.32836e-05
0.000354299
-6.61674e-05
0.000356089
-6.88284e-05
0.000358243
-7.08687e-05
0.000360469
-7.30699e-05
0.000363127
-7.47124e-05
0.000365907
-7.69405e-05
0.000369137
-7.85226e-05
0.000372528
-8.11088e-05
0.000376338
-8.27876e-05
0.000380326
-8.58885e-05
0.000384665
-8.768e-05
0.000389164
-9.13409e-05
0.000393943
-9.31847e-05
0.000398789
-9.74261e-05
0.000403889
-9.91943e-05
0.000408846
-0.000104082
-0.000105403
0.00041411
0.000344693
9.60802e-06
-0.000344571
0.000345045
2.50353e-06
0.000345551
-4.78066e-06
0.00034621
-1.21459e-05
0.000346964
-1.95409e-05
0.000347822
-2.67468e-05
0.000348714
-3.37053e-05
0.00034967
-4.02304e-05
0.000350614
-4.62759e-05
0.000351624
-5.17289e-05
0.000352611
-5.65651e-05
0.000353725
-6.07811e-05
0.00035484
-6.43991e-05
0.00035619
-6.75171e-05
0.000357586
-7.02248e-05
0.000359344
-7.26262e-05
0.000361189
-7.49152e-05
0.000363503
-7.70262e-05
0.000365929
-7.93667e-05
0.00036888
-8.14733e-05
0.000371959
-8.41879e-05
0.000375549
-8.63781e-05
0.000379293
-8.96324e-05
0.000383456
-9.18429e-05
0.000387809
-9.56938e-05
0.000392421
-9.77967e-05
0.000397243
-0.000102248
0.000402148
-0.000104099
0.000407184
-0.000109119
-0.000110416
0.000412197
0.000349809
9.5504e-06
-0.000349751
0.000350062
2.24979e-06
0.000350468
-5.18605e-06
0.000350965
-1.26435e-05
0.000351519
-2.00943e-05
0.000352111
-2.73388e-05
0.000352723
-3.43179e-05
0.000353342
-4.08486e-05
0.000353957
-4.68917e-05
0.000354583
-5.23546e-05
0.000355223
-5.72048e-05
0.000355936
-6.14947e-05
0.000356713
-6.51761e-05
0.00035768
-6.84839e-05
0.000358764
-7.13088e-05
0.000360181
-7.40435e-05
0.000361743
-7.64764e-05
0.00036378
-7.90633e-05
0.000365942
-8.15287e-05
0.000368694
-8.42254e-05
0.000371517
-8.70113e-05
0.000374993
-8.98541e-05
0.000378492
-9.31312e-05
0.000382615
-9.59656e-05
0.000386758
-9.98366e-05
0.000391356
-0.000102395
0.000396046
-0.000106937
0.000400877
-0.00010893
0.000405901
-0.000114143
-0.000115183
0.000410669
0.000352836
9.23672e-06
-0.000352523
0.000353254
1.83199e-06
0.000353746
-5.67781e-06
0.000354266
-1.31639e-05
0.000354793
-2.06211e-05
0.000355303
-2.78485e-05
0.000355796
-3.4811e-05
0.000356249
-4.1301e-05
0.000356687
-4.73301e-05
0.000357093
-5.27603e-05
0.000357529
-5.76407e-05
0.00035799
-6.19557e-05
0.000358561
-6.5747e-05
0.000359258
-6.91818e-05
0.000360148
-7.21985e-05
0.000361294
-7.51895e-05
0.000362674
-7.78561e-05
0.000364454
-8.08433e-05
0.000366436
-8.35109e-05
0.000368971
-8.67602e-05
0.000371591
-8.96312e-05
0.000374921
-9.31842e-05
0.000378163
-9.63737e-05
0.000382244
-0.000100046
0.000386063
-0.000103656
0.000390709
-0.000107041
0.000395016
-0.000111244
0.000399864
-0.000113779
0.000404504
-0.000118783
-0.00011969
0.000409011
0.000355604
8.59708e-06
-0.000354964
0.000356257
1.17824e-06
0.000356938
-6.35872e-06
0.000357621
-1.38466e-05
0.000358266
-2.12661e-05
0.00035885
-2.84323e-05
0.000359357
-3.5318e-05
0.000359777
-4.17213e-05
0.00036013
-4.76829e-05
0.000360409
-5.30394e-05
0.000360681
-5.79131e-05
0.000360937
-6.22113e-05
0.000361295
-6.61052e-05
0.000361727
-6.96134e-05
0.000362386
-7.28583e-05
0.000363221
-7.60238e-05
0.000364377
-7.90125e-05
0.000365812
-8.22784e-05
0.000367588
-8.52865e-05
0.00036977
-8.8942e-05
0.000372188
-9.205e-05
0.000375198
-9.61939e-05
0.000378192
-9.93671e-05
0.00038205
-0.000103905
0.000385476
-0.000107082
0.000390048
-0.000111612
0.000393664
-0.000114861
0.000398485
-0.000118599
0.00040198
-0.000122278
-0.000123826
0.000406116
0.000361918
7.9896e-06
-0.00036131
0.000362522
5.73922e-07
0.00036315
-6.98628e-06
0.000363772
-1.44693e-05
0.000364326
-2.18196e-05
0.000364784
-2.88908e-05
0.000365109
-3.56427e-05
0.000365308
-4.19206e-05
0.000365378
-4.77522e-05
0.000365347
-5.30092e-05
0.000365256
-5.78218e-05
0.000365141
-6.2096e-05
0.000365093
-6.60574e-05
0.000365123
-6.96434e-05
0.00036538
-7.31155e-05
0.000365804
-7.6447e-05
0.000366598
-7.9807e-05
0.000367604
-8.32846e-05
0.000369076
-8.67587e-05
0.000370796
-9.06617e-05
0.000372987
-9.42407e-05
0.000375492
-9.86993e-05
0.000378277
-0.000102152
0.000381574
-0.000107202
0.000384623
-0.000110131
0.000388587
-0.000115576
0.000391237
-0.000117511
0.000395344
-0.000122707
0.000396551
-0.000123485
-0.000126817
0.000399542
0.000370053
7.38653e-06
-0.00036945
0.000370579
4.78632e-08
0.000371119
-7.52627e-06
0.000371582
-1.4932e-05
0.000371911
-2.21481e-05
0.000372088
-2.90682e-05
0.000372074
-3.5629e-05
0.000371888
-4.17341e-05
0.000371519
-4.73838e-05
0.00037103
-5.25203e-05
0.000370441
-5.72329e-05
0.000369841
-6.14956e-05
0.000369279
-6.54957e-05
0.000368843
-6.92072e-05
0.000368614
-7.28863e-05
0.00036862
-7.64527e-05
0.000368983
-8.01707e-05
0.000369597
-8.38983e-05
0.000370676
-8.78374e-05
0.000371938
-9.1924e-05
0.000373768
-9.60711e-05
0.000375648
-0.000100579
0.000378049
-0.000104553
0.000380296
-0.000109449
0.000382658
-0.000112494
0.000384827
-0.000117745
0.000385901
-0.000118585
0.000387234
-0.00012404
0.000384704
-0.000120955
-0.000126201
0.000384088
0.000377817
6.43617e-06
-0.000376867
0.000378597
-7.31829e-07
0.000379226
-8.15542e-06
0.000379664
-1.53699e-05
0.000379873
-2.23569e-05
0.000379832
-2.90273e-05
0.000379518
-3.53149e-05
0.000378955
-4.11716e-05
0.000378161
-4.6589e-05
0.000377204
-5.15635e-05
0.000376121
-5.61496e-05
0.000375017
-6.0392e-05
0.000373939
-6.44181e-05
0.000373017
-6.8285e-05
0.00037229
-7.21594e-05
0.000371866
-7.60287e-05
0.000371757
-8.00609e-05
0.000371973
-8.41148e-05
0.000372512
-8.83761e-05
0.000373214
-9.26268e-05
0.000374246
-9.71023e-05
0.000375161
-0.000101494
0.000376356
-0.000105748
0.000376712
-0.000109806
0.000376976
-0.000112757
0.000375418
-0.000116187
0.000372988
-0.000116155
0.000367941
-0.000118993
0.000359443
-0.000112458
-0.00011699
0.000350233
0.000387585
5.44665e-06
-0.000386596
0.000388611
-1.75719e-06
0.000389205
-8.74984e-06
0.00038953
-1.56946e-05
0.000389582
-2.24093e-05
0.000389266
-2.87114e-05
0.000388578
-3.46262e-05
0.000387559
-4.01528e-05
0.000386256
-4.52867e-05
0.000384739
-5.00465e-05
0.000383074
-5.44844e-05
0.000381361
-5.86789e-05
0.000379674
-6.2731e-05
0.000378132
-6.67425e-05
0.000376784
-7.08122e-05
0.000375734
-7.49779e-05
0.000374946
-7.92734e-05
0.00037445
-8.36188e-05
0.000374066
-8.79918e-05
0.000373618
-9.21789e-05
0.000372878
-9.63621e-05
0.000371664
-0.00010028
0.000369821
-0.000103905
0.000366461
-0.000106446
0.000361624
-0.000107921
0.000353507
-0.000108069
0.000343465
-0.000106112
0.000327859
-0.000103387
0.000309855
-9.44542e-05
-9.27278e-05
0.000285593
0.000401114
3.92773e-06
-0.000399595
0.000401956
-2.59885e-06
0.000402631
-9.42469e-06
0.000402809
-1.58723e-05
0.000402402
-2.20028e-05
0.000401509
-2.78178e-05
0.000400182
-3.32994e-05
0.000398463
-3.84339e-05
0.00039641
-4.32343e-05
0.000394102
-4.77379e-05
0.000391628
-5.20102e-05
0.000389081
-5.61319e-05
0.000386542
-6.0192e-05
0.000384078
-6.42792e-05
0.000381728
-6.8462e-05
0.000379511
-7.27612e-05
0.000377367
-7.71292e-05
0.000375184
-8.14357e-05
0.000372681
-8.5489e-05
0.000369547
-8.90446e-05
0.000365076
-9.1891e-05
0.000359058
-9.42622e-05
0.000350912
-9.57588e-05
0.000340135
-9.56687e-05
0.000325993
-9.37784e-05
0.000307431
-8.95077e-05
0.000284278
-8.29589e-05
0.000255109
-7.42178e-05
0.000223619
-6.29643e-05
-5.17818e-05
0.000182673
0.000416123
1.48137e-06
-0.000413677
0.000417898
-4.37319e-06
0.00041861
-1.01371e-05
0.00041858
-1.58423e-05
0.00041789
-2.13132e-05
0.000416545
-2.64723e-05
0.000414565
-3.13193e-05
0.000412011
-3.58798e-05
0.000408969
-4.01922e-05
0.000405533
-4.43021e-05
0.000401801
-4.8278e-05
0.000397856
-5.21873e-05
0.00039376
-5.60963e-05
0.00038951
-6.00293e-05
0.000385022
-6.3974e-05
0.000380166
-6.79046e-05
0.000374732
-7.1695e-05
0.000368388
-7.50921e-05
0.000360737
-7.78381e-05
0.000351418
-7.9725e-05
0.000339789
-8.02625e-05
0.000324786
-7.92587e-05
0.000305585
-7.65581e-05
0.000281934
-7.20181e-05
0.000254058
-6.59017e-05
0.000221885
-5.73352e-05
0.000184043
-4.5117e-05
0.000141885
-3.20598e-05
0.000100677
-2.17557e-05
-1.39045e-05
6.27993e-05
0.000441568
5.61268e-07
-0.000440648
0.000442216
-5.02179e-06
0.000442231
-1.01519e-05
0.000441289
-1.49005e-05
0.000439328
-1.93522e-05
0.000436404
-2.35485e-05
0.000432589
-2.75035e-05
0.000427945
-3.12366e-05
0.000422539
-3.47862e-05
0.000416443
-3.82054e-05
0.00040973
-4.15658e-05
0.000402462
-4.49187e-05
0.000394674
-4.83086e-05
0.00038631
-5.16652e-05
0.000376967
-5.46308e-05
0.000366288
-5.7226e-05
0.000353823
-5.92294e-05
0.000338844
-6.0114e-05
0.00032071
-5.97035e-05
0.000299123
-5.81384e-05
0.000275093
-5.62325e-05
0.000247316
-5.14813e-05
0.000213953
-4.31953e-05
0.000174766
-3.2831e-05
0.000132102
-2.3238e-05
9.01257e-05
-1.53586e-05
5.37524e-05
-8.74378e-06
2.49911e-05
-3.29851e-06
3.90081e-06
-6.65322e-07
-4.93702e-07
-9.51002e-06
0.000474326
-2.28735e-06
-0.000471477
0.000474509
-5.20473e-06
0.000472685
-8.32797e-06
0.000469218
-1.14337e-05
0.000464232
-1.43661e-05
0.000457762
-1.7078e-05
0.000449833
-1.95752e-05
0.000440479
-2.18825e-05
0.000429714
-2.40213e-05
0.000417527
-2.60184e-05
0.000403862
-2.79008e-05
0.00038863
-2.96868e-05
0.000371702
-3.13805e-05
0.00035296
-3.29227e-05
0.000332584
-3.4255e-05
0.000310822
-3.54643e-05
0.000286211
-3.46184e-05
0.000257486
-3.13883e-05
0.000223826
-2.60434e-05
0.000185664
-1.99773e-05
0.000143708
-1.42765e-05
0.000102171
-9.94441e-06
6.4737e-05
-5.76089e-06
3.35378e-05
-1.63188e-06
8.90026e-06
1.39955e-06
-8.47102e-06
2.01272e-06
-1.88849e-05
1.6701e-06
-2.37705e-05
1.58708e-06
-2.60644e-05
1.62864e-06
1.4007e-06
-2.79589e-05
0.000451663
-0.000453951
0.000446459
0.000438131
0.000426697
0.000412331
0.000395253
0.000375678
0.000353795
0.000329774
0.000303755
0.000275855
0.000246168
0.000214787
0.000181865
0.00014761
0.000112145
7.75269e-05
4.61386e-05
2.00952e-05
1.17958e-07
-1.41585e-05
-2.41029e-05
-2.98638e-05
-3.14957e-05
-3.00962e-05
-2.80834e-05
-2.64133e-05
-2.48263e-05
-2.31976e-05
-2.17969e-05
0.000394997
0.000373327
0.000350876
0.000326303
0.000299837
0.000274012
0.000249255
0.000223493
0.000196575
0.000169067
0.000139443
0.000110935
7.49236e-05
4.03452e-05
0.000461349
6.06423e-06
0.000452123
9.22594e-06
0.000439754
1.23682e-05
0.000424418
1.53367e-05
0.000406332
1.80853e-05
0.000385711
2.06215e-05
0.000362737
2.29739e-05
0.00033757
2.5167e-05
0.000310338
2.72325e-05
0.000281138
2.91999e-05
0.000250045
3.10923e-05
0.000217131
3.29145e-05
0.00018252
3.46112e-05
0.000146391
3.61285e-05
0.000108897
3.74944e-05
7.23251e-05
3.65717e-05
3.92849e-05
3.30402e-05
1.21083e-05
2.71765e-05
-8.50486e-06
2.06132e-05
-2.30087e-05
1.45038e-05
-3.29625e-05
9.9538e-06
-3.84673e-05
5.50485e-06
-3.95012e-05
1.03385e-06
-3.70957e-05
-2.4055e-06
-3.41158e-05
-2.9799e-06
-3.18002e-05
-2.31561e-06
-3.00373e-05
-1.76287e-06
-2.8989e-05
-1.04825e-06
1.87452e-07
-2.91765e-05
0.000490624
6.66097e-06
0.000488076
1.17742e-05
0.0004839
1.65436e-05
0.00047821
2.10269e-05
0.000471034
2.5261e-05
0.000462396
2.92594e-05
0.000452322
3.30486e-05
0.000440819
3.66692e-05
0.000427868
4.01841e-05
0.000413402
4.36653e-05
0.00039732
4.71751e-05
0.000379481
5.07528e-05
0.000359753
5.43399e-05
0.000338223
5.76581e-05
0.000315411
6.03067e-05
0.000289569
6.2413e-05
0.000259292
6.33179e-05
0.000223641
6.28269e-05
0.000183131
6.11231e-05
0.000138559
5.90758e-05
9.46342e-05
5.3879e-05
5.53017e-05
4.48374e-05
2.2802e-05
3.35336e-05
-2.70082e-06
2.30973e-05
-2.0499e-05
1.48183e-05
-3.09175e-05
8.10284e-06
-3.58622e-05
3.18184e-06
-3.92226e-05
2.31211e-06
4.81796e-06
-4.38531e-05
0.000456756
6.3393e-06
0.00045634
1.21908e-05
0.000454925
1.79587e-05
0.000452473
2.34788e-05
0.000449047
2.86863e-05
0.000444721
3.3586e-05
0.000439558
3.82115e-05
0.000433624
4.26031e-05
0.000426991
4.68169e-05
0.000419734
5.09227e-05
0.00041191
5.49986e-05
0.000403555
5.91079e-05
0.000394617
6.32778e-05
0.0003848
6.74757e-05
0.000373454
7.16528e-05
0.000360185
7.56819e-05
0.000344211
7.92911e-05
0.000324841
8.21969e-05
0.000301761
8.42039e-05
0.000276109
8.47277e-05
0.000246471
8.35171e-05
0.000210757
8.05513e-05
0.000168627
7.56632e-05
0.000122665
6.90595e-05
7.75733e-05
5.991e-05
3.89019e-05
4.67742e-05
8.8897e-06
3.31941e-05
-1.24618e-05
2.36636e-05
1.79798e-05
-2.56237e-05
0.000431527
5.13565e-06
0.000431795
1.19226e-05
0.000431359
1.8395e-05
0.00043027
2.45672e-05
0.000428527
3.04295e-05
0.00042615
3.59627e-05
0.000423202
4.11597e-05
0.000419767
4.6038e-05
0.000415942
5.06422e-05
0.000411823
5.50419e-05
0.000407498
5.93233e-05
0.000403029
6.35772e-05
0.000398416
6.78907e-05
0.00039356
7.23314e-05
0.00038829
7.6923e-05
0.000382377
8.15951e-05
0.000375464
8.62041e-05
0.00036712
9.05409e-05
0.000356966
9.43578e-05
0.000344306
9.73877e-05
0.000327921
9.9902e-05
0.00030693
0.000101542
0.000281018
0.000101575
0.000250342
9.97352e-05
0.000214953
9.5299e-05
0.00017313
8.85971e-05
0.000126718
7.96066e-05
8.21937e-05
6.81875e-05
5.68563e-05
4.33172e-05
0.000414582
4.38689e-06
0.000415006
1.14986e-05
0.00041488
1.85208e-05
0.000414172
2.52746e-05
0.00041298
3.16222e-05
0.000411348
3.75944e-05
0.000409321
4.31865e-05
0.000406961
4.83979e-05
0.000404348
5.32552e-05
0.000401575
5.78149e-05
0.000398737
6.21611e-05
0.000395916
6.63984e-05
0.000393176
7.06314e-05
0.000390544
7.49625e-05
0.000388042
7.94256e-05
0.000385592
8.40452e-05
0.000383067
8.87285e-05
0.000380154
9.34545e-05
0.000376508
9.80038e-05
0.000371358
0.000102537
0.000364413
0.000106848
0.000355048
0.000110907
0.000342704
0.000113919
0.000326589
0.000115849
0.000305472
0.000116416
0.000279047
0.000115022
0.000245952
0.000112702
0.000209869
0.000104271
0.000102977
0.000163748
0.0004005
3.69751e-06
0.000400875
1.11235e-05
0.000400993
1.84028e-05
0.000400812
2.54554e-05
0.000400252
3.2182e-05
0.000399321
3.85256e-05
0.000398063
4.44447e-05
0.000396522
4.99389e-05
0.00039477
5.50067e-05
0.000392874
5.9711e-05
0.000390938
6.4098e-05
0.000389033
6.83034e-05
0.000387278
7.2386e-05
0.000385725
7.65159e-05
0.00038447
8.06804e-05
0.000383477
8.5038e-05
0.000382747
8.94589e-05
0.000382099
9.41019e-05
0.000381312
9.87913e-05
0.000380133
0.000103716
0.000378304
0.000108676
0.000375704
0.000113507
0.000371323
0.000118301
0.00036523
0.000121942
0.000355329
0.000126317
0.000343239
0.000127112
0.000324693
0.000131248
0.000303747
0.000125217
0.000132099
0.000274625
0.000389731
3.04986e-06
0.000390212
1.06428e-05
0.000390498
1.81171e-05
0.000390547
2.54063e-05
0.00039034
3.23887e-05
0.000389852
3.90138e-05
0.000389115
4.51817e-05
0.000388144
5.09099e-05
0.000387014
5.61365e-05
0.000385761
6.09641e-05
0.000384492
6.53671e-05
0.000383258
6.95373e-05
0.000382181
7.34624e-05
0.000381317
7.73801e-05
0.000380749
8.1249e-05
0.000380512
8.52745e-05
0.000380568
8.94029e-05
0.000380955
9.37152e-05
0.000381425
9.83215e-05
0.000382205
0.000102936
0.000382738
0.000108143
0.00038353
0.000112715
0.000383276
0.000118554
0.000382883
0.000122336
0.000380307
0.000128893
0.000376888
0.000130531
0.00037024
0.000137896
0.000360206
0.000135251
0.000143702
0.000348603
0.000381202
2.57614e-06
0.000381634
1.02107e-05
0.000381984
1.77672e-05
0.000382191
2.51996e-05
0.000382244
3.23356e-05
0.000382099
3.91588e-05
0.000381782
4.5499e-05
0.000381282
5.14097e-05
0.000380665
5.67536e-05
0.000379954
6.1675e-05
0.000379235
6.60857e-05
0.000378569
7.02035e-05
0.000378031
7.40003e-05
0.00037772
7.76911e-05
0.000377643
8.13268e-05
0.000377941
8.49765e-05
0.000378478
8.88657e-05
0.000379482
9.27106e-05
0.000380647
9.71573e-05
0.000382362
0.00010122
0.000384105
0.000106401
0.000386339
0.000110481
0.000388399
0.000116494
0.000390537
0.000120198
0.000392479
0.000126951
0.000393296
0.000129714
0.000394478
0.000136714
0.000391521
0.000138207
0.000144122
0.000391101
0.000372715
2.03202e-06
0.000373261
9.6655e-06
0.000373799
1.72288e-05
0.000374262
2.47366e-05
0.000374633
3.19647e-05
0.000374865
3.89271e-05
0.000374975
4.53881e-05
0.000374953
5.14321e-05
0.000374841
5.68661e-05
0.000374666
6.18491e-05
0.000374484
6.62677e-05
0.000374369
7.03184e-05
0.000374359
7.40103e-05
0.00037457
7.74804e-05
0.000374988
8.09084e-05
0.000375755
8.42103e-05
0.000376793
8.78268e-05
0.000378246
9.12583e-05
0.000380035
9.53681e-05
0.000382215
9.90404e-05
0.000384846
0.00010377
0.000387656
0.000107671
0.000391189
0.000112961
0.000394368
0.000117019
0.000398825
0.000122494
0.000401832
0.000126708
0.000406984
0.000131561
0.000408915
0.000136276
0.000139095
0.000413943
0.000365745
1.38997e-06
0.000366398
9.01337e-06
0.000367058
1.65681e-05
0.000367671
2.41236e-05
0.00036823
3.14064e-05
0.000368698
3.84588e-05
0.000369094
4.49918e-05
0.000369406
5.11206e-05
0.00036967
5.66016e-05
0.000369903
6.1616e-05
0.000370165
6.6006e-05
0.000370493
6.99907e-05
0.000370965
7.35376e-05
0.000371611
7.68348e-05
0.000372535
7.99839e-05
0.000373701
8.30448e-05
0.000375288
8.62402e-05
0.000377107
8.94394e-05
0.000379522
9.2953e-05
0.000382048
9.65141e-05
0.000385423
0.000100395
0.000388655
0.000104439
0.000393123
0.000108493
0.000397047
0.000113095
0.000402699
0.000116842
0.000407287
0.00012212
0.00041403
0.000124818
0.000419307
0.000130999
0.000131726
0.000426675
0.000362128
9.31321e-07
0.000362636
8.50592e-06
0.000363183
1.60203e-05
0.000363718
2.35893e-05
0.00036425
3.08742e-05
0.00036474
3.79691e-05
0.000365221
4.45103e-05
0.000365652
5.06893e-05
0.000366104
5.61503e-05
0.000366533
6.11867e-05
0.000367068
6.54714e-05
0.000367641
6.94168e-05
0.000368456
7.27233e-05
0.000369371
7.592e-05
0.000370691
7.86633e-05
0.000372135
8.16008e-05
0.000374169
8.42067e-05
0.000376282
8.73263e-05
0.000379188
9.0047e-05
0.000382058
9.36439e-05
0.00038596
9.6493e-05
0.00038967
0.000100729
0.000394686
0.000103477
0.000399362
0.000108418
0.000405585
0.00011062
0.000411416
0.000116288
0.000418879
0.000117355
0.000426132
0.000123746
0.000123066
0.000434792
0.000358657
6.40927e-07
0.000359095
8.06847e-06
0.000359632
1.5483e-05
0.000360198
2.30232e-05
0.000360828
3.02443e-05
0.000361445
3.73522e-05
0.000362114
4.38406e-05
0.000362735
5.00693e-05
0.000363435
5.54496e-05
0.000364086
6.05358e-05
0.00036491
6.46471e-05
0.000365718
6.86089e-05
0.000366847
7.15948e-05
0.000367999
7.47682e-05
0.000369648
7.70139e-05
0.000371337
7.99118e-05
0.000373708
8.18363e-05
0.000376094
8.49398e-05
0.000379341
8.68005e-05
0.000382551
9.04333e-05
0.000386798
9.22465e-05
0.000390966
9.65608e-05
0.000396336
9.81072e-05
0.000401632
0.000103122
0.000408259
0.000103993
0.000414896
0.000109651
0.000422938
0.000109313
0.000431135
0.000115549
0.000113403
0.000440799
0.000353336
2.39208e-07
0.000353906
7.49818e-06
0.00035463
1.47589e-05
0.000355422
2.22312e-05
0.00035634
2.93259e-05
0.000357262
3.64308e-05
0.00035829
4.28123e-05
0.000359262
4.90973e-05
0.000360365
5.43462e-05
0.00036139
5.95112e-05
0.000362633
6.34041e-05
0.000363812
6.74299e-05
0.000365348
7.00582e-05
0.000366855
7.32621e-05
0.000368885
7.49839e-05
0.000370913
7.78836e-05
0.000373631
7.91179e-05
0.000376356
8.22146e-05
0.000379925
8.32322e-05
0.000383496
8.68616e-05
0.000388057
8.76859e-05
0.000392625
9.19923e-05
0.000398332
9.24007e-05
0.000404067
9.7387e-05
0.000411104
9.69552e-05
0.000418187
0.000102569
0.000426782
0.000100718
0.000435373
0.000106957
0.000102972
0.000445804
0.000347671
-3.26231e-07
0.000348366
6.80318e-06
0.000349252
1.38729e-05
0.00035024
2.12436e-05
0.000351407
2.81583e-05
0.000352601
3.52373e-05
0.000353953
4.14605e-05
0.000355265
4.77847e-05
0.000356758
5.28537e-05
0.000358179
5.809e-05
0.000359854
6.17288e-05
0.000361462
6.58222e-05
0.000363443
6.80767e-05
0.000365385
7.13205e-05
0.000367847
7.25222e-05
0.000370301
7.5429e-05
0.000373426
7.59931e-05
0.000376564
7.90766e-05
0.000380517
7.9279e-05
0.00038449
8.28891e-05
0.000389429
8.27466e-05
0.000394384
8.70371e-05
0.000400484
8.6301e-05
0.000406579
9.12918e-05
0.000414044
8.9491e-05
0.000421439
9.51737e-05
0.000430493
9.16629e-05
0.000439332
9.81189e-05
9.20742e-05
0.00045023
0.000342642
-1.09792e-06
0.000343484
5.9603e-06
0.000344516
1.2841e-05
0.00034565
2.01104e-05
0.000346978
2.68303e-05
0.000348348
3.38664e-05
0.000349907
3.99016e-05
0.000351456
4.6236e-05
0.000353217
5.10928e-05
0.000354942
5.6365e-05
0.000356947
5.97236e-05
0.000358919
6.38504e-05
0.000361275
6.57207e-05
0.00036362
6.89758e-05
0.000366478
6.96636e-05
0.000369354
7.25537e-05
0.000372881
7.24655e-05
0.000376443
7.55148e-05
0.000380798
7.49237e-05
0.00038519
7.84978e-05
0.000390529
7.74075e-05
0.00039589
8.16754e-05
0.000402384
7.98076e-05
0.000408863
8.48129e-05
0.000416697
8.16569e-05
0.000424438
8.74329e-05
0.000433801
8.22992e-05
0.00044294
8.89806e-05
8.09774e-05
0.000454036
0.000339431
-1.98845e-06
0.000340368
5.02319e-06
0.000341462
1.17474e-05
0.000342638
1.89337e-05
0.000343997
2.54717e-05
0.000345419
3.24446e-05
0.000347038
3.82829e-05
0.000348685
4.4589e-05
0.000350556
4.92211e-05
0.000352446
5.44751e-05
0.000354628
5.7542e-05
0.000356836
6.1642e-05
0.000359429
6.31275e-05
0.00036207
6.63349e-05
0.000365212
6.6522e-05
0.000368426
6.934e-05
0.000372265
6.86261e-05
0.000376194
7.15863e-05
0.000380874
7.02437e-05
0.000385652
7.37197e-05
0.000391312
7.1747e-05
0.000397075
7.59122e-05
0.000403863
7.30204e-05
0.000410749
7.79264e-05
0.000418809
7.35971e-05
0.000426947
7.92948e-05
0.000436408
7.28384e-05
0.000445919
7.94696e-05
6.9979e-05
0.000456917
0.000338261
-2.87642e-06
0.000339226
4.05866e-06
0.000340298
1.06756e-05
0.000341437
1.77942e-05
0.000342734
2.41748e-05
0.000344128
3.10508e-05
0.000345704
3.67064e-05
0.000347359
4.29339e-05
0.000349226
4.73541e-05
0.000351184
5.25171e-05
0.000353417
5.53095e-05
0.000355762
5.92971e-05
0.000358462
6.04274e-05
0.000361302
6.34945e-05
0.000364599
6.32257e-05
0.000368062
6.58765e-05
0.000372089
6.45988e-05
0.000376305
6.73703e-05
0.000381189
6.53599e-05
0.000386285
6.86242e-05
0.000392142
6.58897e-05
0.000398246
6.98077e-05
0.000405189
6.60772e-05
0.000412432
7.06839e-05
0.00042056
6.54693e-05
0.000429043
7.08119e-05
0.000438423
6.34582e-05
0.000448225
6.96674e-05
5.92732e-05
0.000458931
0.000338386
-3.69939e-06
0.000339349
3.09529e-06
0.000340352
9.67341e-06
0.00034144
1.67056e-05
0.000342659
2.29564e-05
0.000344035
2.96742e-05
0.000345546
3.51952e-05
0.000347215
4.12649e-05
0.000349043
4.55265e-05
0.000351073
5.04873e-05
0.000353303
5.30793e-05
0.00035578
5.68198e-05
0.000358512
5.76953e-05
0.000361543
6.04643e-05
0.0003649
5.9868e-05
0.000368599
6.21777e-05
0.000372706
6.0492e-05
0.000377187
6.28892e-05
0.000382157
6.03903e-05
0.000387535
6.32457e-05
0.000393464
5.99614e-05
0.000399861
6.34106e-05
0.000406821
5.91166e-05
0.000414356
6.3149e-05
0.000422392
5.74332e-05
0.000431148
6.20562e-05
0.000440257
5.43495e-05
0.000450247
5.96773e-05
4.91465e-05
0.000460374
0.000338759
-4.45698e-06
0.000339687
2.16748e-06
0.000340569
8.79142e-06
0.000341642
1.56325e-05
0.000342815
2.17834e-05
0.00034425
2.82394e-05
0.000345724
3.37208e-05
0.000347496
3.94935e-05
0.000349312
4.37099e-05
0.000351514
4.82851e-05
0.000353752
5.08413e-05
0.000356464
5.41083e-05
0.000359211
5.49484e-05
0.000362532
5.71435e-05
0.000365902
5.64976e-05
0.000369932
5.81475e-05
0.000374044
5.63806e-05
0.000378871
5.80618e-05
0.000383836
5.54248e-05
0.000389544
5.75381e-05
0.00039546
5.40453e-05
0.000402138
5.6733e-05
0.000409059
5.2195e-05
0.0004168
5.54082e-05
0.000424709
4.9524e-05
0.000433586
5.31799e-05
0.000442385
4.55497e-05
0.000452347
4.97157e-05
3.9617e-05
0.000461876
0.000338106
-5.24208e-06
0.000338959
1.31451e-06
0.000339706
8.04452e-06
0.000340861
1.44771e-05
0.000342063
2.05814e-05
0.000343671
2.66313e-05
0.000345173
3.22192e-05
0.000347192
3.74743e-05
0.000349066
4.18365e-05
0.000351604
4.57466e-05
0.0003539
4.85456e-05
0.000357022
5.09865e-05
0.000359804
5.21661e-05
0.000363603
5.33442e-05
0.000366967
5.31336e-05
0.000371523
5.35914e-05
0.000375574
5.23301e-05
0.000380945
5.26901e-05
0.0003858
5.05699e-05
0.000392021
5.13178e-05
0.000397804
4.82619e-05
0.000404891
4.96455e-05
0.000411695
4.53913e-05
0.000419662
4.74418e-05
0.000427445
4.17406e-05
0.000436316
4.4309e-05
0.000444857
3.70083e-05
0.000454568
4.00052e-05
3.06745e-05
0.00046351
0.000335357
-6.03948e-06
0.000336063
6.0849e-07
0.000336733
7.37489e-06
0.000338093
1.31165e-05
0.000339401
1.92734e-05
0.000341288
2.47446e-05
0.000342903
3.06039e-05
0.000345318
3.50599e-05
0.000347343
3.98108e-05
0.000350379
4.27106e-05
0.000352819
4.61062e-05
0.000356527
4.72784e-05
0.000359412
4.92806e-05
0.000363875
4.88816e-05
0.00036726
4.97489e-05
0.000372546
4.83051e-05
0.000376497
4.83786e-05
0.000382654
4.65333e-05
0.00038727
4.59546e-05
0.000394297
4.42909e-05
0.000399717
4.28418e-05
0.000407542
4.18202e-05
0.000413954
3.89791e-05
0.000422416
3.89798e-05
0.000429904
3.42526e-05
0.00043884
3.53727e-05
0.000447075
2.87731e-05
0.000456503
3.05781e-05
2.24405e-05
0.000464737
0.000329575
-6.69606e-06
0.000330124
5.97432e-08
0.000330892
6.60664e-06
0.000332564
1.14448e-05
0.000334052
1.77855e-05
0.000336285
2.25117e-05
0.000338134
2.87549e-05
0.000341042
3.2152e-05
0.000343352
3.75001e-05
0.000346982
3.90807e-05
0.000349709
4.33798e-05
0.000354096
4.28914e-05
0.000357228
4.61482e-05
0.000362438
4.36717e-05
0.000365965
4.6222e-05
0.000372071
4.21985e-05
0.000375988
4.44617e-05
0.000383059
3.94627e-05
0.000387387
4.16263e-05
0.000395451
3.62271e-05
0.000400271
3.80218e-05
0.000409233
3.28577e-05
0.000414762
3.34506e-05
0.000424274
2.94675e-05
0.00043089
2.76373e-05
0.000440314
2.59481e-05
0.000448119
2.0968e-05
0.000457004
2.16936e-05
1.46209e-05
0.000464823
0.000320135
-7.14549e-06
0.000320604
-4.09248e-07
0.000321699
5.51184e-06
0.000323707
9.43699e-06
0.000325462
1.60304e-05
0.000328061
1.99125e-05
0.000330299
2.65165e-05
0.00033372
2.87311e-05
0.000336493
3.47273e-05
0.000340718
3.48562e-05
0.00034394
4.01576e-05
0.000348978
3.78528e-05
0.00035259
4.25369e-05
0.00035848
3.77812e-05
0.000362392
4.231e-05
0.000369215
3.53758e-05
0.000373328
4.03487e-05
0.000381194
3.15964e-05
0.000385397
3.74236e-05
0.000394444
2.71799e-05
0.000398642
3.3824e-05
0.000408938
2.25616e-05
0.00041312
2.92686e-05
0.000424389
1.81987e-05
0.000428955
2.30715e-05
0.000440105
1.47972e-05
0.000446139
1.49341e-05
0.00045525
1.25833e-05
7.80789e-06
0.000462063
0.000306448
-7.24646e-06
0.000307177
-1.13778e-06
0.0003088
3.88877e-06
0.000311076
7.16109e-06
0.000313202
1.39039e-05
0.000316144
1.69709e-05
0.000318949
2.37116e-05
0.000322829
2.48512e-05
0.000326273
3.12829e-05
0.000331006
3.01236e-05
0.00033498
3.61829e-05
0.000340533
3.23001e-05
0.000344923
3.81476e-05
0.000351281
3.14228e-05
0.000355927
3.76637e-05
0.000363147
2.81559e-05
0.000367868
3.56276e-05
0.000376088
2.33769e-05
0.000380636
3.28749e-05
0.000390102
1.77147e-05
0.000394164
2.97617e-05
0.000405234
1.14919e-05
0.000408379
2.61237e-05
0.000421208
5.36981e-06
0.000423324
2.09545e-05
0.000437123
9.99158e-07
0.000439429
1.26278e-05
0.000450813
1.19926e-06
2.73745e-06
0.000455883
0.000288131
-6.90874e-06
0.000289574
-2.5815e-06
0.000291802
1.6615e-06
0.000294205
4.75752e-06
0.000296776
1.13329e-05
0.000299992
1.37546e-05
0.000303516
2.01885e-05
0.000307757
2.06101e-05
0.000312072
2.69675e-05
0.000317185
2.50109e-05
0.000322162
3.12056e-05
0.000328041
2.64216e-05
0.000333498
3.26898e-05
0.00034004
2.48811e-05
0.000345769
3.19345e-05
0.000352943
2.09823e-05
0.00035871
2.98604e-05
0.000366635
1.54522e-05
0.000372111
2.73989e-05
0.000381055
8.77039e-06
0.000385751
2.50659e-05
0.000396321
9.22015e-07
0.000399399
2.30457e-05
0.000412454
-7.68594e-06
0.000412637
2.07723e-05
0.000428951
-1.53154e-05
0.000426191
1.53877e-05
0.000442216
-1.48253e-05
6.29565e-07
0.000444324
0.000265258
-6.60093e-06
0.000267271
-4.59409e-06
0.000270027
-1.09496e-06
0.000272577
2.20785e-06
0.00027552
8.39005e-06
0.000278898
1.03765e-05
0.00028306
1.60261e-05
0.00028752
1.61507e-05
0.000292749
2.17385e-05
0.000298113
1.96467e-05
0.000304214
2.51048e-05
0.000310236
2.03994e-05
0.000316946
2.598e-05
0.000323357
1.84702e-05
0.000330422
2.4869e-05
0.000337014
1.43902e-05
0.000344151
2.2724e-05
0.000350944
8.65887e-06
0.00035787
2.04731e-05
0.000365002
1.63848e-06
0.000371205
1.8863e-05
0.000379208
-7.08099e-06
0.000383755
1.84985e-05
0.000393916
-1.78466e-05
0.000394818
1.98696e-05
0.000409948
-3.04448e-05
0.000403618
2.17172e-05
0.000424488
-3.5695e-05
4.48563e-06
0.000420632
0.000236837
-6.73715e-06
0.000239082
-6.83915e-06
0.000241279
-3.29166e-06
0.000243284
2.02478e-07
0.000246578
5.09658e-06
0.000250086
6.86826e-06
0.000254771
1.13411e-05
0.000259457
1.14643e-05
0.000265472
1.57234e-05
0.00027111
1.40093e-05
0.000278175
1.804e-05
0.000284335
1.42387e-05
0.000292066
1.82489e-05
0.000298268
1.22682e-05
0.000306344
1.67935e-05
0.000312152
8.58213e-06
0.00032031
1.4566e-05
0.000325311
3.65753e-06
0.000333461
1.23233e-05
0.000337495
-2.39564e-06
0.000345462
1.08956e-05
0.0003485
-1.01189e-05
0.000355489
1.15097e-05
0.00035892
-2.12775e-05
0.000362894
1.58957e-05
0.000370665
-3.82154e-05
0.000365711
2.66704e-05
0.000387633
-5.76163e-05
1.66886e-05
0.00037543
0.000200499
-7.59755e-06
0.000202105
-8.4446e-06
0.000203176
-4.36306e-06
0.000204584
-1.20493e-06
0.000207068
2.61206e-06
0.000210133
3.80358e-06
0.000214635
6.83853e-06
0.000219296
6.80376e-06
0.000225512
9.50756e-06
0.000231298
8.22304e-06
0.000238684
1.06543e-05
0.000244886
8.03659e-06
0.000252813
1.03218e-05
0.00025869
6.39085e-06
0.000266622
8.86142e-06
0.00027157
3.63453e-06
0.000279318
6.81799e-06
0.000282593
3.8208e-07
0.000290096
4.8209e-06
0.000291185
-3.48541e-06
0.000298627
3.45386e-06
0.000296628
-8.11983e-06
0.000304747
3.3908e-06
0.000298335
-1.48656e-05
0.000307136
7.09513e-06
0.000299758
-3.08374e-05
0.000303253
2.31748e-05
0.000312051
-6.6414e-05
3.32686e-05
0.000295471
0.000148065
-5.38794e-06
0.00014589
-6.26904e-06
0.000144699
-3.17235e-06
0.000144573
-1.07881e-06
0.000146389
7.95374e-07
0.000148942
1.25094e-06
0.000153229
2.55141e-06
0.000157625
2.40836e-06
0.000163637
3.49515e-06
0.000169046
2.81383e-06
0.000175946
3.75456e-06
0.000181439
2.54326e-06
0.000188365
3.39566e-06
0.000193067
1.68966e-06
0.000199266
2.66213e-06
0.000202447
4.53642e-07
0.00020752
1.7444e-06
0.000208837
-9.34551e-07
0.000212824
8.33757e-07
0.000211638
-2.29901e-06
0.000215034
5.72621e-08
0.000210599
-3.68455e-06
0.00021441
-4.19622e-07
0.000204717
-5.17317e-06
0.000212318
-5.06112e-07
0.000190051
-8.57005e-06
0.000206769
6.45645e-06
0.000184584
-4.42283e-05
3.07149e-05
0.000187137
7.02674e-05
6.39983e-05
6.0826e-05
5.97472e-05
6.05425e-05
6.17935e-05
6.43449e-05
6.67532e-05
7.02484e-05
7.30622e-05
7.68168e-05
7.936e-05
8.27557e-05
8.44454e-05
8.71075e-05
8.75611e-05
8.93055e-05
8.8371e-05
8.92047e-05
8.69057e-05
8.6963e-05
8.32784e-05
8.28588e-05
7.76856e-05
7.71795e-05
6.86095e-05
7.50659e-05
3.08376e-05
6.15525e-05
-2.68083e-06
-1.91161e-05
-2.25753e-06
-2.83822e-05
9.05495e-06
-2.08225e-05
5.71929e-05
1.46613e-05
0.000146023
9.38425e-05
0.000239715
0.000191901
0.000317741
0.000272206
0.000376533
0.000325296
0.000420103
0.000355972
0.000454532
0.000371687
0.000485145
0.000378398
0.00051473
0.000381084
0.00054486
0.000382067
0.000576124
0.000382846
0.00060791
0.000384685
0.000640372
0.000386538
0.00067247
0.000389504
0.000704256
0.000392478
0.000736678
0.000395017
0.000768858
0.000399187
0.000803307
0.000401208
0.000837149
0.000406214
0.000871202
0.000408706
0.000903989
0.000410699
0.000930222
0.000414148
0.00095373
0.000405446
0.00094306
0.000410522
0.000898977
0.000378342
0.00074447
0.000381942
0.000288001
0.000543043
-1.81299e-06
-1.73031e-05
-1.81211e-06
-2.8383e-05
2.52424e-06
-2.51588e-05
2.54435e-05
-8.25791e-06
8.55726e-05
3.37134e-05
0.000172751
0.000104723
0.000262782
0.000182175
0.000341191
0.000246887
0.000403992
0.000293171
0.000452338
0.000323341
0.000489782
0.000340954
0.000521217
0.000349648
0.000549427
0.000353858
0.000577697
0.000354576
0.000607463
0.00035492
0.000638403
0.000355598
0.000672133
0.000355774
0.00070561
0.000359001
0.000740615
0.000360012
0.000775588
0.000364214
0.000809194
0.000367602
0.000846193
0.000369214
0.000877522
0.000377377
0.000915759
0.000372462
0.000942672
0.000387234
0.000974103
0.000374016
0.000989059
0.000395565
0.000995354
0.000372047
0.000988788
0.000388508
0.000344739
0.00093205
-9.95545e-07
-1.63076e-05
-7.67526e-07
-2.86111e-05
1.83536e-06
-2.77617e-05
1.13207e-05
-1.77432e-05
4.21194e-05
2.91462e-06
0.000103646
4.31968e-05
0.000185557
0.000100263
0.000271919
0.000160525
0.000351746
0.000213344
0.000420738
0.000254349
0.000477114
0.000284577
0.000522253
0.00030451
0.000559272
0.000316839
0.000589406
0.000324442
0.000617606
0.000326719
0.000644068
0.000329135
0.000671546
0.000328297
0.000701881
0.000328666
0.000731862
0.000330031
0.000767975
0.000328101
0.000800495
0.000335082
0.000840177
0.000329532
0.000874794
0.00034276
0.000913495
0.000333761
0.000949214
0.000351515
0.000982019
0.000341211
0.00101901
0.000358577
0.00104255
0.000348506
0.00107113
0.000359928
0.000352314
0.00106355
-4.88777e-07
-1.58188e-05
-2.4204e-07
-2.88578e-05
1.76634e-06
-2.97701e-05
6.75637e-06
-2.27332e-05
2.02581e-05
-1.05871e-05
5.33636e-05
1.00913e-05
0.000110236
4.33912e-05
0.000184329
8.6432e-05
0.000265279
0.000132394
0.000344897
0.000174731
0.000419284
0.000210191
0.000484232
0.000239561
0.000540652
0.000260419
0.000588127
0.000276967
0.000627218
0.000287629
0.000662198
0.000294155
0.000690097
0.000300398
0.000719226
0.000299537
0.000743522
0.000305735
0.000771642
0.000299981
0.000798585
0.000308139
0.000827939
0.000300179
0.000860715
0.000309984
0.000891703
0.000302773
0.000930612
0.000312606
0.000963508
0.000308315
0.00100629
0.000315793
0.00103962
0.000315182
0.00107976
0.000319779
0.00032208
0.00111
-3.55243e-07
-1.54635e-05
-4.68415e-07
-2.87446e-05
8.12871e-07
-3.10514e-05
4.25412e-06
-2.61745e-05
1.11392e-05
-1.74722e-05
2.65248e-05
-5.2943e-06
5.74029e-05
1.25131e-05
0.000106244
3.75904e-05
0.0001702
6.84388e-05
0.00024248
0.000102452
0.000318264
0.000134407
0.000393859
0.000163966
0.000464074
0.000190203
0.000531256
0.000209785
0.000589211
0.000229674
0.000643609
0.000239757
0.000689237
0.00025477
0.000730904
0.000257869
0.000767316
0.000269324
0.000798794
0.000268503
0.000829887
0.000277046
0.000855107
0.000274958
0.000884145
0.000280946
0.000907499
0.000279418
0.000936887
0.000283218
0.000962192
0.00028301
0.000992816
0.000285169
0.00102205
0.000285944
0.00105452
0.00028731
0.000288913
0.00108769
-5.82099e-07
-1.48814e-05
-1.42923e-06
-2.78975e-05
-1.25493e-06
-3.12257e-05
8.40331e-07
-2.82697e-05
5.30158e-06
-2.19334e-05
1.33935e-05
-1.33862e-05
2.85176e-05
-2.61104e-06
5.46805e-05
1.14275e-05
9.40902e-05
2.90291e-05
0.000146004
5.0538e-05
0.000206219
7.41913e-05
0.000274331
9.58542e-05
0.000343217
0.000121317
0.000415047
0.000137955
0.00048397
0.000160751
0.000551266
0.00017246
0.000615337
0.000190699
0.000674399
0.000198808
0.000731186
0.000212537
0.000781287
0.000218401
0.000829967
0.000228367
0.000871961
0.000232965
0.000912749
0.000240157
0.000948201
0.000243967
0.000982135
0.000249285
0.00101263
0.000252519
0.00104112
0.000256676
0.0010676
0.000259465
0.00109212
0.000262786
0.000265304
0.00111573
-1.11714e-06
-1.37643e-05
-3.01723e-06
-2.59974e-05
-4.26682e-06
-2.99761e-05
-3.84139e-06
-2.86952e-05
-1.31309e-06
-2.44617e-05
3.70642e-06
-1.84057e-05
1.20633e-05
-1.09679e-05
2.56429e-05
-2.15207e-06
4.64808e-05
8.19117e-06
7.68081e-05
2.02106e-05
0.000115698
3.53018e-05
0.000163365
4.81872e-05
0.000217786
6.68956e-05
0.000277048
7.86933e-05
0.000340586
9.72134e-05
0.000405254
0.000107792
0.00047234
0.000123613
0.000538034
0.000133114
0.000604637
0.000145934
0.000668604
0.000154435
0.000732172
0.000164799
0.000792605
0.000172531
0.000851717
0.000181046
0.000907349
0.000188334
0.000961229
0.000195405
0.00101102
0.000202726
0.0010591
0.0002086
0.00110209
0.000216476
0.00114397
0.000220899
0.000229528
0.00117975
-1.88736e-06
-1.18769e-05
-5.08973e-06
-2.2795e-05
-7.98283e-06
-2.7083e-05
-9.53449e-06
-2.71435e-05
-9.22525e-06
-2.4771e-05
-6.77967e-06
-2.08513e-05
-1.94588e-06
-1.58017e-05
5.8062e-06
-9.90415e-06
1.71763e-05
-3.17897e-06
3.34843e-05
3.90271e-06
5.58164e-05
1.29697e-05
8.36758e-05
2.03278e-05
0.000119088
3.14833e-05
0.000158751
3.90307e-05
0.000205455
5.05091e-05
0.000255082
5.81643e-05
0.000310041
6.86546e-05
0.000366795
7.63597e-05
0.000427427
8.53017e-05
0.000488703
9.31586e-05
0.000552942
0.00010056
0.000616623
0.000108851
0.000682792
0.000114877
0.000747144
0.000123982
0.000813749
0.0001288
0.000877365
0.000139111
0.000943175
0.00014279
0.00100509
0.000154562
0.00106906
0.00015693
0.000170246
0.00112834
-2.80118e-06
-9.07577e-06
-7.45294e-06
-1.81433e-05
-1.21187e-05
-2.24173e-05
-1.58242e-05
-2.3438e-05
-1.80525e-05
-2.25427e-05
-1.84978e-05
-2.04059e-05
-1.69459e-05
-1.73537e-05
-1.322e-05
-1.36301e-05
-7.03636e-06
-9.36256e-06
1.90464e-06
-5.0383e-06
1.4429e-05
4.45292e-07
2.99455e-05
4.81136e-06
5.06257e-05
1.08031e-05
7.42748e-05
1.53815e-05
0.000103533
2.1251e-05
0.000135815
2.58819e-05
0.000173222
3.12475e-05
0.000213552
3.60306e-05
0.000258379
4.04743e-05
0.000305737
4.5801e-05
0.000357161
4.91352e-05
0.000410548
5.54636e-05
0.000467715
5.77098e-05
0.000526257
6.54404e-05
0.000588279
6.67777e-05
0.000651212
7.61773e-05
0.000717195
7.68073e-05
0.000783734
8.80221e-05
0.000852595
8.80693e-05
0.000101235
0.000921606
-3.76239e-06
-5.31338e-06
-9.90052e-06
-1.20051e-05
-1.63695e-05
-1.59483e-05
-2.22873e-05
-1.75202e-05
-2.71951e-05
-1.76349e-05
-3.07931e-05
-1.6808e-05
-3.28596e-05
-1.52872e-05
-3.32176e-05
-1.3272e-05
-3.16548e-05
-1.09253e-05
-2.82397e-05
-8.45339e-06
-2.21904e-05
-5.60404e-06
-1.4211e-05
-3.16802e-06
-3.12189e-06
-2.86022e-07
1.02614e-05
1.99829e-06
2.70222e-05
4.49017e-06
4.63738e-05
6.53027e-06
6.91412e-05
8.48011e-06
9.48254e-05
1.03464e-05
0.000123648
1.16521e-05
0.000155804
1.36446e-05
0.000190714
1.42256e-05
0.000229381
1.67967e-05
0.00027036
1.67302e-05
0.000315511
2.02894e-05
0.000362522
1.9767e-05
0.000413966
2.47335e-05
0.000466848
2.39244e-05
0.000524171
3.06994e-05
0.000582597
2.96432e-05
3.87541e-05
0.000645078
-4.67601e-06
-6.37362e-07
-1.22241e-05
-4.45707e-06
-2.04162e-05
-7.75615e-06
-2.84771e-05
-9.4593e-06
-3.6034e-05
-1.0078e-05
-4.28197e-05
-1.00222e-05
-4.86238e-05
-9.48305e-06
-5.32676e-05
-8.62822e-06
-5.65876e-05
-7.60535e-06
-5.851e-05
-6.53096e-06
-5.86906e-05
-5.4235e-06
-5.73374e-05
-4.52125e-06
-5.39369e-05
-3.68651e-06
-4.87348e-05
-3.20377e-06
-4.13553e-05
-2.88931e-06
-3.1904e-05
-2.92108e-06
-2.01969e-05
-3.22693e-06
-6.09702e-06
-3.75351e-06
1.02386e-05
-4.68354e-06
2.94066e-05
-5.52347e-06
5.05907e-05
-6.9585e-06
7.52641e-05
-7.87673e-06
0.00010163
-9.63587e-06
0.000132192
-1.0272e-05
0.000164113
-1.21541e-05
0.000200931
-1.20848e-05
0.000238649
-1.37938e-05
0.000281878
-1.25289e-05
0.00032581
-1.42895e-05
-1.0845e-05
0.00037541
-5.43779e-06
4.80043e-06
-1.42188e-05
4.32392e-06
-2.39376e-05
1.96264e-06
-3.39275e-05
5.30591e-07
-4.39074e-05
-9.8108e-08
-5.36505e-05
-2.79178e-07
-6.29862e-05
-1.47327e-07
-7.17675e-05
1.53076e-07
-7.98381e-05
4.65298e-07
-8.70893e-05
7.20193e-07
-9.33583e-05
8.45549e-07
-9.86123e-05
7.32695e-07
-0.000102676
3.77603e-07
-0.000105493
-3.87162e-07
-0.000106906
-1.47619e-06
-0.000106871
-2.95631e-06
-0.000105273
-4.82499e-06
-0.000101953
-7.07324e-06
-9.69377e-05
-9.69889e-06
-8.98588e-05
-1.26024e-05
-8.09787e-05
-1.58386e-05
-6.96419e-05
-1.92135e-05
-5.6432e-05
-2.28458e-05
-4.02768e-05
-2.64272e-05
-2.22147e-05
-3.02162e-05
-6.85358e-07
-3.36141e-05
2.30226e-05
-3.75018e-05
5.08314e-05
-4.03377e-05
8.05045e-05
-4.39627e-05
-4.52646e-05
0.000114924
-6.00803e-06
1.08085e-05
-1.5732e-05
1.40479e-05
-2.66513e-05
1.28819e-05
-3.81709e-05
1.20502e-05
-5.00879e-05
1.18189e-05
-6.22625e-05
1.18954e-05
-7.45386e-05
1.21288e-05
-8.67787e-05
1.23932e-05
-9.88922e-05
1.25788e-05
-0.000110779
1.26071e-05
-0.000122337
1.24035e-05
-0.000133497
1.18926e-05
-0.000144143
1.10232e-05
-0.000154256
9.72576e-06
-0.000163705
7.97302e-06
-0.000172392
5.7306e-06
-0.000180202
2.98503e-06
-0.000187031
-2.43675e-07
-0.000192777
-3.9535e-06
-0.000197231
-8.1482e-06
-0.000200316
-1.27535e-05
-0.000201838
-1.76911e-05
-0.000201743
-2.29413e-05
-0.000199712
-2.84579e-05
-0.000195808
-3.41208e-05
-0.000189509
-3.99129e-05
-0.000181246
-4.57643e-05
-0.000169901
-5.16831e-05
-0.000156607
-5.72565e-05
-6.2053e-05
-0.000139819
-6.29928e-06
1.71077e-05
-1.65735e-05
2.43221e-05
-2.82251e-05
2.45335e-05
-4.07028e-05
2.45279e-05
-5.38608e-05
2.49769e-05
-6.75858e-05
2.56205e-05
-8.17601e-05
2.6303e-05
-9.62799e-05
2.6913e-05
-0.000111063
2.73614e-05
-0.000126031
2.7576e-05
-0.000141118
2.74899e-05
-0.000156264
2.70392e-05
-0.000171408
2.61673e-05
-0.000186501
2.48184e-05
-0.000201478
2.295e-05
-0.000216272
2.05245e-05
-0.000230804
1.75174e-05
-0.000244962
1.39141e-05
-0.00025862
9.70442e-06
-0.000271634
4.86596e-06
-0.000283869
-5.18226e-07
-0.000295415
-6.14532e-06
-0.000306004
-1.23528e-05
-0.0003155
-1.89619e-05
-0.000323741
-2.58798e-05
-0.000330614
-3.30392e-05
-0.00033603
-4.03491e-05
-0.000340001
-4.77116e-05
-0.000342218
-5.504e-05
-6.23397e-05
-0.000341931
-6.27281e-06
2.33805e-05
-1.66412e-05
3.46905e-05
-2.8465e-05
3.63573e-05
-4.11724e-05
3.72353e-05
-5.46243e-05
3.84288e-05
-6.87077e-05
3.97038e-05
-8.33044e-05
4.08997e-05
-9.83071e-05
4.19158e-05
-0.000113624
4.26784e-05
-0.000129178
4.31295e-05
-0.000144904
4.32164e-05
-0.000160754
4.28891e-05
-0.000176687
4.20999e-05
-0.000192671
4.08023e-05
-0.000208677
3.8956e-05
-0.000224678
3.65263e-05
-0.000240648
3.34874e-05
-0.000256555
2.98211e-05
-0.000272368
2.55165e-05
-0.000288075
2.05733e-05
-0.000303599
1.50063e-05
-0.000318594
8.84911e-06
-0.000332966
2.0196e-06
-0.000347072
-4.85662e-06
-0.000360762
-1.21894e-05
-0.000373913
-1.98883e-05
-0.000386441
-2.78206e-05
-0.000398243
-3.59101e-05
-0.000409232
-4.40506e-05
-5.21676e-05
-0.000419404
-5.9036e-06
2.92842e-05
-1.58682e-05
4.46551e-05
-2.72246e-05
4.77138e-05
-3.92959e-05
4.93066e-05
-5.18779e-05
5.10107e-05
-6.48028e-05
5.26288e-05
-7.79035e-05
5.40004e-05
-9.10309e-05
5.50432e-05
-0.000104061
5.57086e-05
-0.000116897
5.59652e-05
-0.000129468
5.57877e-05
-0.00014173
5.51515e-05
-0.000153662
5.40312e-05
-0.000165259
5.23999e-05
-0.000176534
5.02312e-05
-0.000187508
4.75e-05
-0.000198206
4.41855e-05
-0.000208657
4.02724e-05
-0.000218892
3.57511e-05
-0.000228938
3.0619e-05
-0.000238813
2.48819e-05
-0.000248523
1.85587e-05
-0.000258198
1.16947e-05
-0.000267419
4.36424e-06
-0.000276366
-3.24276e-06
-0.000285031
-1.12227e-05
-0.000293464
-1.93879e-05
-0.000301601
-2.77728e-05
-0.000309587
-3.60648e-05
-4.44234e-05
-0.000317331
-5.20107e-06
3.44852e-05
-1.42704e-05
5.37244e-05
-2.45354e-05
5.79788e-05
-3.51446e-05
5.99158e-05
-4.5777e-05
6.16431e-05
-5.61894e-05
6.30411e-05
-6.61617e-05
6.39727e-05
-7.5513e-05
6.43945e-05
-8.4107e-05
6.43025e-05
-9.18499e-05
6.37081e-05
-9.86891e-05
6.26269e-05
-0.000104608
6.10703e-05
-0.000109621
5.90446e-05
-0.000113767
5.65454e-05
-0.000117098
5.35627e-05
-0.000119675
5.00765e-05
-0.000121552
4.60625e-05
-0.000122787
4.15073e-05
-0.00012342
3.63847e-05
-0.00012347
3.06689e-05
-0.000122953
2.43644e-05
-0.000121823
1.74286e-05
-0.000120152
1.0024e-05
-0.00011786
2.07261e-06
-0.000114745
-6.3578e-06
-0.000110731
-1.5237e-05
-0.000106117
-2.40019e-05
-0.000100603
-3.32865e-05
-9.48504e-05
-4.18175e-05
-5.11098e-05
-8.8164e-05
-4.20942e-06
3.86946e-05
-1.19567e-05
6.14717e-05
-2.06192e-05
6.66413e-05
-2.91441e-05
6.84407e-05
-3.7088e-05
6.9587e-05
-4.41605e-05
7.01137e-05
-5.01342e-05
6.99464e-05
-5.48453e-05
6.91057e-05
-5.8194e-05
6.76512e-05
-6.01345e-05
6.56486e-05
-6.0666e-05
6.31584e-05
-5.98322e-05
6.02365e-05
-5.77021e-05
5.69145e-05
-5.43676e-05
5.3211e-05
-4.99203e-05
4.91154e-05
-4.4458e-05
4.46142e-05
-3.80455e-05
3.965e-05
-3.07003e-05
3.41621e-05
-2.24202e-05
2.81046e-05
-1.31002e-05
2.13488e-05
-2.70258e-06
1.39668e-05
9.02998e-06
5.69606e-06
2.20329e-05
-2.97892e-06
3.67051e-05
-1.25996e-05
5.25642e-05
-2.22169e-05
7.03072e-05
-3.29801e-05
8.91953e-05
-4.289e-05
0.000110229
-5.43199e-05
0.0001319
-6.34892e-05
-7.48637e-05
0.000155654
-3.00021e-06
4.16949e-05
-9.10111e-06
6.75726e-05
-1.58016e-05
7.33419e-05
-2.1856e-05
7.4495e-05
-2.67135e-05
7.44445e-05
-3.00725e-05
7.34727e-05
-3.17378e-05
7.16116e-05
-3.15959e-05
6.89638e-05
-2.95935e-05
6.56488e-05
-2.57652e-05
6.18203e-05
-2.01265e-05
5.75198e-05
-1.28143e-05
5.29243e-05
-3.89547e-06
4.79956e-05
6.47285e-06
4.28427e-05
1.82607e-05
3.73275e-05
3.13811e-05
3.14937e-05
4.59285e-05
2.51027e-05
6.19688e-05
1.81219e-05
7.97376e-05
1.03357e-05
9.94173e-05
1.66914e-06
0.000121182
-7.79758e-06
0.000145373
-1.84948e-05
0.000171795
-2.94011e-05
0.000201178
-4.19832e-05
0.000232468
-5.35069e-05
0.000266936
-6.7448e-05
0.00030252
-7.84732e-05
0.000341194
-9.29948e-05
0.000379748
-0.000102043
-0.000116401
0.000421286
-1.66259e-06
4.33574e-05
-5.91379e-06
7.18238e-05
-1.04403e-05
7.78684e-05
-1.38367e-05
7.78914e-05
-1.54639e-05
7.60716e-05
-1.50319e-05
7.30408e-05
-1.23929e-05
6.89726e-05
-7.50628e-06
6.40772e-05
-3.32569e-07
5.8475e-05
8.94444e-06
5.25433e-05
2.03936e-05
4.60706e-05
3.36471e-05
3.96708e-05
4.88837e-05
3.2759e-05
6.57499e-05
2.59765e-05
8.46575e-05
1.84199e-05
0.00010543
1.07213e-05
0.000128777
1.75514e-06
0.000154691
-7.79175e-06
0.000184046
-1.90192e-05
0.000216572
-3.0857e-05
0.000253087
-4.43128e-05
0.000293051
-5.84585e-05
0.000336848
-7.31985e-05
0.000383887
-8.90223e-05
0.000433759
-0.000103379
0.000486235
-0.000119923
0.000540068
-0.000132307
0.000595699
-0.000148626
0.000651315
-0.000157659
-0.000173016
0.00070793
-2.84937e-07
4.36424e-05
-2.62532e-06
7.41641e-05
-4.8909e-06
8.0134e-05
-5.58503e-06
7.85855e-05
-4.00502e-06
7.44916e-05
1.16834e-07
6.89189e-05
6.88791e-06
6.22015e-05
1.62332e-05
5.47319e-05
2.82418e-05
4.64665e-05
4.23903e-05
3.83947e-05
5.9151e-05
2.93099e-05
7.75842e-05
2.12377e-05
9.87904e-05
1.15528e-05
0.000121949
2.81834e-06
0.000148882
-8.5137e-06
0.000178987
-1.93839e-05
0.00021409
-3.33471e-05
0.000253434
-4.71365e-05
0.000298454
-6.40385e-05
0.000347814
-8.02169e-05
0.0004026
-9.90988e-05
0.000460538
-0.000116397
0.000522708
-0.000135369
0.000585986
-0.0001523
0.00065197
-0.000169363
0.000716864
-0.000184817
0.000782823
-0.000198265
0.000845906
-0.00021171
0.000908554
-0.000220307
-0.000231691
0.00096723
9.32585e-07
4.27098e-05
5.34887e-07
7.45618e-05
5.02309e-07
8.01666e-05
2.47653e-06
7.66113e-05
7.14061e-06
6.98275e-05
1.4746e-05
6.13136e-05
2.53332e-05
5.16143e-05
3.87383e-05
4.13268e-05
5.49704e-05
3.02343e-05
7.3307e-05
2.00582e-05
9.4821e-05
7.79585e-06
0.000118416
-2.35767e-06
0.000147133
-1.71643e-05
0.000179596
-2.96438e-05
0.00021908
-4.79984e-05
0.000264089
-6.43921e-05
0.000316478
-8.57363e-05
0.00037451
-0.000105169
0.000438404
-0.000127932
0.000506284
-0.000148097
0.00057742
-0.000170234
0.000649624
-0.000188602
0.000722534
-0.000208279
0.000793232
-0.000222997
0.00086271
-0.000238842
0.000926913
-0.000249019
0.000988843
-0.000260195
0.00104309
-0.000265958
0.00109489
-0.000272106
-0.000274395
0.00113759
1.94485e-06
4.07649e-05
3.34003e-06
7.31667e-05
5.50014e-06
7.80064e-05
9.97445e-06
7.2137e-05
1.75031e-05
6.22989e-05
2.83003e-05
5.05164e-05
4.22313e-05
3.76833e-05
5.90991e-05
2.4459e-05
7.8699e-05
1.06344e-05
0.00010155
-2.79325e-06
0.000129493
-2.0147e-05
0.00016309
-3.59539e-05
0.000205484
-5.95592e-05
0.000255072
-7.92313e-05
0.000314223
-0.00010715
0.000379351
-0.00012952
0.000451442
-0.000157828
0.00052656
-0.000180287
0.000604174
-0.000205546
0.000681368
-0.00022529
0.000756549
-0.000245415
0.000828297
-0.00026035
0.000894572
-0.000274554
0.00095512
-0.000283545
0.00100837
-0.000292095
0.00105433
-0.000294971
0.00109305
-0.000298925
0.00112351
-0.000296413
0.00114868
-0.000297273
-0.000290772
0.00116505
2.65706e-06
3.81079e-05
5.58659e-06
7.02371e-05
9.72335e-06
7.38697e-05
1.65233e-05
6.5337e-05
2.66614e-05
5.21608e-05
4.01735e-05
3.70042e-05
5.67199e-05
2.11369e-05
7.66458e-05
4.53307e-06
0.000101291
-1.40104e-05
0.000134212
-3.57144e-05
0.000176205
-6.21405e-05
0.000230043
-8.97914e-05
0.000293251
-0.000122768
0.000365251
-0.00015123
0.000443034
-0.000184933
0.000523263
-0.000209749
0.000604624
-0.000239188
0.000682186
-0.000257849
0.00075667
-0.00028003
0.000823136
-0.000291757
0.000883329
-0.000305608
0.000933863
-0.000310884
0.000976347
-0.000317038
0.00101
-0.000317196
0.00103548
-0.000317579
0.00105468
-0.000314171
0.00106707
-0.000311312
0.00107641
-0.000305753
0.00108174
-0.000302599
-0.000295948
0.00108691
2.98865e-06
3.51192e-05
7.09002e-06
6.61358e-05
1.29295e-05
6.80303e-05
2.18033e-05
5.64631e-05
3.40647e-05
3.98994e-05
4.94648e-05
2.16041e-05
6.89145e-05
1.68727e-06
9.60477e-05
-2.26001e-05
0.000135042
-5.3005e-05
0.000188615
-8.92871e-05
0.000254275
-0.000127801
0.000331487
-0.000167004
0.000412456
-0.000203737
0.000497433
-0.000236207
0.000578357
-0.000265857
0.000655779
-0.000287171
0.000724932
-0.00030834
0.000785027
-0.000317944
0.000836229
-0.000331233
0.0008758
-0.000331328
0.000908706
-0.000338514
0.000930617
-0.000332795
0.000949374
-0.000335795
0.000960655
-0.000328477
0.000972349
-0.000329274
0.000981483
-0.000323305
0.00099318
-0.000323009
0.0010068
-0.000319371
0.00102287
-0.000318668
-0.000316252
0.00104317
2.89921e-06
3.222e-05
7.73042e-06
6.13046e-05
1.49321e-05
6.08286e-05
2.53985e-05
4.59967e-05
3.8887e-05
2.6411e-05
5.7088e-05
3.40307e-06
8.65e-05
-2.77247e-05
0.000133132
-6.92318e-05
0.000198031
-0.000117904
0.000276106
-0.000167362
0.000361586
-0.000213281
0.000448168
-0.000253585
0.000530075
-0.000285644
0.0006056
-0.000311732
0.000669233
-0.00032949
0.000724097
-0.000342035
0.000765597
-0.00034984
0.000799453
-0.0003518
0.000823683
-0.000355463
0.000842841
-0.000350486
0.000859521
-0.000355194
0.000873691
-0.000346965
0.000892247
-0.000354351
0.000909233
-0.000345462
0.00093417
-0.000354211
0.00095686
-0.000345995
0.000986755
-0.000352905
0.00101333
-0.000345948
0.00104402
-0.000349352
-0.000342876
0.00107064
2.3864e-06
2.98336e-05
7.47372e-06
5.62172e-05
1.5549e-05
5.27533e-05
2.66637e-05
3.48819e-05
4.24371e-05
1.06376e-05
7.27375e-05
-2.68973e-05
0.000126429
-8.14163e-05
0.000201779
-0.000144581
0.000289102
-0.000205228
0.000378657
-0.000256916
0.000463329
-0.000297953
0.000537366
-0.000327622
0.000599829
-0.000348108
0.000649099
-0.000361002
0.000687184
-0.000367575
0.000716966
-0.000371818
0.000739436
-0.00037231
0.000761427
-0.000373791
0.000780645
-0.000374681
0.000804762
-0.000374604
0.000828751
-0.000379182
0.000857307
-0.000375521
0.000887229
-0.000384273
0.000917044
-0.000375276
0.000949829
-0.000386996
0.000976852
-0.000373018
0.00100806
-0.000384113
0.00102786
-0.000365746
0.00105008
-0.000371573
-0.000352612
0.00105982
1.49004e-06
2.83436e-05
6.36764e-06
5.13396e-05
1.44479e-05
4.4673e-05
2.67022e-05
2.26276e-05
5.45715e-05
-1.72317e-05
0.00011258
-8.49054e-05
0.000196237
-0.000165073
0.000289564
-0.000237909
0.000379102
-0.000294766
0.000457362
-0.000335177
0.000520739
-0.00036133
0.000570043
-0.000376926
0.000607783
-0.000385848
0.000637047
-0.000390266
0.000662942
-0.000393469
0.000687307
-0.000396182
0.000713664
-0.000398667
0.000742411
-0.000402538
0.000771958
-0.000404227
0.000804884
-0.000407531
0.000834208
-0.000408505
0.00086695
-0.000408264
0.00089325
-0.000410573
0.000921301
-0.000403328
0.000944035
-0.00040973
0.000965073
-0.000394056
0.000986732
-0.000405772
0.000997296
-0.000376311
0.00100637
-0.000380643
-0.000330845
0.000984601
2.89109e-07
2.80545e-05
4.36929e-06
4.72595e-05
1.18445e-05
3.71978e-05
3.32502e-05
1.22198e-06
8.97564e-05
-7.37379e-05
0.000178894
-0.000174043
0.000276051
-0.00026223
0.000363601
-0.000325459
0.000434479
-0.000365643
0.000488391
-0.000389089
0.000529123
-0.000402062
0.000561798
-0.0004096
0.000590533
-0.000414584
0.000619116
-0.000418849
0.000648862
-0.000423215
0.000679656
-0.000426977
0.000711543
-0.000430554
0.000741885
-0.000432881
0.000771775
-0.000434117
0.000799764
-0.00043552
0.000826156
-0.000434897
0.000853913
-0.000436021
0.000877532
-0.000434192
0.000905826
-0.000431621
0.000924371
-0.000428276
0.000944957
-0.000414642
0.000948871
-0.000409685
0.000946769
-0.000374209
0.000926226
-0.0003601
-0.000257506
0.000852887
-1.12203e-06
2.28435e-06
1.38585e-05
5.83977e-05
0.000148408
0.00024899
0.000335363
0.000401005
0.000449304
0.000486891
0.000519621
0.00055082
0.00058204
0.000613421
0.000644242
0.000674182
0.00070256
0.000730052
0.000757812
0.000785802
0.000815642
0.000844444
0.000872315
0.000896577
0.000912625
0.000918615
0.000884359
0.000805622
0.000632659
0.000436705
-9.26226e-06
-5.28775e-06
-4.57349e-06
-5.11254e-06
-8.44529e-06
-1.54971e-05
-2.2102e-05
-2.62104e-05
-3.04236e-05
-3.80098e-05
-4.8515e-05
-5.92211e-05
-6.80616e-05
-7.36525e-05
-7.44755e-05
-7.14454e-05
-7.05958e-05
-7.28655e-05
-7.58248e-05
-7.93627e-05
-7.84636e-05
-7.03729e-05
-5.71176e-05
-4.42803e-05
-3.53313e-05
-2.72307e-05
-1.81252e-05
-8.44989e-06
4.48847e-06
)
;

boundaryField
{
    inlet
    {
        type            calculated;
        value           nonuniform List<scalar> 0();
    }
    outlet
    {
        type            calculated;
        value           nonuniform List<scalar> 0();
    }
    wall
    {
        type            calculated;
        value           uniform 0;
    }
    obstacle
    {
        type            calculated;
        value           uniform 0;
    }
    frontAndBack
    {
        type            empty;
        value           nonuniform List<scalar> 0();
    }
    procBoundary1to0
    {
        type            processor;
        value           nonuniform List<scalar> 
61
(
-0.000100908
-0.000152693
-0.000193672
-0.000227921
-0.000256409
-0.000279843
-0.000298531
-0.000312683
-0.00032259
-0.00032864
-0.000331485
-0.000331837
-0.000330878
-0.000330158
-0.00033086
-0.000417443
-0.000311429
-0.000317287
-0.00032212
-0.000325178
-0.000326057
-0.000329138
-0.000336553
-0.000343688
-0.000349949
-0.000359088
-0.000369972
-0.000385169
-0.000404636
-0.000436899
-0.000413605
-0.000467413
-0.000491221
-0.000456435
-0.000430323
-0.000413833
-0.00039981
-0.000389084
-0.000380728
-0.000372171
-0.000365103
-0.00036167
-0.000358367
-0.000352934
-0.000347106
-0.00034187
-0.00033854
-0.000337373
-0.000337563
-0.000338002
-0.000337321
-0.000334559
-0.000328919
-0.000319686
-0.000306347
-0.000288468
-0.000265566
-0.000236701
-0.000199639
-0.000150275
-7.56553e-05
)
;
    }
    procBoundary1to2
    {
        type            processor;
        value           nonuniform List<scalar> 
30
(
0.000552305
0.000928075
0.00106284
0.00111054
0.00109102
0.00112278
0.00118636
0.00113245
0.000925819
0.000652664
0.000385915
0.00012563
-0.000130978
-0.00033634
-0.000418581
-0.000320361
-8.90135e-05
0.000157924
0.000424245
0.000711468
0.000966331
0.0011295
0.0011518
0.00107407
0.00103422
0.00106254
0.00105071
0.000974925
0.000839948
0.000441193
)
;
    }
}


// ************************************************************************* //
