/*--------------------------------*- C++ -*----------------------------------*\
| =========                 |                                                 |
| \\      /  F ield         | OpenFOAM: The Open Source CFD Toolbox           |
|  \\    /   O peration     | Version:  2312                                  |
|   \\  /    A nd           | Website:  www.openfoam.com                      |
|    \\/     M anipulation  |                                                 |
\*---------------------------------------------------------------------------*/
FoamFile
{
    version     2.0;
    format      ascii;
    arch        "LSB;label=32;scalar=64";
    class       surfaceScalarField;
    location    "141000";
    object      phi;
}
// * * * * * * * * * * * * * * * * * * * * * * * * * * * * * * * * * * * * * //

dimensions      [0 3 -1 0 0 0 0];

oriented        oriented;

internalField   nonuniform List<scalar> 
5250
(
-1.18421e-05
-2.27794e-06
-9.71818e-06
-2.12394e-06
-7.75559e-06
-1.9626e-06
-5.95895e-06
-1.79663e-06
-4.33018e-06
-1.62877e-06
-2.86851e-06
-1.46167e-06
-1.5709e-06
-1.29761e-06
-4.3249e-07
-1.13841e-06
5.53671e-07
-9.86161e-07
1.39432e-06
-8.40647e-07
2.09839e-06
-7.04076e-07
2.67598e-06
-5.77582e-07
3.13804e-06
-4.62065e-07
3.4963e-06
-3.58262e-07
3.7631e-06
-2.66796e-07
3.95113e-06
-1.88032e-07
4.07321e-06
-1.22082e-07
4.14218e-06
-6.89711e-08
4.17095e-06
-2.87607e-08
4.17156e-06
-6.10064e-10
4.16224e-06
9.3164e-09
4.15369e-06
8.54885e-09
4.15816e-06
-4.47235e-09
4.18999e-06
-3.18283e-08
4.25732e-06
-6.73315e-08
4.3717e-06
-1.1438e-07
4.54277e-06
-1.71064e-07
4.77829e-06
-2.3552e-07
5.08413e-06
-3.05843e-07
5.46417e-06
-3.80041e-07
5.92024e-06
-4.56073e-07
6.45214e-06
-5.31896e-07
7.05764e-06
-6.05496e-07
7.73254e-06
-6.74908e-07
8.47077e-06
-7.3823e-07
9.26444e-06
-7.93668e-07
1.0104e-05
-8.3959e-07
1.09787e-05
-8.74649e-07
1.18767e-05
-8.97985e-07
1.2786e-05
-9.09341e-07
1.36938e-05
-9.07834e-07
1.4585e-05
-8.91132e-07
1.54444e-05
-8.59432e-07
1.62581e-05
-8.13725e-07
1.70131e-05
-7.54992e-07
1.76976e-05
-6.8448e-07
1.83013e-05
-6.03742e-07
1.8816e-05
-5.14639e-07
1.92353e-05
-4.19275e-07
1.95552e-05
-3.19955e-07
1.97743e-05
-2.19075e-07
1.98933e-05
-1.18983e-07
1.99144e-05
-2.10875e-08
1.98504e-05
6.39321e-08
1.97091e-05
1.41294e-07
1.95008e-05
2.08293e-07
1.92375e-05
2.63305e-07
1.89332e-05
3.04327e-07
1.86069e-05
3.2631e-07
1.82783e-05
3.2859e-07
1.79677e-05
3.10568e-07
1.76962e-05
2.71517e-07
1.74853e-05
2.10956e-07
1.7357e-05
1.2824e-07
1.73356e-05
2.13828e-08
1.74315e-05
-9.5879e-08
1.76644e-05
-2.32926e-07
1.80527e-05
-3.88223e-07
1.86121e-05
-5.59457e-07
1.93568e-05
-7.44641e-07
2.02983e-05
-9.41507e-07
2.14461e-05
-1.14787e-06
2.28076e-05
-1.36142e-06
2.43873e-05
-1.57975e-06
2.61882e-05
-1.80085e-06
2.82102e-05
-2.02203e-06
3.04524e-05
-2.2422e-06
3.29104e-05
-2.45804e-06
3.55809e-05
-2.67046e-06
3.84554e-05
-2.87453e-06
4.15307e-05
-3.07531e-06
4.47945e-05
-3.26377e-06
4.82483e-05
-3.45384e-06
5.18743e-05
-3.62596e-06
5.56896e-05
-3.81534e-06
5.9661e-05
-3.97141e-06
6.38544e-05
-4.19339e-06
6.81694e-05
-4.31502e-06
-4.64812e-06
6.41624e-05
-4.53217e-06
6.62827e-05
-4.24422e-06
6.82629e-05
-3.94286e-06
7.00982e-05
-3.63188e-06
7.17881e-05
-3.31865e-06
7.33376e-05
-3.01121e-06
7.4752e-05
-2.71197e-06
7.60368e-05
-2.42327e-06
7.71985e-05
-2.1478e-06
7.82457e-05
-1.8879e-06
7.91879e-05
-1.64623e-06
8.00351e-05
-1.42487e-06
8.07985e-05
-1.22545e-06
8.14895e-05
-1.04923e-06
8.21198e-05
-8.9707e-07
8.27014e-05
-7.69655e-07
8.3247e-05
-6.67718e-07
8.37701e-05
-5.92057e-07
8.42846e-05
-5.43256e-07
8.48055e-05
-5.21486e-07
8.53418e-05
-5.26988e-07
8.59094e-05
-5.59023e-07
8.65213e-05
-6.16391e-07
8.71872e-05
-6.97777e-07
8.79216e-05
-8.01731e-07
8.87333e-05
-9.26049e-07
8.96301e-05
-1.06781e-06
9.06182e-05
-1.22366e-06
9.17022e-05
-1.38987e-06
9.28847e-05
-1.56248e-06
9.4166e-05
-1.73741e-06
9.55447e-05
-1.91056e-06
9.70171e-05
-2.07791e-06
9.85777e-05
-2.23551e-06
0.000100219
-2.37956e-06
0.000101932
-2.50649e-06
0.000103705
-2.61318e-06
0.000105528
-2.69721e-06
0.000107387
-2.75655e-06
0.000109267
-2.7897e-06
0.000111155
-2.79557e-06
0.000113037
-2.77356e-06
0.000114901
-2.72381e-06
0.000116735
-2.64734e-06
0.000118526
-2.54595e-06
0.000120264
-2.42222e-06
0.000121939
-2.27947e-06
0.000123547
-2.12166e-06
0.00012508
-1.95326e-06
0.00012654
-1.77917e-06
0.000127925
-1.60444e-06
0.00012924
-1.43436e-06
0.000130493
-1.27406e-06
0.000131686
-1.12912e-06
0.000132832
-1.00388e-06
0.000133943
-9.02761e-07
0.000135036
-8.30466e-07
0.000136133
-7.91815e-07
0.000137249
-7.89578e-07
0.000138403
-8.26184e-07
0.000139617
-9.02976e-07
0.00014091
-1.0212e-06
0.000142301
-1.18073e-06
0.000143811
-1.38156e-06
0.000145455
-1.62211e-06
0.000147259
-1.90061e-06
0.00014924
-2.21401e-06
0.000151412
-2.56036e-06
0.000153788
-2.93522e-06
0.00015638
-3.33598e-06
0.000159195
-3.75705e-06
0.000162243
-4.19565e-06
0.000165527
-4.64535e-06
0.000169051
-5.10366e-06
0.000172814
-5.56383e-06
0.000176815
-6.02383e-06
0.000181051
-6.47748e-06
0.000185515
-6.92275e-06
0.000190201
-7.356e-06
0.0001951
-7.7732e-06
0.000200202
-8.17768e-06
0.000205496
-8.55749e-06
0.000210975
-8.93331e-06
0.000216619
-9.27008e-06
0.000222435
-9.63099e-06
0.000228384
-9.92053e-06
0.000234497
-1.03067e-05
0.00024072
-1.05373e-05
-1.10828e-05
0.000236627
-5.18524e-06
0.000237241
-4.85801e-06
0.000237806
-4.50853e-06
0.000238324
-4.1491e-06
0.000238794
-3.78871e-06
0.000239217
-3.43476e-06
0.000239599
-3.09325e-06
0.000239944
-2.76909e-06
0.000240263
-2.46651e-06
0.000240564
-2.18916e-06
0.000240858
-1.9399e-06
0.000241154
-1.72058e-06
0.00024146
-1.53212e-06
0.000241786
-1.37485e-06
0.000242138
-1.24889e-06
0.000242522
-1.15388e-06
0.000242943
-1.08902e-06
0.000243406
-1.05489e-06
0.000243916
-1.05257e-06
0.000244475
-1.0814e-06
0.000245089
-1.14006e-06
0.000245756
-1.22655e-06
0.000246475
-1.33566e-06
0.000247254
-1.47608e-06
0.000248099
-1.647e-06
0.000249017
-1.84462e-06
0.000250015
-2.06543e-06
0.000251096
-2.30452e-06
0.000252262
-2.55641e-06
0.000253516
-2.81568e-06
0.000254855
-3.07715e-06
0.000256281
-3.33583e-06
0.00025779
-3.58692e-06
0.00025938
-3.82579e-06
0.000261048
-4.04789e-06
0.000262791
-4.2489e-06
0.000264602
-4.42487e-06
0.000266478
-4.57247e-06
0.00026841
-4.68896e-06
0.000270393
-4.77215e-06
0.000272417
-4.82029e-06
0.000274476
-4.83228e-06
0.00027656
-4.80779e-06
0.00027866
-4.7477e-06
0.000280768
-4.65387e-06
0.000282875
-4.52946e-06
0.000284974
-4.37844e-06
0.000287059
-4.20593e-06
0.000289123
-4.01749e-06
0.000291163
-3.81958e-06
0.000293178
-3.61864e-06
0.000295165
-3.42181e-06
0.000297127
-3.23571e-06
0.000299065
-3.06757e-06
0.000300985
-2.92341e-06
0.000302892
-2.80993e-06
0.000304794
-2.73233e-06
0.000306699
-2.69683e-06
0.000308616
-2.70718e-06
0.000310558
-2.76827e-06
0.000312537
-2.88144e-06
0.000314565
-3.04986e-06
0.000316657
-3.2721e-06
0.000318825
-3.54985e-06
0.000321082
-3.879e-06
0.000323442
-4.26034e-06
0.000325915
-4.68742e-06
0.000328516
-5.16099e-06
0.000331252
-5.67171e-06
0.000334137
-6.22021e-06
0.000337174
-6.79433e-06
0.000340374
-7.39544e-06
0.000343737
-8.00914e-06
0.000347272
-8.63808e-06
0.000350975
-9.26659e-06
0.000354849
-9.89833e-06
0.00035889
-1.05184e-05
0.000363097
-1.11295e-05
0.000367463
-1.17221e-05
0.000371982
-1.22924e-05
0.00037665
-1.28457e-05
0.000381451
-1.33582e-05
0.000386389
-1.3871e-05
0.000391429
-1.43109e-05
0.000396597
-1.47987e-05
0.000401825
-1.51481e-05
0.000407173
-1.56553e-05
0.000412518
-1.58816e-05
-1.65153e-05
0.000485745
-4.80753e-06
0.000485307
-4.42061e-06
0.000484804
-4.00494e-06
0.00048423
-3.57539e-06
0.000483586
-3.14426e-06
0.000482873
-2.72259e-06
0.0004821
-2.32015e-06
0.000481276
-1.94517e-06
0.000480414
-1.60411e-06
0.000479526
-1.30161e-06
0.000478627
-1.04078e-06
0.00047773
-8.2357e-07
0.000476849
-6.5081e-07
0.000475996
-5.22099e-07
0.000475184
-4.36639e-07
0.000474423
-3.92667e-07
0.000473721
-3.87225e-07
0.000473085
-4.18715e-07
0.000472519
-4.86862e-07
0.000472028
-5.89952e-07
0.000471614
-7.26034e-07
0.000471282
-8.94863e-07
0.000471042
-1.09575e-06
0.000470893
-1.32728e-06
0.000470837
-1.59046e-06
0.000470877
-1.88543e-06
0.000471013
-2.20085e-06
0.000471238
-2.52959e-06
0.000471548
-2.86689e-06
0.00047194
-3.20718e-06
0.000472407
-3.54468e-06
0.000472945
-3.87377e-06
0.000473548
-4.18911e-06
0.000474208
-4.48585e-06
0.000474919
-4.7594e-06
0.000475676
-5.00576e-06
0.000476473
-5.22144e-06
0.000477304
-5.40394e-06
0.000478166
-5.55117e-06
0.000479056
-5.66175e-06
0.00047997
-5.7344e-06
0.000480906
-5.76871e-06
0.000481863
-5.76466e-06
0.000482839
-5.7238e-06
0.000483834
-5.64838e-06
0.000484847
-5.54264e-06
0.00048588
-5.41109e-06
0.000486934
-5.25997e-06
0.000488011
-5.09484e-06
0.000489114
-4.92286e-06
0.000490246
-4.74978e-06
0.000491407
-4.58332e-06
0.0004926
-4.42913e-06
0.000493828
-4.2953e-06
0.000495092
-4.18688e-06
0.000496394
-4.11202e-06
0.000497736
-4.07447e-06
0.000499121
-4.08208e-06
0.000500551
-4.13666e-06
0.000502028
-4.24539e-06
0.000503554
-4.40733e-06
0.000505133
-4.62888e-06
0.000506767
-4.90593e-06
0.000508461
-5.2444e-06
0.000510219
-5.63691e-06
0.000512048
-6.08903e-06
0.00051395
-6.58961e-06
0.000515933
-7.14386e-06
0.000517998
-7.73674e-06
0.000520151
-8.37356e-06
0.000522393
-9.03656e-06
0.000524729
-9.73158e-06
0.00052716
-1.04394e-05
0.000529687
-1.11652e-05
0.000532311
-1.18911e-05
0.000535032
-1.26191e-05
0.000537851
-1.33375e-05
0.000540762
-1.404e-05
0.000543769
-1.47296e-05
0.000546858
-1.53811e-05
0.00055004
-1.60281e-05
0.000553288
-1.66061e-05
0.000556624
-1.72073e-05
0.000560004
-1.76907e-05
0.000563462
-1.82566e-05
0.000566935
-1.86213e-05
0.00057046
-1.91803e-05
0.000573969
-1.939e-05
-2.00007e-05
0.00068684
-3.31555e-06
0.000685613
-3.19325e-06
0.000684621
-3.01308e-06
0.000683836
-2.79028e-06
0.000683232
-2.5409e-06
0.000682792
-2.28174e-06
0.000682496
-2.02483e-06
0.000682324
-1.77274e-06
0.000682253
-1.53364e-06
0.000682269
-1.31751e-06
0.00068236
-1.13127e-06
0.000682516
-9.79652e-07
0.000682731
-8.65905e-07
0.000683001
-7.91905e-07
0.000683322
-7.58399e-07
0.000683695
-7.64904e-07
0.000684117
-8.09809e-07
0.00068459
-8.91272e-07
0.00068511
-1.00719e-06
0.000685675
-1.15509e-06
0.000686282
-1.33281e-06
0.000686926
-1.5385e-06
0.0006876
-1.77007e-06
0.000688298
-2.02547e-06
0.000689009
-2.30158e-06
0.000689718
-2.59416e-06
0.000690416
-2.89847e-06
0.000691096
-3.20992e-06
0.000691752
-3.52333e-06
0.000692378
-3.83322e-06
0.000692968
-4.13393e-06
0.000693514
-4.42022e-06
0.000694012
-4.68693e-06
0.000694456
-4.92961e-06
0.00069484
-5.144e-06
0.000695161
-5.32677e-06
0.000695415
-5.47464e-06
0.000695596
-5.58554e-06
0.000695703
-5.6578e-06
0.000695733
-5.6921e-06
0.000695688
-5.6894e-06
0.000695571
-5.65122e-06
0.000695385
-5.57851e-06
0.000695135
-5.47461e-06
0.000694829
-5.34231e-06
0.000694474
-5.18728e-06
0.000694077
-5.01391e-06
0.000693646
-4.82959e-06
0.000693191
-4.63933e-06
0.00069272
-4.4517e-06
0.000692242
-4.27178e-06
0.000691767
-4.10861e-06
0.000691304
-3.96582e-06
0.00069086
-3.85173e-06
0.000690442
-3.76897e-06
0.000690057
-3.727e-06
0.00068971
-3.72689e-06
0.000689405
-3.77787e-06
0.000689147
-3.87858e-06
0.00068894
-4.03778e-06
0.000688784
-4.2513e-06
0.000688682
-4.52744e-06
0.000688635
-4.85905e-06
0.000688645
-5.25374e-06
0.000688709
-5.70142e-06
0.000688829
-6.20878e-06
0.000689003
-6.76334e-06
0.000689229
-7.37033e-06
0.000689508
-8.01592e-06
0.000689838
-8.70292e-06
0.000690219
-9.41838e-06
0.000690649
-1.01609e-05
0.000691131
-1.09218e-05
0.000691658
-1.16921e-05
0.00069224
-1.24729e-05
0.000692863
-1.32422e-05
0.000693544
-1.40188e-05
0.000694262
-1.47583e-05
0.000695043
-1.55103e-05
0.000695855
-1.61932e-05
0.000696734
-1.69068e-05
0.000697636
-1.75085e-05
0.000698608
-1.81785e-05
0.000699592
-1.86756e-05
0.000700643
-1.93073e-05
0.000701696
-1.96738e-05
0.000702799
-2.02831e-05
0.00070389
-2.04812e-05
-2.10871e-05
0.000811477
2.97683e-07
0.000808268
1.50437e-08
0.000805477
-2.21543e-07
0.000803079
-3.92146e-07
0.000801057
-5.18874e-07
0.000799389
-6.14215e-07
0.000798051
-6.86947e-07
0.000797036
-7.57705e-07
0.000796337
-8.33831e-07
0.00079594
-9.20645e-07
0.000795831
-1.02231e-06
0.000795994
-1.14297e-06
0.000796413
-1.28524e-06
0.000797072
-1.45015e-06
0.000797951
-1.63759e-06
0.000799032
-1.84637e-06
0.000800297
-2.07459e-06
0.000801726
-2.32036e-06
0.0008033
-2.58156e-06
0.000805001
-2.856e-06
0.00080681
-3.14148e-06
0.000808708
-3.43605e-06
0.000810676
-3.73798e-06
0.000812696
-4.0461e-06
0.000814753
-4.35794e-06
0.000816827
-4.66902e-06
0.000818904
-4.97543e-06
0.000820968
-5.27356e-06
0.000823004
-5.55944e-06
0.000825
-5.82926e-06
0.000826945
-6.07859e-06
0.000828828
-6.30346e-06
0.000830641
-6.4995e-06
0.000832374
-6.66326e-06
0.000834021
-6.79092e-06
0.000835574
-6.88004e-06
0.000837028
-6.92776e-06
0.000838375
-6.93318e-06
0.000839612
-6.89492e-06
0.000840734
-6.81391e-06
0.000841735
-6.68999e-06
0.000842609
-6.52571e-06
0.000843353
-6.32229e-06
0.000843963
-6.08458e-06
0.000844436
-5.81541e-06
0.000844771
-5.52194e-06
0.000844965
-5.20828e-06
0.000845019
-4.88348e-06
0.000844932
-4.55225e-06
0.000844705
-4.225e-06
0.00084434
-3.90623e-06
0.000843838
-3.60713e-06
0.000843204
-3.33124e-06
0.000842442
-3.09021e-06
0.000841559
-2.88624e-06
0.000840563
-2.73095e-06
0.000839461
-2.62442e-06
0.000838261
-2.5777e-06
0.000836971
-2.58845e-06
0.000835599
-2.6666e-06
0.000834155
-2.80729e-06
0.000832647
-3.01899e-06
0.000831082
-3.29455e-06
0.000829469
-3.63994e-06
0.000827814
-4.04704e-06
0.000826124
-4.51839e-06
0.000824407
-5.04637e-06
0.000822665
-5.62861e-06
0.00082091
-6.26083e-06
0.000819139
-6.93233e-06
0.000817368
-7.6467e-06
0.000815588
-8.38129e-06
0.00081382
-9.15372e-06
0.000812051
-9.92255e-06
0.000810306
-1.07282e-05
0.000808565
-1.1501e-05
0.000806863
-1.23167e-05
0.000805168
-1.30635e-05
0.000803528
-1.38706e-05
0.000801898
-1.45633e-05
0.000800341
-1.53491e-05
0.000798793
-1.59612e-05
0.000797336
-1.67211e-05
0.000795887
-1.72268e-05
0.000794545
-1.79656e-05
0.000793209
-1.83376e-05
0.000791996
-1.90705e-05
0.000790789
-1.92741e-05
-2.00115e-05
0.000861689
4.91593e-06
0.000857529
4.17524e-06
0.000853806
3.50127e-06
0.000850531
2.88289e-06
0.000847704
2.30755e-06
0.000845327
1.76316e-06
0.000843398
1.24168e-06
0.0008419
7.40762e-07
0.000840812
2.54313e-07
0.000840131
-2.39715e-07
0.000839842
-7.3337e-07
0.000839929
-1.22972e-06
0.000840372
-1.72892e-06
0.000841152
-2.23033e-06
0.000842248
-2.73297e-06
0.000843636
-3.23477e-06
0.000845294
-3.73272e-06
0.000847198
-4.22376e-06
0.000849321
-4.70486e-06
0.000851638
-5.17344e-06
0.000854124
-5.62738e-06
0.000856754
-6.06531e-06
0.000859502
-6.48602e-06
0.000862344
-6.88852e-06
0.000865257
-7.27123e-06
0.000868221
-7.63262e-06
0.000871216
-7.97088e-06
0.000874227
-8.28451e-06
0.000877239
-8.57107e-06
0.000880238
-8.82824e-06
0.000883212
-9.05275e-06
0.000886151
-9.24199e-06
0.000889044
-9.39244e-06
0.000891882
-9.50169e-06
0.000894657
-9.56634e-06
0.000897362
-9.5847e-06
0.000899988
-9.5539e-06
0.000902528
-9.47331e-06
0.000904974
-9.34084e-06
0.000907318
-9.15756e-06
0.000909551
-8.92274e-06
0.000911665
-8.63951e-06
0.000913651
-8.30846e-06
0.000915501
-7.93498e-06
0.000917207
-7.52104e-06
0.000918759
-7.07448e-06
0.00092015
-6.5985e-06
0.000921369
-6.10319e-06
0.000922409
-5.59246e-06
0.000923263
-5.07834e-06
0.000923921
-4.56483e-06
0.00092438
-4.06529e-06
0.000924631
-3.58304e-06
0.000924673
-3.13211e-06
0.000924501
-2.71436e-06
0.000924114
-2.344e-06
0.000923511
-2.0212e-06
0.000922693
-1.75946e-06
0.000921661
-1.55684e-06
0.00092042
-1.4253e-06
0.000918974
-1.36117e-06
0.00091733
-1.37488e-06
0.000915497
-1.4613e-06
0.000913482
-1.62537e-06
0.000911298
-1.86309e-06
0.000908953
-2.1732e-06
0.000906462
-2.55559e-06
0.000903833
-2.99911e-06
0.000901083
-3.51162e-06
0.000898219
-4.06753e-06
0.000895263
-4.6908e-06
0.000892215
-5.33385e-06
0.000889107
-6.04546e-06
0.000885931
-6.74619e-06
0.000882726
-7.52378e-06
0.000879477
-8.25194e-06
0.000876236
-9.07518e-06
0.000872971
-9.79916e-06
0.000869752
-1.0651e-05
0.000866528
-1.13395e-05
0.000863388
-1.22088e-05
0.000860257
-1.28305e-05
0.000857249
-1.37137e-05
0.00085426
-1.4237e-05
0.000851434
-1.514e-05
0.000848628
-1.55314e-05
0.00084603
-1.64727e-05
0.000843453
-1.66973e-05
-1.77233e-05
0.000876277
9.43337e-06
0.000872247
8.2057e-06
0.000868711
7.03658e-06
0.000865677
5.91684e-06
0.000863148
4.83736e-06
0.000861121
3.78995e-06
0.000859595
2.76726e-06
0.000858573
1.76278e-06
0.000858055
7.72469e-07
0.000858
-1.84486e-07
0.00085837
-1.10353e-06
0.000859151
-2.01113e-06
0.000860321
-2.89852e-06
0.000861853
-3.76212e-06
0.000863718
-4.59839e-06
0.000865887
-5.40343e-06
0.000868327
-6.17288e-06
0.000871006
-6.90265e-06
0.00087389
-7.58931e-06
0.000876948
-8.23084e-06
0.000880147
-8.82646e-06
0.000883458
-9.37681e-06
0.000886856
-9.88313e-06
0.000890315
-1.03475e-05
0.000893815
-1.07721e-05
0.000897341
-1.11586e-05
0.000900878
-1.15078e-05
0.000904414
-1.18203e-05
0.000907938
-1.20953e-05
0.000911442
-1.23318e-05
0.000914917
-1.25278e-05
0.000918357
-1.26818e-05
0.000921755
-1.2791e-05
0.000925107
-1.28536e-05
0.000928407
-1.28663e-05
0.00093165
-1.28277e-05
0.00093483
-1.27343e-05
0.000937943
-1.25853e-05
0.00094098
-1.23779e-05
0.000943935
-1.21127e-05
0.0009468
-1.17878e-05
0.000949566
-1.14057e-05
0.000952223
-1.09656e-05
0.00095476
-1.04724e-05
0.000957166
-9.92691e-06
0.000959429
-9.33677e-06
0.000961534
-8.70387e-06
0.00096347
-8.03884e-06
0.000965222
-7.34444e-06
0.000966777
-6.63386e-06
0.000968122
-5.9101e-06
0.000969246
-5.18855e-06
0.000970134
-4.47181e-06
0.000970779
-3.77684e-06
0.00097117
-3.10524e-06
0.000971301
-2.47455e-06
0.000971164
-1.88473e-06
0.000970758
-1.35312e-06
0.000970079
-8.77741e-07
0.000969128
-4.74326e-07
0.000967904
-1.37738e-07
0.000966421
1.08024e-07
0.000964681
2.79284e-07
0.00096269
3.6589e-07
0.000960457
3.68923e-07
0.000957995
2.8881e-07
0.000955317
1.22894e-07
0.00095244
-1.22574e-07
0.000949384
-4.54935e-07
0.000946158
-8.4143e-07
0.000942788
-1.32112e-06
0.000939285
-1.83095e-06
0.000935682
-2.4423e-06
0.000931983
-3.04754e-06
0.00092823
-3.77017e-06
0.000924416
-4.43844e-06
0.000920594
-5.25343e-06
0.000916746
-5.95031e-06
0.000912938
-6.84366e-06
0.000909135
-7.53596e-06
0.000905426
-8.50044e-06
0.000901747
-9.15123e-06
0.000898216
-1.01827e-05
0.000894729
-1.07494e-05
0.000891442
-1.1853e-05
0.0008882
-1.22898e-05
0.000885209
-1.34818e-05
0.000882249
-1.37374e-05
-1.50644e-05
0.000901402
1.35692e-05
0.00089785
1.17571e-05
0.000894884
1.00027e-05
0.000892501
8.30042e-06
0.000890687
6.65049e-06
0.000889418
5.05949e-06
0.000888657
3.52847e-06
0.000888363
2.05599e-06
0.000888495
6.41198e-07
0.000889076
-7.65511e-07
0.000890087
-2.11434e-06
0.000891481
-3.40509e-06
0.000893214
-4.6324e-06
0.000895249
-5.79714e-06
0.00089755
-6.89873e-06
0.000900078
-7.93218e-06
0.000902797
-8.89173e-06
0.000905668
-9.77292e-06
0.000908652
-1.05732e-05
0.000911713
-1.12928e-05
0.000914821
-1.19337e-05
0.000917945
-1.25011e-05
0.000921064
-1.30018e-05
0.00092416
-1.3444e-05
0.000927223
-1.38348e-05
0.000930245
-1.41805e-05
0.000933222
-1.44852e-05
0.000936155
-1.47529e-05
0.000939045
-1.49855e-05
0.000941897
-1.51841e-05
0.000944718
-1.53482e-05
0.000947513
-1.54771e-05
0.000950291
-1.55686e-05
0.000953058
-1.56205e-05
0.00095582
-1.56289e-05
0.000958584
-1.55912e-05
0.000961352
-1.55027e-05
0.000964128
-1.53609e-05
0.000966911
-1.5161e-05
0.0009697
-1.49015e-05
0.00097249
-1.45781e-05
0.000975275
-1.41908e-05
0.000978046
-1.37363e-05
0.000980791
-1.32171e-05
0.000983495
-1.26313e-05
0.000986143
-1.19845e-05
0.000988715
-1.12764e-05
0.000991192
-1.05159e-05
0.000993552
-9.7043e-06
0.000995773
-8.85423e-06
0.00099783
-7.96784e-06
0.000999703
-7.06125e-06
0.00100137
-6.13687e-06
0.00100281
-5.21376e-06
0.00100399
-4.2935e-06
0.00100492
-3.39744e-06
0.00100556
-2.52565e-06
0.0010059
-1.70025e-06
0.00100595
-9.20619e-07
0.00100568
-2.09432e-07
0.00100508
4.62424e-07
0.00100415
1.03541e-06
0.0010029
1.52931e-06
0.00100134
1.92568e-06
0.000999482
2.23151e-06
0.000997331
2.43962e-06
0.000994904
2.55017e-06
0.000992214
2.56747e-06
0.00098928
2.47875e-06
0.000986128
2.31121e-06
0.000982778
2.02838e-06
0.000979256
1.69178e-06
0.000975586
1.22729e-06
0.000971792
7.46108e-07
0.000967907
1.15501e-07
0.000963956
-4.87458e-07
0.000959976
-1.27399e-06
0.000955974
-1.94814e-06
0.000952001
-2.87078e-06
0.000948045
-3.57952e-06
0.000944172
-4.62768e-06
0.000940345
-5.32396e-06
0.000936653
-6.49065e-06
0.000933025
-7.12139e-06
0.000929582
-8.41041e-06
0.000926204
-8.91211e-06
0.000923054
-1.03314e-05
0.000919943
-1.06264e-05
-1.218e-05
0.000946698
1.79128e-05
0.00094295
1.55043e-05
0.000939783
1.31698e-05
0.000937178
1.09062e-05
0.000935113
8.71509e-06
0.000933572
6.60042e-06
0.000932534
4.56663e-06
0.000931972
2.61777e-06
0.000931862
7.51507e-07
0.000932046
-9.49631e-07
0.000932512
-2.58012e-06
0.000933227
-4.12057e-06
0.000934129
-5.53459e-06
0.00093516
-6.82804e-06
0.000936269
-8.00747e-06
0.000937411
-9.07442e-06
0.000938549
-1.00293e-05
0.000939649
-1.08729e-05
0.000940682
-1.16069e-05
0.000941626
-1.22363e-05
0.000942461
-1.27691e-05
0.000943177
-1.32172e-05
0.000943771
-1.35958e-05
0.000944248
-1.39208e-05
0.000944621
-1.42076e-05
0.00094491
-1.44694e-05
0.000945141
-1.47162e-05
0.000945342
-1.49544e-05
0.000945543
-1.51859e-05
0.00094577
-1.54112e-05
0.000946051
-1.56296e-05
0.000946415
-1.58404e-05
0.000946887
-1.6041e-05
0.000947495
-1.62281e-05
0.000948262
-1.63965e-05
0.000949212
-1.65408e-05
0.000950363
-1.66536e-05
0.00095173
-1.67284e-05
0.000953326
-1.67566e-05
0.000955156
-1.67314e-05
0.000957222
-1.66443e-05
0.000959521
-1.649e-05
0.000962045
-1.62607e-05
0.000964781
-1.59531e-05
0.000967711
-1.55613e-05
0.000970812
-1.50852e-05
0.000974057
-1.45216e-05
0.000977416
-1.38745e-05
0.000980855
-1.31433e-05
0.000984337
-1.23366e-05
0.000987826
-1.14563e-05
0.00099128
-1.05152e-05
0.00099466
-9.51687e-06
0.000997924
-8.47864e-06
0.00100104
-7.40431e-06
0.00100395
-6.31544e-06
0.00100664
-5.21505e-06
0.00100907
-4.12807e-06
0.00101121
-3.05587e-06
0.00101302
-2.02616e-06
0.00101452
-1.03733e-06
0.00101568
-1.20289e-07
0.00101643
7.78916e-07
0.00101679
1.56545e-06
0.00101675
2.26659e-06
0.00101633
2.85887e-06
0.00101553
3.35417e-06
0.00101436
3.73371e-06
0.00101284
3.99968e-06
0.001011
4.15707e-06
0.00100883
4.19092e-06
0.00100639
4.1355e-06
0.00100368
3.9393e-06
0.00100074
3.68469e-06
0.000997591
3.26512e-06
0.000994264
2.83899e-06
0.00099078
2.21019e-06
0.00098718
1.65191e-06
0.000983478
8.31236e-07
0.000979708
1.90445e-07
0.000975927
-8.46511e-07
0.000972139
-1.53572e-06
0.000968383
-2.73461e-06
0.000964648
-3.38704e-06
0.000960995
-4.75697e-06
0.000957375
-5.29267e-06
0.000953876
-6.83244e-06
0.000950398
-7.14787e-06
-8.8329e-06
0.000987155
2.22856e-05
0.000983209
1.94508e-05
0.000979657
1.67221e-05
0.000976444
1.4119e-05
0.000973502
1.16573e-05
0.000970754
9.34776e-06
0.000968126
7.19484e-06
0.000965547
5.19678e-06
0.000962953
3.34582e-06
0.000960369
1.63388e-06
0.0009577
8.96924e-08
0.000955099
-1.52015e-06
0.000952469
-2.90487e-06
0.000949756
-4.11518e-06
0.000946966
-5.21719e-06
0.000944093
-6.20085e-06
0.000941106
-7.0429e-06
0.000937965
-7.73146e-06
0.000934628
-8.27058e-06
0.000931068
-8.67586e-06
0.000927253
-8.95433e-06
0.000923162
-9.12581e-06
0.000918803
-9.23704e-06
0.000914214
-9.33135e-06
0.000909451
-9.44484e-06
0.000904587
-9.60528e-06
0.000899702
-9.83152e-06
0.000894886
-1.01384e-05
0.000890227
-1.05266e-05
0.000885808
-1.09929e-05
0.000881707
-1.15286e-05
0.000877993
-1.21262e-05
0.000874727
-1.2775e-05
0.000871961
-1.34619e-05
0.000869736
-1.41719e-05
0.000868085
-1.48899e-05
0.000867031
-1.55996e-05
0.000866588
-1.62851e-05
0.000866762
-1.693e-05
0.00086755
-1.75193e-05
0.000868943
-1.80376e-05
0.000870925
-1.84716e-05
0.000873472
-1.88082e-05
0.000876556
-1.9037e-05
0.000880143
-1.91484e-05
0.000884193
-1.91356e-05
0.000888665
-1.89933e-05
0.00089351
-1.87195e-05
0.00089868
-1.83133e-05
0.000904121
-1.77779e-05
0.000909782
-1.71172e-05
0.000915606
-1.63393e-05
0.000921541
-1.54518e-05
0.000927529
-1.44666e-05
0.000933518
-1.33932e-05
0.00093945
-1.22472e-05
0.000945274
-1.10396e-05
0.000950936
-9.78972e-06
0.000956388
-8.50798e-06
0.00096158
-7.2175e-06
0.000966469
-5.92634e-06
0.00097101
-4.66177e-06
0.000975214
-3.42492e-06
0.000979029
-2.24936e-06
0.000982427
-1.13207e-06
0.000985399
-1.12868e-07
0.000987875
8.78324e-07
0.000989878
1.73024e-06
0.000991398
2.47993e-06
0.000992452
3.10274e-06
0.000993034
3.6089e-06
0.000993179
3.99072e-06
0.00099288
4.23904e-06
0.000992188
4.37623e-06
0.000991093
4.35992e-06
0.000989662
4.27026e-06
0.000987875
3.99714e-06
0.000985814
3.71315e-06
0.000983452
3.19271e-06
0.000980885
2.75816e-06
0.000978035
2.00265e-06
0.000975022
1.47792e-06
0.000971788
4.98774e-07
0.000968451
-4.95327e-08
0.000964953
-1.25935e-06
0.000961398
-1.73712e-06
0.000957721
-3.15624e-06
0.000954027
-3.45363e-06
-5.0511e-06
0.000988322
2.76077e-05
0.000982887
2.48851e-05
0.000977395
2.22144e-05
0.000971899
1.96149e-05
0.000966446
1.71102e-05
0.000961065
1.47294e-05
0.000955753
1.25065e-05
0.000950475
1.04748e-05
0.000945159
8.66196e-06
0.000939706
7.08676e-06
0.000934044
5.75159e-06
0.000927884
4.64001e-06
0.00092116
3.81913e-06
0.000913776
3.26883e-06
0.000905626
2.93261e-06
0.000896663
2.76267e-06
0.000886904
2.71534e-06
0.000876422
2.75091e-06
0.000865321
2.83053e-06
0.000853732
2.91255e-06
0.000841825
2.95274e-06
0.000829792
2.90767e-06
0.000817817
2.73793e-06
0.000806074
2.41184e-06
0.000794721
1.90816e-06
0.000783898
1.21718e-06
0.000773724
3.42884e-07
0.000764346
-7.60231e-07
0.000755819
-1.99939e-06
0.000748197
-3.3711e-06
0.000741513
-4.84483e-06
0.00073579
-6.40287e-06
0.000731035
-8.02053e-06
0.000727245
-9.67152e-06
0.000724404
-1.13308e-05
0.000722489
-1.29752e-05
0.000721472
-1.45829e-05
0.000721321
-1.6134e-05
0.000722001
-1.76098e-05
0.000723475
-1.89934e-05
0.000725706
-2.0269e-05
0.000728657
-2.14222e-05
0.000732289
-2.24403e-05
0.000736564
-2.33116e-05
0.000741442
-2.40267e-05
0.000746884
-2.45771e-05
0.000752848
-2.49573e-05
0.000759291
-2.51627e-05
0.000766169
-2.5192e-05
0.000773436
-2.50448e-05
0.000781044
-2.4725e-05
0.000788941
-2.42358e-05
0.000797075
-2.35866e-05
0.000805392
-2.27837e-05
0.00081384
-2.18412e-05
0.000822361
-2.0768e-05
0.000830904
-1.95829e-05
0.00083941
-1.82953e-05
0.000847829
-1.69272e-05
0.000856101
-1.5489e-05
0.00086418
-1.40053e-05
0.000872005
-1.24865e-05
0.000879538
-1.09582e-05
0.000886721
-9.43222e-06
0.000893522
-7.93357e-06
0.000899883
-6.47393e-06
0.000905832
-5.07011e-06
0.000911302
-3.74049e-06
0.00091628
-2.49779e-06
0.000920742
-1.35895e-06
0.000924681
-3.30534e-07
0.000928057
6.15449e-07
0.000930866
1.42929e-06
0.000933141
2.10119e-06
0.000934851
2.65042e-06
0.00093606
3.06155e-06
0.000936708
3.34875e-06
0.000936902
3.51861e-06
0.000936549
3.54627e-06
0.0009358
3.50676e-06
0.00093452
3.28281e-06
0.000932912
3.08566e-06
0.000930794
2.61728e-06
0.00092841
2.33454e-06
0.000925527
1.62316e-06
0.000922454
1.33632e-06
0.000918921
3.76176e-07
0.000915287
1.80989e-07
-1.02336e-06
0.000934104
3.12616e-05
0.000930244
2.87451e-05
0.000926074
2.63851e-05
0.000921435
2.42534e-05
0.000916127
2.24179e-05
0.000909923
2.09336e-05
0.000902594
1.98354e-05
0.000893938
1.91313e-05
0.000883797
1.88022e-05
0.000872073
1.88109e-05
0.000858711
1.9114e-05
0.000843681
1.96694e-05
0.000827111
2.039e-05
0.000809286
2.10933e-05
0.000790544
2.16742e-05
0.00077124
2.20671e-05
0.000751745
2.22103e-05
0.000732436
2.20598e-05
0.000713674
2.15931e-05
0.000695779
2.08073e-05
0.000679015
1.97162e-05
0.000663579
1.83443e-05
0.000649595
1.67221e-05
0.000637124
1.48824e-05
0.000626174
1.28581e-05
0.000616711
1.06809e-05
0.000608674
8.3792e-06
0.000601938
5.97634e-06
0.00059644
3.49874e-06
0.00059211
9.58562e-07
0.000588747
-1.48242e-06
0.000586291
-3.94615e-06
0.000584669
-6.39858e-06
0.000583812
-8.81446e-06
0.000583656
-1.11755e-05
0.000584148
-1.34664e-05
0.000585238
-1.56734e-05
0.000586888
-1.77844e-05
0.000589067
-1.97878e-05
0.000591746
-2.16732e-05
0.000594908
-2.34302e-05
0.000598535
-2.50492e-05
0.000602615
-2.65208e-05
0.00060714
-2.78362e-05
0.0006121
-2.89872e-05
0.000617489
-2.99662e-05
0.000623299
-3.07667e-05
0.000629519
-3.13829e-05
0.000636138
-3.18115e-05
0.000643143
-3.20494e-05
0.000650515
-3.20973e-05
0.000658235
-3.19555e-05
0.000666277
-3.16288e-05
0.000674613
-3.11198e-05
0.00068321
-3.04377e-05
0.000692029
-2.95868e-05
0.000701028
-2.85818e-05
0.00071016
-2.74276e-05
0.000719378
-2.61453e-05
0.000728628
-2.47393e-05
0.000737861
-2.32378e-05
0.000747017
-2.16427e-05
0.000756049
-1.999e-05
0.000764894
-1.82771e-05
0.000773508
-1.65483e-05
0.000781827
-1.4793e-05
0.000789821
-1.30634e-05
0.000797421
-1.13407e-05
0.000804607
-9.6842e-06
0.000811314
-8.06508e-06
0.000817528
-6.5448e-06
0.000823229
-5.08549e-06
0.000828406
-3.74796e-06
0.000833005
-2.49816e-06
0.000837038
-1.38196e-06
0.00084048
-3.8096e-07
0.000843285
5.43886e-07
0.000845465
1.33866e-06
0.000846991
2.02024e-06
0.000847937
2.56067e-06
0.000848194
3.02554e-06
0.000847937
3.34263e-06
0.000846937
3.61826e-06
0.000845516
3.75536e-06
0.000843279
3.85961e-06
0.00084074
3.87554e-06
0.000837305
3.81147e-06
0.000833715
3.77083e-06
3.5434e-06
0.00084778
3.83157e-05
0.00083869
3.78351e-05
0.000827492
3.75828e-05
0.000814178
3.75678e-05
0.000798813
3.77819e-05
0.000781553
3.81945e-05
0.000762638
3.87504e-05
0.000742396
3.93732e-05
0.000721225
3.99732e-05
0.000699577
4.04589e-05
0.000677942
4.07492e-05
0.000656828
4.07832e-05
0.000636697
4.05206e-05
0.000617858
3.99326e-05
0.000600524
3.90081e-05
0.00058484
3.77509e-05
0.000570877
3.61734e-05
0.000558642
3.42949e-05
0.000548094
3.21413e-05
0.000539157
2.97445e-05
0.000531732
2.71403e-05
0.00052571
2.43669e-05
0.00052097
2.14617e-05
0.000517392
1.84605e-05
0.000514855
1.53955e-05
0.000513238
1.2298e-05
0.000512422
9.19428e-06
0.000512293
6.10541e-06
0.000512744
3.04809e-06
0.000513684
1.8213e-08
0.000514915
-2.71256e-06
0.000516418
-5.44925e-06
0.000518122
-8.10315e-06
0.000519968
-1.06598e-05
0.000521903
-1.31114e-05
0.00052389
-1.54532e-05
0.0005259
-1.76828e-05
0.000527914
-1.97988e-05
0.000529927
-2.18005e-05
0.000531941
-2.36872e-05
0.000533968
-2.5458e-05
0.000536031
-2.71115e-05
0.000538155
-2.86452e-05
0.000540375
-3.00561e-05
0.000542728
-3.134e-05
0.000545253
-3.24916e-05
0.000547991
-3.35047e-05
0.00055098
-3.43721e-05
0.000554255
-3.50865e-05
0.000557847
-3.56406e-05
0.000561779
-3.60295e-05
0.000566074
-3.62503e-05
0.000570745
-3.63006e-05
0.000575803
-3.61777e-05
0.000581246
-3.58809e-05
0.000587068
-3.54088e-05
0.000593252
-3.47649e-05
0.000599774
-3.39501e-05
0.000606602
-3.29732e-05
0.0006137
-3.18373e-05
0.00062102
-3.05584e-05
0.000628518
-2.91398e-05
0.000636134
-2.76068e-05
0.000643818
-2.59606e-05
0.000651506
-2.42365e-05
0.000659142
-2.24291e-05
0.000666666
-2.05872e-05
0.000674017
-1.8692e-05
0.000681142
-1.68091e-05
0.000687976
-1.48988e-05
0.000694477
-1.30462e-05
0.000700575
-1.11836e-05
0.00070625
-9.42248e-06
0.000711412
-7.66065e-06
0.000716066
-6.03576e-06
0.000720099
-4.41352e-06
0.00072359
-2.94715e-06
0.000726418
-1.48911e-06
0.000728632
-1.94438e-07
0.00073008
1.11281e-06
0.000730826
2.27947e-06
0.000730791
3.37828e-06
0.00072996
4.44908e-06
0.000728361
5.35384e-06
0.000725832
6.3892e-06
0.000722628
7.07951e-06
0.000718296
8.14347e-06
0.000713511
8.55504e-06
9.68675e-06
0.000648496
5.02333e-05
0.000635406
5.09252e-05
0.000621455
5.15339e-05
0.000606993
5.2029e-05
0.000592393
5.23824e-05
0.000578021
5.25661e-05
0.000564223
5.25485e-05
0.000551301
5.22951e-05
0.000539501
5.17733e-05
0.000529002
5.09577e-05
0.000519919
4.98322e-05
0.000512311
4.83914e-05
0.000506194
4.6638e-05
0.000501545
4.45814e-05
0.000498315
4.22386e-05
0.000496432
3.96332e-05
0.000495812
3.6794e-05
0.000496353
3.37536e-05
0.000497946
3.05482e-05
0.000500475
2.72156e-05
0.000503821
2.37948e-05
0.00050786
2.03269e-05
0.000512472
1.68505e-05
0.000517531
1.34015e-05
0.000522918
1.00085e-05
0.000528514
6.7016e-06
0.000534196
3.51188e-06
0.000539849
4.52989e-07
0.000545317
-2.42043e-06
0.000550491
-5.15502e-06
0.000555472
-7.6935e-06
0.000560078
-1.00556e-05
0.00056422
-1.22449e-05
0.000567827
-1.42669e-05
0.000570845
-1.61301e-05
0.000573238
-1.78454e-05
0.00057498
-1.94252e-05
0.000576065
-2.08834e-05
0.000576499
-2.22347e-05
0.000576305
-2.34934e-05
0.00057552
-2.46732e-05
0.000574195
-2.57859e-05
0.000572391
-2.68412e-05
0.00057018
-2.78457e-05
0.000567643
-2.88031e-05
0.000564866
-2.9714e-05
0.000561937
-3.05762e-05
0.000558951
-3.13853e-05
0.000555999
-3.21348e-05
0.000553175
-3.28163e-05
0.000550565
-3.34198e-05
0.000548248
-3.39336e-05
0.000546292
-3.43442e-05
0.000544752
-3.46375e-05
0.000543671
-3.47999e-05
0.000543081
-3.48188e-05
0.000543
-3.46844e-05
0.000543438
-3.43879e-05
0.000544389
-3.39249e-05
0.000545842
-3.329e-05
0.000547769
-3.24856e-05
0.000550141
-3.15109e-05
0.000552911
-3.03769e-05
0.000556035
-2.90849e-05
0.000559454
-2.76559e-05
0.000563116
-2.60903e-05
0.000566949
-2.4421e-05
0.000570899
-2.26414e-05
0.000574889
-2.07994e-05
0.000578863
-1.88722e-05
0.000582745
-1.69287e-05
0.000586479
-1.4918e-05
0.000589996
-1.29389e-05
0.000593234
-1.08986e-05
0.000596137
-8.9389e-06
0.000598632
-6.90905e-06
0.000600693
-5.00766e-06
0.000602219
-3.0155e-06
0.000603219
-1.19428e-06
0.000603641
6.90763e-07
0.000603536
2.38447e-06
0.000602729
4.18596e-06
0.000601355
5.82268e-06
0.000599231
7.47822e-06
0.000596509
9.11099e-06
0.000593079
1.05097e-05
0.000588949
1.22728e-05
0.000584301
1.3203e-05
1.54102e-05
0.000493432
5.18744e-05
0.000490984
5.26816e-05
0.000488666
5.32424e-05
0.000486664
5.35365e-05
0.000485149
5.3544e-05
0.000484281
5.32498e-05
0.0004842
5.26476e-05
0.000485015
5.1734e-05
0.000486803
5.05066e-05
0.000489611
4.89654e-05
0.000493455
4.71137e-05
0.000498327
4.49604e-05
0.000504198
4.25203e-05
0.000511021
3.98144e-05
0.000518734
3.68684e-05
0.00052726
3.37128e-05
0.000536511
3.03818e-05
0.000546393
2.69126e-05
0.0005568
2.33467e-05
0.000567623
1.9725e-05
0.000578751
1.6088e-05
0.000590072
1.2474e-05
0.00060147
8.9283e-06
0.000612831
5.4898e-06
0.000624028
2.20441e-06
0.000635023
-9.86579e-07
0.000645713
-3.98815e-06
0.000655986
-6.76141e-06
0.000665742
-9.30243e-06
0.00067492
-1.15993e-05
0.000683413
-1.36481e-05
0.000691166
-1.54461e-05
0.000698111
-1.70003e-05
0.000704186
-1.83199e-05
0.000709334
-1.94156e-05
0.000713505
-2.03008e-05
0.000716651
-2.09916e-05
0.000718733
-2.15067e-05
0.000719716
-2.18669e-05
0.000719577
-2.20952e-05
0.0007183
-2.22161e-05
0.000715882
-2.22553e-05
0.000712335
-2.22388e-05
0.000707686
-2.21925e-05
0.000701981
-2.21404e-05
0.000695282
-2.21047e-05
0.000687674
-2.21057e-05
0.000679259
-2.2161e-05
0.000670159
-2.22853e-05
0.000660513
-2.24887e-05
0.000650473
-2.27764e-05
0.0006402
-2.31472e-05
0.000629859
-2.3592e-05
0.000619607
-2.40924e-05
0.000609591
-2.46215e-05
0.000599938
-2.51475e-05
0.000590757
-2.56376e-05
0.000582133
-2.60598e-05
0.000574128
-2.63836e-05
0.000566788
-2.65847e-05
0.000560137
-2.66386e-05
0.000554182
-2.6531e-05
0.000548918
-2.6247e-05
0.000544326
-2.57845e-05
0.000540376
-2.51353e-05
0.00053703
-2.431e-05
0.000534244
-2.33039e-05
0.000531965
-2.21423e-05
0.000530142
-2.08185e-05
0.000528716
-1.93736e-05
0.000527633
-1.77888e-05
0.000526829
-1.61252e-05
0.000526251
-1.43393e-05
0.000525833
-1.25214e-05
0.000525523
-1.0588e-05
0.000525258
-8.67419e-06
0.000524986
-6.63728e-06
0.000524655
-4.67609e-06
0.000524206
-2.56731e-06
0.000523591
-5.79023e-07
0.000522828
1.45351e-06
0.000521889
3.32363e-06
0.000520705
5.36969e-06
0.000519315
7.21309e-06
0.000517637
9.15656e-06
0.000515742
1.10059e-05
0.000513558
1.26938e-05
0.000511129
1.47021e-05
0.000508474
1.58578e-05
1.84257e-05
0.000466992
4.43867e-05
0.000474869
4.48046e-05
0.00048321
4.49018e-05
0.000492075
4.46713e-05
0.000501509
4.41104e-05
0.00051154
4.32189e-05
0.000522186
4.2001e-05
0.000533453
4.04669e-05
0.000545333
3.86267e-05
0.000557803
3.6496e-05
0.000570824
3.40924e-05
0.000584345
3.14396e-05
0.000598303
2.85627e-05
0.000612624
2.54925e-05
0.000627229
2.22641e-05
0.000642028
1.89138e-05
0.000656931
1.54787e-05
0.00067185
1.19937e-05
0.000686685
8.51117e-06
0.000701339
5.07155e-06
0.000715724
1.70223e-06
0.000729807
-1.60864e-06
0.000743492
-4.75671e-06
0.000756704
-7.7226e-06
0.000769394
-1.04854e-05
0.000781436
-1.30282e-05
0.000792779
-1.53314e-05
0.000803398
-1.73806e-05
0.000813265
-1.91688e-05
0.000822358
-2.06927e-05
0.000830663
-2.19534e-05
0.000838172
-2.29548e-05
0.000844876
-2.37046e-05
0.00085077
-2.42136e-05
0.000855849
-2.44945e-05
0.00086011
-2.45619e-05
0.00086355
-2.44318e-05
0.000866165
-2.41212e-05
0.000867945
-2.36477e-05
0.000868878
-2.30281e-05
0.000868941
-2.22788e-05
0.000868102
-2.1416e-05
0.000866319
-2.04564e-05
0.000863544
-1.94173e-05
0.000859721
-1.83172e-05
0.000854794
-1.71781e-05
0.000848718
-1.60292e-05
0.000841465
-1.4908e-05
0.000833027
-1.38472e-05
0.000823413
-1.28755e-05
0.000812657
-1.20203e-05
0.000800817
-1.13067e-05
0.000787979
-1.07546e-05
0.000774266
-1.03794e-05
0.000759829
-1.01845e-05
0.000744844
-1.01624e-05
0.000729503
-1.02966e-05
0.000714016
-1.05729e-05
0.000698597
-1.09645e-05
0.000683442
-1.14292e-05
0.000668703
-1.19001e-05
0.000654516
-1.23438e-05
0.00064099
-1.27207e-05
0.000628209
-1.30033e-05
0.000616226
-1.31527e-05
0.000605074
-1.31581e-05
0.00059476
-1.29897e-05
0.000585278
-1.266e-05
0.000576603
-1.21436e-05
0.000568707
-1.14776e-05
0.000561546
-1.06285e-05
0.000555081
-9.65985e-06
0.000549258
-8.51578e-06
0.00054403
-7.29343e-06
0.00053934
-5.89816e-06
0.000535139
-4.47393e-06
0.000531372
-2.86965e-06
0.000527988
-1.29198e-06
0.000524981
4.39061e-07
0.000522336
2.06589e-06
0.000519898
3.89158e-06
0.000517664
5.5583e-06
0.000515622
7.41092e-06
0.00051375
9.08603e-06
0.000512041
1.08651e-05
0.00051048
1.25671e-05
0.000509062
1.4112e-05
0.000507809
1.59549e-05
0.000506675
1.69914e-05
1.92925e-05
0.000562538
3.17845e-05
0.000575668
3.16743e-05
0.000589306
3.12641e-05
0.000603425
3.05528e-05
0.000617991
2.95439e-05
0.000632965
2.82447e-05
0.000648299
2.66675e-05
0.000663943
2.48228e-05
0.000679834
2.27356e-05
0.000695909
2.04206e-05
0.000712092
1.79094e-05
0.000728304
1.5228e-05
0.000744466
1.24006e-05
0.000760491
9.46739e-06
0.000776292
6.46286e-06
0.000791783
3.42287e-06
0.000806885
3.76985e-07
0.000821584
-2.7055e-06
0.000835775
-5.67997e-06
0.000849396
-8.54945e-06
0.000862384
-1.12852e-05
0.000874636
-1.38612e-05
0.000886128
-1.62485e-05
0.000896832
-1.84265e-05
0.000906726
-2.03792e-05
0.000915792
-2.20948e-05
0.000924024
-2.35635e-05
0.000931422
-2.47782e-05
0.000937991
-2.57373e-05
0.000943741
-2.64431e-05
0.000948689
-2.69015e-05
0.000952856
-2.71218e-05
0.000956266
-2.71149e-05
0.000958947
-2.6894e-05
0.000960926
-2.64739e-05
0.000962235
-2.58705e-05
0.000962904
-2.51009e-05
0.000962965
-2.41823e-05
0.00096245
-2.31325e-05
0.00096139
-2.19683e-05
0.000959817
-2.0706e-05
0.000957763
-1.93617e-05
0.000955259
-1.79524e-05
0.000952337
-1.6495e-05
0.000949026
-1.50061e-05
0.000945349
-1.35015e-05
0.000941318
-1.1998e-05
0.000936921
-1.05106e-05
0.000932122
-9.04825e-06
0.000926862
-7.61618e-06
0.00092107
-6.22823e-06
0.000914669
-4.9054e-06
0.000907576
-3.66206e-06
0.000899719
-2.52224e-06
0.000891031
-1.49659e-06
0.000881461
-5.91929e-07
0.000870993
1.71249e-07
0.000859631
7.88729e-07
0.000847346
1.32051e-06
0.00083419
1.72745e-06
0.000820268
2.02196e-06
0.000805714
2.21008e-06
0.000790677
2.31588e-06
0.000775328
2.34567e-06
0.000759843
2.33273e-06
0.000744407
2.2778e-06
0.000729194
2.22318e-06
0.000714375
2.15921e-06
0.000700089
2.14226e-06
0.000686464
2.14706e-06
0.000673586
2.24956e-06
0.000661528
2.39801e-06
0.00065032
2.69215e-06
0.000639988
3.03928e-06
0.000630518
3.57149e-06
0.000621901
4.1427e-06
0.000614103
4.9286e-06
0.000607097
5.71446e-06
0.00060081
6.72582e-06
0.000595197
7.67834e-06
0.000590234
8.8546e-06
0.000585872
9.9207e-06
0.000582098
1.11845e-05
0.000578859
1.2325e-05
0.000576152
1.35723e-05
0.000573947
1.47723e-05
0.000572205
1.58538e-05
0.000571013
1.71475e-05
0.000570165
1.78393e-05
1.93114e-05
0.000729049
1.89818e-05
0.000742392
1.83316e-05
0.000756199
1.74575e-05
0.000770392
1.63595e-05
0.000784887
1.50488e-05
0.000799601
1.3531e-05
0.000814446
1.18218e-05
0.000829332
9.93664e-06
0.000844167
7.90099e-06
0.000858856
5.73207e-06
0.000873313
3.45174e-06
0.00088744
1.1014e-06
0.000901224
-1.38348e-06
0.000914567
-3.87552e-06
0.000927393
-6.36364e-06
0.000939639
-8.82239e-06
0.000951239
-1.12232e-05
0.000962075
-1.35422e-05
0.000972142
-1.57467e-05
0.000981407
-1.78138e-05
0.000989844
-1.97228e-05
0.000997439
-2.14555e-05
0.00100418
-2.29944e-05
0.00101008
-2.43262e-05
0.00101515
-2.54419e-05
0.00101939
-2.63364e-05
0.00102283
-2.70082e-05
0.00102551
-2.74589e-05
0.00102747
-2.76934e-05
0.00102875
-2.77184e-05
0.00102939
-2.75428e-05
0.00102944
-2.71773e-05
0.00102896
-2.66344e-05
0.00102799
-2.59274e-05
0.00102659
-2.50705e-05
0.0010248
-2.4078e-05
0.00102266
-2.29641e-05
0.00102022
-2.17426e-05
0.00101752
-2.04271e-05
0.00101458
-1.90301e-05
0.00101144
-1.75635e-05
0.00100811
-1.60386e-05
0.00100463
-1.44674e-05
0.00100099
-1.28614e-05
0.00099722
-1.12316e-05
0.000993308
-9.58925e-06
0.000989257
-7.94715e-06
0.000985065
-6.31844e-06
0.000980734
-4.71735e-06
0.000976276
-3.15788e-06
0.000971701
-1.65322e-06
0.000967026
-2.30715e-07
0.000962149
1.21527e-06
0.000957069
2.5572e-06
0.000951755
3.8171e-06
0.00094617
4.99325e-06
0.000940251
6.09065e-06
0.000933932
7.10717e-06
0.000927203
8.05046e-06
0.000920016
8.91364e-06
0.000912332
9.70661e-06
0.000904117
1.04252e-05
0.000895346
1.10866e-05
0.000886017
1.16749e-05
0.000876144
1.22052e-05
0.000865776
1.26456e-05
0.000854976
1.30236e-05
0.000843835
1.33004e-05
0.000832446
1.35311e-05
0.000820924
1.36684e-05
0.000809373
1.38013e-05
0.000797909
1.3862e-05
0.000786626
1.39748e-05
0.000775631
1.40339e-05
0.000765001
1.42016e-05
0.000754826
1.43181e-05
0.000745164
1.45901e-05
0.000736085
1.47934e-05
0.000727626
1.51853e-05
0.000719827
1.54773e-05
0.000712702
1.59793e-05
0.000706274
1.6349e-05
0.000700531
1.69271e-05
0.000695503
1.73535e-05
0.000691128
1.79467e-05
0.000687494
1.84069e-05
0.000684423
1.89247e-05
0.000682171
1.93988e-05
0.000680298
1.9713e-05
2.01481e-05
0.000904937
8.84662e-06
0.00091545
7.81899e-06
0.000926245
6.66205e-06
0.000937221
5.38411e-06
0.000948277
3.99262e-06
0.000959307
2.50071e-06
0.000970209
9.1974e-07
0.000980951
-8.05563e-07
0.000991444
-2.59115e-06
0.00100159
-4.41832e-06
0.00101132
-6.27551e-06
0.00102057
-8.14377e-06
0.00102919
-1.00062e-05
0.00103715
-1.18375e-05
0.0010444
-1.36172e-05
0.00105091
-1.5326e-05
0.00105663
-1.69456e-05
0.00106155
-1.84579e-05
0.00106564
-1.98446e-05
0.00106892
-2.10904e-05
0.00107138
-2.21831e-05
0.00107304
-2.31129e-05
0.00107392
-2.38724e-05
0.00107405
-2.44575e-05
0.00107347
-2.48671e-05
0.00107224
-2.51033e-05
0.0010704
-2.51702e-05
0.00106802
-2.50738e-05
0.00106514
-2.48209e-05
0.00106185
-2.442e-05
0.00105818
-2.38808e-05
0.00105422
-2.32141e-05
0.00105002
-2.24309e-05
0.00104563
-2.15422e-05
0.00104112
-2.05594e-05
0.00103654
-1.94929e-05
0.00103192
-1.83527e-05
0.00102733
-1.71478e-05
0.00102279
-1.58872e-05
0.00101834
-1.45782e-05
0.001014
-1.32282e-05
0.00100981
-1.18428e-05
0.00100577
-1.0429e-05
0.0010019
-8.99251e-06
0.000998208
-7.54008e-06
0.000994695
-6.07676e-06
0.000991358
-4.60952e-06
0.000988182
-3.1431e-06
0.00098515
-1.68479e-06
0.000982231
-2.38505e-07
0.000979357
1.22053e-06
0.000976488
2.63841e-06
0.000973674
4.02857e-06
0.000970852
5.37969e-06
0.00096798
6.68923e-06
0.00096502
7.95328e-06
0.000961942
9.16828e-06
0.000958721
1.03286e-05
0.000955334
1.14376e-05
0.00095176
1.24875e-05
0.000947982
1.34843e-05
0.000943992
1.44156e-05
0.000939784
1.52938e-05
0.000935362
1.60977e-05
0.000930719
1.68484e-05
0.000925851
1.75129e-05
0.000920747
1.81276e-05
0.000915402
1.86453e-05
0.000909807
1.91261e-05
0.000903972
1.95042e-05
0.000897902
1.98711e-05
0.000891631
2.01326e-05
0.000885187
2.04189e-05
0.000878627
2.0594e-05
0.000871994
2.08344e-05
0.000865363
2.09493e-05
0.000858781
2.11718e-05
0.000852331
2.12441e-05
0.000846049
2.14668e-05
0.000840022
2.15047e-05
0.000834266
2.17351e-05
0.000828877
2.17379e-05
0.000823832
2.19718e-05
0.000819256
2.19301e-05
0.000815052
2.21506e-05
0.000811413
2.20463e-05
0.000808113
2.22243e-05
0.000805481
2.2031e-05
0.000803065
2.21289e-05
2.18162e-05
0.00102185
1.62956e-06
0.00102908
5.92444e-07
0.00103629
-5.47803e-07
0.0010434
-1.72611e-06
0.00105033
-2.93692e-06
0.00105701
-4.17816e-06
0.00106337
-5.44217e-06
0.00106929
-6.72236e-06
0.0010747
-8.00459e-06
0.00107956
-9.27669e-06
0.00108381
-1.05278e-05
0.00108741
-1.17464e-05
0.00109033
-1.29206e-05
0.00109253
-1.40372e-05
0.00109399
-1.50832e-05
0.00109471
-1.60475e-05
0.00109469
-1.69202e-05
0.00109392
-1.76925e-05
0.00109244
-1.83569e-05
0.00109025
-1.89078e-05
0.00108741
-1.93414e-05
0.00108395
-1.9656e-05
0.00107993
-1.98515e-05
0.00107541
-1.99295e-05
0.00107043
-1.98926e-05
0.00106507
-1.97451e-05
0.00105939
-1.94921e-05
0.00105346
-1.91404e-05
0.00104734
-1.8697e-05
0.00104109
-1.81698e-05
0.00103477
-1.75662e-05
0.00102845
-1.68939e-05
0.00102218
-1.61599e-05
0.00101601
-1.53708e-05
0.00100998
-1.45325e-05
0.00100414
-1.36503e-05
0.000998516
-1.27288e-05
0.00099314
-1.17714e-05
0.000988034
-1.07815e-05
0.000983217
-9.76129e-06
0.000978702
-8.71331e-06
0.000974498
-7.63865e-06
0.000970609
-6.53952e-06
0.000967033
-5.41686e-06
0.000963767
-4.27368e-06
0.0009608
-3.1104e-06
0.00095812
-1.92963e-06
0.00095571
-7.32552e-07
0.000953569
4.56535e-07
0.000951667
1.66324e-06
0.000950015
2.87278e-06
0.000948573
4.08014e-06
0.000947318
5.28297e-06
0.000946221
6.47728e-06
0.000945253
7.65689e-06
0.000944388
8.81803e-06
0.0009436
9.95712e-06
0.000942859
1.10694e-05
0.000942142
1.2154e-05
0.000941426
1.32034e-05
0.00094069
1.42207e-05
0.000939912
1.51938e-05
0.000939073
1.61324e-05
0.000938155
1.70159e-05
0.000937141
1.78629e-05
0.000936013
1.86402e-05
0.00093476
1.93807e-05
0.00093337
2.00357e-05
0.000931835
2.0661e-05
0.000930152
2.11867e-05
0.000928323
2.17004e-05
0.000926354
2.21014e-05
0.000924255
2.2518e-05
0.000922043
2.28058e-05
0.000919734
2.3144e-05
0.000917353
2.333e-05
0.000914918
2.36069e-05
0.000912464
2.36979e-05
0.000910005
2.39261e-05
0.000907587
2.39229e-05
0.000905211
2.41105e-05
0.00090294
2.40089e-05
0.000900752
2.41597e-05
0.000898732
2.39504e-05
0.000896819
2.40639e-05
0.000895132
2.37328e-05
0.000893549
2.38073e-05
0.00089224
2.33403e-05
0.000890989
2.33802e-05
2.27964e-05
0.0010453
-3.88012e-06
0.00105055
-4.66239e-06
0.00105546
-5.45015e-06
0.00105997
-6.23473e-06
0.00106404
-7.0106e-06
0.00106763
-7.77295e-06
0.00107071
-8.51705e-06
0.00107323
-9.23862e-06
0.00107515
-9.9313e-06
0.00107646
-1.05882e-05
0.00107714
-1.12034e-05
0.00107716
-1.17716e-05
0.00107653
-1.22878e-05
0.00107524
-1.27475e-05
0.00107331
-1.31466e-05
0.00107074
-1.34818e-05
0.00106757
-1.37507e-05
0.00106383
-1.39514e-05
0.00105955
-1.4083e-05
0.00105479
-1.4146e-05
0.00104959
-1.41413e-05
0.00104401
-1.40705e-05
0.00103809
-1.3936e-05
0.0010319
-1.37412e-05
0.0010255
-1.34902e-05
0.00101894
-1.31876e-05
0.00101229
-1.28374e-05
0.00100559
-1.24436e-05
0.000998905
-1.20098e-05
0.000992275
-1.15397e-05
0.000985746
-1.10369e-05
0.000979356
-1.05047e-05
0.000973143
-9.94634e-06
0.000967136
-9.36383e-06
0.000961362
-8.75879e-06
0.000955844
-8.13213e-06
0.0009506
-7.48454e-06
0.000945644
-6.816e-06
0.000940989
-6.12646e-06
0.000936643
-5.41493e-06
0.000932611
-4.68088e-06
0.000928895
-3.92312e-06
0.000925497
-3.14163e-06
0.000922415
-2.33443e-06
0.000919644
-1.50257e-06
0.000917177
-6.44003e-07
0.000915023
2.24454e-07
0.000913175
1.11522e-06
0.000911603
2.02898e-06
0.000910302
2.96447e-06
0.000909257
3.91726e-06
0.000908453
4.88459e-06
0.000907874
5.86163e-06
0.000907505
6.84592e-06
0.00090733
7.83263e-06
0.000907329
8.8189e-06
0.000907485
9.80069e-06
0.000907781
1.0774e-05
0.000908198
1.17364e-05
0.00090872
1.26817e-05
0.00090933
1.36104e-05
0.000910012
1.45122e-05
0.000910752
1.5392e-05
0.000911535
1.6233e-05
0.00091235
1.70478e-05
0.00091318
1.78102e-05
0.000914016
1.85452e-05
0.000914838
1.92137e-05
0.000915639
1.98598e-05
0.0009164
2.04256e-05
0.000917119
2.09812e-05
0.00091778
2.14412e-05
0.000918387
2.19105e-05
0.000918928
2.22653e-05
0.000919416
2.26559e-05
0.000919839
2.29064e-05
0.00092022
2.32265e-05
0.000920546
2.33718e-05
0.000920844
2.36282e-05
0.000921102
2.36646e-05
0.000921349
2.38632e-05
0.000921574
2.37845e-05
0.000921804
2.39299e-05
0.000922026
2.37277e-05
0.000922266
2.38244e-05
0.000922508
2.34903e-05
0.00092277
2.35453e-05
0.000923037
2.30738e-05
0.000923317
2.30997e-05
2.24861e-05
0.00101139
-8.66549e-06
0.0010158
-9.07158e-06
0.00101979
-9.44318e-06
0.00102333
-9.77653e-06
0.00102639
-1.00688e-05
0.00102894
-1.03182e-05
0.00103094
-1.05237e-05
0.00103239
-1.06851e-05
0.00103326
-1.08024e-05
0.00103355
-1.08759e-05
0.00103325
-1.09052e-05
0.00103237
-1.08896e-05
0.00103091
-1.08286e-05
0.00102889
-1.07232e-05
0.00102632
-1.05766e-05
0.00102323
-1.03922e-05
0.00101965
-1.01735e-05
0.00101562
-9.92359e-06
0.00101118
-9.64504e-06
0.00100638
-9.34137e-06
0.00100125
-9.01664e-06
0.000995858
-8.67451e-06
0.000990241
-8.31823e-06
0.00098445
-7.9507e-06
0.000978535
-7.57466e-06
0.00097254
-7.19315e-06
0.000966511
-6.80879e-06
0.000960491
-6.42334e-06
0.000954519
-6.03779e-06
0.000948632
-5.65276e-06
0.000942864
-5.26834e-06
0.000937243
-4.88365e-06
0.000931794
-4.49803e-06
0.00092654
-4.10967e-06
0.000921498
-3.71653e-06
0.000916682
-3.31642e-06
0.000912105
-2.90688e-06
0.000907774
-2.48531e-06
0.000903697
-2.04926e-06
0.000899878
-1.59612e-06
0.000896321
-1.124e-06
0.000893029
-6.30855e-07
0.000890003
-1.15681e-07
0.000887231
4.36916e-07
0.00088472
1.00853e-06
0.00088247
1.60614e-06
0.000880465
2.23001e-06
0.000878699
2.88116e-06
0.00087717
3.55782e-06
0.000875875
4.25909e-06
0.00087481
4.98267e-06
0.000873968
5.7269e-06
0.000873341
6.48847e-06
0.000872921
7.26523e-06
0.000872701
8.05342e-06
0.000872669
8.85016e-06
0.000872818
9.65175e-06
0.000873138
1.04544e-05
0.000873619
1.12553e-05
0.000874251
1.20492e-05
0.000875027
1.28348e-05
0.000875934
1.36049e-05
0.000876965
1.43611e-05
0.000878106
1.50924e-05
0.000879348
1.58056e-05
0.000880674
1.64838e-05
0.000882078
1.71417e-05
0.000883537
1.77539e-05
0.00088505
1.83473e-05
0.000886592
1.88834e-05
0.000888166
1.9407e-05
0.000889747
1.98606e-05
0.000891344
2.03133e-05
0.000892929
2.06803e-05
0.000894521
2.10637e-05
0.000896087
2.13408e-05
0.000897655
2.16581e-05
0.000899185
2.18416e-05
0.000900717
2.20963e-05
0.0009022
2.21815e-05
0.000903686
2.23775e-05
0.000905112
2.23586e-05
0.000906542
2.25002e-05
0.000907898
2.23711e-05
0.000909259
2.24637e-05
0.000910531
2.22187e-05
0.000911806
2.22697e-05
0.000912976
2.19047e-05
0.000914153
2.19221e-05
2.14269e-05
0.000974774
-1.28268e-05
0.000978529
-1.28268e-05
0.000981841
-1.27547e-05
0.000984675
-1.26105e-05
0.000987003
-1.23968e-05
0.000988802
-1.21175e-05
0.000990055
-1.17766e-05
0.000990749
-1.13788e-05
0.000990876
-1.09299e-05
0.000990437
-1.04361e-05
0.000989434
-9.90307e-06
0.000987882
-9.33714e-06
0.000985798
-8.7447e-06
0.000983205
-8.13014e-06
0.000980129
-7.50031e-06
0.000976601
-6.86426e-06
0.000972656
-6.2292e-06
0.000968334
-5.60153e-06
0.000963678
-4.98838e-06
0.000958733
-4.39683e-06
0.000953548
-3.83195e-06
0.000948171
-3.29723e-06
0.000942649
-2.79597e-06
0.000937029
-2.331e-06
0.000931359
-1.90398e-06
0.000925681
-1.51558e-06
0.000920038
-1.1654e-06
0.000914466
-8.52083e-07
0.000909002
-5.73231e-07
0.000903675
-3.25763e-07
0.000898512
-1.05949e-07
0.000893531
9.75455e-08
0.000888755
2.78531e-07
0.000884199
4.4639e-07
0.000879874
6.08492e-07
0.000875787
7.70026e-07
0.000871944
9.36351e-07
0.000868346
1.11263e-06
0.000864993
1.30411e-06
0.000861881
1.51579e-06
0.000859005
1.75207e-06
0.000856358
2.01563e-06
0.000853934
2.30846e-06
0.000851738
2.63316e-06
0.000849756
2.99012e-06
0.000847982
3.38018e-06
0.000846409
3.80315e-06
0.000845032
4.25854e-06
0.000843844
4.74565e-06
0.00084284
5.26291e-06
0.000842014
5.80824e-06
0.000841362
6.379e-06
0.000840878
6.97237e-06
0.000840558
7.58507e-06
0.000840398
8.21398e-06
0.000840393
8.85534e-06
0.000840538
9.50617e-06
0.00084083
1.01623e-05
0.000841264
1.08212e-05
0.000841835
1.14782e-05
0.000842539
1.21317e-05
0.000843368
1.27759e-05
0.000844318
1.3411e-05
0.000845381
1.40296e-05
0.000846552
1.46344e-05
0.00084782
1.52153e-05
0.000849182
1.57794e-05
0.000850624
1.63123e-05
0.000852144
1.68277e-05
0.000853723
1.73045e-05
0.000855364
1.77658e-05
0.000857044
1.81806e-05
0.000858772
1.85852e-05
0.000860519
1.89336e-05
0.000862302
1.92809e-05
0.000864083
1.95593e-05
0.000865891
1.98498e-05
0.000867678
2.00546e-05
0.000869485
2.02899e-05
0.000871249
2.0417e-05
0.000873027
2.05995e-05
0.000874741
2.06448e-05
0.000876463
2.07777e-05
0.000878098
2.07368e-05
0.000879737
2.08247e-05
0.000881262
2.06932e-05
0.000882791
2.07413e-05
0.00088418
2.05153e-05
0.000885572
2.05302e-05
2.02045e-05
0.000917171
-1.43382e-05
0.000918272
-1.39277e-05
0.000918937
-1.34198e-05
0.000919147
-1.28206e-05
0.000918889
-1.21384e-05
0.000918153
-1.13813e-05
0.000916935
-1.0559e-05
0.000915239
-9.68303e-06
0.000913075
-8.7659e-06
0.00091046
-7.82034e-06
0.000907414
-6.85721e-06
0.000903962
-5.88536e-06
0.000900131
-4.91342e-06
0.000895952
-3.95175e-06
0.000891466
-3.01412e-06
0.000886715
-2.11304e-06
0.000881745
-1.25928e-06
0.000876607
-4.63386e-07
0.000871335
2.83968e-07
0.000865975
9.62741e-07
0.000860577
1.56644e-06
0.000855184
2.09486e-06
0.000849841
2.5479e-06
0.000844583
2.92642e-06
0.000839447
3.23234e-06
0.000834463
3.46875e-06
0.000829657
3.64018e-06
0.000825053
3.75211e-06
0.000820669
3.81084e-06
0.000816519
3.82345e-06
0.000812615
3.79806e-06
0.000808969
3.74377e-06
0.000805579
3.66903e-06
0.000802442
3.5828e-06
0.000799557
3.49385e-06
0.000796917
3.41016e-06
0.000794514
3.33887e-06
0.000792341
3.28593e-06
0.000790388
3.25717e-06
0.000788646
3.25751e-06
0.000787107
3.29111e-06
0.000785762
3.36109e-06
0.0007846
3.4701e-06
0.000783614
3.61961e-06
0.000782793
3.81025e-06
0.000782132
4.04167e-06
0.000781622
4.31341e-06
0.000781256
4.62391e-06
0.00078103
4.97165e-06
0.000780939
5.35393e-06
0.000780979
5.76849e-06
0.000781146
6.21185e-06
0.000781437
6.68136e-06
0.000781849
7.17298e-06
0.000782379
7.68404e-06
0.000783025
8.21009e-06
0.000783782
8.74872e-06
0.000784649
9.2952e-06
0.000785623
9.84763e-06
0.0007867
1.0401e-05
0.000787877
1.09544e-05
0.000789151
1.15023e-05
0.000790517
1.20449e-05
0.00079197
1.25763e-05
0.000793507
1.3098e-05
0.000795119
1.36031e-05
0.000796803
1.40953e-05
0.000798549
1.45663e-05
0.000800354
1.50222e-05
0.000802206
1.54526e-05
0.000804104
1.58675e-05
0.000806032
1.62527e-05
0.000807994
1.66232e-05
0.000809968
1.69596e-05
0.000811965
1.72839e-05
0.000813956
1.75685e-05
0.00081596
1.78457e-05
0.000817939
1.80761e-05
0.000819923
1.83061e-05
0.00082186
1.848e-05
0.000823795
1.86637e-05
0.000825661
1.87791e-05
0.00082752
1.89184e-05
0.000829284
1.89735e-05
0.000831037
1.90713e-05
0.000832666
1.90644e-05
0.000834283
1.91238e-05
0.000835746
1.90531e-05
0.000837199
1.90764e-05
1.89333e-05
0.000766307
-1.11535e-05
0.00076289
-1.0511e-05
0.000759242
-9.77104e-06
0.000755366
-8.9453e-06
0.000751294
-8.06554e-06
0.000747051
-7.13874e-06
0.000742666
-6.17362e-06
0.000738167
-5.18396e-06
0.000733587
-4.18669e-06
0.000728967
-3.1997e-06
0.000724346
-2.23687e-06
0.000719766
-1.305e-06
0.000715265
-4.12201e-07
0.000710829
4.83642e-07
0.000706472
1.34366e-06
0.000702216
2.14209e-06
0.000698084
2.87289e-06
0.000694094
3.52663e-06
0.000690282
4.09611e-06
0.000686667
4.57743e-06
0.000683261
4.97252e-06
0.000680069
5.28739e-06
0.000677093
5.52332e-06
0.000674339
5.68093e-06
0.000671807
5.76381e-06
0.000669498
5.77791e-06
0.000667407
5.73101e-06
0.000665528
5.63178e-06
0.00066385
5.48902e-06
0.000662362
5.31128e-06
0.000661053
5.10715e-06
0.000659911
4.88525e-06
0.000658926
4.65406e-06
0.000658087
4.42184e-06
0.000657385
4.1964e-06
0.00065681
3.98466e-06
0.000656356
3.79276e-06
0.000656016
3.62591e-06
0.000655785
3.48885e-06
0.000655656
3.38558e-06
0.000655628
3.31941e-06
0.000655697
3.29249e-06
0.000655861
3.30616e-06
0.00065612
3.36075e-06
0.000656474
3.45618e-06
0.000656924
3.59154e-06
0.000657471
3.76585e-06
0.000658118
3.97732e-06
0.000658865
4.2243e-06
0.000659715
4.50426e-06
0.000660668
4.81509e-06
0.000661727
5.15369e-06
0.00066289
5.51775e-06
0.000664159
5.90382e-06
0.000665534
6.3097e-06
0.000667012
6.73171e-06
0.000668593
7.16791e-06
0.000670274
7.61435e-06
0.000672052
8.0693e-06
0.000673925
8.5284e-06
0.000675888
8.99079e-06
0.000677938
9.45219e-06
0.000680071
9.91257e-06
0.00068228
1.03673e-05
0.00068456
1.08174e-05
0.000686906
1.12577e-05
0.000689311
1.16903e-05
0.000691767
1.21097e-05
0.00069427
1.25191e-05
0.000696811
1.29123e-05
0.000699385
1.32938e-05
0.000701981
1.36567e-05
0.000704597
1.40068e-05
0.00070722
1.43361e-05
0.000709852
1.4652e-05
0.000712476
1.49453e-05
0.000715097
1.52247e-05
0.000717692
1.54803e-05
0.000720277
1.57216e-05
0.000722818
1.59386e-05
0.000725341
1.61409e-05
0.000727801
1.63193e-05
0.000730237
1.64825e-05
0.000732586
1.66237e-05
0.000734909
1.67483e-05
0.000737118
1.68556e-05
0.000739301
1.69414e-05
0.000741335
1.70188e-05
0.000743351
1.70601e-05
1.71011e-05
0.000494989
-5.95831e-06
0.000490155
-5.67635e-06
0.000485688
-5.3041e-06
0.000481592
-4.84924e-06
0.000477846
-4.31944e-06
0.000474432
-3.72513e-06
0.000471337
-3.07919e-06
0.00046855
-2.39628e-06
0.000466055
-1.69165e-06
0.000463834
-9.78472e-07
0.000461857
-2.60608e-07
0.000460159
3.93588e-07
0.000458725
1.02112e-06
0.000457572
1.63685e-06
0.000456683
2.23291e-06
0.000456027
2.79847e-06
0.000455577
3.32279e-06
0.000455307
3.79616e-06
0.000455192
4.21076e-06
0.000455209
4.56084e-06
0.000455338
4.84387e-06
0.000455565
5.06018e-06
0.000455877
5.21164e-06
0.000456257
5.30092e-06
0.00045669
5.3307e-06
0.000457164
5.30341e-06
0.000457671
5.22388e-06
0.000458202
5.10071e-06
0.000458749
4.9421e-06
0.000459305
4.75564e-06
0.000459864
4.5485e-06
0.000460421
4.32751e-06
0.000460976
4.09922e-06
0.000461528
3.86981e-06
0.00046208
3.64495e-06
0.000462635
3.42967e-06
0.000463199
3.22832e-06
0.00046378
3.04462e-06
0.000464387
2.88186e-06
0.00046503
2.74278e-06
0.00046572
2.62994e-06
0.000466466
2.54624e-06
0.000467277
2.4947e-06
0.000468162
2.4759e-06
0.000469129
2.48968e-06
0.000470185
2.53547e-06
0.000471338
2.6125e-06
0.000472596
2.71968e-06
0.000473964
2.85599e-06
0.000475448
3.02006e-06
0.000477053
3.21058e-06
0.000478781
3.42571e-06
0.000480635
3.66375e-06
0.000482616
3.92256e-06
0.000484725
4.20041e-06
0.000486962
4.49502e-06
0.000489325
4.80478e-06
0.000491812
5.12736e-06
0.00049442
5.46138e-06
0.000497144
5.80433e-06
0.00049998
6.15504e-06
0.000502921
6.51086e-06
0.000505963
6.87097e-06
0.000509098
7.23255e-06
0.00051232
7.59529e-06
0.000515621
7.95622e-06
0.000518996
8.31557e-06
0.000522435
8.67015e-06
0.000525934
9.0208e-06
0.000529482
9.36409e-06
0.000533074
9.70139e-06
0.000536702
1.00291e-05
0.00054036
1.03489e-05
0.000544038
1.06574e-05
0.000547734
1.09561e-05
0.000551437
1.12423e-05
0.000555146
1.15165e-05
0.000558848
1.17782e-05
0.000562544
1.20251e-05
0.000566222
1.22612e-05
0.000569884
1.24783e-05
0.000573514
1.26894e-05
0.000577122
1.28747e-05
0.000580681
1.30643e-05
0.000584213
1.32161e-05
0.000587677
1.33922e-05
0.00059111
1.3508e-05
0.000594443
1.36864e-05
0.000597744
1.37592e-05
1.39802e-05
0.000231661
-4.00238e-06
0.000229842
-3.8575e-06
0.000228188
-3.64994e-06
0.000226719
-3.3812e-06
0.000225456
-3.05619e-06
0.000224413
-2.68189e-06
0.000223601
-2.26669e-06
0.000223023
-1.81919e-06
0.000222679
-1.34693e-06
0.000222568
-8.67545e-07
0.0002227
-3.92637e-07
0.000223015
7.82598e-08
0.000223489
5.47468e-07
0.000224131
9.94542e-07
0.000224949
1.41522e-06
0.000225939
1.80779e-06
0.000227092
2.17002e-06
0.000228392
2.49683e-06
0.000229819
2.78338e-06
0.000231353
3.02643e-06
0.000232973
3.22383e-06
0.000234659
3.37415e-06
0.000236393
3.47771e-06
0.000238158
3.53622e-06
0.000239937
3.55199e-06
0.000241712
3.52782e-06
0.000243469
3.4672e-06
0.000245195
3.37444e-06
0.000246883
3.25415e-06
0.000248528
3.11113e-06
0.000250126
2.95013e-06
0.000251678
2.77579e-06
0.000253184
2.59261e-06
0.000254649
2.40487e-06
0.000256078
2.21653e-06
0.000257476
2.03123e-06
0.000258852
1.85232e-06
0.000260214
1.68311e-06
0.000261569
1.527e-06
0.000262925
1.38643e-06
0.000264292
1.26328e-06
0.000265679
1.15929e-06
0.000267097
1.07589e-06
0.000268559
1.01405e-06
0.000270074
9.74537e-07
0.000271652
9.57483e-07
0.000273302
9.62792e-07
0.000275032
9.90176e-07
0.000276848
1.03923e-06
0.000278759
1.10955e-06
0.000280769
1.20058e-06
0.000282883
1.31156e-06
0.000285105
1.44154e-06
0.000287438
1.58929e-06
0.000289885
1.75378e-06
0.000292446
1.93376e-06
0.000295123
2.12806e-06
0.000297915
2.33535e-06
0.000300822
2.55444e-06
0.000303843
2.78387e-06
0.000306975
3.02248e-06
0.000310217
3.26875e-06
0.000313567
3.5216e-06
0.00031702
3.77949e-06
0.000320573
4.04146e-06
0.000324224
4.30596e-06
0.000327967
4.57216e-06
0.000331799
4.83853e-06
0.000335715
5.10438e-06
0.000339711
5.3682e-06
0.000343783
5.62939e-06
0.000347926
5.88654e-06
0.000352135
6.13905e-06
0.000356407
6.38581e-06
0.000360737
6.62592e-06
0.00036512
6.85905e-06
0.000369554
7.08337e-06
0.000374032
7.30037e-06
0.000378551
7.50593e-06
0.000383107
7.70543e-06
0.000387695
7.88978e-06
0.000392312
8.07243e-06
0.000396953
8.23384e-06
0.000401613
8.40371e-06
0.000406288
8.54138e-06
0.000410972
8.70853e-06
0.000415657
8.8228e-06
0.000420335
9.00863e-06
0.000424992
9.10177e-06
9.37146e-06
6.60971e-05
-2.06139e-06
6.42738e-05
-2.03415e-06
6.26034e-05
-1.97959e-06
6.11082e-05
-1.88599e-06
5.981e-05
-1.75801e-06
5.87298e-05
-1.60165e-06
5.78847e-05
-1.42163e-06
5.72882e-05
-1.22263e-06
5.69506e-05
-1.00936e-06
5.68697e-05
-7.86676e-07
5.70364e-05
-5.59303e-07
5.74463e-05
-3.31629e-07
5.80961e-05
-1.02389e-07
5.89811e-05
1.09613e-07
6.00868e-05
3.09436e-07
6.13925e-05
5.02169e-07
6.28798e-05
6.82718e-07
6.4529e-05
8.47601e-07
6.63183e-05
9.94052e-07
6.82248e-05
1.12e-06
7.02245e-05
1.22412e-06
7.22929e-05
1.30574e-06
7.44057e-05
1.36493e-06
7.65395e-05
1.40238e-06
7.86725e-05
1.41901e-06
8.07853e-05
1.41501e-06
8.28618e-05
1.39063e-06
8.4888e-05
1.34831e-06
8.68516e-05
1.29056e-06
8.87428e-05
1.21992e-06
9.05543e-05
1.13866e-06
9.2281e-05
1.04906e-06
9.39203e-05
9.53327e-07
9.54716e-05
8.53571e-07
9.69363e-05
7.51788e-07
9.83177e-05
6.49843e-07
9.96206e-05
5.49471e-07
0.000100851
4.52286e-07
0.000102019
3.59796e-07
0.000103132
2.73348e-07
0.000104201
1.94124e-07
0.000105237
1.23133e-07
0.000106252
6.11243e-08
0.000107258
8.08698e-09
0.000108263
-3.10071e-08
0.000109281
-6.04475e-08
0.000110324
-7.98097e-08
0.000111403
-8.91283e-08
0.000112531
-8.86463e-08
0.000113717
-7.63695e-08
0.00011497
-5.28733e-08
0.0001163
-1.80648e-08
0.000117716
2.52665e-08
0.000119228
7.73211e-08
0.000120843
1.38825e-07
0.000122568
2.09078e-07
0.000124408
2.87499e-07
0.00012637
3.73483e-07
0.000128458
4.66436e-07
0.000130676
5.65708e-07
0.000133028
6.70681e-07
0.000135516
7.80681e-07
0.000138143
8.95093e-07
0.000140909
1.01324e-06
0.000143816
1.13453e-06
0.000146864
1.25829e-06
0.000150052
1.38391e-06
0.00015338
1.51075e-06
0.000156846
1.63821e-06
0.000160448
1.76569e-06
0.000164185
1.89257e-06
0.000168053
2.01836e-06
0.00017205
2.14234e-06
0.000176172
2.26427e-06
0.000180414
2.3832e-06
0.000184774
2.49936e-06
0.000189246
2.6113e-06
0.000193826
2.72021e-06
0.000198509
2.82351e-06
0.00020329
2.92443e-06
0.000208161
3.01794e-06
0.000213122
3.11151e-06
0.000218161
3.19477e-06
0.000223281
3.28437e-06
0.000228464
3.35774e-06
0.00023372
3.45291e-06
0.000239027
3.51635e-06
0.000244392
3.6429e-06
0.000249811
3.68333e-06
3.89895e-06
-1.6545e-06
-3.68864e-06
-5.66824e-06
-7.55423e-06
-9.31224e-06
-1.09139e-05
-1.23355e-05
-1.35581e-05
-1.45675e-05
-1.53542e-05
-1.59135e-05
-1.62451e-05
-1.63475e-05
-1.62379e-05
-1.59284e-05
-1.54263e-05
-1.47436e-05
-1.3896e-05
-1.29019e-05
-1.17819e-05
-1.05578e-05
-9.25205e-06
-7.88712e-06
-6.48474e-06
-5.06573e-06
-3.65072e-06
-2.26009e-06
-9.11782e-07
3.78778e-07
1.59869e-06
2.73735e-06
3.78641e-06
4.73974e-06
5.59331e-06
6.3451e-06
6.99494e-06
7.54441e-06
7.9967e-06
8.35649e-06
8.62984e-06
8.82397e-06
8.9471e-06
9.00822e-06
9.01631e-06
8.9853e-06
8.92486e-06
8.84505e-06
8.75592e-06
8.66727e-06
8.5909e-06
8.53803e-06
8.51996e-06
8.54523e-06
8.62255e-06
8.76138e-06
8.97045e-06
9.25795e-06
9.63144e-06
1.00979e-05
1.06636e-05
1.13343e-05
1.21149e-05
1.301e-05
1.40233e-05
1.51578e-05
1.64161e-05
1.78e-05
1.93108e-05
2.0949e-05
2.27147e-05
2.46072e-05
2.66256e-05
2.87679e-05
3.10322e-05
3.34154e-05
3.59148e-05
3.85261e-05
4.12463e-05
4.40698e-05
4.69942e-05
5.00121e-05
5.31237e-05
5.63184e-05
5.96028e-05
6.29605e-05
6.64134e-05
6.99298e-05
7.35727e-05
7.7256e-05
)
;

boundaryField
{
    inlet
    {
        type            calculated;
        value           nonuniform List<scalar> 0();
    }
    outlet
    {
        type            calculated;
        value           nonuniform List<scalar> 
30
(
7.28176e-05
0.000247154
0.00041795
0.000577454
0.000704976
0.000789714
0.000841165
0.00087959
0.000917059
0.000947051
0.000950245
0.000911259
0.000829148
0.000707368
0.000578578
0.000505458
0.000505808
0.000570146
0.000679461
0.000801397
0.000890008
0.000923628
0.000915212
0.000886794
0.000838471
0.000745184
0.000600864
0.000429601
0.000255283
8.1155e-05
)
;
    }
    wall
    {
        type            calculated;
        value           uniform 0;
    }
    obstacle
    {
        type            calculated;
        value           nonuniform List<scalar> 0();
    }
    frontAndBack
    {
        type            empty;
        value           nonuniform List<scalar> 0();
    }
    procBoundary3to2
    {
        type            processor;
        value           nonuniform List<scalar> 
31
(
1.41201e-05
-6.19082e-05
-0.000235974
-0.000486122
-0.000688332
-0.00081509
-0.000866307
-0.000880795
-0.000905537
-0.000951041
-0.000991528
-0.000993644
-0.000937758
-0.000854834
-0.000660413
-4.94893e-05
-0.000495817
-0.000459505
-0.000549936
-0.000716247
-0.000894802
-0.00101463
-0.00103979
-0.0010066
-0.000970613
-0.00091566
-0.000769492
-0.000500184
-0.000233616
-6.80381e-05
-4.06894e-07
)
;
    }
}


// ************************************************************************* //
