/*--------------------------------*- C++ -*----------------------------------*\
| =========                 |                                                 |
| \\      /  F ield         | OpenFOAM: The Open Source CFD Toolbox           |
|  \\    /   O peration     | Version:  2312                                  |
|   \\  /    A nd           | Website:  www.openfoam.com                      |
|    \\/     M anipulation  |                                                 |
\*---------------------------------------------------------------------------*/
FoamFile
{
    version     2.0;
    format      ascii;
    arch        "LSB;label=32;scalar=64";
    class       surfaceScalarField;
    location    "111000";
    object      phi;
}
// * * * * * * * * * * * * * * * * * * * * * * * * * * * * * * * * * * * * * //

dimensions      [0 3 -1 0 0 0 0];

oriented        oriented;

internalField   nonuniform List<scalar> 
5250
(
-1.71808e-05
7.67214e-07
-1.80861e-05
9.05294e-07
-1.91315e-05
1.04543e-06
-2.03166e-05
1.18514e-06
-2.16382e-05
1.32153e-06
-2.30895e-05
1.4513e-06
-2.46597e-05
1.57027e-06
-2.63336e-05
1.67389e-06
-2.80927e-05
1.75911e-06
-2.99188e-05
1.82609e-06
-3.17851e-05
1.86631e-06
-3.36569e-05
1.87176e-06
-3.55009e-05
1.84396e-06
-3.72834e-05
1.78252e-06
-3.89703e-05
1.68689e-06
-4.0527e-05
1.55675e-06
-4.19191e-05
1.39213e-06
-4.31125e-05
1.1934e-06
-4.40746e-05
9.62092e-07
-4.47729e-05
6.98276e-07
-4.51752e-05
4.02306e-07
-4.52464e-05
7.11534e-08
-4.49889e-05
-2.5746e-07
-4.43822e-05
-6.06664e-07
-4.34091e-05
-9.73177e-07
-4.20584e-05
-1.35062e-06
-4.03247e-05
-1.7337e-06
-3.82073e-05
-2.11749e-06
-3.57099e-05
-2.49735e-06
-3.2841e-05
-2.86885e-06
-2.96132e-05
-3.22782e-06
-2.60429e-05
-3.57036e-06
-2.21499e-05
-3.89295e-06
-1.79576e-05
-4.19236e-06
-1.34917e-05
-4.46582e-06
-8.78091e-06
-4.71083e-06
-3.85577e-06
-4.92514e-06
1.25081e-06
-5.10658e-06
6.50932e-06
-5.25851e-06
1.18902e-05
-5.38089e-06
1.73646e-05
-5.47436e-06
2.29027e-05
-5.53813e-06
2.84708e-05
-5.56815e-06
3.40361e-05
-5.56521e-06
3.95678e-05
-5.53175e-06
4.50375e-05
-5.46974e-06
5.04187e-05
-5.38116e-06
5.56868e-05
-5.26813e-06
6.08197e-05
-5.13288e-06
6.57974e-05
-4.9777e-06
7.06024e-05
-4.80494e-06
7.52193e-05
-4.61698e-06
7.96355e-05
-4.41619e-06
8.38404e-05
-4.20488e-06
8.78257e-05
-3.98533e-06
9.15854e-05
-3.75971e-06
9.51156e-05
-3.53011e-06
9.8414e-05
-3.29849e-06
0.000101481
-3.06669e-06
0.000104317
-2.83639e-06
0.000106926
-2.60913e-06
0.000109313
-2.38628e-06
0.000111482
-2.16907e-06
0.00011344
-1.95857e-06
0.000115196
-1.75568e-06
0.000116757
-1.56113e-06
0.000118132
-1.37548e-06
0.000119332
-1.19921e-06
0.000120364
-1.03265e-06
0.00012124
-8.75941e-07
0.000121969
-7.28953e-07
0.000122561
-5.91651e-07
0.000123025
-4.64028e-07
0.000123371
-3.46241e-07
0.000123609
-2.37865e-07
0.000123747
-1.38305e-07
0.000123793
-4.57916e-08
0.000123758
3.53718e-08
0.000123651
1.06575e-07
0.00012348
1.70931e-07
0.000123251
2.28926e-07
0.000122971
2.80197e-07
0.000122645
3.2625e-07
0.000122279
3.66162e-07
0.000121875
4.03331e-07
0.000121441
4.33975e-07
0.000120972
4.69103e-07
0.000120481
4.90923e-07
5.44415e-07
5.04192e-05
5.43318e-07
5.05996e-05
7.24867e-07
5.07377e-05
9.07329e-07
5.08359e-05
1.08697e-06
5.08974e-05
1.26002e-06
5.09272e-05
1.42151e-06
5.09338e-05
1.5637e-06
5.09329e-05
1.67471e-06
5.0949e-05
1.74305e-06
5.10134e-05
1.76172e-06
5.11525e-05
1.72718e-06
5.13881e-05
1.63621e-06
5.1746e-05
1.48604e-06
5.22535e-05
1.27502e-06
5.29375e-05
1.00285e-06
5.38247e-05
6.69614e-07
5.4943e-05
2.73783e-07
5.63103e-05
-1.73895e-07
5.79401e-05
-6.67684e-07
5.98592e-05
-1.22082e-06
6.2088e-05
-1.82657e-06
6.46372e-05
-2.47802e-06
6.75461e-05
-3.16631e-06
7.08217e-05
-3.88231e-06
7.44665e-05
-4.61798e-06
7.84811e-05
-5.3652e-06
8.28632e-05
-6.11581e-06
8.76074e-05
-6.86169e-06
9.27049e-05
-7.59485e-06
9.81436e-05
-8.30753e-06
0.000103908
-8.99236e-06
0.00010998
-9.64243e-06
0.000116339
-1.02514e-05
0.00012296
-1.08135e-05
0.000129818
-1.13237e-05
0.000136885
-1.17777e-05
0.000144131
-1.21719e-05
0.000151529
-1.25043e-05
0.000159046
-1.27752e-05
0.00016665
-1.2985e-05
0.00017431
-1.31342e-05
0.000181996
-1.3224e-05
0.000189682
-1.32546e-05
0.000197343
-1.32257e-05
0.000204948
-1.31372e-05
0.00021247
-1.29915e-05
0.000219881
-1.27928e-05
0.000227158
-1.25451e-05
0.000234278
-1.22525e-05
0.00024122
-1.19193e-05
0.000247964
-1.15498e-05
0.000254496
-1.11482e-05
0.000260798
-1.0719e-05
0.00026686
-1.02662e-05
0.000272668
-9.79398e-06
0.000278215
-9.30638e-06
0.000283492
-8.80722e-06
0.000288494
-8.30009e-06
0.000293215
-7.78849e-06
0.000297655
-7.2756e-06
0.00030181
-6.76444e-06
0.000305681
-6.25771e-06
0.00030927
-5.75802e-06
0.000312579
-5.26753e-06
0.000315612
-4.78836e-06
0.000318373
-4.3222e-06
0.000320868
-3.87068e-06
0.000323104
-3.43494e-06
0.000325088
-3.01642e-06
0.000326828
-2.61584e-06
0.000328333
-2.23399e-06
0.000329612
-1.87097e-06
0.000330676
-1.52812e-06
0.000331535
-1.2055e-06
0.000332201
-9.03856e-07
0.000332685
-6.21897e-07
0.000333
-3.60421e-07
0.000333152
-1.16776e-07
0.000333158
1.00549e-07
0.00033303
2.98683e-07
0.00033278
4.79087e-07
0.000332418
6.4251e-07
0.000331955
7.88531e-07
0.000331405
9.16716e-07
0.000330775
1.03272e-06
0.000330083
1.12651e-06
0.000329329
1.22277e-06
0.000328539
1.28085e-06
1.3767e-06
0.000211689
-5.19174e-07
0.000212872
-4.58483e-07
0.000214173
-3.93818e-07
0.00021559
-3.29458e-07
0.000217119
-2.69504e-07
0.000218759
-2.18375e-07
0.000220508
-1.85214e-07
0.000222371
-1.8835e-07
0.00022435
-2.3548e-07
0.000226444
-3.32629e-07
0.000228655
-4.84038e-07
0.000230986
-6.94444e-07
0.000233441
-9.68502e-07
0.000236024
-1.30893e-06
0.000238743
-1.71563e-06
0.0002416
-2.18761e-06
0.000244599
-2.72538e-06
0.000247756
-3.33057e-06
0.00025109
-4.00208e-06
0.000254607
-4.73738e-06
0.000258311
-5.53098e-06
0.000262208
-6.375e-06
0.000266302
-7.25951e-06
0.000270594
-8.17493e-06
0.000275088
-9.11169e-06
0.000279783
-1.00599e-05
0.000284676
-1.10095e-05
0.000289765
-1.19502e-05
0.000295042
-1.28719e-05
0.000300499
-1.37648e-05
0.000306126
-1.46195e-05
0.000311911
-1.54272e-05
0.00031784
-1.61798e-05
0.000323896
-1.687e-05
0.000330064
-1.74916e-05
0.000336326
-1.80395e-05
0.000342664
-1.85099e-05
0.00034906
-1.89008e-05
0.000355496
-1.92108e-05
0.00036195
-1.94394e-05
0.000368403
-1.95867e-05
0.000374832
-1.96535e-05
0.000381218
-1.96406e-05
0.000387542
-1.955e-05
0.000393789
-1.93841e-05
0.000399944
-1.91466e-05
0.000405994
-1.88418e-05
0.000411923
-1.84744e-05
0.00041772
-1.80494e-05
0.000423372
-1.7572e-05
0.00042887
-1.70474e-05
0.000434203
-1.64811e-05
0.000439363
-1.58785e-05
0.000444341
-1.52447e-05
0.000449132
-1.4585e-05
0.00045373
-1.39043e-05
0.00045813
-1.32075e-05
0.000462329
-1.24989e-05
0.000466324
-1.17831e-05
0.000470112
-1.10639e-05
0.000473693
-1.03452e-05
0.000477065
-9.63022e-06
0.00048023
-8.92251e-06
0.000483187
-8.22445e-06
0.000485938
-7.53926e-06
0.000488484
-6.86868e-06
0.000490829
-6.21566e-06
0.000492975
-5.58091e-06
0.000494926
-4.96726e-06
0.000496685
-4.37468e-06
0.000498256
-3.80571e-06
0.000499645
-3.25949e-06
0.000500856
-2.73929e-06
0.000501894
-2.24327e-06
0.000502764
-1.77418e-06
0.000503472
-1.32979e-06
0.000504025
-9.13245e-07
0.00050443
-5.217e-07
0.000504686
-1.55302e-07
0.000504807
1.77848e-07
0.000504798
4.87242e-07
0.000504674
7.66486e-07
0.000504435
1.02815e-06
0.000504101
1.25065e-06
0.000503663
1.47049e-06
0.000503158
1.63177e-06
0.000502559
1.822e-06
0.000501926
1.91372e-06
2.10212e-06
0.000452072
5.96667e-07
0.000451202
4.11581e-07
0.000450589
2.19548e-07
0.000450253
6.88964e-09
0.000450165
-1.81634e-07
0.000450345
-3.98233e-07
0.000450802
-6.43158e-07
0.000451536
-9.22268e-07
0.00045254
-1.23905e-06
0.000453804
-1.59627e-06
0.000455318
-1.99891e-06
0.000457077
-2.45257e-06
0.000459069
-2.96084e-06
0.000461286
-3.52551e-06
0.000463718
-4.14826e-06
0.000466361
-4.83028e-06
0.000469204
-5.56872e-06
0.000472234
-6.3609e-06
0.000475437
-7.20448e-06
0.000478795
-8.09581e-06
0.000482294
-9.02989e-06
0.000485919
-1.00003e-05
0.000489659
-1.09992e-05
0.000493502
-1.20182e-05
0.000497439
-1.30479e-05
0.000501458
-1.40788e-05
0.000505549
-1.51007e-05
0.000509702
-1.61037e-05
0.000513908
-1.70777e-05
0.000518156
-1.80129e-05
0.000522437
-1.89003e-05
0.000526741
-1.9731e-05
0.000531058
-2.04972e-05
0.00053538
-2.11918e-05
0.000539697
-2.18085e-05
0.000543999
-2.23418e-05
0.000548277
-2.27875e-05
0.000552519
-2.31429e-05
0.000556716
-2.34077e-05
0.000560859
-2.3583e-05
0.000564942
-2.36695e-05
0.000568957
-2.36687e-05
0.000572899
-2.35823e-05
0.000576762
-2.34126e-05
0.00058054
-2.31628e-05
0.00058423
-2.28367e-05
0.000587827
-2.2439e-05
0.000591328
-2.19745e-05
0.000594727
-2.14489e-05
0.000598022
-2.08674e-05
0.000601211
-2.02361e-05
0.00060429
-1.95604e-05
0.000607258
-1.88464e-05
0.000610113
-1.80993e-05
0.000612853
-1.73251e-05
0.000615477
-1.65286e-05
0.000617985
-1.57154e-05
0.000620376
-1.48896e-05
0.000622649
-1.40565e-05
0.000624805
-1.32196e-05
0.000626843
-1.23836e-05
0.000628764
-1.15511e-05
0.000630568
-1.07266e-05
0.000632256
-9.9119e-06
0.000633828
-9.1111e-06
0.000635284
-8.32502e-06
0.000636626
-7.55775e-06
0.000637854
-6.80894e-06
0.00063897
-6.08281e-06
0.000639973
-5.37831e-06
0.000640867
-4.69918e-06
0.000641651
-4.04414e-06
0.000642329
-3.41662e-06
0.000642901
-2.81539e-06
0.000643369
-2.24229e-06
0.000643738
-1.69866e-06
0.000644007
-1.18258e-06
0.000644186
-7.00085e-07
0.000644274
-2.43489e-07
0.000644271
1.80695e-07
0.000644168
5.90295e-07
0.000643988
9.46644e-07
0.000643714
1.30209e-06
0.000643379
1.58537e-06
0.000642954
1.89529e-06
0.000642487
2.09846e-06
0.000641935
2.37422e-06
0.000641365
2.48392e-06
2.73778e-06
0.000695825
2.10912e-06
0.000694459
1.77775e-06
0.000693241
1.43773e-06
0.000692162
1.08586e-06
0.000691262
7.18274e-07
0.000690532
3.32112e-07
0.00068997
-8.1038e-08
0.000689602
-5.54244e-07
0.000689415
-1.05277e-06
0.000689409
-1.58961e-06
0.00068958
-2.17037e-06
0.000689925
-2.79736e-06
0.000690436
-3.47184e-06
0.000691105
-4.19488e-06
0.000691924
-4.96681e-06
0.00069288
-5.78658e-06
0.000693963
-6.65187e-06
0.000695162
-7.55979e-06
0.000696465
-8.50692e-06
0.000697857
-9.48875e-06
0.000699327
-1.04996e-05
0.00070086
-1.15329e-05
0.000702442
-1.25809e-05
0.000704059
-1.36357e-05
0.0007057
-1.46884e-05
0.000707351
-1.57302e-05
0.000709002
-1.67517e-05
0.000710642
-1.7744e-05
0.000712262
-1.86979e-05
0.000713854
-1.96049e-05
0.000715411
-2.04568e-05
0.000716926
-2.12461e-05
0.000718395
-2.19658e-05
0.000719813
-2.261e-05
0.000721178
-2.31735e-05
0.000722488
-2.36521e-05
0.000723744
-2.40429e-05
0.000724945
-2.43441e-05
0.000726092
-2.45549e-05
0.000727184
-2.46753e-05
0.000728221
-2.47062e-05
0.000729203
-2.46504e-05
0.000730132
-2.45119e-05
0.000731013
-2.42932e-05
0.000731848
-2.3998e-05
0.000732641
-2.36298e-05
0.000733396
-2.31934e-05
0.000734115
-2.26934e-05
0.000734801
-2.21352e-05
0.000735457
-2.15239e-05
0.000736087
-2.08654e-05
0.000736691
-2.01647e-05
0.000737273
-1.94279e-05
0.000737833
-1.86596e-05
0.000738374
-1.78658e-05
0.000738896
-1.70507e-05
0.0007394
-1.622e-05
0.000739888
-1.53771e-05
0.000740359
-1.45274e-05
0.000740813
-1.36736e-05
0.00074125
-1.28207e-05
0.000741669
-1.19705e-05
0.000742071
-1.11279e-05
0.000742453
-1.02939e-05
0.000742814
-9.47275e-06
0.000743154
-8.66508e-06
0.000743471
-7.87458e-06
0.000743764
-7.10158e-06
0.00074403
-6.34894e-06
0.000744269
-5.61736e-06
0.000744478
-4.90799e-06
0.000744657
-4.22332e-06
0.000744802
-3.56136e-06
0.000744915
-2.92831e-06
0.000744989
-2.3168e-06
0.00074503
-1.73977e-06
0.000745028
-1.18047e-06
0.000744992
-6.64477e-07
0.00074491
-1.60963e-07
0.00074479
3.00771e-07
0.000744616
7.64211e-07
0.000744411
1.15107e-06
0.000744149
1.56473e-06
0.000743861
1.87309e-06
0.000743512
2.24478e-06
0.000743145
2.46557e-06
0.000742714
2.80452e-06
0.000742276
2.92244e-06
3.23576e-06
0.000845092
2.83851e-06
0.000844456
2.41373e-06
0.000843913
1.98099e-06
0.000843463
1.53555e-06
0.000843109
1.07227e-06
0.000842855
5.86963e-07
0.000842691
8.26158e-08
0.000842593
-4.56287e-07
0.000842566
-1.02614e-06
0.000842604
-1.62779e-06
0.000842698
-2.26403e-06
0.000842839
-2.93796e-06
0.000843018
-3.65144e-06
0.000843228
-4.40459e-06
0.000843458
-5.19639e-06
0.000843696
-6.02534e-06
0.000843934
-6.88936e-06
0.00084416
-7.78556e-06
0.000844363
-8.71019e-06
0.000844533
-9.65862e-06
0.000844658
-1.06254e-05
0.00084473
-1.16043e-05
0.000844738
-1.25887e-05
0.000844674
-1.35716e-05
0.00084453
-1.45452e-05
0.000844302
-1.5502e-05
0.000843984
-1.64339e-05
0.000843574
-1.73332e-05
0.000843068
-1.81924e-05
0.000842467
-1.90043e-05
0.000841773
-1.9762e-05
0.000840986
-2.04595e-05
0.000840111
-2.10911e-05
0.000839153
-2.1652e-05
0.000838118
-2.21384e-05
0.000837013
-2.25471e-05
0.000835846
-2.28757e-05
0.000834625
-2.31228e-05
0.000833358
-2.32879e-05
0.000832054
-2.33714e-05
0.000830723
-2.33754e-05
0.000829375
-2.33022e-05
0.000828018
-2.31549e-05
0.00082666
-2.29359e-05
0.000825311
-2.26483e-05
0.000823976
-2.22955e-05
0.000822665
-2.18818e-05
0.000821383
-2.14113e-05
0.000820136
-2.08889e-05
0.000818931
-2.03189e-05
0.000817773
-1.97066e-05
0.000816664
-1.90563e-05
0.00081561
-1.83733e-05
0.000814611
-1.76614e-05
0.000813672
-1.69261e-05
0.000812792
-1.61706e-05
0.000811972
-1.54002e-05
0.000811212
-1.46176e-05
0.000810513
-1.38277e-05
0.000809872
-1.30328e-05
0.000809288
-1.22369e-05
0.00080876
-1.14423e-05
0.000808284
-1.06524e-05
0.000807859
-9.869e-06
0.000807481
-9.09468e-06
0.000807148
-8.3318e-06
0.000806855
-7.58116e-06
0.0008066
-6.84653e-06
0.000806377
-6.12617e-06
0.000806186
-5.4263e-06
0.000806019
-4.74109e-06
0.000805877
-4.08154e-06
0.000805751
-3.43497e-06
0.000805643
-2.82026e-06
0.000805541
-2.21476e-06
0.000805451
-1.65009e-06
0.000805358
-1.0874e-06
0.000805271
-5.779e-07
0.000805168
-5.7753e-08
0.000805073
3.96117e-07
0.00080496
8.77222e-07
0.00080485
1.26076e-06
0.000804713
1.70205e-06
0.000804576
2.00931e-06
0.000804405
2.41648e-06
0.000804234
2.63669e-06
0.00080402
3.01776e-06
0.000803806
3.13695e-06
3.503e-06
0.000904686
2.70847e-06
0.000904876
2.22376e-06
0.00090512
1.7369e-06
0.00090541
1.24486e-06
0.000905737
7.45274e-07
0.000906088
2.3674e-07
0.00090647
-2.99975e-07
0.000906875
-8.60991e-07
0.000907289
-1.43971e-06
0.000907704
-2.04289e-06
0.000908113
-2.67306e-06
0.000908505
-3.33028e-06
0.000908868
-4.01494e-06
0.000909192
-4.72766e-06
0.000909463
-5.46822e-06
0.000909673
-6.23525e-06
0.000909811
-7.0266e-06
0.000909865
-7.83958e-06
0.000909825
-8.67099e-06
0.000909684
-9.51699e-06
0.000909431
-1.03731e-05
0.000909062
-1.12345e-05
0.000908569
-1.20957e-05
0.000907948
-1.2951e-05
0.000907197
-1.37943e-05
0.000906315
-1.46195e-05
0.000905301
-1.54203e-05
0.000904158
-1.61903e-05
0.00090289
-1.69238e-05
0.0009015
-1.76148e-05
0.000899996
-1.82582e-05
0.000898386
-1.88489e-05
0.000896677
-1.93828e-05
0.000894881
-1.98558e-05
0.000893008
-2.0265e-05
0.000891069
-2.06078e-05
0.000889075
-2.08824e-05
0.00088704
-2.10878e-05
0.000884976
-2.1224e-05
0.000882896
-2.12915e-05
0.000880812
-2.12914e-05
0.000878735
-2.1225e-05
0.000876675
-2.10944e-05
0.00087464
-2.09016e-05
0.000872641
-2.06494e-05
0.000870686
-2.03405e-05
0.000868783
-1.99787e-05
0.000866939
-1.95668e-05
0.000865159
-1.91092e-05
0.00086345
-1.86092e-05
0.000861814
-1.80711e-05
0.000860256
-1.74984e-05
0.000858778
-1.68955e-05
0.000857383
-1.62656e-05
0.00085607
-1.5613e-05
0.00085484
-1.49408e-05
0.000853692
-1.42529e-05
0.000852627
-1.35521e-05
0.000851641
-1.28419e-05
0.000850734
-1.21253e-05
0.000849901
-1.14047e-05
0.000849142
-1.06834e-05
0.000848453
-9.96254e-06
0.00084783
-9.24636e-06
0.000847269
-8.53403e-06
0.000846769
-7.83142e-06
0.000846322
-7.13475e-06
0.000845929
-6.45301e-06
0.000845581
-5.77786e-06
0.000845278
-5.12346e-06
0.000845011
-4.47457e-06
0.000844783
-3.8532e-06
0.000844582
-3.23426e-06
0.000844414
-2.65174e-06
0.000844264
-2.06457e-06
0.000844139
-1.52513e-06
0.000844022
-9.70619e-07
0.000843923
-4.79003e-07
0.000843823
4.2197e-08
0.000843742
4.76957e-07
0.000843655
9.64599e-07
0.00084358
1.33574e-06
0.000843489
1.7926e-06
0.000843408
2.09067e-06
0.000843304
2.52047e-06
0.000843206
2.73412e-06
0.00084308
3.14387e-06
0.000842957
3.26018e-06
3.66598e-06
0.000931392
2.0768e-06
0.000932059
1.55652e-06
0.000932758
1.03783e-06
0.000933487
5.15553e-07
0.000934251
-1.81454e-08
0.000935024
-5.36563e-07
0.000935797
-1.07303e-06
0.000936561
-1.62494e-06
0.000937313
-2.19187e-06
0.000938044
-2.77328e-06
0.000938741
-3.37042e-06
0.000939396
-3.98495e-06
0.000939999
-4.61784e-06
0.00094054
-5.26948e-06
0.000941012
-5.93964e-06
0.000941404
-6.62723e-06
0.000941708
-7.33043e-06
0.000941915
-8.04697e-06
0.000942018
-8.77432e-06
0.000942011
-9.5096e-06
0.000941887
-1.02495e-05
0.000941643
-1.09901e-05
0.000941274
-1.17271e-05
0.000940779
-1.24559e-05
0.000940157
-1.31718e-05
0.000939407
-1.38701e-05
0.000938533
-1.45457e-05
0.000937536
-1.51939e-05
0.000936422
-1.58099e-05
0.000935197
-1.63892e-05
0.000933866
-1.69277e-05
0.000932439
-1.74214e-05
0.000930923
-1.78668e-05
0.000929328
-1.82609e-05
0.000927664
-1.86012e-05
0.000925942
-1.88855e-05
0.000924172
-1.91124e-05
0.000922365
-1.92811e-05
0.000920532
-1.93913e-05
0.000918684
-1.94427e-05
0.000916828
-1.94361e-05
0.000914976
-1.93722e-05
0.000913134
-1.92528e-05
0.000911312
-1.90793e-05
0.000909517
-1.88544e-05
0.000907756
-1.85797e-05
0.000906036
-1.82584e-05
0.000904361
-1.78927e-05
0.000902738
-1.74861e-05
0.00090117
-1.70412e-05
0.000899661
-1.65615e-05
0.000898212
-1.60498e-05
0.000896826
-1.55097e-05
0.000895505
-1.4944e-05
0.000894248
-1.43562e-05
0.000893056
-1.37491e-05
0.000891929
-1.31257e-05
0.000890866
-1.2489e-05
0.000889865
-1.18411e-05
0.000888925
-1.11857e-05
0.000888044
-1.05236e-05
0.000887221
-9.85968e-06
0.000886451
-9.19277e-06
0.000885734
-8.52945e-06
0.000885066
-7.86572e-06
0.000884445
-7.21123e-06
0.000883868
-6.55743e-06
0.000883334
-5.91885e-06
0.000882837
-5.28055e-06
0.000882377
-4.66394e-06
0.000881948
-4.04535e-06
0.000881552
-3.45683e-06
0.000881178
-2.86077e-06
0.000880832
-2.30606e-06
0.000880505
-1.73712e-06
0.000880202
-1.22174e-06
0.00087991
-6.787e-07
0.000879641
-2.09967e-07
0.000879372
3.11198e-07
0.000879117
7.31137e-07
0.000878859
1.22275e-06
0.000878613
1.58194e-06
0.000878358
2.04736e-06
0.000878113
2.3359e-06
0.000877854
2.77931e-06
0.000877602
2.98619e-06
0.000877333
3.41251e-06
0.00087707
3.52357e-06
3.93777e-06
0.00097105
1.46832e-06
0.000971685
9.21795e-07
0.000972336
3.86571e-07
0.000972994
-1.42826e-07
0.000973658
-6.81458e-07
0.000974336
-1.21517e-06
0.000975012
-1.74895e-06
0.000975674
-2.28631e-06
0.000976312
-2.83026e-06
0.000976922
-3.38274e-06
0.000977496
-3.94475e-06
0.000978028
-4.51686e-06
0.000978509
-5.09952e-06
0.000978933
-5.69296e-06
0.00097929
-6.29712e-06
0.000979575
-6.91138e-06
0.000979779
-7.53454e-06
0.000979897
-8.16486e-06
0.000979923
-8.80028e-06
0.000979851
-9.43845e-06
0.000979679
-1.00767e-05
0.000979401
-1.07121e-05
0.000979015
-1.13411e-05
0.000978519
-1.19602e-05
0.000977913
-1.25656e-05
0.000977196
-1.31535e-05
0.00097637
-1.37201e-05
0.000975438
-1.42616e-05
0.000974403
-1.47743e-05
0.000973268
-1.52543e-05
0.000972039
-1.56985e-05
0.000970721
-1.61037e-05
0.000969321
-1.6467e-05
0.000967846
-1.6786e-05
0.000966304
-1.70587e-05
0.000964701
-1.72832e-05
0.000963047
-1.74583e-05
0.000961349
-1.7583e-05
0.000959614
-1.76567e-05
0.000957851
-1.76792e-05
0.000956066
-1.76512e-05
0.000954267
-1.75733e-05
0.000952462
-1.74472e-05
0.000950656
-1.72739e-05
0.000948857
-1.70556e-05
0.000947071
-1.67937e-05
0.000945303
-1.64905e-05
0.000943559
-1.61479e-05
0.000941841
-1.57687e-05
0.000940155
-1.5355e-05
0.000938503
-1.49099e-05
0.000936889
-1.44355e-05
0.000935315
-1.39351e-05
0.000933781
-1.3411e-05
0.000932291
-1.2866e-05
0.000930845
-1.2303e-05
0.000929444
-1.17242e-05
0.000928088
-1.11329e-05
0.000926777
-1.05303e-05
0.000925512
-9.92063e-06
0.000924292
-9.30325e-06
0.000923116
-8.68406e-06
0.000921983
-8.06017e-06
0.000920894
-7.43987e-06
0.000919845
-6.81684e-06
0.000918837
-6.20318e-06
0.000917867
-5.58757e-06
0.000916936
-4.98819e-06
0.000916041
-4.38559e-06
0.000915183
-3.80602e-06
0.000914359
-3.22075e-06
0.000913569
-2.66735e-06
0.00091281
-2.10182e-06
0.000912084
-1.57939e-06
0.000911383
-1.03606e-06
0.000910713
-5.51577e-07
0.000910074
-4.04114e-08
0.00090945
4.14573e-07
0.000908846
9.15134e-07
0.000908265
1.31163e-06
0.0009077
1.78764e-06
0.000907157
2.1252e-06
0.000906626
2.57884e-06
0.000906111
2.85042e-06
0.000905605
3.28544e-06
0.000905111
3.47978e-06
0.000904625
3.89936e-06
0.000904147
4.00158e-06
4.40091e-06
0.00101056
1.25972e-06
0.00101078
7.04138e-07
0.00101099
1.68445e-07
0.00101123
-3.75767e-07
0.00101146
-9.13279e-07
0.00101168
-1.44073e-06
0.0010119
-1.96313e-06
0.00101209
-2.4832e-06
0.00101227
-3.00293e-06
0.00101241
-3.52407e-06
0.00101251
-4.04817e-06
0.00101257
-4.5763e-06
0.00101258
-5.10894e-06
0.00101253
-5.64608e-06
0.00101242
-6.18759e-06
0.00101225
-6.73307e-06
0.00101199
-7.28173e-06
0.00101166
-7.83229e-06
0.00101124
-8.38309e-06
0.00101074
-8.93223e-06
0.00101014
-9.47761e-06
0.00100944
-1.00168e-05
0.00100865
-1.05473e-05
0.00100776
-1.1066e-05
0.00100676
-1.15702e-05
0.00100566
-1.20567e-05
0.00100447
-1.25227e-05
0.00100317
-1.2965e-05
0.00100178
-1.33807e-05
0.00100029
-1.37669e-05
0.00099871
-1.41209e-05
0.000997047
-1.44401e-05
0.000995302
-1.47226e-05
0.000993482
-1.4966e-05
0.000991592
-1.51689e-05
0.000989639
-1.53297e-05
0.000987628
-1.54476e-05
0.000985567
-1.55214e-05
0.000983461
-1.5551e-05
0.000981317
-1.55356e-05
0.000979142
-1.54761e-05
0.000976943
-1.53739e-05
0.000974726
-1.52299e-05
0.000972497
-1.50449e-05
0.000970262
-1.48206e-05
0.000968026
-1.45583e-05
0.000965796
-1.426e-05
0.000963575
-1.3927e-05
0.000961368
-1.35618e-05
0.000959179
-1.31662e-05
0.000957012
-1.27427e-05
0.00095487
-1.22935e-05
0.000952756
-1.18211e-05
0.000950673
-1.13279e-05
0.000948623
-1.08161e-05
0.000946608
-1.02883e-05
0.00094463
-9.74627e-06
0.000942691
-9.19335e-06
0.000940791
-8.63036e-06
0.000938932
-8.06164e-06
0.000937115
-7.48655e-06
0.000935342
-6.91097e-06
0.000933613
-6.33135e-06
0.00093193
-5.75645e-06
0.000930292
-5.17934e-06
0.000928701
-4.61184e-06
0.000927156
-4.04313e-06
0.000925659
-3.49091e-06
0.00092421
-2.93608e-06
0.000922808
-2.40445e-06
0.000921455
-1.8673e-06
0.000920149
-1.36151e-06
0.000918894
-8.47088e-07
0.000917692
-3.76983e-07
0.00091654
1.15205e-07
0.000915431
5.58093e-07
0.00091436
1.0302e-06
0.000913344
1.43028e-06
0.000912381
1.87846e-06
0.000911464
2.22834e-06
0.0009106
2.65178e-06
0.000909777
2.94838e-06
0.000909005
3.35097e-06
0.000908268
3.58712e-06
0.000907581
3.97224e-06
0.000906921
4.13975e-06
0.000906309
4.51173e-06
0.000905712
4.59851e-06
4.94996e-06
0.00100494
1.52568e-06
0.00100468
9.70736e-07
0.00100441
4.34468e-07
0.00100412
-8.74845e-08
0.00100383
-6.17365e-07
0.00100352
-1.13188e-06
0.00100319
-1.63733e-06
0.00100285
-2.1354e-06
0.00100247
-2.62843e-06
0.00100206
-3.11821e-06
0.00100162
-3.60595e-06
0.00100114
-4.09244e-06
0.00100061
-4.57818e-06
0.00100003
-5.0633e-06
0.000999385
-5.54768e-06
0.000998683
-6.0309e-06
0.000997914
-6.51221e-06
0.000997072
-6.99056e-06
0.000996153
-7.46463e-06
0.000995154
-7.93292e-06
0.00099407
-8.39381e-06
0.000992899
-8.8455e-06
0.000991638
-9.28605e-06
0.000990285
-9.71326e-06
0.00098884
-1.01248e-05
0.000987301
-1.05183e-05
0.00098567
-1.08914e-05
0.000983947
-1.12418e-05
0.000982133
-1.15671e-05
0.000980231
-1.18652e-05
0.000978244
-1.2134e-05
0.000976176
-1.23715e-05
0.000974029
-1.25761e-05
0.00097181
-1.27462e-05
0.000969521
-1.28803e-05
0.000967168
-1.29772e-05
0.000964757
-1.30366e-05
0.000962294
-1.30579e-05
0.000959784
-1.30409e-05
0.000957234
-1.29856e-05
0.00095465
-1.28925e-05
0.000952038
-1.27621e-05
0.000949404
-1.25955e-05
0.000946753
-1.23934e-05
0.000944089
-1.2157e-05
0.000941418
-1.18873e-05
0.000938744
-1.15861e-05
0.000936072
-1.12545e-05
0.000933405
-1.08948e-05
0.000930747
-1.05087e-05
0.000928103
-1.00983e-05
0.000925475
-9.66572e-06
0.000922867
-9.21328e-06
0.000920282
-8.74317e-06
0.000917724
-8.25751e-06
0.000915194
-7.75893e-06
0.000912697
-7.24889e-06
0.000910234
-6.73049e-06
0.000907808
-6.20423e-06
0.00090542
-5.67385e-06
0.000903073
-5.13925e-06
0.000900768
-4.60582e-06
0.000898508
-4.07122e-06
0.000896294
-3.54254e-06
0.00089413
-3.01519e-06
0.000892017
-2.49973e-06
0.000889962
-1.98791e-06
0.000887964
-1.4925e-06
0.000886028
-9.99894e-07
0.000884154
-5.31254e-07
0.000882355
-6.76792e-08
0.000880612
3.81604e-07
0.000878939
8.25872e-07
0.000877329
1.23322e-06
0.000875792
1.65127e-06
0.000874329
2.02126e-06
0.000872953
2.4062e-06
0.000871653
2.73072e-06
0.000870445
3.08612e-06
0.000869308
3.36522e-06
0.000868269
3.69113e-06
0.000867297
3.91989e-06
0.000866429
4.21917e-06
0.000865621
4.39501e-06
0.000864921
4.67288e-06
0.000864267
4.7932e-06
0.000863722
5.05734e-06
0.000863201
5.11908e-06
5.37657e-06
0.00092775
2.20106e-06
0.000927065
1.65571e-06
0.000926374
1.12553e-06
0.000925677
6.0972e-07
0.00092495
1.09918e-07
0.000924222
-4.04462e-07
0.000923487
-9.02353e-07
0.000922741
-1.38899e-06
0.000921981
-1.86887e-06
0.000921206
-2.34247e-06
0.00092041
-2.80998e-06
0.000919589
-3.27186e-06
0.000918739
-3.72846e-06
0.000917856
-4.17977e-06
0.000916934
-4.62547e-06
0.000915968
-5.06501e-06
0.000914953
-5.49769e-06
0.000913885
-5.92261e-06
0.000912759
-6.33862e-06
0.000911571
-6.74437e-06
0.000910315
-7.13844e-06
0.000908989
-7.51941e-06
0.000907589
-7.88592e-06
0.000906112
-8.23658e-06
0.000904557
-8.56987e-06
0.000902923
-8.88395e-06
0.000901209
-9.17699e-06
0.000899414
-9.44722e-06
0.00089754
-9.69297e-06
0.000895587
-9.91261e-06
0.000893558
-1.01046e-05
0.000891454
-1.02675e-05
0.000889278
-1.03999e-05
0.000887033
-1.05009e-05
0.000884722
-1.05696e-05
0.00088235
-1.06052e-05
0.000879921
-1.06074e-05
0.000877439
-1.05758e-05
0.000874908
-1.05104e-05
0.000872334
-1.04113e-05
0.00086972
-1.02788e-05
0.000867071
-1.01134e-05
0.000864392
-9.91587e-06
0.000861685
-9.68711e-06
0.000858956
-9.42805e-06
0.000856209
-9.13972e-06
0.000853446
-8.82338e-06
0.000850672
-8.48045e-06
0.00084789
-8.11276e-06
0.000845104
-7.72223e-06
0.000842316
-7.31089e-06
0.000839531
-6.88092e-06
0.000836752
-6.43429e-06
0.000833982
-5.9729e-06
0.000831223
-5.49827e-06
0.000828477
-5.0135e-06
0.000825749
-4.52089e-06
0.000823042
-4.02318e-06
0.00082036
-3.52197e-06
0.000817707
-3.02127e-06
0.000815089
-2.5211e-06
0.000812508
-2.02516e-06
0.000809969
-1.53153e-06
0.000807472
-1.04548e-06
0.000805021
-5.64373e-07
0.000802616
-9.50022e-08
0.000800271
3.57315e-07
0.000797985
7.93396e-07
0.000795767
1.21811e-06
0.000793617
1.61887e-06
0.000791539
2.0101e-06
0.000789547
2.37387e-06
0.000787646
2.72726e-06
0.000785834
3.04501e-06
0.00078413
3.35539e-06
0.000782524
3.62663e-06
0.000781035
3.89535e-06
0.000779647
4.11895e-06
0.000778388
4.34491e-06
0.000777234
4.51954e-06
0.000776222
4.70273e-06
0.000775312
4.82957e-06
0.000774559
4.97233e-06
0.000773899
5.05486e-06
0.000773411
5.16109e-06
0.000772998
5.20601e-06
0.000772772
5.28347e-06
0.000772588
5.30305e-06
5.37853e-06
0.000782742
2.98153e-06
0.000781979
2.41783e-06
0.00078124
1.86484e-06
0.000780528
1.32131e-06
0.000779854
7.8409e-07
0.000779197
2.52611e-07
0.000778556
-2.60987e-07
0.000777933
-7.65895e-07
0.000777325
-1.26069e-06
0.000776728
-1.74598e-06
0.00077614
-2.22152e-06
0.000775554
-2.68644e-06
0.000774966
-3.14015e-06
0.000774368
-3.58225e-06
0.000773755
-4.01225e-06
0.00077312
-4.4295e-06
0.000772455
-4.8333e-06
0.000771756
-5.2229e-06
0.000771014
-5.59744e-06
0.000770226
-5.95602e-06
0.000769385
-6.29769e-06
0.000768487
-6.62146e-06
0.000767528
-6.92632e-06
0.000766502
-7.2112e-06
0.000765407
-7.47499e-06
0.00076424
-7.71654e-06
0.000762998
-7.93476e-06
0.000761679
-8.12858e-06
0.000760283
-8.29697e-06
0.000758809
-8.43889e-06
0.000757258
-8.55334e-06
0.00075563
-8.63936e-06
0.000753926
-8.69618e-06
0.000752149
-8.72309e-06
0.000750299
-8.71962e-06
0.000748379
-8.68547e-06
0.000746392
-8.62045e-06
0.000744341
-8.52451e-06
0.000742228
-8.3977e-06
0.000740057
-8.24017e-06
0.00073783
-8.05231e-06
0.000735552
-7.83459e-06
0.000733224
-7.58787e-06
0.00073085
-7.31333e-06
0.000728434
-7.01216e-06
0.00072598
-6.68537e-06
0.00072349
-6.33356e-06
0.000720967
-5.95798e-06
0.000718415
-5.56037e-06
0.000715836
-5.14305e-06
0.000713233
-4.70844e-06
0.000710611
-4.25919e-06
0.000707975
-3.79812e-06
0.00070533
-3.32743e-06
0.000702679
-2.84786e-06
0.000700028
-2.36175e-06
0.000697379
-1.87271e-06
0.000694738
-1.38181e-06
0.000692106
-8.90124e-07
0.000689485
-4.00415e-07
0.000686885
7.96405e-08
0.000684316
5.43702e-07
0.000681784
1.00012e-06
0.000679297
1.44217e-06
0.000676863
1.86915e-06
0.000674494
2.27443e-06
0.00067219
2.66064e-06
0.000669962
3.02212e-06
0.000667816
3.36321e-06
0.000665761
3.67401e-06
0.000663809
3.96265e-06
0.000661964
4.21866e-06
0.000660238
4.45354e-06
0.00065863
4.65232e-06
0.000657155
4.8311e-06
0.000655809
4.97258e-06
0.000654609
5.09502e-06
0.000653548
5.1798e-06
0.000652647
5.24582e-06
0.000651888
5.27837e-06
0.000651302
5.28877e-06
0.000650856
5.27628e-06
0.000650597
5.23054e-06
0.000650468
5.18475e-06
0.000650548
5.08083e-06
0.000650734
5.02033e-06
0.000651163
4.85436e-06
0.000651657
4.80892e-06
4.58756e-06
0.000605269
2.37888e-06
0.000605889
1.79745e-06
0.000606528
1.22638e-06
0.000607183
6.65634e-07
0.000607857
1.10191e-07
0.000608508
-3.98111e-07
0.000609151
-9.04392e-07
0.000609785
-1.39982e-06
0.000610406
-1.88131e-06
0.000611007
-2.34753e-06
0.000611584
-2.79769e-06
0.000612128
-3.23108e-06
0.000612635
-3.64709e-06
0.000613098
-4.04518e-06
0.000613511
-4.42475e-06
0.000613866
-4.78524e-06
0.000614159
-5.12625e-06
0.000614384
-5.44744e-06
0.000614535
-5.74843e-06
0.000614608
-6.02869e-06
0.000614597
-6.28758e-06
0.000614501
-6.52451e-06
0.000614313
-6.73903e-06
0.000614033
-6.93084e-06
0.000613657
-7.09959e-06
0.000613186
-7.24488e-06
0.000612617
-7.36625e-06
0.000611952
-7.46309e-06
0.00061119
-7.53469e-06
0.000610331
-7.58025e-06
0.000609377
-7.5991e-06
0.000608328
-7.5908e-06
0.000607187
-7.55524e-06
0.000605956
-7.49181e-06
0.000604637
-7.40041e-06
0.000603232
-7.28133e-06
0.000601747
-7.13469e-06
0.000600183
-6.9607e-06
0.000598545
-6.75971e-06
0.000596837
-6.53208e-06
0.000595063
-6.2783e-06
0.000593227
-5.99896e-06
0.000591334
-5.69485e-06
0.000589388
-5.36701e-06
0.000587392
-5.01638e-06
0.000585351
-4.64406e-06
0.000583269
-4.25139e-06
0.00058115
-3.83983e-06
0.000579001
-3.41109e-06
0.000576826
-2.9676e-06
0.000574629
-2.51182e-06
0.000572416
-2.04641e-06
0.000570193
-1.57488e-06
0.000567966
-1.09986e-06
0.000565739
-6.21451e-07
0.000563516
-1.38648e-07
0.000561324
3.19593e-07
0.000559165
7.76982e-07
0.000557046
1.22832e-06
0.000554976
1.66958e-06
0.000552958
2.09846e-06
0.000550991
2.51078e-06
0.000549086
2.90519e-06
0.00054725
3.27789e-06
0.00054549
3.62862e-06
0.000543812
3.95295e-06
0.000542221
4.25111e-06
0.000540725
4.51834e-06
0.000539331
4.75744e-06
0.000538043
4.96236e-06
0.000536867
5.13841e-06
0.000535807
5.2783e-06
0.000534871
5.38979e-06
0.00053406
5.46333e-06
0.000533382
5.50921e-06
0.000532837
5.51735e-06
0.000532433
5.49863e-06
0.000532168
5.44535e-06
0.00053205
5.36322e-06
0.000532073
5.25571e-06
0.000532252
5.10998e-06
0.000532568
4.95994e-06
0.000533053
4.74582e-06
0.000533666
4.5715e-06
0.000534471
4.27577e-06
0.000535385
4.10694e-06
0.000536537
3.70239e-06
0.000537761
3.58445e-06
3.01595e-06
0.000491945
-2.5275e-07
0.000494456
-7.13769e-07
0.000496851
-1.16793e-06
0.000499127
-1.61077e-06
0.000501277
-2.03993e-06
0.00050333
-2.45116e-06
0.00050527
-2.8446e-06
0.000507091
-3.2203e-06
0.000508788
-3.57804e-06
0.000510358
-3.91751e-06
0.000511798
-4.23833e-06
0.000513107
-4.54014e-06
0.000514283
-4.82281e-06
0.000515324
-5.08625e-06
0.00051623
-5.33021e-06
0.000516999
-5.55428e-06
0.000517631
-5.75826e-06
0.000518125
-5.94229e-06
0.000518484
-6.10662e-06
0.000518706
-6.25125e-06
0.000518795
-6.37585e-06
0.00051875
-6.48014e-06
0.000518575
-6.56419e-06
0.000518273
-6.62832e-06
0.000517846
-6.67271e-06
0.000517298
-6.69743e-06
0.000516635
-6.70275e-06
0.00051586
-6.68839e-06
0.000514979
-6.65347e-06
0.000513996
-6.59718e-06
0.000512916
-6.51897e-06
0.000511744
-6.41856e-06
0.000510484
-6.29604e-06
0.000509144
-6.1517e-06
0.00050773
-5.986e-06
0.000506248
-5.79933e-06
0.000504705
-5.592e-06
0.000503109
-5.36418e-06
0.000501465
-5.11598e-06
0.00049978
-4.84752e-06
0.000498061
-4.55907e-06
0.000496313
-4.25114e-06
0.000494543
-3.92437e-06
0.000492755
-3.57952e-06
0.000490956
-3.2175e-06
0.000489152
-2.83932e-06
0.000487347
-2.44636e-06
0.000485547
-2.04048e-06
0.000483759
-1.62222e-06
0.000481984
-1.19337e-06
0.000480228
-7.55577e-07
0.000478491
-3.09189e-07
0.000476789
1.27155e-07
0.000475134
5.5503e-07
0.000473527
9.85524e-07
0.000471976
1.41253e-06
0.000470464
1.83111e-06
0.000469003
2.23857e-06
0.000467598
2.63264e-06
0.000466258
3.01037e-06
0.000464987
3.36944e-06
0.00046379
3.70714e-06
0.000462673
4.02208e-06
0.00046164
4.3113e-06
0.000460695
4.57348e-06
0.000459843
4.80496e-06
0.000459089
5.0055e-06
0.000458435
5.17149e-06
0.000457888
5.30449e-06
0.00045745
5.40047e-06
0.000457126
5.46301e-06
0.000456917
5.48739e-06
0.000456827
5.47899e-06
0.000456859
5.43214e-06
0.000457015
5.35321e-06
0.000457294
5.23757e-06
0.000457703
5.08988e-06
0.000458237
4.91132e-06
0.000458903
4.69706e-06
0.000459693
4.46595e-06
0.000460618
4.18539e-06
0.00046166
3.91764e-06
0.000462843
3.56298e-06
0.000464133
3.28155e-06
0.000465578
2.83082e-06
0.000467112
2.57299e-06
0.000468835
1.97949e-06
0.000470616
1.80255e-06
9.7422e-07
0.000519431
-3.43463e-06
0.000522843
-3.66481e-06
0.00052601
-3.8812e-06
0.000528926
-4.08396e-06
0.000531587
-4.27207e-06
0.000533992
-4.44429e-06
0.00053614
-4.59986e-06
0.000538035
-4.73885e-06
0.000539676
-4.86138e-06
0.000541066
-4.9679e-06
0.000542207
-5.05847e-06
0.000543101
-5.1327e-06
0.000543752
-5.191e-06
0.000544163
-5.23413e-06
0.000544339
-5.26163e-06
0.000544281
-5.27294e-06
0.000543996
-5.26896e-06
0.000543489
-5.25134e-06
0.000542767
-5.22074e-06
0.000541838
-5.17727e-06
0.000540708
-5.1216e-06
0.000539387
-5.05416e-06
0.000537882
-4.97533e-06
0.000536204
-4.88623e-06
0.000534364
-4.78811e-06
0.000532372
-4.68125e-06
0.00053024
-4.56513e-06
0.000527977
-4.43975e-06
0.000525594
-4.30573e-06
0.000523104
-4.16285e-06
0.000520517
-4.01092e-06
0.000517848
-3.84964e-06
0.000515109
-3.67895e-06
0.000512312
-3.49911e-06
0.00050947
-3.31052e-06
0.000506598
-3.11345e-06
0.000503706
-2.90792e-06
0.000500808
-2.69366e-06
0.000497914
-2.47016e-06
0.000495035
-2.23677e-06
0.00049218
-1.99295e-06
0.00048936
-1.73848e-06
0.000486582
-1.47346e-06
0.000483856
-1.19802e-06
0.000481188
-9.12202e-07
0.000478587
-6.15987e-07
0.000476057
-3.09152e-07
0.000473606
4.01594e-09
0.000471249
3.17315e-07
0.000468982
6.43925e-07
0.000466812
9.77074e-07
0.000464743
1.31324e-06
0.000462785
1.64909e-06
0.000460931
1.98097e-06
0.000459179
2.30691e-06
0.000457539
2.6258e-06
0.000456016
2.9351e-06
0.000454615
3.23225e-06
0.000453339
3.51481e-06
0.000452191
3.78087e-06
0.000451173
4.02779e-06
0.000450289
4.25362e-06
0.00044954
4.45574e-06
0.00044893
4.63278e-06
0.000448459
4.78198e-06
0.00044813
4.90256e-06
0.000447943
4.99158e-06
0.0004479
5.04917e-06
0.000447999
5.07221e-06
0.000448241
5.06206e-06
0.000448626
5.01576e-06
0.000449153
4.93632e-06
0.000449819
4.82111e-06
0.000450625
4.67348e-06
0.000451565
4.4916e-06
0.000452641
4.27716e-06
0.000453846
4.03304e-06
0.000455181
3.75487e-06
0.000456635
3.45701e-06
0.000458214
3.11836e-06
0.000459899
2.78079e-06
0.0004617
2.38388e-06
0.000463591
2.02687e-06
0.00046559
1.56451e-06
0.000467658
1.21304e-06
0.000469827
6.61982e-07
0.000472046
3.54063e-07
0.000474342
-3.16415e-07
0.000476658
-5.13946e-07
-1.41117e-06
0.000671939
-6.86715e-06
0.000675054
-6.77987e-06
0.000677849
-6.67636e-06
0.000680322
-6.55671e-06
0.00068247
-6.42039e-06
0.000684293
-6.26749e-06
0.000685791
-6.09789e-06
0.000686964
-5.91118e-06
0.00068781
-5.70789e-06
0.000688331
-5.48854e-06
0.000688525
-5.25287e-06
0.000688394
-5.00177e-06
0.00068794
-4.73637e-06
0.000687162
-4.45625e-06
0.000686063
-4.16259e-06
0.000684649
-3.85874e-06
0.000682925
-3.54493e-06
0.000680894
-3.22081e-06
0.000678562
-2.88858e-06
0.000675936
-2.55128e-06
0.000673026
-2.21134e-06
0.000669841
-1.86964e-06
0.000666393
-1.52759e-06
0.000662695
-1.18747e-06
0.000658757
-8.50842e-07
0.000654594
-5.18042e-07
0.000650218
-1.88671e-07
0.000645653
1.25374e-07
0.00064092
4.2675e-07
0.000636037
7.20065e-07
0.000631023
1.00297e-06
0.000625899
1.27457e-06
0.000620686
1.53413e-06
0.000615406
1.78099e-06
0.000610081
2.01454e-06
0.000604733
2.23444e-06
0.000599384
2.44084e-06
0.000594056
2.63446e-06
0.000588769
2.81656e-06
0.000583544
2.98867e-06
0.000578399
3.15227e-06
0.000573352
3.30865e-06
0.000568419
3.45896e-06
0.000563617
3.60452e-06
0.000558958
3.74644e-06
0.000554457
3.88501e-06
0.000550128
4.01949e-06
0.000545983
4.14927e-06
0.000542026
4.27449e-06
0.000538274
4.39628e-06
0.000534736
4.51426e-06
0.000531422
4.62775e-06
0.000528335
4.73552e-06
0.00052548
4.83617e-06
0.000522859
4.9283e-06
0.000520474
5.01105e-06
0.000518326
5.08268e-06
0.000516417
5.14176e-06
0.000514745
5.18616e-06
0.000513311
5.21468e-06
0.000512114
5.22485e-06
0.000511152
5.21563e-06
0.000510424
5.1845e-06
0.000509925
5.1312e-06
0.000509654
5.05292e-06
0.000509607
4.95003e-06
0.000509779
4.8197e-06
0.000510164
4.66337e-06
0.000510759
4.47801e-06
0.000511555
4.26569e-06
0.000512547
4.02403e-06
0.000513727
3.75631e-06
0.000515086
3.4619e-06
0.000516617
3.1423e-06
0.00051831
2.79856e-06
0.00052016
2.42721e-06
0.000522154
2.039e-06
0.000524288
1.62147e-06
0.000526542
1.20231e-06
0.000528916
7.44644e-07
0.000531387
3.09912e-07
0.000533944
-1.73674e-07
0.000536561
-5.89898e-07
0.00053924
-1.114e-06
0.000541956
-1.50371e-06
0.000544701
-2.08312e-06
0.000547461
-2.40593e-06
0.000550211
-3.06548e-06
0.000552964
-3.26766e-06
-4.05904e-06
0.000843163
-9.24069e-06
0.000845266
-8.88291e-06
0.000847099
-8.50898e-06
0.000848661
-8.11833e-06
0.000849951
-7.71077e-06
0.000850969
-7.28576e-06
0.000851714
-6.84308e-06
0.000852186
-6.38296e-06
0.000852384
-5.90519e-06
0.000852305
-5.41047e-06
0.000851953
-4.89992e-06
0.000851324
-4.37315e-06
0.000850419
-3.8318e-06
0.000849241
-3.27785e-06
0.000847785
-2.70624e-06
0.000846042
-2.11564e-06
0.00084401
-1.51352e-06
0.000841697
-9.08078e-07
0.000839108
-2.99571e-07
0.000836237
3.19944e-07
0.000833085
9.40371e-07
0.000829656
1.56016e-06
0.000825952
2.17626e-06
0.000821978
2.78608e-06
0.00081774
3.38707e-06
0.000813246
3.97587e-06
0.000808509
4.54919e-06
0.000803529
5.10457e-06
0.000798316
5.6401e-06
0.000792883
6.15327e-06
0.000787245
6.64104e-06
0.000781418
7.10108e-06
0.000775421
7.53136e-06
0.000769272
7.92999e-06
0.000762991
8.29516e-06
0.0007566
8.62534e-06
0.000750122
8.91942e-06
0.000743579
9.17695e-06
0.000736998
9.39804e-06
0.000730403
9.58333e-06
0.000723822
9.73355e-06
0.000717281
9.84957e-06
0.000710808
9.93211e-06
0.00070443
9.98213e-06
0.000698176
1.00007e-05
0.000692072
9.98914e-06
0.000686142
9.94903e-06
0.00068041
9.88206e-06
0.000674894
9.78994e-06
0.000669616
9.67486e-06
0.000664592
9.53817e-06
0.000659838
9.38135e-06
0.000655368
9.20513e-06
0.000651194
9.0107e-06
0.000647324
8.79821e-06
0.000643766
8.56888e-06
0.000640526
8.32239e-06
0.000637609
8.05968e-06
0.000635015
7.77984e-06
0.000632745
7.48408e-06
0.0006308
7.17078e-06
0.000629174
6.84136e-06
0.000627865
6.49375e-06
0.000626866
6.13007e-06
0.000626171
5.74754e-06
0.000625772
5.34897e-06
0.000625661
4.93124e-06
0.000625826
4.49838e-06
0.000626257
4.0469e-06
0.000626941
3.58109e-06
0.000627868
3.09764e-06
0.000629022
2.60169e-06
0.000630392
2.09177e-06
0.000631965
1.57007e-06
0.000633726
1.03711e-06
0.000635664
4.89685e-07
0.000637756
-5.32592e-08
0.000639979
-6.01861e-07
0.000642322
-1.14014e-06
0.000644767
-1.70041e-06
0.000647298
-2.22147e-06
0.000649907
-2.78252e-06
0.000652584
-3.26685e-06
0.000655299
-3.82891e-06
0.000658049
-4.25353e-06
0.000660786
-4.82068e-06
0.000663533
-5.15298e-06
0.000666203
-5.73501e-06
0.000668863
-5.92834e-06
-6.53769e-06
0.000970093
-1.01061e-05
0.000970768
-9.55731e-06
0.000971254
-8.99505e-06
0.000971554
-8.41885e-06
0.000971671
-7.828e-06
0.000971608
-7.22202e-06
0.000971365
-6.60057e-06
0.000970945
-5.96292e-06
0.000970349
-5.30924e-06
0.000969578
-4.63951e-06
0.000968632
-3.95332e-06
0.000967511
-3.25214e-06
0.000966215
-2.53595e-06
0.00096474
-1.80365e-06
0.000963092
-1.05791e-06
0.000961284
-3.0771e-07
0.000959293
4.77212e-07
0.000957116
1.26975e-06
0.000954746
2.06965e-06
0.000952191
2.87514e-06
0.00094945
3.68165e-06
0.000946522
4.48791e-06
0.000943406
5.29211e-06
0.000940102
6.0908e-06
0.000936608
6.88033e-06
0.000932927
7.65749e-06
0.000929057
8.41888e-06
0.000925001
9.16039e-06
0.000920763
9.87806e-06
0.000916348
1.05685e-05
0.000911761
1.12281e-05
0.000907009
1.18533e-05
0.0009021
1.24406e-05
0.000897043
1.2987e-05
0.000891848
1.34894e-05
0.000886529
1.39451e-05
0.000881096
1.43516e-05
0.000875566
1.4707e-05
0.000869955
1.50098e-05
0.000864279
1.52589e-05
0.000858559
1.54534e-05
0.000852815
1.55933e-05
0.000847069
1.56786e-05
0.000841341
1.57102e-05
0.000835653
1.56889e-05
0.000830026
1.56161e-05
0.000824482
1.54928e-05
0.000819043
1.5321e-05
0.000813731
1.5102e-05
0.000808567
1.48385e-05
0.000803573
1.45321e-05
0.000798769
1.41855e-05
0.000794174
1.38004e-05
0.000789804
1.338e-05
0.000785677
1.29255e-05
0.000781806
1.24404e-05
0.000778202
1.19256e-05
0.000774877
1.1385e-05
0.000771838
1.08187e-05
0.000769091
1.02309e-05
0.000766641
9.62127e-06
0.000764488
8.99431e-06
0.000762633
8.34861e-06
0.000761073
7.6898e-06
0.000759806
7.01522e-06
0.000758823
6.33143e-06
0.00075812
5.63487e-06
0.000757685
4.93331e-06
0.00075751
4.22191e-06
0.000757581
3.50981e-06
0.000757887
2.79182e-06
0.000758411
2.07743e-06
0.000759141
1.36203e-06
0.000760056
6.55179e-07
0.000761144
-5.06612e-08
0.000762392
-7.58294e-07
0.000763786
-1.44807e-06
0.000765312
-2.12748e-06
0.000766953
-2.78092e-06
0.000768683
-3.43028e-06
0.000770495
-4.03403e-06
0.000772359
-4.64666e-06
0.000774275
-5.18306e-06
0.000776202
-5.75549e-06
0.000778153
-6.20482e-06
0.00078007
-6.73733e-06
0.00078199
-7.07289e-06
0.000783824
-7.56893e-06
0.000785649
-7.75353e-06
-8.21424e-06
0.00103302
-9.55037e-06
0.00103236
-8.90084e-06
0.00103161
-8.2431e-06
0.00103076
-7.57648e-06
0.00102984
-6.89971e-06
0.00102883
-6.21202e-06
0.00102774
-5.51273e-06
0.00102658
-4.80034e-06
0.00102534
-4.07482e-06
0.00102404
-3.3352e-06
0.00102266
-2.57996e-06
0.00102122
-1.81087e-06
0.00101972
-1.02908e-06
0.00101815
-2.39741e-07
0.0010165
5.93603e-07
0.00101476
1.43519e-06
0.00101294
2.29342e-06
0.00101105
3.1635e-06
0.00100908
4.0406e-06
0.00100703
4.92606e-06
0.00100489
5.81901e-06
0.00100266
6.71591e-06
0.00100034
7.61327e-06
0.000997922
8.50788e-06
0.000995406
9.3963e-06
0.000992789
1.02746e-05
0.000990069
1.11386e-05
0.000987246
1.19837e-05
0.000984318
1.28057e-05
0.000981286
1.36005e-05
0.000978151
1.43634e-05
0.000974914
1.50901e-05
0.000971578
1.57764e-05
0.000968147
1.64182e-05
0.000964625
1.70116e-05
0.000961017
1.7553e-05
0.000957329
1.8039e-05
0.000953569
1.84668e-05
0.000949746
1.88337e-05
0.000945867
1.91376e-05
0.000941944
1.93767e-05
0.000937987
1.955e-05
0.000934009
1.96567e-05
0.000930022
1.96967e-05
0.000926041
1.96705e-05
0.000922077
1.95795e-05
0.000918146
1.94246e-05
0.000914259
1.92072e-05
0.000910433
1.89285e-05
0.000906681
1.85908e-05
0.000903017
1.81959e-05
0.000899455
1.77469e-05
0.00089601
1.72457e-05
0.000892694
1.66962e-05
0.000889519
1.61004e-05
0.000886497
1.54628e-05
0.000883637
1.47852e-05
0.000880949
1.40727e-05
0.000878441
1.33266e-05
0.000876119
1.25528e-05
0.000873989
1.17518e-05
0.000872053
1.09303e-05
0.000870314
1.00877e-05
0.000868772
9.23207e-06
0.000867426
8.36113e-06
0.000866273
7.48433e-06
0.000865309
6.59808e-06
0.00086453
5.71313e-06
0.000863927
4.82425e-06
0.000863493
3.94408e-06
0.000863219
3.06566e-06
0.000863094
2.20296e-06
0.000863106
1.3496e-06
0.00086324
5.21198e-07
0.000863498
-3.08792e-07
0.000863863
-1.12336e-06
0.000864326
-1.91071e-06
0.000864866
-2.66775e-06
0.000865477
-3.39153e-06
0.000866136
-4.08925e-06
0.000866841
-4.73898e-06
0.000867566
-5.37151e-06
0.000868316
-5.9331e-06
0.000869057
-6.49686e-06
0.000869806
-6.95375e-06
0.000870516
-7.44774e-06
0.000871222
-7.77872e-06
0.000871858
-8.20523e-06
0.000872486
-8.3815e-06
-8.74183e-06
0.00102859
-8.13461e-06
0.00102716
-7.46506e-06
0.00102571
-6.79349e-06
0.00102425
-6.11843e-06
0.00102279
-5.43817e-06
0.00102133
-4.75069e-06
0.00101987
-4.05484e-06
0.00101842
-3.34869e-06
0.00101698
-2.63131e-06
0.00101554
-1.90272e-06
0.00101412
-1.16135e-06
0.00101272
-4.089e-07
0.00101132
3.68808e-07
0.00100992
1.16659e-06
0.00100852
1.98701e-06
0.00100714
2.82212e-06
0.00100576
3.672e-06
0.00100438
4.53898e-06
0.001003
5.4217e-06
0.00100161
6.31813e-06
0.0010002
7.22594e-06
0.000998777
8.14202e-06
0.000997328
9.06305e-06
0.00099585
9.98566e-06
0.00099434
1.09059e-05
0.000992795
1.18194e-05
0.000991212
1.27216e-05
0.000989588
1.36077e-05
0.000987921
1.44728e-05
0.00098621
1.53118e-05
0.000984454
1.61197e-05
0.000982652
1.68916e-05
0.000980806
1.76225e-05
0.000978917
1.83078e-05
0.000976985
1.89432e-05
0.000975014
1.95244e-05
0.000973005
2.00476e-05
0.000970963
2.05094e-05
0.000968889
2.09068e-05
0.00096679
2.12371e-05
0.000964669
2.14979e-05
0.000962531
2.16878e-05
0.000960382
2.18056e-05
0.000958227
2.18512e-05
0.000956073
2.18251e-05
0.000953924
2.17282e-05
0.000951788
2.15609e-05
0.00094967
2.13246e-05
0.000947579
2.10203e-05
0.000945519
2.06505e-05
0.000943498
2.02167e-05
0.000941523
1.97223e-05
0.000939599
1.91694e-05
0.000937733
1.85622e-05
0.000935931
1.79028e-05
0.000934197
1.71964e-05
0.000932537
1.64449e-05
0.000930956
1.56543e-05
0.000929456
1.48264e-05
0.000928041
1.39677e-05
0.000926713
1.30796e-05
0.000925474
1.21695e-05
0.000924324
1.12376e-05
0.000923263
1.02928e-05
0.000922291
9.3338e-06
0.000921404
8.37059e-06
0.000920602
7.4008e-06
0.000919879
6.43547e-06
0.000919233
5.47037e-06
0.000918659
4.51851e-06
0.000918151
3.57392e-06
0.000917703
2.65028e-06
0.000917311
1.74135e-06
0.000916971
8.62061e-07
0.000916651
1.08901e-08
0.000916375
-8.47429e-07
0.000916124
-1.66019e-06
0.000915891
-2.43438e-06
0.00091567
-3.17074e-06
0.000915451
-3.87026e-06
0.000915233
-4.52043e-06
0.000915001
-5.14021e-06
0.000914761
-5.69238e-06
0.000914493
-6.22907e-06
0.000914209
-6.66986e-06
0.000913885
-7.12349e-06
0.000913543
-7.43692e-06
0.00091315
-7.81186e-06
0.000912745
-7.97732e-06
-8.27851e-06
0.000984172
-6.66836e-06
0.000982721
-6.01422e-06
0.000981292
-5.36473e-06
0.000979891
-4.71717e-06
0.000978523
-4.06999e-06
0.000977192
-3.4199e-06
0.000975901
-2.76407e-06
0.000974653
-2.10109e-06
0.000973447
-1.42524e-06
0.000972277
-7.3262e-07
0.000971131
-1.50725e-08
0.000970033
6.8926e-07
0.000968972
1.42953e-06
0.000967951
2.18729e-06
0.000966973
2.96523e-06
0.000966028
3.76709e-06
0.000965107
4.59276e-06
0.000964206
5.44054e-06
0.000963319
6.30818e-06
0.000962444
7.19387e-06
0.000961574
8.09567e-06
0.000960705
9.01075e-06
0.000959833
9.93549e-06
0.000958953
1.08658e-05
0.000958061
1.17973e-05
0.000957156
1.27249e-05
0.000956234
1.36433e-05
0.000955295
1.4547e-05
0.000954337
1.54302e-05
0.000953362
1.62872e-05
0.000952369
1.71123e-05
0.000951361
1.79e-05
0.000950339
1.86447e-05
0.000949305
1.93413e-05
0.000948263
1.9985e-05
0.000947216
2.05714e-05
0.000946167
2.10966e-05
0.00094512
2.1557e-05
0.000944077
2.19498e-05
0.000943041
2.22725e-05
0.000942016
2.25231e-05
0.000941004
2.27004e-05
0.000940006
2.28036e-05
0.000939024
2.28328e-05
0.000938061
2.27881e-05
0.000937119
2.26701e-05
0.000936201
2.24795e-05
0.000935307
2.22182e-05
0.00093444
2.18875e-05
0.0009336
2.14903e-05
0.000932788
2.10284e-05
0.000932005
2.05055e-05
0.00093125
1.9924e-05
0.000930525
1.92881e-05
0.000929827
1.86005e-05
0.000929157
1.78661e-05
0.000928514
1.70877e-05
0.000927898
1.62709e-05
0.000927306
1.54182e-05
0.000926738
1.45358e-05
0.000926192
1.36259e-05
0.000925666
1.26955e-05
0.000925157
1.17457e-05
0.000924665
1.07848e-05
0.000924186
9.81275e-06
0.000923719
8.83855e-06
0.000923258
7.86118e-06
0.000922803
6.89052e-06
0.000922349
5.92411e-06
0.000921895
4.97292e-06
0.000921436
4.0329e-06
0.00092097
3.11585e-06
0.000920495
2.21695e-06
0.000920008
1.34846e-06
0.000919513
5.06557e-07
0.000918979
-3.13355e-07
0.000918418
-1.09976e-06
0.00091783
-1.84628e-06
0.000917213
-2.55358e-06
0.000916564
-3.22152e-06
0.000915883
-3.83938e-06
0.000915167
-4.42369e-06
0.000914417
-4.94297e-06
0.00091363
-5.44163e-06
0.000912812
-5.85165e-06
0.000911954
-6.26622e-06
0.000911073
-6.55514e-06
0.000910153
-6.89277e-06
0.000909223
-7.04683e-06
-7.32148e-06
0.000944121
-5.38237e-06
0.000942846
-4.73878e-06
0.000941588
-4.10641e-06
0.000940353
-3.48253e-06
0.000939147
-2.86446e-06
0.000937976
-2.24841e-06
0.000936842
-1.63005e-06
0.000935749
-1.00799e-06
0.000934704
-3.80838e-07
0.000933705
2.66353e-07
0.000932758
9.32755e-07
0.000931838
1.60932e-06
0.000930957
2.31048e-06
0.000930105
3.03884e-06
0.000929277
3.79339e-06
0.000928469
4.57505e-06
0.000927677
5.3849e-06
0.000926894
6.22291e-06
0.000926115
7.088e-06
0.00092533
7.97826e-06
0.000924535
8.89093e-06
0.000923723
9.82241e-06
0.00092289
1.07684e-05
0.000922032
1.17243e-05
0.000921144
1.26848e-05
0.000920225
1.36437e-05
0.000919274
1.45947e-05
0.00091829
1.55308e-05
0.000917275
1.64452e-05
0.000916232
1.73308e-05
0.000915163
1.81809e-05
0.000914074
1.89888e-05
0.000912971
1.97481e-05
0.000911859
2.04532e-05
0.000910745
2.10985e-05
0.000909638
2.16793e-05
0.000908543
2.21915e-05
0.000907468
2.26317e-05
0.00090642
2.29973e-05
0.000905406
2.32865e-05
0.000904431
2.34984e-05
0.000903499
2.36327e-05
0.000902613
2.36889e-05
0.000901779
2.36677e-05
0.000900997
2.35695e-05
0.000900271
2.33962e-05
0.000899601
2.31492e-05
0.000898988
2.28311e-05
0.000898432
2.24444e-05
0.000897929
2.19924e-05
0.00089748
2.14781e-05
0.00089708
2.09053e-05
0.000896727
2.02773e-05
0.000896416
1.95987e-05
0.000896144
1.88726e-05
0.000895906
1.81043e-05
0.000895697
1.72967e-05
0.000895512
1.64555e-05
0.000895347
1.55835e-05
0.000895196
1.46867e-05
0.000895054
1.37677e-05
0.000894917
1.28328e-05
0.000894779
1.18839e-05
0.000894635
1.09281e-05
0.000894482
9.9662e-06
0.000894315
9.00602e-06
0.000894128
8.04732e-06
0.00089392
7.09864e-06
0.000893686
6.15829e-06
0.000893423
5.23599e-06
0.000893127
4.32855e-06
0.000892797
3.44575e-06
0.000892431
2.58375e-06
0.000892027
1.75215e-06
0.00089159
9.4399e-07
0.000891108
1.67943e-07
0.000890576
-5.67369e-07
0.000889996
-1.26669e-06
0.00088937
-1.92769e-06
0.000888699
-2.55048e-06
0.000887986
-3.12572e-06
0.000887228
-3.66646e-06
0.000886432
-4.14685e-06
0.000885595
-4.60424e-06
0.000884725
-4.98146e-06
0.000883817
-5.35829e-06
0.000882885
-5.62322e-06
0.00088192
-5.92775e-06
0.000880943
-6.06974e-06
-6.32116e-06
0.000916185
-3.75035e-06
0.000914587
-3.14044e-06
0.00091303
-2.54983e-06
0.000911523
-1.97526e-06
0.000910071
-1.41221e-06
0.000908681
-8.58843e-07
0.000907364
-3.13071e-07
0.000906111
2.44723e-07
0.000904916
8.14883e-07
0.00090379
1.3924e-06
0.000902732
1.98988e-06
0.000901733
2.60884e-06
0.000900791
3.25281e-06
0.000899902
3.9274e-06
0.000899059
4.63608e-06
0.000898254
5.3805e-06
0.000897477
6.16192e-06
0.000896719
6.98126e-06
0.000895968
7.83828e-06
0.000895216
8.73102e-06
0.00089445
9.65628e-06
0.000893662
1.06101e-05
0.000892843
1.15878e-05
0.000891984
1.25833e-05
0.000891079
1.35899e-05
0.000890123
1.46e-05
0.000889112
1.56055e-05
0.000888045
1.65979e-05
0.000886921
1.75686e-05
0.000885743
1.8509e-05
0.000884513
1.94106e-05
0.000883237
2.02653e-05
0.00088192
2.10652e-05
0.00088057
2.18035e-05
0.000879195
2.24735e-05
0.000877804
2.30698e-05
0.000876408
2.35875e-05
0.000875017
2.4023e-05
0.000873641
2.43732e-05
0.000872291
2.46364e-05
0.000870977
2.48122e-05
0.000869708
2.49015e-05
0.000868492
2.49057e-05
0.000867333
2.48262e-05
0.000866238
2.46644e-05
0.000865212
2.44227e-05
0.000864257
2.41038e-05
0.000863377
2.37114e-05
0.000862572
2.3249e-05
0.000861844
2.27211e-05
0.00086119
2.21317e-05
0.000860609
2.14858e-05
0.000860099
2.07876e-05
0.000859656
2.00424e-05
0.000859274
1.92543e-05
0.000858949
1.84289e-05
0.000858676
1.75701e-05
0.000858448
1.66836e-05
0.000858258
1.57727e-05
0.000858102
1.48436e-05
0.00085797
1.38988e-05
0.000857858
1.29448e-05
0.000857759
1.19834e-05
0.000857666
1.10214e-05
0.000857572
1.00596e-05
0.000857473
9.10524e-06
0.000857362
8.15801e-06
0.000857235
7.22585e-06
0.000857087
6.30698e-06
0.000856913
5.40998e-06
0.000856709
4.53182e-06
0.000856473
3.68182e-06
0.000856201
2.85546e-06
0.00085589
2.06342e-06
0.000855534
1.30059e-06
0.000855127
5.74282e-07
0.000854682
-1.22211e-07
0.000854195
-7.79842e-07
0.000853667
-1.39944e-06
0.000853094
-1.97703e-06
0.000852478
-2.51053e-06
0.000851819
-3.00686e-06
0.000851122
-3.44975e-06
0.000850382
-3.86504e-06
0.000849612
-4.21096e-06
0.000848802
-4.54875e-06
0.00084797
-4.7906e-06
0.000847101
-5.05894e-06
0.000846218
-5.18649e-06
-5.39761e-06
0.000850591
-1.49996e-06
0.000848452
-1.00147e-06
0.000846434
-5.3235e-07
0.000844552
-9.25969e-08
0.000842787
3.52778e-07
0.000841148
7.79617e-07
0.00083964
1.19482e-06
0.000838275
1.61008e-06
0.000837057
2.03341e-06
0.000835979
2.46967e-06
0.000835043
2.92623e-06
0.000834242
3.4098e-06
0.000833569
3.92607e-06
0.000833015
4.48094e-06
0.000832572
5.07953e-06
0.000832227
5.7251e-06
0.000831969
6.41973e-06
0.000831786
7.16486e-06
0.000831663
7.96055e-06
0.000831589
8.80512e-06
0.00083155
9.69577e-06
0.000831531
1.06288e-05
0.00083152
1.1599e-05
0.000831503
1.25998e-05
0.00083147
1.36232e-05
0.00083141
1.46605e-05
0.000831313
1.57021e-05
0.000831173
1.67379e-05
0.000830984
1.77577e-05
0.000830742
1.87512e-05
0.000830444
1.97081e-05
0.000830091
2.06186e-05
0.000829683
2.14735e-05
0.000829222
2.22641e-05
0.000828713
2.29827e-05
0.00082816
2.36223e-05
0.000827571
2.41771e-05
0.000826951
2.46423e-05
0.00082631
2.50146e-05
0.000825654
2.52921e-05
0.000824993
2.54738e-05
0.000824334
2.55606e-05
0.000823684
2.55551e-05
0.000823051
2.54593e-05
0.00082244
2.52754e-05
0.000821857
2.50061e-05
0.000821306
2.46549e-05
0.000820791
2.42259e-05
0.000820316
2.37238e-05
0.000819884
2.31538e-05
0.000819494
2.2521e-05
0.000819149
2.18313e-05
0.000818846
2.10899e-05
0.000818586
2.03029e-05
0.000818365
1.94753e-05
0.000818181
1.86133e-05
0.000818029
1.77215e-05
0.000817906
1.68062e-05
0.000817808
1.58713e-05
0.000817728
1.4923e-05
0.000817663
1.39645e-05
0.000817606
1.3002e-05
0.000817551
1.20377e-05
0.000817495
1.1078e-05
0.00081743
1.01242e-05
0.000817353
9.18262e-06
0.000817257
8.25348e-06
0.000817139
7.34369e-06
0.000816994
6.45192e-06
0.000816819
5.58579e-06
0.000816608
4.74249e-06
0.000816359
3.93036e-06
0.00081607
3.14503e-06
0.000815737
2.39595e-06
0.000815361
1.6767e-06
0.000814938
9.97862e-07
0.000814461
3.54757e-07
0.000813937
-2.56181e-07
0.000813371
-8.33677e-07
0.00081276
-1.36587e-06
0.000812107
-1.8574e-06
0.000811408
-2.30763e-06
0.00081067
-2.71167e-06
0.000809888
-3.08316e-06
0.000809074
-3.39707e-06
0.00080822
-3.69449e-06
0.000807342
-3.9128e-06
0.000806427
-4.14431e-06
0.000805498
-4.25774e-06
-4.43225e-06
0.00069337
7.45015e-07
0.000691327
1.04135e-06
0.000689486
1.30894e-06
0.000687842
1.55184e-06
0.00068642
1.7747e-06
0.000685216
1.98343e-06
0.000684228
2.18321e-06
0.000683456
2.38133e-06
0.000682903
2.58698e-06
0.000682564
2.80871e-06
0.000682435
3.05468e-06
0.000682512
3.33267e-06
0.000682789
3.64944e-06
0.000683259
4.01112e-06
0.000683915
4.4236e-06
0.000684748
4.89164e-06
0.000685749
5.41916e-06
0.000686903
6.01036e-06
0.000688196
6.66825e-06
0.000689611
7.39014e-06
0.000691135
8.17083e-06
0.000692757
9.00763e-06
0.00069446
9.89579e-06
0.000696231
1.08288e-05
0.000698055
1.17987e-05
0.00069992
1.27958e-05
0.000701812
1.381e-05
0.00070372
1.48302e-05
0.000705633
1.58451e-05
0.00070754
1.68433e-05
0.000709435
1.78135e-05
0.000711309
1.87447e-05
0.000713156
1.96266e-05
0.000714971
2.04493e-05
0.000716749
2.12041e-05
0.000718488
2.18832e-05
0.000720186
2.24794e-05
0.000721841
2.2987e-05
0.000723454
2.34016e-05
0.000725025
2.37211e-05
0.000726552
2.39466e-05
0.000728034
2.4079e-05
0.00072947
2.41188e-05
0.000730863
2.4067e-05
0.000732213
2.39252e-05
0.000733522
2.36965e-05
0.000734793
2.33845e-05
0.000736025
2.29937e-05
0.00073722
2.25289e-05
0.000738378
2.19958e-05
0.000739499
2.14e-05
0.000740583
2.07474e-05
0.000741629
2.00439e-05
0.000742636
1.92956e-05
0.000743603
1.85084e-05
0.000744528
1.76882e-05
0.000745409
1.68404e-05
0.000746244
1.59709e-05
0.000747031
1.50845e-05
0.000747767
1.41869e-05
0.00074845
1.32819e-05
0.000749077
1.2375e-05
0.000749645
1.14695e-05
0.000750153
1.05704e-05
0.000750597
9.67992e-06
0.000750976
8.80348e-06
0.000751288
7.94195e-06
0.000751531
7.10067e-06
0.000751703
6.27977e-06
0.000751804
5.48464e-06
0.000751833
4.71367e-06
0.00075179
3.97366e-06
0.000751674
3.26089e-06
0.000751487
2.58272e-06
0.000751229
1.93488e-06
0.000750901
1.32558e-06
0.000750509
7.47285e-07
0.00075004
2.12894e-07
0.000749505
-2.9892e-07
0.000748905
-7.65755e-07
0.000748246
-1.19818e-06
0.000747527
-1.58877e-06
0.000746757
-1.94222e-06
0.000745933
-2.25911e-06
0.000745069
-2.53276e-06
0.000744156
-2.78199e-06
0.000743216
-2.97249e-06
0.000742235
-3.16353e-06
0.000741242
-3.26396e-06
-3.4102e-06
0.000448657
1.66413e-06
0.000447975
1.72271e-06
0.000447532
1.75188e-06
0.000447329
1.75487e-06
0.000447367
1.73657e-06
0.00044765
1.70043e-06
0.000448178
1.65561e-06
0.000448948
1.61148e-06
0.000449959
1.57534e-06
0.00045121
1.55797e-06
0.000452695
1.57013e-06
0.000454406
1.62142e-06
0.000456335
1.72001e-06
0.000458473
1.87313e-06
0.00046081
2.08685e-06
0.000463337
2.36505e-06
0.000466046
2.70948e-06
0.000468935
3.12205e-06
0.000471999
3.60444e-06
0.000475229
4.1596e-06
0.000478612
4.78745e-06
0.000482135
5.48509e-06
0.000485784
6.24664e-06
0.00048955
7.06332e-06
0.000493423
7.92566e-06
0.000497395
8.82385e-06
0.000501457
9.74745e-06
0.000505602
1.06856e-05
0.00050982
1.16271e-05
0.000514102
1.25607e-05
0.000518441
1.34752e-05
0.000522826
1.43599e-05
0.000527248
1.52045e-05
0.000531697
1.59995e-05
0.000536165
1.67361e-05
0.000540642
1.74067e-05
0.000545117
1.80046e-05
0.000549579
1.85247e-05
0.000554017
1.89637e-05
0.000558418
1.93197e-05
0.000562774
1.95915e-05
0.000567074
1.97786e-05
0.000571311
1.98814e-05
0.000575478
1.99004e-05
0.000579566
1.9837e-05
0.000583569
1.96933e-05
0.000587481
1.94727e-05
0.000591295
1.91795e-05
0.000595006
1.88184e-05
0.000598607
1.83943e-05
0.000602095
1.79127e-05
0.000605463
1.7379e-05
0.000608708
1.67986e-05
0.000611827
1.61774e-05
0.000614814
1.55206e-05
0.000617669
1.48337e-05
0.000620387
1.4122e-05
0.000622967
1.33907e-05
0.000625408
1.26444e-05
0.000627707
1.1888e-05
0.000629863
1.11257e-05
0.000631876
1.03618e-05
0.000633745
9.60008e-06
0.000635471
8.84439e-06
0.000637054
8.0975e-06
0.000638494
7.36329e-06
0.000639792
6.64381e-06
0.00064095
5.94233e-06
0.00064197
5.26036e-06
0.000642853
4.60137e-06
0.000643601
3.96525e-06
0.000644219
3.3559e-06
0.000644708
2.77258e-06
0.000645071
2.21903e-06
0.000645314
1.69256e-06
0.00064544
1.19874e-06
0.000645455
7.32377e-07
0.00064537
2.98352e-07
0.000645175
-1.0407e-07
0.000644876
-4.66743e-07
0.000644482
-8.03778e-07
0.000643997
-1.10369e-06
0.000643432
-1.37791e-06
0.000642788
-1.61531e-06
0.000642082
-1.82655e-06
0.000641306
-2.0059e-06
0.000640488
-2.15394e-06
0.000639609
-2.28498e-06
0.000638712
-2.36682e-06
-2.4733e-06
0.000206832
4.00672e-07
0.000208235
3.20038e-07
0.00020977
2.17029e-07
0.000211428
9.63473e-08
0.000213206
-4.12141e-08
0.000215102
-1.954e-07
0.000217107
-3.4911e-07
0.000219216
-4.98212e-07
0.000221426
-6.34555e-07
0.000223732
-7.48134e-07
0.000226132
-8.29332e-07
0.000228623
-8.70106e-07
0.000231207
-8.64012e-07
0.000233886
-8.05511e-07
0.000236663
-6.9004e-07
0.000239543
-5.14834e-07
0.00024253
-2.77783e-07
0.000245627
2.46771e-08
0.000248865
3.67032e-07
0.000252247
7.7745e-07
0.000255784
1.25082e-06
0.000259485
1.78407e-06
0.000263359
2.37219e-06
0.000267414
3.008e-06
0.000271658
3.68226e-06
0.000276095
4.38681e-06
0.000280729
5.11314e-06
0.000285562
5.85256e-06
0.000290593
6.59629e-06
0.000295818
7.33554e-06
0.000301232
8.06166e-06
0.000306825
8.7663e-06
0.000312588
9.44155e-06
0.000318508
1.008e-05
0.000324569
1.0675e-05
0.000330755
1.12203e-05
0.000337049
1.17107e-05
0.000343432
1.21415e-05
0.000349886
1.25098e-05
0.000356391
1.28153e-05
0.000362924
1.30577e-05
0.000369466
1.32373e-05
0.000375992
1.33553e-05
0.000382481
1.34116e-05
0.000388912
1.34057e-05
0.000395269
1.33366e-05
0.000401535
1.32065e-05
0.000407695
1.30194e-05
0.000413734
1.27794e-05
0.000419637
1.24908e-05
0.000425392
1.21578e-05
0.000430986
1.17848e-05
0.000436409
1.13763e-05
0.000441649
1.09367e-05
0.000446699
1.04704e-05
0.000451551
9.98171e-06
0.000456199
9.4748e-06
0.000460636
8.95374e-06
0.000464858
8.42239e-06
0.000468861
7.88452e-06
0.000472643
7.34356e-06
0.000476202
6.80284e-06
0.000479537
6.26539e-06
0.000482647
5.73411e-06
0.000485533
5.21148e-06
0.000488196
4.70005e-06
0.000490638
4.20182e-06
0.000492862
3.71873e-06
0.00049487
3.25241e-06
0.000496666
2.80477e-06
0.000498255
2.37648e-06
0.000499642
1.96865e-06
0.000500833
1.58203e-06
0.000501834
1.21851e-06
0.000502648
8.77685e-07
0.000503287
5.60362e-07
0.000503755
2.644e-07
0.000504063
-9.58214e-09
0.000504208
-2.49019e-07
0.00050421
-4.69122e-07
0.000504076
-6.69731e-07
0.000503818
-8.45466e-07
0.000503443
-1.00339e-06
0.000502964
-1.13564e-06
0.00050239
-1.25338e-06
0.00050173
-1.34547e-06
0.000501003
-1.42667e-06
0.000500203
-1.48525e-06
0.000499369
-1.53316e-06
-1.57089e-06
4.43594e-05
-3.08303e-07
4.50671e-05
-3.87659e-07
4.57639e-05
-4.79764e-07
4.64431e-05
-5.82865e-07
4.70963e-05
-6.94483e-07
4.77132e-05
-8.12291e-07
4.82964e-05
-9.32296e-07
4.88484e-05
-1.05019e-06
4.93753e-05
-1.16147e-06
4.98887e-05
-1.2615e-06
5.04052e-05
-1.34587e-06
5.09469e-05
-1.41181e-06
5.15424e-05
-1.45948e-06
5.22156e-05
-1.4787e-06
5.29895e-05
-1.46398e-06
5.38908e-05
-1.41608e-06
5.49473e-05
-1.3343e-06
5.619e-05
-1.21806e-06
5.76251e-05
-1.06799e-06
5.92853e-05
-8.8284e-07
6.11983e-05
-6.62171e-07
6.33884e-05
-4.05986e-07
6.58731e-05
-1.12509e-07
6.8688e-05
1.93058e-07
7.18521e-05
5.18236e-07
7.53728e-05
8.6609e-07
7.92558e-05
1.23009e-06
8.35036e-05
1.60478e-06
8.81149e-05
1.98498e-06
9.30848e-05
2.36568e-06
9.84045e-05
2.742e-06
0.000104061
3.1093e-06
0.00011004
3.46318e-06
0.00011632
3.79956e-06
0.000122881
4.11469e-06
0.000129696
4.40524e-06
0.000136738
4.66813e-06
0.000143979
4.90066e-06
0.000151389
5.10017e-06
0.000158935
5.26922e-06
0.000166585
5.40776e-06
0.000174306
5.5161e-06
0.000182067
5.59452e-06
0.000189839
5.63932e-06
0.000197596
5.64879e-06
0.000205307
5.62559e-06
0.000212942
5.57178e-06
0.000220472
5.48944e-06
0.000227871
5.38068e-06
0.000235114
5.24776e-06
0.000242178
5.09303e-06
0.000249044
4.9189e-06
0.000255693
4.72783e-06
0.000262107
4.52226e-06
0.000268273
4.30462e-06
0.000274177
4.0773e-06
0.00027981
3.84261e-06
0.000285161
3.60275e-06
0.000290223
3.35984e-06
0.000294992
3.11585e-06
0.000299463
2.87263e-06
0.000303634
2.63187e-06
0.000307504
2.3951e-06
0.000311074
2.1637e-06
0.000314347
1.93887e-06
0.000317325
1.72169e-06
0.000320014
1.51299e-06
0.000322419
1.31349e-06
0.000324548
1.12385e-06
0.000326408
9.44577e-07
0.000328009
7.75793e-07
0.00032936
6.17434e-07
0.000330472
4.69686e-07
0.000331358
3.32891e-07
0.000332029
2.06978e-07
0.000332498
9.06263e-08
0.000332779
-1.62645e-08
0.000332876
-1.06518e-07
0.000332816
-1.89338e-07
0.000332611
-2.6337e-07
0.00033227
-3.28731e-07
0.00033181
-3.85756e-07
0.000331241
-4.34826e-07
0.000330582
-4.76195e-07
0.00032984
-5.10977e-07
0.000329033
-5.39005e-07
0.000328168
-5.62018e-07
0.000327264
-5.81002e-07
0.000326325
-5.93775e-07
-6.17601e-07
-2.25227e-05
-2.29104e-05
-2.33901e-05
-2.3973e-05
-2.46675e-05
-2.54798e-05
-2.64121e-05
-2.74622e-05
-2.86237e-05
-2.98852e-05
-3.12311e-05
-3.26429e-05
-3.41024e-05
-3.55811e-05
-3.70451e-05
-3.84611e-05
-3.97954e-05
-4.10135e-05
-4.20815e-05
-4.29643e-05
-4.36265e-05
-4.40325e-05
-4.4145e-05
-4.39519e-05
-4.34337e-05
-4.25676e-05
-4.13375e-05
-3.97327e-05
-3.77478e-05
-3.53821e-05
-3.26401e-05
-2.95308e-05
-2.60676e-05
-2.22681e-05
-1.81534e-05
-1.37481e-05
-9.08e-06
-4.17935e-06
9.20826e-07
6.19004e-06
1.15978e-05
1.71139e-05
2.27084e-05
2.83477e-05
3.39965e-05
3.96221e-05
4.51939e-05
5.06833e-05
5.6064e-05
6.13118e-05
6.64048e-05
7.13237e-05
7.60515e-05
8.05738e-05
8.48784e-05
8.89557e-05
9.27983e-05
9.64011e-05
9.97609e-05
0.000102877
0.000105749
0.000108381
0.000110776
0.00011294
0.000114879
0.000116601
0.000118114
0.000119427
0.000120551
0.000121496
0.000122271
0.000122889
0.000123358
0.000123691
0.000123898
0.000123989
0.000123973
0.000123866
0.000123677
0.000123413
0.000123085
0.000122699
0.000122264
0.000121788
0.000121277
0.000120738
0.000120176
0.000119595
0.000119001
)
;

boundaryField
{
    inlet
    {
        type            calculated;
        value           nonuniform List<scalar> 0();
    }
    outlet
    {
        type            calculated;
        value           nonuniform List<scalar> 
30
(
0.000119937
0.000327707
0.0005012
0.000640729
0.000741778
0.000803539
0.000842794
0.000876798
0.000903683
0.000905163
0.000862774
0.000772586
0.000652448
0.000539333
0.000472658
0.000479044
0.000555612
0.000671342
0.000787326
0.000873014
0.000912282
0.000908266
0.000879942
0.000845294
0.000804533
0.000740219
0.000637775
0.000498467
0.000325371
0.000118384
)
;
    }
    wall
    {
        type            calculated;
        value           uniform 0;
    }
    obstacle
    {
        type            calculated;
        value           nonuniform List<scalar> 0();
    }
    frontAndBack
    {
        type            empty;
        value           nonuniform List<scalar> 0();
    }
    procBoundary3to2
    {
        type            processor;
        value           nonuniform List<scalar> 
31
(
1.64136e-05
-5.01953e-05
-0.000210626
-0.000453188
-0.000697338
-0.000845822
-0.000904556
-0.00093076
-0.000970442
-0.00101035
-0.00100521
-0.000928426
-0.000783522
-0.000604666
-0.000489314
-2.17424e-07
-0.000515778
-0.000668506
-0.00084079
-0.000969228
-0.00103357
-0.00103001
-0.000985638
-0.000945407
-0.000917817
-0.000852841
-0.000695615
-0.000449576
-0.000205569
-4.36504e-05
2.22144e-05
)
;
    }
}


// ************************************************************************* //
