/*--------------------------------*- C++ -*----------------------------------*\
| =========                 |                                                 |
| \\      /  F ield         | OpenFOAM: The Open Source CFD Toolbox           |
|  \\    /   O peration     | Version:  2312                                  |
|   \\  /    A nd           | Website:  www.openfoam.com                      |
|    \\/     M anipulation  |                                                 |
\*---------------------------------------------------------------------------*/
FoamFile
{
    version     2.0;
    format      ascii;
    arch        "LSB;label=32;scalar=64";
    class       surfaceScalarField;
    location    "154000";
    object      phi;
}
// * * * * * * * * * * * * * * * * * * * * * * * * * * * * * * * * * * * * * //

dimensions      [0 3 -1 0 0 0 0];

oriented        oriented;

internalField   nonuniform List<scalar> 
5250
(
4.13586e-05
2.9592e-06
3.81985e-05
3.16013e-06
3.48549e-05
3.34362e-06
3.13476e-05
3.50729e-06
2.76975e-05
3.65009e-06
2.39239e-05
3.7736e-06
2.00777e-05
3.84623e-06
1.62311e-05
3.84658e-06
1.24457e-05
3.78539e-06
8.7794e-06
3.66631e-06
5.28524e-06
3.49416e-06
2.01252e-06
3.27272e-06
-9.95948e-07
3.00847e-06
-3.70387e-06
2.70793e-06
-6.08071e-06
2.37683e-06
-8.10284e-06
2.02213e-06
-9.75383e-06
1.65099e-06
-1.10246e-05
1.27076e-06
-1.19135e-05
8.88868e-07
-1.24262e-05
5.12708e-07
-1.25725e-05
1.4634e-07
-1.23957e-05
-1.76842e-07
-1.1925e-05
-4.70704e-07
-1.11853e-05
-7.39691e-07
-1.0209e-05
-9.76289e-07
-9.03252e-06
-1.17647e-06
-7.69465e-06
-1.33787e-06
-6.23494e-06
-1.45971e-06
-4.69172e-06
-1.54322e-06
-3.10202e-06
-1.5897e-06
-1.50397e-06
-1.59804e-06
6.65214e-08
-1.57049e-06
1.57925e-06
-1.51273e-06
3.0104e-06
-1.43114e-06
4.33974e-06
-1.32935e-06
5.55199e-06
-1.21225e-06
6.63668e-06
-1.08469e-06
7.58799e-06
-9.5131e-07
8.40448e-06
-8.16485e-07
9.08875e-06
-6.84271e-07
9.64708e-06
-5.58329e-07
1.00889e-05
-4.41776e-07
1.0426e-05
-3.37191e-07
1.06727e-05
-2.46658e-07
1.08445e-05
-1.71801e-07
1.09583e-05
-1.13823e-07
1.10319e-05
-7.35717e-08
1.10833e-05
-5.13996e-08
1.11296e-05
-4.62899e-08
1.11891e-05
-5.95334e-08
1.12786e-05
-8.94432e-08
1.14133e-05
-1.34685e-07
1.16071e-05
-1.93852e-07
1.18724e-05
-2.65256e-07
1.22194e-05
-3.46993e-07
1.26563e-05
-4.36956e-07
1.31893e-05
-5.32957e-07
1.3822e-05
-6.32716e-07
1.4556e-05
-7.34009e-07
1.53906e-05
-8.34607e-07
1.63231e-05
-9.32475e-07
1.73487e-05
-1.02562e-06
1.84611e-05
-1.11239e-06
1.96523e-05
-1.19118e-06
2.09132e-05
-1.26092e-06
2.22337e-05
-1.32055e-06
2.36034e-05
-1.36969e-06
2.50112e-05
-1.40772e-06
2.64457e-05
-1.43456e-06
2.7895e-05
-1.44927e-06
2.9347e-05
-1.452e-06
3.07896e-05
-1.44265e-06
3.22128e-05
-1.4232e-06
3.36065e-05
-1.39363e-06
3.49631e-05
-1.35663e-06
3.62747e-05
-1.31161e-06
3.75372e-05
-1.26245e-06
3.87445e-05
-1.20737e-06
3.98967e-05
-1.15219e-06
4.09897e-05
-1.09294e-06
4.20285e-05
-1.03886e-06
4.30099e-05
-9.81383e-07
4.3947e-05
-9.37087e-07
4.48354e-05
-8.88396e-07
4.57081e-05
-8.72751e-07
4.65526e-05
-8.44471e-07
4.74468e-05
-8.94181e-07
4.83383e-05
-8.91509e-07
-1.05714e-06
0.00011499
6.51871e-06
0.000111271
6.87913e-06
0.000107421
7.19309e-06
0.000103478
7.45029e-06
9.94939e-05
7.63439e-06
9.55424e-05
7.72506e-06
9.16898e-05
7.69884e-06
8.79723e-05
7.56408e-06
8.44248e-05
7.33296e-06
8.10947e-05
6.99635e-06
7.80301e-05
6.55873e-06
7.52729e-05
6.02996e-06
7.28582e-05
5.4232e-06
7.08139e-05
4.75218e-06
6.91598e-05
4.03097e-06
6.7908e-05
3.27395e-06
6.70635e-05
2.49545e-06
6.66242e-05
1.71011e-06
6.65792e-05
9.33814e-07
6.69023e-05
1.8964e-07
6.76083e-05
-5.59669e-07
6.86692e-05
-1.23773e-06
7.00319e-05
-1.83341e-06
7.16475e-05
-2.35534e-06
7.34785e-05
-2.80728e-06
7.54853e-05
-3.18323e-06
7.76271e-05
-3.47969e-06
7.98616e-05
-3.69422e-06
8.21451e-05
-3.82666e-06
8.44365e-05
-3.88111e-06
8.67019e-05
-3.86347e-06
8.89124e-05
-3.78101e-06
9.10424e-05
-3.64268e-06
9.30693e-05
-3.45811e-06
9.49771e-05
-3.23713e-06
9.67546e-05
-2.98975e-06
9.83957e-05
-2.72573e-06
9.98987e-05
-2.45439e-06
0.000101267
-2.18458e-06
0.000102508
-1.92499e-06
0.000103633
-1.68348e-06
0.000104656
-1.4655e-06
0.000105595
-1.27546e-06
0.000106465
-1.11691e-06
0.000107286
-9.92508e-07
0.000108076
-9.04039e-07
0.000108855
-8.52471e-07
0.000109641
-8.38116e-07
0.000110456
-8.6065e-07
0.000111315
-9.1882e-07
0.000112236
-1.01056e-06
0.000113235
-1.13308e-06
0.000114324
-1.28307e-06
0.000115515
-1.45668e-06
0.000116818
-1.64978e-06
0.000118239
-1.8578e-06
0.000119782
-2.0762e-06
0.00012145
-2.30015e-06
0.000123241
-2.52518e-06
0.000125153
-2.74658e-06
0.000127181
-2.96047e-06
0.000129318
-3.16263e-06
0.000131555
-3.35012e-06
0.000133884
-3.51951e-06
0.000136292
-3.66924e-06
0.000138768
-3.7967e-06
0.0001413
-3.90172e-06
0.000143874
-3.98186e-06
0.000146478
-4.038e-06
0.000149096
-4.06747e-06
0.000151718
-4.07384e-06
0.00015433
-4.05506e-06
0.000156925
-4.01748e-06
0.000159489
-3.95774e-06
0.000162018
-3.88568e-06
0.000164501
-3.79477e-06
0.000166939
-3.70015e-06
0.00016932
-3.58902e-06
0.000171653
-3.48539e-06
0.000173925
-3.36496e-06
0.000176154
-3.26696e-06
0.000178319
-3.14708e-06
0.000180452
-3.07002e-06
0.000182523
-2.95879e-06
0.000184569
-2.91933e-06
0.000186547
-2.82257e-06
0.000188492
-2.83848e-06
0.000190361
-2.76089e-06
-2.82743e-06
0.000269007
9.74277e-06
0.000265998
9.88812e-06
0.000263119
1.00719e-05
0.000260283
1.02868e-05
0.000257407
1.05098e-05
0.000254417
1.07156e-05
0.000251326
1.07892e-05
0.000248247
1.0644e-05
0.00024527
1.03098e-05
0.000242457
9.80884e-06
0.000239853
9.16339e-06
0.000237486
8.39627e-06
0.000235381
7.52849e-06
0.000233555
6.57814e-06
0.000232024
5.56171e-06
0.000230804
4.49426e-06
0.000229909
3.38987e-06
0.000229357
2.26254e-06
0.000229166
1.12526e-06
0.000229381
-2.59103e-08
0.000229809
-9.87101e-07
0.000230512
-1.94082e-06
0.000231503
-2.82482e-06
0.000232763
-3.61483e-06
0.000234254
-4.29853e-06
0.000235941
-4.87024e-06
0.000237789
-5.32797e-06
0.000239754
-5.65945e-06
0.000241786
-5.85875e-06
0.000243844
-5.93865e-06
0.000245892
-5.91115e-06
0.000247899
-5.78861e-06
0.000249841
-5.58457e-06
0.000251697
-5.31375e-06
0.000253451
-4.99154e-06
0.000255095
-4.63355e-06
0.000256624
-4.25504e-06
0.00025804
-3.8705e-06
0.000259349
-3.49338e-06
0.00026056
-3.13566e-06
0.000261684
-2.8076e-06
0.000262736
-2.51725e-06
0.000263731
-2.2706e-06
0.000264686
-2.07183e-06
0.000265617
-1.92372e-06
0.00026654
-1.82722e-06
0.00026747
-1.78199e-06
0.000268422
-1.79004e-06
0.000269414
-1.85353e-06
0.000270464
-1.96856e-06
0.000271585
-2.13149e-06
0.00027279
-2.33818e-06
0.000274091
-2.58415e-06
0.000275498
-2.86367e-06
0.00027702
-3.171e-06
0.000278661
-3.49918e-06
0.000280427
-3.84197e-06
0.000282318
-4.19192e-06
0.000284336
-4.54314e-06
0.000286478
-4.88821e-06
0.00028874
-5.22235e-06
0.000291116
-5.53847e-06
0.000293599
-5.83361e-06
0.000296181
-6.10114e-06
0.000298852
-6.34076e-06
0.000301602
-6.54615e-06
0.00030442
-6.72014e-06
0.000307294
-6.85536e-06
0.000310214
-6.95802e-06
0.000313165
-7.01854e-06
0.00031614
-7.04849e-06
0.00031912
-7.036e-06
0.000322103
-7.00046e-06
0.00032507
-6.92455e-06
0.000328021
-6.83674e-06
0.000330937
-6.71064e-06
0.000333824
-6.58683e-06
0.000336661
-6.42576e-06
0.000339459
-6.2835e-06
0.000342197
-6.10318e-06
0.000344889
-5.95936e-06
0.000347517
-5.77517e-06
0.000350091
-5.6435e-06
0.000352603
-5.47045e-06
0.00035504
-5.35721e-06
0.000357429
-5.2113e-06
0.000359697
-5.10637e-06
0.000361946
-5.01023e-06
-4.88061e-06
0.000537832
1.75158e-05
0.000530081
1.76397e-05
0.000522429
1.77239e-05
0.000514954
1.77616e-05
0.000507754
1.771e-05
0.000500964
1.7505e-05
0.000494668
1.70858e-05
0.00048885
1.64618e-05
0.000483449
1.57104e-05
0.000478428
1.48304e-05
0.000473766
1.38255e-05
0.000469452
1.27098e-05
0.000465482
1.14987e-05
0.000461852
1.02079e-05
0.000458557
8.85674e-06
0.000455586
7.4654e-06
0.000452928
6.04834e-06
0.000450578
4.61273e-06
0.000448537
3.166e-06
0.000446785
1.72633e-06
0.000445454
3.43033e-07
0.000444571
-1.05747e-06
0.000444022
-2.27599e-06
0.000443785
-3.37737e-06
0.000443838
-4.35151e-06
0.000444151
-5.18302e-06
0.000444689
-5.86608e-06
0.00044543
-6.40042e-06
0.000446354
-6.78314e-06
0.000447433
-7.01747e-06
0.000448631
-7.10964e-06
0.000449912
-7.069e-06
0.000451236
-6.90862e-06
0.000452567
-6.64506e-06
0.000453873
-6.29762e-06
0.000455127
-5.88707e-06
0.000456306
-5.43477e-06
0.000457398
-4.96184e-06
0.000458393
-4.48853e-06
0.000459291
-4.03338e-06
0.000460096
-3.61268e-06
0.000460818
-3.23946e-06
0.000461471
-2.92356e-06
0.000462071
-2.67179e-06
0.000462636
-2.48909e-06
0.000463187
-2.37836e-06
0.000463746
-2.341e-06
0.000464332
-2.37604e-06
0.000464961
-2.48182e-06
0.000465647
-2.65471e-06
0.000466407
-2.89128e-06
0.000467254
-3.18511e-06
0.000468199
-3.52957e-06
0.000469251
-3.91572e-06
0.000470417
-4.33736e-06
0.000471703
-4.78456e-06
0.000473112
-5.25078e-06
0.000474644
-5.72471e-06
0.000476302
-6.20076e-06
0.000478081
-6.66675e-06
0.000479978
-7.11948e-06
0.000481986
-7.54644e-06
0.0004841
-7.94832e-06
0.000486311
-8.31174e-06
0.000488612
-8.64171e-06
0.000490989
-8.9232e-06
0.000493436
-9.16685e-06
0.000495935
-9.3549e-06
0.000498482
-9.50475e-06
0.000501058
-9.59503e-06
0.000503662
-9.65157e-06
0.000506274
-9.64854e-06
0.000508895
-9.6211e-06
0.000511508
-9.53754e-06
0.000514113
-9.44189e-06
0.000516698
-9.29593e-06
0.000519262
-9.15062e-06
0.000521799
-8.96279e-06
0.000524301
-8.78549e-06
0.000526774
-8.57671e-06
0.000529197
-8.38144e-06
0.000531594
-8.17277e-06
0.000533918
-7.96722e-06
0.000536226
-7.77888e-06
0.00053843
-7.56105e-06
0.000540631
-7.41245e-06
0.000542692
-7.16754e-06
0.00054476
-7.07806e-06
-6.75941e-06
0.000796968
1.61321e-05
0.000797709
1.68989e-05
0.000797832
1.76015e-05
0.000797368
1.82255e-05
0.000796331
1.87462e-05
0.000794696
1.91404e-05
0.000792386
1.93962e-05
0.000789337
1.95109e-05
0.000785562
1.94846e-05
0.000781079
1.9314e-05
0.000775902
1.90027e-05
0.000770049
1.85622e-05
0.000763566
1.79823e-05
0.00075654
1.72335e-05
0.000749067
1.63294e-05
0.000741244
1.52882e-05
0.00073317
1.41228e-05
0.000724945
1.28376e-05
0.000716673
1.14377e-05
0.000708452
9.94734e-06
0.000700387
8.40833e-06
0.000692482
6.8481e-06
0.000684904
5.30122e-06
0.000677739
3.78806e-06
0.000671056
2.3312e-06
0.000664915
9.58651e-07
0.000659393
-3.44165e-07
0.000654542
-1.54954e-06
0.000650348
-2.58979e-06
0.000646791
-3.46037e-06
0.000643836
-4.15441e-06
0.000641438
-4.67059e-06
0.000639544
-5.01504e-06
0.0006381
-5.20126e-06
0.000637051
-5.24813e-06
0.00063634
-5.17652e-06
0.000635914
-5.00832e-06
0.000635719
-4.76696e-06
0.000635707
-4.4769e-06
0.000635835
-4.16138e-06
0.000636065
-3.84272e-06
0.000636366
-3.54006e-06
0.000636713
-3.27024e-06
0.000637088
-3.04675e-06
0.00063748
-2.88151e-06
0.000637884
-2.78234e-06
0.000638299
-2.7558e-06
0.000638727
-2.80416e-06
0.000639175
-2.9298e-06
0.000639651
-3.13034e-06
0.000640164
-3.40507e-06
0.000640727
-3.74754e-06
0.000641351
-4.15392e-06
0.000642049
-4.6136e-06
0.000642834
-5.12226e-06
0.000643716
-5.66649e-06
0.000644707
-6.24213e-06
0.000645815
-6.83285e-06
0.00064705
-7.43593e-06
0.000648416
-8.03262e-06
0.00064992
-8.62324e-06
0.000651561
-9.18717e-06
0.000653341
-9.72895e-06
0.000655256
-1.0226e-05
0.000657302
-1.06876e-05
0.000659468
-1.10895e-05
0.000661747
-1.14459e-05
0.000664124
-1.17322e-05
0.000666587
-1.19679e-05
0.000669123
-1.21303e-05
0.000671713
-1.22422e-05
0.00067435
-1.2285e-05
0.000677009
-1.22807e-05
0.000679692
-1.22202e-05
0.000682367
-1.2117e-05
0.000685049
-1.19782e-05
0.000687696
-1.17973e-05
0.000690342
-1.16086e-05
0.000692926
-1.13699e-05
0.000695508
-1.11587e-05
0.000698004
-1.08773e-05
0.0007005
-1.06686e-05
0.000702885
-1.03526e-05
0.000705274
-1.01674e-05
0.000707529
-9.81608e-06
0.000709789
-9.6722e-06
0.000711897
-9.27623e-06
0.000714013
-9.19394e-06
-8.75283e-06
0.000908995
6.77985e-06
0.000918119
7.77513e-06
0.000926939
8.78184e-06
0.00093537
9.79397e-06
0.000943318
1.07982e-05
0.000950685
1.17733e-05
0.00095738
1.27011e-05
0.000963303
1.35878e-05
0.000968345
1.44426e-05
0.000972403
1.5256e-05
0.00097539
1.60157e-05
0.000977244
1.67091e-05
0.000977904
1.73213e-05
0.000977305
1.78331e-05
0.000975406
1.82277e-05
0.000972204
1.84909e-05
0.000967718
1.86083e-05
0.00096199
1.85662e-05
0.000955073
1.83546e-05
0.000947051
1.79691e-05
0.000938049
1.741e-05
0.000928215
1.66828e-05
0.000917715
1.58008e-05
0.000906726
1.4777e-05
0.00089543
1.36272e-05
0.000884011
1.23781e-05
0.000872602
1.10645e-05
0.000861331
9.72168e-06
0.000850356
8.38518e-06
0.000839811
7.08498e-06
0.000829807
5.849e-06
0.000820435
4.70175e-06
0.000811758
3.66173e-06
0.000803815
2.74137e-06
0.000796621
1.94633e-06
0.000790168
1.27693e-06
0.000784431
7.27804e-07
0.000779375
2.89618e-07
0.000774951
-5.33543e-08
0.000771104
-3.13797e-07
0.000767773
-5.12296e-07
0.0007649
-6.6638e-07
0.000762425
-7.95195e-07
0.000760293
-9.14758e-07
0.000758453
-1.04225e-06
0.000756861
-1.19028e-06
0.000755479
-1.37359e-06
0.000754276
-1.601e-06
0.000753229
-1.88329e-06
0.00075232
-2.22108e-06
0.000751536
-2.62076e-06
0.000750869
-3.08047e-06
0.000750318
-3.603e-06
0.000749884
-4.18017e-06
0.000749576
-4.81396e-06
0.000749401
-5.49133e-06
0.000749373
-6.21412e-06
0.000749505
-6.96463e-06
0.000749812
-7.7433e-06
0.000750308
-8.5289e-06
0.000751007
-9.32189e-06
0.00075192
-1.00997e-05
0.000753053
-1.08626e-05
0.000754416
-1.15893e-05
0.000756007
-1.22781e-05
0.000757829
-1.29116e-05
0.000759866
-1.3483e-05
0.000762118
-1.39845e-05
0.000764551
-1.44004e-05
0.000767163
-1.47424e-05
0.000769903
-1.49823e-05
0.000772781
-1.51628e-05
0.000775734
-1.52337e-05
0.000778792
-1.5278e-05
0.000781882
-1.52068e-05
0.000785057
-1.51533e-05
0.000788231
-1.49714e-05
0.00079148
-1.48581e-05
0.000794703
-1.45922e-05
0.000797996
-1.44519e-05
0.00080124
-1.41213e-05
0.000804551
-1.39794e-05
0.000807793
-1.35949e-05
0.000811096
-1.34703e-05
0.000814314
-1.30347e-05
0.000817583
-1.29414e-05
0.000820757
-1.24494e-05
0.00082396
-1.23977e-05
-1.1816e-05
0.000950376
-5.61164e-06
0.000962819
-4.66773e-06
0.000975234
-3.63338e-06
0.000987535
-2.50722e-06
0.000999613
-1.27887e-06
0.00101136
2.73996e-08
0.00102266
1.39657e-06
0.00103337
2.87746e-06
0.00104336
4.4523e-06
0.00105251
6.11192e-06
0.00106068
7.84291e-06
0.00106776
9.62718e-06
0.00107364
1.14461e-05
0.00107821
1.32654e-05
0.00108138
1.50534e-05
0.00108309
1.67796e-05
0.00108329
1.8411e-05
0.00108195
1.99083e-05
0.00107907
2.12322e-05
0.00107469
2.23502e-05
0.00106886
2.32352e-05
0.00106168
2.38674e-05
0.00105324
2.42342e-05
0.00104369
2.43302e-05
0.00103316
2.41581e-05
0.00102181
2.37302e-05
0.00100981
2.30658e-05
0.000997336
2.21921e-05
0.000984578
2.11434e-05
0.000971706
1.9957e-05
0.000958884
1.86715e-05
0.00094626
1.73255e-05
0.000933968
1.59538e-05
0.000922121
1.45883e-05
0.000910812
1.32556e-05
0.00090011
1.19782e-05
0.000890067
1.07716e-05
0.000880709
9.64701e-06
0.000872048
8.60799e-06
0.000864078
7.65587e-06
0.000856781
6.78529e-06
0.000850124
5.99067e-06
0.000844068
5.26052e-06
0.000838568
4.58525e-06
0.000833576
3.94924e-06
0.000829045
3.34136e-06
0.000824927
2.74416e-06
0.000821178
2.14778e-06
0.000817759
1.53542e-06
0.000814637
9.00909e-07
0.000811786
2.31109e-07
0.00080921
-5.0465e-07
0.000806893
-1.28621e-06
0.000804831
-2.11769e-06
0.000803026
-3.009e-06
0.000801488
-3.95348e-06
0.00080023
-4.95612e-06
0.000799269
-6.00352e-06
0.000798618
-7.09243e-06
0.000798294
-8.20535e-06
0.000798302
-9.33014e-06
0.000798655
-1.04521e-05
0.000799343
-1.15504e-05
0.000800375
-1.26217e-05
0.00080173
-1.36326e-05
0.000803416
-1.45977e-05
0.000805394
-1.54616e-05
0.000807673
-1.6263e-05
0.000810189
-1.69166e-05
0.000812949
-1.7502e-05
0.000815868
-1.79017e-05
0.000818962
-1.82566e-05
0.000822137
-1.84084e-05
0.000825428
-1.85691e-05
0.000828741
-1.85199e-05
0.000832135
-1.85476e-05
0.000835517
-1.83538e-05
0.000838967
-1.83073e-05
0.000842391
-1.80168e-05
0.000845881
-1.79419e-05
0.000849349
-1.75888e-05
0.000852885
-1.75155e-05
0.000856408
-1.71178e-05
0.000859998
-1.70611e-05
0.000863586
-1.66227e-05
0.000867232
-1.65874e-05
0.000870884
-1.61011e-05
0.000874576
-1.60899e-05
-1.55519e-05
0.000960229
-1.86057e-05
0.000973657
-1.80956e-05
0.000987454
-1.74303e-05
0.00100154
-1.65882e-05
0.0010158
-1.55483e-05
0.00103013
-1.4293e-05
0.00104433
-1.28084e-05
0.00105829
-1.10792e-05
0.00107184
-9.09775e-06
0.00108481
-6.86531e-06
0.00109705
-4.39327e-06
0.00110838
-1.70033e-06
0.00111852
1.30434e-06
0.00112732
4.46805e-06
0.00113463
7.74111e-06
0.00114033
1.1078e-05
0.00114432
1.44244e-05
0.00114652
1.77049e-05
0.00114689
2.08607e-05
0.0011454
2.38405e-05
0.00114205
2.65848e-05
0.00113689
2.90299e-05
0.00113
3.11219e-05
0.00112151
3.28184e-05
0.00111158
3.40899e-05
0.00110039
3.49224e-05
0.00108814
3.53169e-05
0.00107504
3.52897e-05
0.00106131
3.487e-05
0.00104717
3.40988e-05
0.00103282
3.30249e-05
0.00101844
3.17028e-05
0.00100421
3.01882e-05
0.000990259
2.85365e-05
0.000976717
2.6798e-05
0.000963676
2.50193e-05
0.00095121
2.32377e-05
0.000939371
2.14857e-05
0.000928194
1.97854e-05
0.000917694
1.81553e-05
0.000907875
1.66041e-05
0.000898727
1.51388e-05
0.000890231
1.37562e-05
0.000882363
1.24539e-05
0.000875093
1.12191e-05
0.000868391
1.00433e-05
0.000862228
8.90756e-06
0.000856575
7.8007e-06
0.00085141
6.70009e-06
0.000846716
5.59471e-06
0.000842485
4.46249e-06
0.000838686
3.29377e-06
0.00083533
2.0704e-06
0.000832426
7.86317e-07
0.000829952
-5.34726e-07
0.00082792
-1.92172e-06
0.00082634
-3.37614e-06
0.000825225
-4.8889e-06
0.000824575
-6.44234e-06
0.000824397
-8.02761e-06
0.000824677
-9.60955e-06
0.000825413
-1.11885e-05
0.000826573
-1.27104e-05
0.00082815
-1.41986e-05
0.000830094
-1.55765e-05
0.000832394
-1.68976e-05
0.000834978
-1.80455e-05
0.000837822
-1.9107e-05
0.000840825
-1.99203e-05
0.000843957
-2.06339e-05
0.000847109
-2.10538e-05
0.000850272
-2.14191e-05
0.000853362
-2.14983e-05
0.000856406
-2.1613e-05
0.00085935
-2.14638e-05
0.000862241
-2.14388e-05
0.000865043
-2.11563e-05
0.000867805
-2.10688e-05
0.000870506
-2.07179e-05
0.000873183
-2.06194e-05
0.000875842
-2.02473e-05
0.000878497
-2.01703e-05
0.000881184
-1.98054e-05
0.000883886
-1.97634e-05
0.000886676
-1.94125e-05
0.000889491
-1.94019e-05
0.00089244
-1.905e-05
0.000895412
-1.90618e-05
-1.87073e-05
0.000894121
-3.15304e-05
0.000908213
-3.21877e-05
0.000923373
-3.25902e-05
0.000939482
-3.26976e-05
0.000956406
-3.24715e-05
0.000973989
-3.18765e-05
0.00099206
-3.08796e-05
0.00101044
-2.94542e-05
0.00102892
-2.75807e-05
0.0010473
-2.5244e-05
0.00106534
-2.24396e-05
0.00108282
-1.91765e-05
0.00109959
-1.54709e-05
0.00111543
-1.13657e-05
0.00113009
-6.92352e-06
0.00114336
-2.19357e-06
0.00115486
2.92592e-06
0.00116443
8.14275e-06
0.0011719
1.3388e-05
0.00117716
1.85785e-05
0.00118014
2.36046e-05
0.0011808
2.83709e-05
0.00117913
3.27885e-05
0.00117518
3.67679e-05
0.00116904
4.02326e-05
0.00116084
4.31245e-05
0.00115075
4.54024e-05
0.001139
4.70447e-05
0.00112582
4.8049e-05
0.00111148
4.84333e-05
0.00109628
4.82328e-05
0.00108048
4.75005e-05
0.00106437
4.6301e-05
0.00104819
4.47094e-05
0.00103219
4.28032e-05
0.00101654
4.06627e-05
0.00100142
3.83617e-05
0.000986937
3.59696e-05
0.000973179
3.3543e-05
0.000960203
3.11313e-05
0.000948039
2.87683e-05
0.000936696
2.64818e-05
0.00092617
2.42827e-05
0.000916444
2.2179e-05
0.0009075
2.01635e-05
0.000899312
1.82311e-05
0.000891856
1.63635e-05
0.000885109
1.45484e-05
0.000879047
1.27616e-05
0.000873653
1.09887e-05
0.000868909
9.20646e-06
0.000864802
7.40089e-06
0.000861317
5.55497e-06
0.000858448
3.65592e-06
0.000856212
1.70048e-06
0.000854584
-2.93663e-07
0.000853537
-2.32828e-06
0.000853069
-4.42092e-06
0.000853148
-6.5222e-06
0.000853743
-8.62185e-06
0.000854787
-1.06536e-05
0.000856224
-1.26257e-05
0.000857967
-1.4454e-05
0.000859959
-1.61896e-05
0.000862124
-1.77423e-05
0.000864445
-1.92179e-05
0.000866878
-2.0479e-05
0.000869414
-2.1643e-05
0.000871982
-2.24879e-05
0.000874519
-2.3171e-05
0.000876905
-2.34402e-05
0.000879058
-2.35717e-05
0.000880889
-2.33289e-05
0.000882369
-2.30932e-05
0.00088349
-2.25853e-05
0.00088427
-2.22186e-05
0.000884761
-2.1647e-05
0.000884981
-2.12893e-05
0.000885035
-2.07711e-05
0.000884911
-2.04961e-05
0.000884772
-2.01079e-05
0.000884547
-1.99453e-05
0.000884467
-1.9725e-05
0.000884368
-1.96649e-05
0.000884571
-1.96157e-05
0.000884791
-1.96216e-05
0.000885446
-1.97054e-05
0.000886108
-1.97229e-05
-1.98638e-05
0.000730528
-4.57346e-05
0.000746335
-4.79948e-05
0.000763633
-4.98879e-05
0.000782312
-5.13761e-05
0.000802258
-5.24175e-05
0.000823349
-5.29678e-05
0.00084545
-5.29803e-05
0.000868402
-5.24068e-05
0.000892026
-5.12049e-05
0.000916123
-4.93406e-05
0.000940469
-4.67855e-05
0.000964818
-4.35261e-05
0.000988928
-3.95802e-05
0.00101252
-3.49602e-05
0.00103533
-2.97277e-05
0.00105706
-2.39299e-05
0.00107764
-1.76485e-05
0.00109679
-1.10072e-05
0.00111428
-4.10422e-06
0.00112972
3.13723e-06
0.00114296
1.03682e-05
0.00115385
1.74729e-05
0.0011623
2.43439e-05
0.00116822
3.08444e-05
0.00117159
3.68672e-05
0.0011724
4.23111e-05
0.00117072
4.70876e-05
0.00116663
5.11301e-05
0.00116029
5.43922e-05
0.00115187
5.68505e-05
0.0011416
5.85031e-05
0.00112973
5.93708e-05
0.00111654
5.94932e-05
0.00110232
5.89297e-05
0.00108737
5.77524e-05
0.00107198
5.60468e-05
0.00105644
5.39024e-05
0.001041
5.14132e-05
0.00102588
4.86671e-05
0.00101126
4.57491e-05
0.000997296
4.27303e-05
0.000984104
3.9674e-05
0.000971762
3.66249e-05
0.000960321
3.36192e-05
0.00094981
3.06746e-05
0.000940237
2.7804e-05
0.000931596
2.50048e-05
0.00092387
2.22743e-05
0.000917034
1.95982e-05
0.000911056
1.69661e-05
0.000905901
1.43615e-05
0.00090153
1.17718e-05
0.000897902
9.18278e-06
0.000894976
6.58211e-06
0.000892708
3.96858e-06
0.000891076
1.33853e-06
0.000890015
-1.26687e-06
0.000889472
-3.8781e-06
0.000889387
-6.43793e-06
0.000889717
-8.95097e-06
0.000890406
-1.13433e-05
0.000891395
-1.36143e-05
0.000892592
-1.56514e-05
0.000893887
-1.74839e-05
0.000895152
-1.90082e-05
0.000896277
-2.03425e-05
0.000897166
-2.13678e-05
0.000897723
-2.21997e-05
0.00089784
-2.26051e-05
0.000897392
-2.27237e-05
0.000896294
-2.23419e-05
0.000894496
-2.17735e-05
0.000892027
-2.08599e-05
0.000888926
-1.9992e-05
0.000885293
-1.89529e-05
0.000881172
-1.80975e-05
0.00087666
-1.71344e-05
0.000871753
-1.63823e-05
0.000866593
-1.56111e-05
0.000861159
-1.50622e-05
0.000855704
-1.46533e-05
0.000850157
-1.43985e-05
0.000844932
-1.45e-05
0.000839801
-1.45338e-05
0.000835394
-1.5208e-05
0.000831179
-1.54074e-05
0.000828109
-1.66351e-05
0.000825185
-1.67989e-05
-1.83685e-05
0.000567313
-6.09782e-05
0.000583677
-6.43587e-05
0.000601161
-6.7372e-05
0.000619777
-6.99925e-05
0.000639542
-7.21827e-05
0.000660465
-7.38907e-05
0.000682543
-7.50576e-05
0.000705746
-7.56106e-05
0.000730013
-7.54712e-05
0.000755243
-7.45711e-05
0.000781306
-7.28478e-05
0.000808024
-7.02447e-05
0.000835193
-6.6749e-05
0.000862574
-6.23411e-05
0.000889909
-5.70634e-05
0.000916925
-5.09458e-05
0.000943357
-4.40801e-05
0.000968912
-3.65623e-05
0.000993303
-2.84956e-05
0.00101647
-2.00287e-05
0.00103816
-1.13241e-05
0.00105815
-2.5203e-06
0.00107606
6.4404e-06
0.00109181
1.5092e-05
0.00110529
2.33875e-05
0.00111641
3.11937e-05
0.0011251
3.83942e-05
0.00113134
4.4887e-05
0.00113515
5.05856e-05
0.00113658
5.54259e-05
0.00113571
5.93657e-05
0.0011327
6.23872e-05
0.0011277
6.44944e-05
0.00112091
6.5715e-05
0.00111257
6.60955e-05
0.00110291
6.5701e-05
0.00109221
6.46088e-05
0.00108071
6.29072e-05
0.00106869
6.06869e-05
0.0010564
5.80429e-05
0.00104406
5.50647e-05
0.0010319
5.18387e-05
0.00102009
4.84392e-05
0.00100877
4.49328e-05
0.000998076
4.13705e-05
0.000988086
3.7794e-05
0.000978861
3.42301e-05
0.000970437
3.0698e-05
0.00096283
2.72049e-05
0.000956042
2.37539e-05
0.00095006
2.03437e-05
0.000944861
1.69711e-05
0.00094041
1.36334e-05
0.00093667
1.03226e-05
0.000933593
7.04513e-06
0.000931121
3.81035e-06
0.00092919
6.64955e-07
0.000927716
-2.40446e-06
0.000926545
-5.26683e-06
0.00092552
-7.92648e-06
0.000924474
-1.02967e-05
0.000923217
-1.23572e-05
0.000921559
-1.39941e-05
0.000919307
-1.52316e-05
0.000916356
-1.60573e-05
0.000912719
-1.67058e-05
0.000908554
-1.7202e-05
0.000903966
-1.76118e-05
0.000898962
-1.76014e-05
0.000893328
-1.70898e-05
0.000886752
-1.5766e-05
0.000878895
-1.39157e-05
0.000869594
-1.15595e-05
0.000858847
-9.24506e-06
0.00084685
-6.95627e-06
0.000833895
-5.1416e-06
0.000820363
-3.60269e-06
0.000806622
-2.6416e-06
0.000793045
-2.03408e-06
0.000779907
-1.92456e-06
0.000767526
-2.272e-06
0.000756002
-2.87416e-06
0.000745663
-4.16094e-06
0.000736358
-5.22861e-06
0.000728596
-7.44698e-06
0.000721807
-8.61823e-06
0.000716986
-1.18138e-05
0.000712825
-1.26379e-05
-1.68593e-05
0.000494785
-7.26543e-05
0.000506626
-7.61999e-05
0.000518792
-7.95379e-05
0.000531478
-8.26779e-05
0.000544896
-8.56013e-05
0.000559263
-8.82579e-05
0.000574773
-9.05671e-05
0.000591586
-9.24233e-05
0.000609817
-9.37025e-05
0.000629516
-9.42706e-05
0.000650673
-9.40041e-05
0.000673221
-9.27925e-05
0.000697015
-9.05431e-05
0.000721881
-8.72079e-05
0.000747591
-8.27734e-05
0.000773895
-7.72498e-05
0.000800534
-7.07187e-05
0.000827219
-6.3247e-05
0.000853704
-5.49812e-05
0.000879704
-4.60285e-05
0.000904965
-3.65847e-05
0.000929218
-2.67733e-05
0.000952467
-1.68091e-05
0.000974376
-6.81704e-06
0.000994681
3.08238e-06
0.00101324
1.26333e-05
0.00102994
2.1697e-05
0.00104467
3.01563e-05
0.00105735
3.79014e-05
0.00106794
4.48407e-05
0.0010764
5.09007e-05
0.00108276
5.60301e-05
0.00108706
6.01997e-05
0.00108937
6.34037e-05
0.0010898
6.56577e-05
0.00108851
6.6998e-05
0.00108564
6.74766e-05
0.00108139
6.71594e-05
0.00107595
6.61225e-05
0.00106954
6.44509e-05
0.00106238
6.22318e-05
0.00105466
5.95537e-05
0.0010466
5.65002e-05
0.00103838
5.31508e-05
0.00103018
4.95754e-05
0.00102214
4.58363e-05
0.00101438
4.19839e-05
0.00100702
3.80581e-05
0.00100014
3.40894e-05
0.000993784
3.01079e-05
0.000987975
2.61528e-05
0.000982672
2.22739e-05
0.000977777
1.85287e-05
0.000973136
1.49632e-05
0.000968568
1.16133e-05
0.000963888
8.48996e-06
0.000958952
5.60105e-06
0.000953629
2.91873e-06
0.000947933
4.28857e-07
0.000942077
-2.07003e-06
0.000936209
-4.42905e-06
0.000930545
-6.6928e-06
0.000925143
-8.59203e-06
0.000919755
-9.84429e-06
0.000913804
-1.01056e-05
0.00090638
-9.28185e-06
0.000896643
-7.46507e-06
0.000884036
-5.00458e-06
0.000868452
-2.01782e-06
0.000850307
1.05558e-06
0.000830282
4.25912e-06
0.000808913
7.45252e-06
0.000786798
1.05554e-05
0.000764574
1.29795e-05
0.000742821
1.47966e-05
0.000722023
1.56561e-05
0.000702568
1.58523e-05
0.00068476
1.51665e-05
0.000668769
1.39569e-05
0.000654706
1.21381e-05
0.000642562
9.87241e-06
0.000632296
7.39172e-06
0.000623844
4.29105e-06
0.000617023
1.59238e-06
0.0006118
-2.22348e-06
0.00060779
-4.60844e-06
0.000605437
-9.46127e-06
0.000603848
-1.10482e-05
-1.75159e-05
0.000542706
-7.74537e-05
0.000546046
-7.95401e-05
0.000548233
-8.17256e-05
0.000549672
-8.41167e-05
0.000550837
-8.67664e-05
0.000552244
-8.96651e-05
0.000554412
-9.27342e-05
0.00055782
-9.58313e-05
0.00056288
-9.87626e-05
0.000569912
-0.000101303
0.000579127
-0.000103219
0.000590627
-0.000104292
0.00060441
-0.000104326
0.000620373
-0.000103171
0.000638339
-0.000100739
0.000658085
-9.69958e-05
0.000679328
-9.1962e-05
0.00070179
-8.57095e-05
0.000725153
-7.83438e-05
0.000749123
-6.99984e-05
0.000773391
-6.08529e-05
0.000797694
-5.10765e-05
0.000821756
-4.08711e-05
0.000845342
-3.04025e-05
0.000868276
-1.98516e-05
0.000890336
-9.42649e-06
0.000911286
7.4655e-07
0.000930956
1.04863e-05
0.000949217
1.96401e-05
0.000965951
2.81066e-05
0.000981061
3.57915e-05
0.00099447
4.26208e-05
0.00100613
4.85363e-05
0.00101603
5.35025e-05
0.00102419
5.75059e-05
0.00103063
6.05534e-05
0.00103544
6.26708e-05
0.00103869
6.39017e-05
0.00104051
6.43032e-05
0.00104102
6.39435e-05
0.00104035
6.28987e-05
0.00103866
6.1251e-05
0.00103607
5.90856e-05
0.00103273
5.64895e-05
0.00102876
5.35488e-05
0.00102425
5.03461e-05
0.00101928
4.6957e-05
0.00101389
4.34466e-05
0.00100811
3.98719e-05
0.00100193
3.62847e-05
0.000995346
3.27356e-05
0.000988358
2.92618e-05
0.000981015
2.58715e-05
0.000973455
2.25237e-05
0.00096592
1.91482e-05
0.000958728
1.56818e-05
0.000952176
1.21524e-05
0.000946376
8.71955e-06
0.000941111
5.69382e-06
0.000935604
3.43659e-06
0.000928881
2.29396e-06
0.000919849
2.33938e-06
0.000907697
3.56002e-06
0.000891969
5.88359e-06
0.000872555
9.30852e-06
0.000849575
1.36976e-05
0.000823565
1.85453e-05
0.000795326
2.32343e-05
0.000765906
2.7402e-05
0.000736336
3.06261e-05
0.000707709
3.28857e-05
0.000681099
3.40632e-05
0.000657225
3.44291e-05
0.000636334
3.38708e-05
0.000618415
3.27156e-05
0.000603288
3.07824e-05
0.000590704
2.84373e-05
0.000580376
2.54935e-05
0.000572047
2.22861e-05
0.000565451
1.87339e-05
0.000560383
1.49407e-05
0.000556604
1.1171e-05
0.000553968
6.92659e-06
0.000552263
3.29795e-06
0.000551366
-1.32635e-06
0.000551015
-4.25785e-06
0.000551178
-9.62447e-06
0.000551686
-1.15559e-05
-1.85404e-05
0.000697696
-7.88215e-05
0.000695591
-7.74346e-05
0.000689995
-7.61302e-05
0.000681078
-7.51994e-05
0.000669255
-7.49432e-05
0.000655221
-7.56308e-05
0.000639915
-7.74289e-05
0.000624413
-8.03292e-05
0.000609781
-8.41306e-05
0.000596971
-8.84929e-05
0.00058676
-9.3008e-05
0.000579704
-9.72359e-05
0.000576121
-0.000100743
0.000576113
-0.000103163
0.000579612
-0.000104239
0.000586441
-0.000103824
0.000596337
-0.000101858
0.000608985
-9.8357e-05
0.000624036
-9.33948e-05
0.000641138
-8.71005e-05
0.000659917
-7.96316e-05
0.00068002
-7.11797e-05
0.000701086
-6.19378e-05
0.00072279
-5.2106e-05
0.000744836
-4.18972e-05
0.000766914
-3.15051e-05
0.00078877
-2.11095e-05
0.000810166
-1.09097e-05
0.000830866
-1.05973e-06
0.000850665
8.30813e-06
0.000869407
1.70486e-05
0.000886954
2.50737e-05
0.000903198
3.22925e-05
0.000918049
3.86519e-05
0.000931438
4.41169e-05
0.000943321
4.86702e-05
0.000953676
5.23156e-05
0.000962503
5.50754e-05
0.000969819
5.69868e-05
0.000975664
5.8099e-05
0.000980091
5.84715e-05
0.00098317
5.8172e-05
0.000984982
5.72736e-05
0.000985619
5.5852e-05
0.000985187
5.39816e-05
0.000983801
5.17318e-05
0.000981594
4.91636e-05
0.000978713
4.63276e-05
0.000975318
4.32673e-05
0.000971578
4.00247e-05
0.000967665
3.66484e-05
0.000963729
3.31977e-05
0.000959844
2.97563e-05
0.000955929
2.64393e-05
0.000951667
2.34101e-05
0.000946476
2.08721e-05
0.000939556
1.90727e-05
0.00092999
1.82858e-05
0.000916863
1.8821e-05
0.000899448
2.08512e-05
0.000877498
2.42439e-05
0.000851123
2.87144e-05
0.0008209
3.3783e-05
0.000787971
3.88127e-05
0.000753977
4.3302e-05
0.00072078
4.68955e-05
0.00068981
4.95143e-05
0.000661966
5.10786e-05
0.000637662
5.17064e-05
0.000616941
5.1347e-05
0.000599617
5.02092e-05
0.00058544
4.82408e-05
0.000574142
4.57265e-05
0.000565453
4.25605e-05
0.000559114
3.90538e-05
0.000554824
3.50728e-05
0.000552351
3.09104e-05
0.000551356
2.64887e-05
0.000551669
2.19726e-05
0.000552927
1.74757e-05
0.000555017
1.28515e-05
0.000557579
8.60853e-06
0.000560495
4.01109e-06
0.000563519
2.73897e-07
0.000566316
-4.12354e-06
0.000569069
-7.01098e-06
0.000571104
-1.16598e-05
0.000572983
-1.3435e-05
-1.88201e-05
0.000849145
-8.51792e-05
0.000852746
-8.10359e-05
0.000853041
-7.6425e-05
0.000849369
-7.15275e-05
0.000841018
-6.65917e-05
0.000827342
-6.19553e-05
0.000807974
-5.80607e-05
0.000783083
-5.54378e-05
0.00075363
-5.46773e-05
0.000721401
-5.62639e-05
0.000688685
-6.0292e-05
0.000657719
-6.627e-05
0.000630205
-7.32292e-05
0.00060715
-8.0108e-05
0.000589016
-8.61054e-05
0.000575918
-9.0726e-05
0.000567724
-9.36646e-05
0.000564146
-9.4779e-05
0.000564819
-9.40672e-05
0.000569343
-9.16248e-05
0.000577299
-8.7588e-05
0.000588252
-8.21321e-05
0.000601762
-7.5448e-05
0.000617414
-6.77577e-05
0.00063478
-5.9264e-05
0.000653472
-5.0197e-05
0.000673104
-4.07409e-05
0.000693331
-3.1137e-05
0.000713808
-2.15371e-05
0.000734285
-1.21685e-05
0.000754471
-3.13784e-06
0.000774037
5.50776e-06
0.000792844
1.34863e-05
0.00081073
2.07655e-05
0.000827568
2.72789e-05
0.000843258
3.298e-05
0.000857724
3.78502e-05
0.000870908
4.18913e-05
0.000882777
4.51173e-05
0.000893321
4.7555e-05
0.00090255
4.92425e-05
0.000910494
5.02279e-05
0.0009172
5.05676e-05
0.000922728
5.03245e-05
0.000927141
4.95681e-05
0.000930498
4.8375e-05
0.00093283
4.68317e-05
0.000934121
4.50369e-05
0.000934282
4.31055e-05
0.00093314
4.11676e-05
0.000930417
3.93708e-05
0.000925739
3.78763e-05
0.000918631
3.68638e-05
0.00090855
3.65208e-05
0.000894931
3.70292e-05
0.000877294
3.85089e-05
0.000855397
4.09694e-05
0.000829436
4.4247e-05
0.000800209
4.80476e-05
0.000769066
5.19944e-05
0.000737544
5.57656e-05
0.000707167
5.90911e-05
0.000679139
6.18117e-05
0.000654208
6.37432e-05
0.000632676
6.48338e-05
0.000614586
6.49858e-05
0.000599818
6.42824e-05
0.000588219
6.26778e-05
0.000579586
6.03392e-05
0.000573706
5.72275e-05
0.000570356
5.35593e-05
0.000569286
4.931e-05
0.000570311
4.47019e-05
0.00057313
3.97413e-05
0.000577585
3.45991e-05
0.000583313
2.93446e-05
0.000590184
2.40393e-05
0.000597799
1.88736e-05
0.000606035
1.37371e-05
0.000614546
8.96485e-06
0.000623117
4.28022e-06
0.000631594
1.31241e-07
0.000639622
-4.01672e-06
0.000647381
-7.4852e-06
0.000654075
-1.08172e-05
0.00066047
-1.34063e-05
0.000664927
-1.61167e-05
0.000669106
-1.76136e-05
-1.99897e-05
0.000907555
-9.3535e-05
0.000911512
-8.9136e-05
0.000914806
-8.43297e-05
0.000917574
-7.91933e-05
0.000919819
-7.37731e-05
0.000921295
-6.80668e-05
0.00092136
-6.20212e-05
0.000918891
-5.55918e-05
0.000912319
-4.88652e-05
0.000899826
-4.21844e-05
0.000879746
-3.61836e-05
0.000851161
-3.17074e-05
0.000814589
-2.96981e-05
0.000772359
-3.09987e-05
0.000727979
-3.57286e-05
0.000685137
-4.32628e-05
0.000646696
-5.22852e-05
0.000614152
-6.11206e-05
0.00058789
-6.85173e-05
0.000567738
-7.3915e-05
0.000553329
-7.72157e-05
0.000544222
-7.84812e-05
0.000539929
-7.78394e-05
0.000539965
-7.54834e-05
0.000543846
-7.16387e-05
0.000551109
-6.65276e-05
0.000561275
-6.03624e-05
0.000573883
-5.33493e-05
0.00058845
-4.57036e-05
0.000604551
-3.76383e-05
0.000621743
-2.93602e-05
0.000639669
-2.10645e-05
0.000658104
-1.29273e-05
0.000676716
-5.12502e-06
0.000695135
2.34593e-06
0.000713129
9.28568e-06
0.000730493
1.56154e-05
0.000747049
2.12943e-05
0.000762633
2.6307e-05
0.000777101
3.06494e-05
0.000790323
3.43334e-05
0.000802179
3.73867e-05
0.000812554
3.98524e-05
0.000821333
4.1789e-05
0.000828389
4.32688e-05
0.000833579
4.43775e-05
0.000836741
4.52132e-05
0.000837687
4.58854e-05
0.000836213
4.65112e-05
0.000832106
4.72128e-05
0.000825167
4.81063e-05
0.000815245
4.9293e-05
0.000802283
5.08379e-05
0.000786381
5.27658e-05
0.000767856
5.50456e-05
0.00074727
5.76152e-05
0.000725414
6.03655e-05
0.00070321
6.31733e-05
0.000681594
6.58631e-05
0.000661359
6.82821e-05
0.000643108
7.02457e-05
0.000627224
7.165e-05
0.000613957
7.23575e-05
0.000603428
7.23408e-05
0.000595666
7.15052e-05
0.00059061
6.98897e-05
0.000588143
6.7453e-05
0.000588132
6.42933e-05
0.000590379
6.04307e-05
0.000594737
5.59814e-05
0.000600932
5.10332e-05
0.000608824
4.56672e-05
0.000618086
4.00472e-05
0.000628596
3.41927e-05
0.000640017
2.83204e-05
0.000652202
2.2414e-05
0.000664892
1.66538e-05
0.000677824
1.11074e-05
0.000690949
5.74868e-06
0.000703752
9.34612e-07
0.00071664
-3.92309e-06
0.000728783
-7.86286e-06
0.000740796
-1.18818e-05
0.000751519
-1.47399e-05
0.000761957
-1.79238e-05
0.000770788
-1.9648e-05
0.000779325
-2.19431e-05
0.00078586
-2.26514e-05
0.000792162
-2.39162e-05
-2.38277e-05
0.0009726
-9.08986e-05
0.000968623
-8.51589e-05
0.000963503
-7.92102e-05
0.00095749
-7.31801e-05
0.000950919
-6.72026e-05
0.00094426
-6.14072e-05
0.000938117
-5.58778e-05
0.000933125
-5.06001e-05
0.000929679
-4.54195e-05
0.000927546
-4.00513e-05
0.000925557
-3.41945e-05
0.000921612
-2.77626e-05
0.000913053
-2.11395e-05
0.000897282
-1.52277e-05
0.000872601
-1.10474e-05
0.000838656
-9.31741e-06
0.000796733
-1.03618e-05
0.000749942
-1.43298e-05
0.000702651
-2.12261e-05
0.000658633
-2.98976e-05
0.00062029
-3.88724e-05
0.000588544
-4.67357e-05
0.000563314
-5.26095e-05
0.000544091
-5.62598e-05
0.000530307
-5.78544e-05
0.000521421
-5.76421e-05
0.000516902
-5.58432e-05
0.000516212
-5.26591e-05
0.000518825
-4.83169e-05
0.000524251
-4.30642e-05
0.000532037
-3.71459e-05
0.000541753
-3.07805e-05
0.00055298
-2.41544e-05
0.000565281
-1.7426e-05
0.000578348
-1.07211e-05
0.000591769
-4.13507e-06
0.000605363
2.02132e-06
0.000618814
7.84283e-06
0.000631769
1.33517e-05
0.000643936
1.84825e-05
0.000655059
2.32109e-05
0.000664909
2.75361e-05
0.000673285
3.14765e-05
0.000680008
3.50661e-05
0.000684927
3.83503e-05
0.00068792
4.13846e-05
0.000688905
4.42273e-05
0.000687852
4.69389e-05
0.000684792
4.95715e-05
0.000679834
5.2171e-05
0.000673178
5.47623e-05
0.000665113
5.7358e-05
0.000656012
5.99387e-05
0.000646301
6.24765e-05
0.000636442
6.49049e-05
0.000626895
6.71622e-05
0.00061811
6.91506e-05
0.000610489
7.07942e-05
0.000604369
7.1983e-05
0.000600003
7.26481e-05
0.000597555
7.26931e-05
0.000597128
7.20772e-05
0.000598739
7.07468e-05
0.000602387
6.86931e-05
0.00060797
6.59222e-05
0.000615408
6.24518e-05
0.000624505
5.83552e-05
0.000635143
5.36553e-05
0.000647075
4.84994e-05
0.000660148
4.29078e-05
0.000674127
3.70543e-05
0.000688812
3.09829e-05
0.000704032
2.4827e-05
0.000719499
1.87256e-05
0.000735169
1.26497e-05
0.000750647
6.93616e-06
0.000766036
1.26463e-06
0.000780897
-3.75298e-06
0.000795475
-8.82918e-06
0.000809151
-1.2742e-05
0.000822251
-1.70225e-05
0.000834118
-1.97306e-05
0.000845354
-2.31171e-05
0.000855189
-2.45747e-05
0.00086433
-2.70654e-05
0.000871986
-2.73035e-05
0.000878994
-2.8951e-05
0.000884447
-2.81052e-05
0.000889494
-2.89627e-05
-2.73251e-05
0.00102089
-8.40747e-05
0.00101352
-7.77933e-05
0.00100572
-7.14048e-05
0.000997498
-6.49615e-05
0.000988803
-5.85083e-05
0.000979495
-5.20992e-05
0.000969437
-4.58194e-05
0.00095864
-3.98033e-05
0.000947439
-3.42186e-05
0.000936592
-2.92043e-05
0.000927175
-2.47769e-05
0.000920183
-2.07712e-05
0.000915902
-1.68583e-05
0.000913317
-1.26423e-05
0.000910137
-7.86737e-06
0.00090355
-2.73041e-06
0.000891396
1.79182e-06
0.000872244
4.82247e-06
0.000845481
5.53688e-06
0.000811768
3.81557e-06
0.000772848
4.7458e-08
0.000730604
-4.4922e-06
0.000688163
-1.01681e-05
0.000648533
-1.66302e-05
0.000613709
-2.30301e-05
0.000584481
-2.84144e-05
0.000560887
-3.22486e-05
0.000542484
-3.4256e-05
0.000528679
-3.45121e-05
0.00051889
-3.32753e-05
0.000512604
-3.08605e-05
0.000509372
-2.75483e-05
0.000508768
-2.35505e-05
0.000510378
-1.90359e-05
0.000513801
-1.41439e-05
0.00051866
-8.99456e-06
0.000524369
-3.68687e-06
0.000530715
1.49662e-06
0.000537507
6.55967e-06
0.000544431
1.15587e-05
0.000551226
1.64159e-05
0.000557668
2.10937e-05
0.000563574
2.557e-05
0.000568803
2.98371e-05
0.00057326
3.38941e-05
0.000576896
3.77486e-05
0.000579716
4.14068e-05
0.000581776
4.48793e-05
0.000583181
4.81663e-05
0.000584083
5.12692e-05
0.000584674
5.41711e-05
0.000585176
5.68558e-05
0.000585831
5.92842e-05
0.000586887
6.14205e-05
0.000588584
6.32077e-05
0.000591149
6.4597e-05
0.000594773
6.55262e-05
0.000599625
6.59429e-05
0.000605811
6.57969e-05
0.000613417
6.50417e-05
0.000622454
6.36564e-05
0.000632923
6.16078e-05
0.000644747
5.8923e-05
0.000657847
5.55932e-05
0.000672084
5.16851e-05
0.00068732
4.72158e-05
0.000703383
4.22926e-05
0.000720083
3.69553e-05
0.000737271
3.13107e-05
0.000754702
2.5477e-05
0.000772283
1.94736e-05
0.000789704
1.35617e-05
0.000806945
7.58596e-06
0.000823669
2.0017e-06
0.00084
-3.68182e-06
0.00085553
-8.59308e-06
0.000870367
-1.35723e-05
0.000884103
-1.7489e-05
0.000896887
-2.16136e-05
0.000908491
-2.43463e-05
0.000919007
-2.75383e-05
0.000928272
-2.89952e-05
0.000936427
-3.12725e-05
0.000943288
-3.14356e-05
0.000949128
-3.29057e-05
0.000953667
-3.18421e-05
0.000957386
-3.26706e-05
0.000959809
-3.05275e-05
0.000961733
-3.08873e-05
-2.79062e-05
0.00100958
-7.07225e-05
0.00099674
-6.49536e-05
0.000984713
-5.93778e-05
0.000973782
-5.40304e-05
0.000964185
-4.89116e-05
0.000956057
-4.39707e-05
0.000949347
-3.91097e-05
0.000943762
-3.42187e-05
0.000938771
-2.92269e-05
0.000933718
-2.41519e-05
0.000928044
-1.91024e-05
0.000921511
-1.42381e-05
0.00091437
-9.71717e-06
0.000907379
-5.6519e-06
0.000901608
-2.09607e-06
0.00089782
1.0575e-06
0.000895788
3.82352e-06
0.000894355
6.25529e-06
0.000891271
8.62175e-06
0.000884058
1.10278e-05
0.00087105
1.30553e-05
0.000852518
1.40401e-05
0.000828993
1.33567e-05
0.000801471
1.08923e-05
0.000771192
7.24865e-06
0.000739543
3.2348e-06
0.000707774
-4.79933e-07
0.000676886
-3.36785e-06
0.000648093
-5.71883e-06
0.000622311
-7.49332e-06
0.000600137
-8.68618e-06
0.000581797
-9.20855e-06
0.000567131
-8.88443e-06
0.00055583
-7.73497e-06
0.00054752
-5.83405e-06
0.000541811
-3.28605e-06
0.000538319
-1.94182e-07
0.000536765
3.05034e-06
0.000536659
6.66542e-06
0.000537754
1.04637e-05
0.000539818
1.43524e-05
0.000542651
1.82604e-05
0.00054609
2.21313e-05
0.000550005
2.59218e-05
0.000554304
2.95952e-05
0.00055893
3.31225e-05
0.000563861
3.64754e-05
0.000569111
3.96297e-05
0.00057472
4.2557e-05
0.000580759
4.5231e-05
0.000587311
4.76186e-05
0.000594481
4.96861e-05
0.000602367
5.1398e-05
0.000611076
5.27116e-05
0.00062069
5.35932e-05
0.000631291
5.39962e-05
0.000642919
5.38986e-05
0.000655608
5.3254e-05
0.000669345
5.20596e-05
0.000684105
5.02816e-05
0.000699818
4.79433e-05
0.000716389
4.50364e-05
0.000733709
4.16036e-05
0.000751627
3.76751e-05
0.00077001
3.33017e-05
0.000788659
2.85669e-05
0.000807446
2.35061e-05
0.000826127
1.82739e-05
0.000844603
1.2835e-05
0.000862622
7.45829e-06
0.000880064
2.03082e-06
0.000896828
-3.2018e-06
0.000912779
-8.36539e-06
0.000927726
-1.2945e-05
0.000941521
-1.74767e-05
0.000954086
-2.11581e-05
0.000965363
-2.485e-05
0.000975308
-2.74331e-05
0.000983883
-3.01889e-05
0.000991102
-3.15657e-05
0.000996955
-3.33913e-05
0.00100151
-3.35499e-05
0.0010048
-3.4558e-05
0.00100691
-3.35552e-05
0.00100795
-3.39397e-05
0.00100798
-3.18776e-05
0.0010072
-3.18872e-05
0.00100557
-2.88969e-05
0.00100349
-2.88023e-05
-2.50752e-05
0.000980372
-5.37883e-05
0.000964349
-4.89302e-05
0.000949371
-4.44005e-05
0.000935552
-4.02113e-05
0.000923003
-3.63627e-05
0.000911861
-3.28284e-05
0.000902293
-2.95422e-05
0.000894477
-2.64022e-05
0.000888543
-2.32929e-05
0.000884507
-2.01157e-05
0.000882213
-1.68089e-05
0.000881328
-1.3353e-05
0.000881379
-9.76796e-06
0.000881837
-6.11016e-06
0.000882205
-2.46367e-06
0.000882264
9.97753e-07
0.000881801
4.28705e-06
0.000880738
7.31762e-06
0.000879323
1.00376e-05
0.000877969
1.23819e-05
0.000876825
1.41986e-05
0.000875554
1.53111e-05
0.00087322
1.56913e-05
0.000868547
1.55646e-05
0.000860569
1.52273e-05
0.000848917
1.48869e-05
0.000833869
1.45675e-05
0.000816313
1.41883e-05
0.000797025
1.35691e-05
0.000776843
1.26886e-05
0.000756457
1.16997e-05
0.000736455
1.07936e-05
0.000717424
1.01461e-05
0.000699818
9.87171e-06
0.000683962
1.0022e-05
0.000670077
1.05987e-05
0.000658311
1.15714e-05
0.000648492
1.28697e-05
0.000640695
1.44621e-05
0.000634858
1.63012e-05
0.000630873
1.83377e-05
0.000628612
2.05208e-05
0.000627944
2.27999e-05
0.000628742
2.51234e-05
0.000630896
2.74416e-05
0.000634313
2.97049e-05
0.000638921
3.18676e-05
0.000644667
3.38833e-05
0.000651513
3.57112e-05
0.000659438
3.73062e-05
0.000668424
3.86327e-05
0.000678464
3.96459e-05
0.000689545
4.03173e-05
0.000701653
4.06035e-05
0.000714761
4.0485e-05
0.000728834
3.99236e-05
0.000743819
3.89136e-05
0.000759642
3.74308e-05
0.000776218
3.54836e-05
0.000793428
3.30718e-05
0.000811155
3.02162e-05
0.000829239
2.6952e-05
0.00084754
2.33033e-05
0.000865864
1.9351e-05
0.000884054
1.51116e-05
0.000901907
1.07134e-05
0.000919257
6.15649e-06
0.000935903
1.62812e-06
0.000951811
-3.07339e-06
0.00096677
-7.50013e-06
0.000980661
-1.18611e-05
0.000993247
-1.57873e-05
0.00100446
-1.95806e-05
0.00101425
-2.27337e-05
0.00102253
-2.57532e-05
0.00102932
-2.79488e-05
0.00103455
-3.00796e-05
0.00103833
-3.12174e-05
0.0010406
-3.24544e-05
0.00104156
-3.25311e-05
0.00104115
-3.29736e-05
0.00103966
-3.20606e-05
0.00103699
-3.18917e-05
0.00103354
-3.01027e-05
0.00102916
-2.95655e-05
0.00102431
-2.70212e-05
0.00101881
-2.63911e-05
0.0010131
-2.31862e-05
0.00100704
-2.27438e-05
-1.89104e-05
0.000939426
-3.73422e-05
0.000924281
-3.37852e-05
0.000910452
-3.05708e-05
0.000897912
-2.76718e-05
0.000886609
-2.50591e-05
0.000876481
-2.27004e-05
0.000867491
-2.05527e-05
0.000859648
-1.85589e-05
0.000853006
-1.66515e-05
0.000847648
-1.47576e-05
0.000843651
-1.28117e-05
0.00084106
-1.07624e-05
0.000839875
-8.58288e-06
0.000840039
-6.27355e-06
0.000841431
-3.85587e-06
0.000843793
-1.36417e-06
0.000846922
1.15792e-06
0.000850559
3.68025e-06
0.000854436
6.16119e-06
0.000858288
8.52994e-06
0.000861809
1.06772e-05
0.000864639
1.24807e-05
0.000866473
1.38579e-05
0.0008672
1.48374e-05
0.000866893
1.55344e-05
0.000865709
1.60708e-05
0.000863757
1.65194e-05
0.000861057
1.68884e-05
0.000857467
1.7159e-05
0.000852804
1.7352e-05
0.000846985
1.75181e-05
0.000840089
1.76902e-05
0.000832326
1.79086e-05
0.000823992
1.8206e-05
0.000815418
1.85957e-05
0.000806945
1.90719e-05
0.000798877
1.96393e-05
0.000791445
2.03017e-05
0.000784844
2.10636e-05
0.000779225
2.19199e-05
0.000774705
2.28573e-05
0.000771372
2.38542e-05
0.000769286
2.48857e-05
0.000768489
2.59204e-05
0.000769003
2.69276e-05
0.000770837
2.78713e-05
0.000773985
2.87194e-05
0.000778434
2.94343e-05
0.00078416
2.99855e-05
0.000791129
3.03362e-05
0.000799302
3.04606e-05
0.000808622
3.03254e-05
0.000819027
2.99119e-05
0.000830437
2.9194e-05
0.000842761
2.81605e-05
0.000855891
2.67937e-05
0.000869714
2.50908e-05
0.000884092
2.30532e-05
0.000898887
2.06886e-05
0.000913935
1.80235e-05
0.000929079
1.50725e-05
0.000944134
1.1897e-05
0.000958923
8.51429e-06
0.000973252
5.02165e-06
0.000986934
1.42981e-06
0.000999932
-2.28456e-06
0.00101206
-5.97194e-06
0.00102317
-9.4812e-06
0.001033
-1.28994e-05
0.00104148
-1.5989e-05
0.00104853
-1.89049e-05
0.0010541
-2.13547e-05
0.00105811
-2.35961e-05
0.00106062
-2.52448e-05
0.00106158
-2.67089e-05
0.00106111
-2.74804e-05
0.00105919
-2.81632e-05
0.00105605
-2.80705e-05
0.00105165
-2.80601e-05
0.00104631
-2.71896e-05
0.00103998
-2.66471e-05
0.00103305
-2.51283e-05
0.00102542
-2.42588e-05
0.00101754
-2.22262e-05
0.00100923
-2.1251e-05
0.00100101
-1.88056e-05
0.000992564
-1.79424e-05
0.000984497
-1.51195e-05
0.000976328
-1.45748e-05
-1.13197e-05
0.000907177
-2.21296e-05
0.000893005
-1.96131e-05
0.000879909
-1.74752e-05
0.000867919
-1.56814e-05
0.000857047
-1.41875e-05
0.00084729
-1.29431e-05
0.000838632
-1.18946e-05
0.000831058
-1.09853e-05
0.000824562
-1.01558e-05
0.000819151
-9.34591e-06
0.000814837
-8.49837e-06
0.000811637
-7.56243e-06
0.000809554
-6.49934e-06
0.000808569
-5.28822e-06
0.000808639
-3.92593e-06
0.000809698
-2.42316e-06
0.000811654
-7.98487e-07
0.000814476
8.58013e-07
0.000818063
2.57422e-06
0.000822316
4.27695e-06
0.000827096
5.89749e-06
0.000832189
7.38806e-06
0.000837317
8.72995e-06
0.000842218
9.93643e-06
0.000846714
1.10377e-05
0.000850726
1.20589e-05
0.000854237
1.30088e-05
0.000857243
1.38822e-05
0.000859729
1.46727e-05
0.000861697
1.53839e-05
0.000863189
1.60269e-05
0.000864263
1.66162e-05
0.000864991
1.71797e-05
0.000865455
1.77423e-05
0.000865731
1.83197e-05
0.000865885
1.89177e-05
0.000865987
1.95381e-05
0.000866112
2.01765e-05
0.000866351
2.08245e-05
0.000866803
2.14678e-05
0.000867568
2.20918e-05
0.000868745
2.26779e-05
0.000870422
2.32086e-05
0.000872679
2.36633e-05
0.000875583
2.40237e-05
0.000879186
2.42683e-05
0.000883526
2.43795e-05
0.000888624
2.43361e-05
0.000894487
2.41225e-05
0.000901104
2.37193e-05
0.000908451
2.3114e-05
0.000916484
2.22918e-05
0.000925151
2.12452e-05
0.000934379
1.99663e-05
0.000944085
1.8454e-05
0.000954167
1.67116e-05
0.000964512
1.47459e-05
0.00097499
1.25755e-05
0.000985462
1.02162e-05
0.000995779
7.70672e-06
0.00100578
5.06781e-06
0.00101532
2.35909e-06
0.00102429
-4.53125e-07
0.00103257
-3.25568e-06
0.00104001
-6.01717e-06
0.00104638
-8.64969e-06
0.00105158
-1.1169e-05
0.00105554
-1.34493e-05
0.0010582
-1.55598e-05
0.00105955
-1.73363e-05
0.00105955
-1.89009e-05
0.00105824
-2.00502e-05
0.00105564
-2.09919e-05
0.00105186
-2.14639e-05
0.00104693
-2.17835e-05
0.00104105
-2.15996e-05
0.00103426
-2.13686e-05
0.00102679
-2.06072e-05
0.00101868
-1.99492e-05
0.00101021
-1.87196e-05
0.00100135
-1.7785e-05
0.000992422
-1.61998e-05
0.000983309
-1.51455e-05
0.00097438
-1.32968e-05
0.000965404
-1.22758e-05
0.000956818
-1.02193e-05
0.000948257
-9.381e-06
0.000940257
-7.12031e-06
0.000932294
-6.61183e-06
-4.079e-06
0.000896274
-8.59502e-06
0.000883435
-6.77468e-06
0.000871311
-5.35085e-06
0.000859921
-4.29183e-06
0.000849291
-3.5566e-06
0.000839444
-3.09665e-06
0.000830408
-2.85831e-06
0.000822207
-2.78441e-06
0.000814867
-2.81626e-06
0.000808417
-2.8954e-06
0.000802885
-2.96613e-06
0.000798301
-2.97933e-06
0.000794698
-2.89624e-06
0.000792098
-2.68819e-06
0.000790511
-2.33827e-06
0.000789925
-1.83781e-06
0.000790318
-1.191e-06
0.000791593
-4.174e-07
0.000793679
4.88526e-07
0.000796491
1.4644e-06
0.000799909
2.48004e-06
0.000803794
3.50289e-06
0.000808018
4.50624e-06
0.000812478
5.47641e-06
0.000817106
6.40938e-06
0.000821857
7.30812e-06
0.000826689
8.1769e-06
0.000831557
9.01392e-06
0.000836413
9.8165e-06
0.000841212
1.05855e-05
0.000845914
1.13252e-05
0.000850488
1.20418e-05
0.000854925
1.2743e-05
0.000859233
1.34336e-05
0.000863438
1.41152e-05
0.000867571
1.47849e-05
0.00087167
1.54382e-05
0.000875781
1.60664e-05
0.000879945
1.66599e-05
0.000884207
1.72064e-05
0.000888605
1.76934e-05
0.000893177
1.81058e-05
0.000897956
1.84296e-05
0.000902971
1.86486e-05
0.000908245
1.87492e-05
0.000913797
1.87169e-05
0.000919636
1.85405e-05
0.000925764
1.8208e-05
0.000932175
1.77115e-05
0.000938851
1.70431e-05
0.000945765
1.61996e-05
0.000952878
1.5179e-05
0.000960139
1.39841e-05
0.000967486
1.262e-05
0.000974845
1.10949e-05
0.000982133
9.42358e-06
0.000989257
7.62214e-06
0.000996115
5.71668e-06
0.0010026
3.72744e-06
0.00100862
1.69197e-06
0.00101408
-3.93054e-07
0.00101888
-2.44563e-06
0.00102289
-4.45945e-06
0.00102601
-6.37894e-06
0.0010282
-8.20112e-06
0.00102941
-9.86032e-06
0.00102961
-1.13691e-05
0.0010288
-1.26437e-05
0.00102697
-1.3731e-05
0.00102417
-1.4534e-05
0.00102041
-1.51436e-05
0.0010158
-1.54381e-05
0.00101038
-1.55659e-05
0.00100428
-1.53645e-05
0.000997549
-1.50547e-05
0.000990359
-1.44102e-05
0.000982736
-1.37454e-05
0.000974868
-1.2739e-05
0.000966744
-1.18259e-05
0.000958571
-1.05466e-05
0.000950284
-9.49746e-06
0.000942112
-8.02772e-06
0.000933924
-6.95835e-06
0.000925992
-5.36476e-06
0.000918103
-4.38666e-06
0.000910592
-2.70771e-06
0.000903143
-1.93197e-06
0.000896184
-1.61586e-07
0.000889263
3.09604e-07
2.23664e-06
0.00087353
3.63224e-06
0.0008621
4.65515e-06
0.000851477
5.27163e-06
0.000841655
5.53045e-06
0.000832615
5.48394e-06
0.000824333
5.1846e-06
0.000816789
4.68631e-06
0.00080996
4.04405e-06
0.000803832
3.31189e-06
0.000798396
2.54105e-06
0.000793648
1.78195e-06
0.000789581
1.08745e-06
0.000786192
4.92065e-07
0.000783479
2.56709e-08
0.00078147
-3.29844e-07
0.00078016
-5.27753e-07
0.000779546
-5.77375e-07
0.000779615
-4.86105e-07
0.000780368
-2.63789e-07
0.000781768
6.42138e-08
0.000783784
4.63605e-07
0.000786349
9.38503e-07
0.000789386
1.46843e-06
0.000792823
2.03942e-06
0.000796591
2.64189e-06
0.000800629
3.26967e-06
0.000804889
3.91743e-06
0.000809329
4.57319e-06
0.000813913
5.23287e-06
0.000818603
5.89523e-06
0.000823371
6.55755e-06
0.000828194
7.21903e-06
0.000833056
7.88115e-06
0.000837946
8.54276e-06
0.000842862
9.1993e-06
0.000847804
9.8428e-06
0.000852779
1.04635e-05
0.000857795
1.10505e-05
0.000862862
1.15925e-05
0.000867992
1.20771e-05
0.000873193
1.2492e-05
0.000878475
1.28242e-05
0.000883843
1.30617e-05
0.000889299
1.31926e-05
0.00089484
1.32076e-05
0.000900459
1.30976e-05
0.000906144
1.2856e-05
0.000911875
1.24769e-05
0.000917629
1.19579e-05
0.000923374
1.12979e-05
0.000929074
1.04996e-05
0.000934685
9.56793e-06
0.000940158
8.51133e-06
0.000945437
7.34014e-06
0.000950465
6.06766e-06
0.000955177
4.7107e-06
0.000959511
3.28838e-06
0.000963403
1.82493e-06
0.00096679
3.4014e-07
0.000969578
-1.09545e-06
0.000971701
-2.51632e-06
0.000973127
-3.8716e-06
0.000973813
-5.14558e-06
0.000973736
-6.30201e-06
0.000972866
-7.3308e-06
0.000971202
-8.19621e-06
0.00096874
-8.90759e-06
0.000965523
-9.42634e-06
0.000961576
-9.78404e-06
0.000956977
-9.93563e-06
0.000951775
-9.94109e-06
0.000946076
-9.73954e-06
0.000939935
-9.42445e-06
0.000933476
-8.90592e-06
0.000926743
-8.32106e-06
0.000919867
-7.5349e-06
0.000912866
-6.74435e-06
0.000905877
-5.74965e-06
0.000898881
-4.82951e-06
0.00089202
-3.68616e-06
0.000885235
-2.71235e-06
0.000878681
-1.47412e-06
0.000872249
-5.25761e-07
0.000866073
8.10833e-07
0.000860001
1.6853e-06
0.000854245
3.04809e-06
0.000848578
3.73531e-06
0.000843278
5.13878e-06
0.000838047
5.54065e-06
7.01568e-06
0.000798896
1.2542e-05
0.000790922
1.26285e-05
0.000783835
1.23586e-05
0.000777582
1.17841e-05
0.000772106
1.09599e-05
0.000767348
9.94233e-06
0.000763248
8.78673e-06
0.000759746
7.54589e-06
0.000756788
6.26965e-06
0.000754324
5.00509e-06
0.000752311
3.79535e-06
0.000750723
2.67556e-06
0.000749543
1.6715e-06
0.000748767
8.016e-07
0.000748374
6.36349e-08
0.000748349
-5.03369e-07
0.000748699
-9.26651e-07
0.000749421
-1.20846e-06
0.000750517
-1.35971e-06
0.000751975
-1.39365e-06
0.000753765
-1.32674e-06
0.000755876
-1.17277e-06
0.000758291
-9.45832e-07
0.000760989
-6.59355e-07
0.000763955
-3.24101e-07
0.000767172
5.3163e-08
0.000770583
5.06294e-07
0.000774177
9.79367e-07
0.000777927
1.48314e-06
0.000781807
2.01485e-06
0.000785793
2.57121e-06
0.00078986
3.15205e-06
0.000793986
3.75538e-06
0.000798154
4.37487e-06
0.000802352
5.00149e-06
0.00080657
5.62464e-06
0.000810801
6.23261e-06
0.000815039
6.81246e-06
0.00081928
7.35159e-06
0.000823519
7.83789e-06
0.000827751
8.2601e-06
0.000831968
8.60697e-06
0.000836162
8.86774e-06
0.000840322
9.03238e-06
0.000844436
9.09422e-06
0.000848482
9.05091e-06
0.000852436
8.90272e-06
0.000856265
8.64757e-06
0.000859937
8.28614e-06
0.000863413
7.82145e-06
0.000866654
7.25933e-06
0.000869614
6.60786e-06
0.000872247
5.87754e-06
0.000874508
5.07998e-06
0.000876347
4.22832e-06
0.00087772
3.33812e-06
0.000878581
2.42649e-06
0.000878894
1.51204e-06
0.000878621
6.13838e-07
0.000877799
-2.74302e-07
0.00087641
-1.12689e-06
0.000874432
-1.89312e-06
0.000871861
-2.57487e-06
0.000868731
-3.17231e-06
0.000865083
-3.6824e-06
0.000860978
-4.09141e-06
0.000856473
-4.4023e-06
0.000851647
-4.60059e-06
0.000846563
-4.69967e-06
0.000841307
-4.6805e-06
0.000835935
-4.56916e-06
0.000830533
-4.33717e-06
0.000825137
-4.02864e-06
0.000819829
-3.59807e-06
0.000814623
-3.11499e-06
0.000809594
-2.50579e-06
0.000804728
-1.87811e-06
0.000800096
-1.11746e-06
0.000795656
-3.89217e-07
0.000791454
5.15114e-07
0.00078743
1.31189e-06
0.000783658
2.29749e-06
0.000780041
3.09151e-06
0.000776704
4.14781e-06
0.000773507
4.8828e-06
0.000770558
5.99713e-06
0.000767697
6.59593e-06
0.000765062
7.77411e-06
0.000762468
8.13454e-06
9.39581e-06
0.000656211
1.50833e-05
0.000654322
1.45177e-05
0.000653002
1.36783e-05
0.000652172
1.26147e-05
0.000651755
1.13762e-05
0.000651686
1.00114e-05
0.000651901
8.57171e-06
0.000652343
7.1047e-06
0.000652959
5.65314e-06
0.000653705
4.25907e-06
0.000654539
2.96134e-06
0.000655424
1.79085e-06
0.000656327
7.68371e-07
0.000657233
-1.04954e-07
0.000658166
-8.69017e-07
0.00065913
-1.46756e-06
0.000660126
-1.92248e-06
0.000661165
-2.24748e-06
0.000662261
-2.45546e-06
0.000663427
-2.55968e-06
0.000664673
-2.57243e-06
0.000666005
-2.50465e-06
0.000667426
-2.36688e-06
0.000668936
-2.16936e-06
0.000670531
-1.91968e-06
0.000672208
-1.62414e-06
0.000674002
-1.28728e-06
0.000675896
-9.1493e-07
0.000677885
-5.0569e-07
0.000679948
-4.78769e-08
0.000682103
4.15966e-07
0.000684322
9.32763e-07
0.000686585
1.4926e-06
0.000688865
2.09502e-06
0.000691147
2.71978e-06
0.000693421
3.35063e-06
0.000695678
3.97495e-06
0.000697911
4.58e-06
0.000700108
5.1544e-06
0.000702258
5.68834e-06
0.000704344
6.17388e-06
0.000706346
6.60438e-06
0.00070824
6.97386e-06
0.000709996
7.27649e-06
0.000711584
7.50672e-06
0.000712975
7.65966e-06
0.000714146
7.73169e-06
0.000715073
7.72026e-06
0.000715735
7.62452e-06
0.000716111
7.44528e-06
0.000716186
7.18483e-06
0.000715947
6.8468e-06
0.000715388
6.43622e-06
0.000714509
5.95931e-06
0.000713314
5.42327e-06
0.000711814
4.83736e-06
0.000710028
4.2129e-06
0.000707977
3.56325e-06
0.000705689
2.90166e-06
0.000703173
2.24127e-06
0.000700455
1.5917e-06
0.000697595
9.66656e-07
0.000694644
3.7632e-07
0.000691625
-1.53653e-07
0.000688572
-6.29215e-07
0.000685532
-1.05183e-06
0.000682534
-1.40354e-06
0.000679609
-1.67619e-06
0.00067678
-1.86991e-06
0.000674073
-1.97373e-06
0.000671498
-1.99402e-06
0.000669078
-1.9173e-06
0.000666809
-1.7597e-06
0.000664713
-1.5018e-06
0.000662772
-1.17427e-06
0.000661011
-7.4442e-07
0.000659396
-2.63641e-07
0.00065798
2.98658e-07
0.000656712
8.78495e-07
0.000655653
1.57464e-06
0.000654726
2.23867e-06
0.000653985
3.03792e-06
0.000653345
3.73178e-06
0.00065288
4.61268e-06
0.000652486
5.27754e-06
0.000652249
6.23374e-06
0.000652048
6.79738e-06
0.00065197
7.85153e-06
0.000651894
8.2104e-06
9.4189e-06
0.000474164
1.25171e-05
0.000476744
1.19377e-05
0.000479255
1.1167e-05
0.000481623
1.02468e-05
0.000483779
9.22034e-06
0.00048566
8.13084e-06
0.000487213
7.01851e-06
0.000488397
5.92044e-06
0.000489188
4.86241e-06
0.000489598
3.84953e-06
0.000489655
2.90372e-06
0.000489402
2.04364e-06
0.000488891
1.27939e-06
0.000488173
6.1358e-07
0.000487276
2.80556e-08
0.000486204
-3.95425e-07
0.000485026
-7.44336e-07
0.000483789
-1.01085e-06
0.000482536
-1.20233e-06
0.000481303
-1.32673e-06
0.000480122
-1.39157e-06
0.000479022
-1.40418e-06
0.000478025
-1.37039e-06
0.000477151
-1.29565e-06
0.000476417
-1.18537e-06
0.000475833
-1.0401e-06
0.000475403
-8.57199e-07
0.000475126
-6.37835e-07
0.000475002
-3.81775e-07
0.000475039
-8.4826e-08
0.000475178
2.7663e-07
0.000475442
6.68436e-07
0.00047583
1.1046e-06
0.000476349
1.57678e-06
0.000476994
2.07482e-06
0.000477758
2.58652e-06
0.000478633
3.09984e-06
0.000479609
3.6044e-06
0.000480671
4.09166e-06
0.000481805
4.55449e-06
0.000482992
4.9867e-06
0.000484214
5.38252e-06
0.000485452
5.73621e-06
0.000486686
6.04179e-06
0.0004879
6.29327e-06
0.000489075
6.48496e-06
0.000490195
6.61181e-06
0.000491245
6.66967e-06
0.000492214
6.6557e-06
0.000493091
6.56862e-06
0.000493867
6.4086e-06
0.000494536
6.17724e-06
0.000495095
5.87757e-06
0.00049554
5.51431e-06
0.00049587
5.09364e-06
0.000496084
4.62341e-06
0.000496184
4.11266e-06
0.000496175
3.57189e-06
0.000496065
3.01183e-06
0.000495863
2.44363e-06
0.000495576
1.87862e-06
0.000495214
1.3285e-06
0.000494788
8.01793e-07
0.000494325
3.09653e-07
0.000493831
-1.35369e-07
0.000493307
-5.27178e-07
0.000492765
-8.62382e-07
0.000492223
-1.13364e-06
0.000491691
-1.33841e-06
0.000491189
-1.47086e-06
0.000490727
-1.53227e-06
0.000490327
-1.51758e-06
0.00049
-1.43291e-06
0.000489771
-1.2721e-06
0.000489644
-1.04725e-06
0.000489646
-7.46542e-07
0.000489775
-3.92618e-07
0.000490045
2.81295e-08
0.000490448
4.76003e-07
0.000491025
9.97142e-07
0.000491741
1.52253e-06
0.000492651
2.128e-06
0.000493688
2.69528e-06
0.000494924
3.37623e-06
0.000496254
3.94776e-06
0.000497774
4.71356e-06
0.000499334
5.23767e-06
0.000501047
6.13871e-06
0.000502736
6.52068e-06
7.70106e-06
0.000248609
9.74966e-06
0.000251169
9.37739e-06
0.000253468
8.86794e-06
0.000255465
8.25007e-06
0.000257131
7.55387e-06
0.000258453
6.80876e-06
0.000259431
6.04032e-06
0.000260082
5.27009e-06
0.00026043
4.51469e-06
0.000260494
3.78552e-06
0.000260306
3.09157e-06
0.000259909
2.44e-06
0.000259355
1.83338e-06
0.000258694
1.27528e-06
0.000257934
7.87217e-07
0.000257167
3.71661e-07
0.000256394
2.85895e-08
0.000255677
-2.92965e-07
0.000255024
-5.50187e-07
0.000254452
-7.54302e-07
0.00025397
-9.10029e-07
0.000253588
-1.02123e-06
0.000253308
-1.09096e-06
0.000253134
-1.12169e-06
0.000253064
-1.11551e-06
0.000253097
-1.07267e-06
0.000253231
-9.91159e-07
0.000253462
-8.69153e-07
0.000253787
-7.06278e-07
0.000254204
-5.02612e-07
0.000254739
-2.58391e-07
0.000255382
2.62803e-08
0.000256171
3.1547e-07
0.000257108
6.3997e-07
0.000258196
9.86593e-07
0.000259435
1.34681e-06
0.000260822
1.71326e-06
0.000262347
2.07898e-06
0.000264002
2.43751e-06
0.000265773
2.78269e-06
0.000267652
3.10842e-06
0.000269626
3.40871e-06
0.000271684
3.67764e-06
0.000273816
3.90973e-06
0.000276009
4.10075e-06
0.000278247
4.24696e-06
0.000280513
4.345e-06
0.000282791
4.39222e-06
0.00028506
4.3869e-06
0.0002873
4.32836e-06
0.000289492
4.21698e-06
0.000291615
4.05408e-06
0.00029365
3.84202e-06
0.00029558
3.58432e-06
0.000297388
3.28549e-06
0.000299061
2.95104e-06
0.000300586
2.58722e-06
0.000301957
2.20103e-06
0.000303169
1.79986e-06
0.000304222
1.39122e-06
0.000305118
9.8233e-07
0.000305866
5.80074e-07
0.000306478
1.8968e-07
0.000306955
-1.66622e-07
0.000307313
-4.93803e-07
0.000307581
-7.94999e-07
0.000307782
-1.06303e-06
0.000307936
-1.28803e-06
0.000308063
-1.46507e-06
0.000308184
-1.59202e-06
0.00030832
-1.66876e-06
0.000308496
-1.69317e-06
0.00030873
-1.66709e-06
0.000309046
-1.58854e-06
0.000309461
-1.46212e-06
0.00031
-1.28536e-06
0.000310674
-1.06668e-06
0.000311504
-8.01251e-07
0.000312482
-5.02305e-07
0.000313634
-1.54844e-07
0.000314959
1.96992e-07
0.000316494
5.93027e-07
0.000318194
9.95831e-07
0.000320111
1.45877e-06
0.000322163
1.89569e-06
0.000324443
2.43365e-06
0.000326795
2.88577e-06
0.000329377
3.55698e-06
0.000331919
3.97829e-06
5.00389e-06
6.54159e-05
4.92846e-06
7.00193e-05
4.77391e-06
7.4338e-05
4.54932e-06
7.83203e-05
4.2677e-06
8.19307e-05
3.9435e-06
8.51471e-05
3.59235e-06
8.79641e-05
3.22329e-06
9.03941e-05
2.84012e-06
9.24537e-05
2.45508e-06
9.41626e-05
2.07667e-06
9.55427e-05
1.71142e-06
9.66181e-05
1.36462e-06
9.74112e-05
1.04025e-06
9.79454e-05
7.41148e-07
9.82625e-05
4.70061e-07
9.84065e-05
2.27713e-07
9.84319e-05
3.1068e-09
9.82993e-05
-1.60363e-07
9.80578e-05
-3.08621e-07
9.77376e-05
-4.34113e-07
9.73645e-05
-5.36976e-07
9.69615e-05
-6.18168e-07
9.65492e-05
-6.78719e-07
9.6147e-05
-7.1951e-07
9.57726e-05
-7.41055e-07
9.54432e-05
-7.43235e-07
9.51774e-05
-7.2541e-07
9.49952e-05
-6.86988e-07
9.49168e-05
-6.27799e-07
9.49623e-05
-5.48156e-07
9.51538e-05
-4.49874e-07
9.55135e-05
-3.33429e-07
9.60264e-05
-1.97431e-07
9.67093e-05
-4.28835e-08
9.75794e-05
1.16447e-07
9.86422e-05
2.84035e-07
9.98983e-05
4.5716e-07
0.000101345
6.32026e-07
0.000102978
8.05216e-07
0.000104787
9.73546e-07
0.000106761
1.13401e-06
0.000108886
1.28371e-06
0.000111144
1.41982e-06
0.000113514
1.53959e-06
0.000115974
1.64053e-06
0.000118501
1.7204e-06
0.000121069
1.77731e-06
0.000123651
1.80986e-06
0.00012622
1.81735e-06
0.000128749
1.79973e-06
0.000131209
1.75665e-06
0.000133577
1.68666e-06
0.000135828
1.59062e-06
0.000137942
1.47077e-06
0.000139898
1.32934e-06
0.00014168
1.16884e-06
0.000143275
9.92064e-07
0.000144674
8.02125e-07
0.000145872
6.02359e-07
0.000146867
3.96117e-07
0.000147663
1.86166e-07
0.000148266
-2.30268e-08
0.000148673
-2.17285e-07
0.000148913
-4.06896e-07
0.000149005
-5.85037e-07
0.000148959
-7.49182e-07
0.000148793
-8.97143e-07
0.000148531
-1.02642e-06
0.000148201
-1.13498e-06
0.00014783
-1.22126e-06
0.000147447
-1.28497e-06
0.000147079
-1.32573e-06
0.000146754
-1.3423e-06
0.000146498
-1.33213e-06
0.000146333
-1.29699e-06
0.000146285
-1.23716e-06
0.000146373
-1.15519e-06
0.000146622
-1.05056e-06
0.000147047
-9.26998e-07
0.000147674
-7.81919e-07
0.000148493
-6.22229e-07
0.000149527
-4.41049e-07
0.000150771
-2.47372e-07
0.000152249
-1.97408e-08
0.00015395
1.9516e-07
0.000155923
4.60001e-07
0.00015808
7.28658e-07
0.000160542
1.09518e-06
0.000163107
1.41344e-06
2.00519e-06
-2.15676e-05
-1.67937e-05
-1.22444e-05
-7.97672e-06
-4.03321e-06
-4.40863e-07
2.78243e-06
5.62255e-06
8.07763e-06
1.01543e-05
1.18657e-05
1.32303e-05
1.42706e-05
1.50117e-05
1.54818e-05
1.57095e-05
1.57126e-05
1.55523e-05
1.52436e-05
1.48095e-05
1.42726e-05
1.36544e-05
1.29757e-05
1.22562e-05
1.15151e-05
1.07719e-05
1.00465e-05
9.35947e-06
8.73167e-06
8.18351e-06
7.73364e-06
7.40021e-06
7.20278e-06
7.15989e-06
7.27634e-06
7.56037e-06
8.01753e-06
8.64956e-06
9.45478e-06
1.04283e-05
1.15623e-05
1.2846e-05
1.42659e-05
1.58054e-05
1.7446e-05
1.91664e-05
2.09437e-05
2.27535e-05
2.45709e-05
2.63706e-05
2.81273e-05
2.98139e-05
3.14046e-05
3.28753e-05
3.42047e-05
3.53735e-05
3.63656e-05
3.71677e-05
3.77701e-05
3.81662e-05
3.83523e-05
3.83293e-05
3.8112e-05
3.77051e-05
3.71201e-05
3.63709e-05
3.54738e-05
3.44473e-05
3.33124e-05
3.20911e-05
3.08061e-05
2.94804e-05
2.81381e-05
2.6806e-05
2.5509e-05
2.42718e-05
2.31166e-05
2.20661e-05
2.11391e-05
2.03572e-05
1.97349e-05
1.92939e-05
1.90465e-05
1.90268e-05
1.92219e-05
1.96819e-05
2.04106e-05
2.15058e-05
2.29192e-05
)
;

boundaryField
{
    inlet
    {
        type            calculated;
        value           nonuniform List<scalar> 0();
    }
    outlet
    {
        type            calculated;
        value           nonuniform List<scalar> 
30
(
4.93954e-05
0.000192131
0.000364
0.000546639
0.000716007
0.000827024
0.000878312
0.000898567
0.000887264
0.00082369
0.000711316
0.000604504
0.00055271
0.000573263
0.000670275
0.000796
0.000892991
0.000962315
0.00100065
0.00100088
0.000968737
0.000925054
0.000882947
0.000833268
0.000760088
0.000651871
0.000504454
0.000334616
0.000166106
2.49244e-05
)
;
    }
    wall
    {
        type            calculated;
        value           uniform 0;
    }
    obstacle
    {
        type            calculated;
        value           nonuniform List<scalar> 0();
    }
    frontAndBack
    {
        type            empty;
        value           nonuniform List<scalar> 0();
    }
    procBoundary3to2
    {
        type            processor;
        value           nonuniform List<scalar> 
31
(
-4.43178e-05
-0.000118549
-0.000272231
-0.000545605
-0.000795585
-0.000899643
-0.000937985
-0.000947235
-0.000881196
-0.000716324
-0.000552069
-0.000483109
-0.000537906
-0.000696329
-0.000842787
8.87201e-05
-0.00090274
-0.000975236
-0.00102771
-0.00102293
-0.000997306
-0.000955872
-0.000922389
-0.000909808
-0.000885757
-0.000807805
-0.000658753
-0.000471598
-0.000245841
-6.05947e-05
2.64961e-05
)
;
    }
}


// ************************************************************************* //
