/*--------------------------------*- C++ -*----------------------------------*\
| =========                 |                                                 |
| \\      /  F ield         | OpenFOAM: The Open Source CFD Toolbox           |
|  \\    /   O peration     | Version:  2312                                  |
|   \\  /    A nd           | Website:  www.openfoam.com                      |
|    \\/     M anipulation  |                                                 |
\*---------------------------------------------------------------------------*/
FoamFile
{
    version     2.0;
    format      ascii;
    arch        "LSB;label=32;scalar=64";
    class       volVectorField;
    location    "45000";
    object      U;
}
// * * * * * * * * * * * * * * * * * * * * * * * * * * * * * * * * * * * * * //

dimensions      [0 1 -1 0 0 0 0];

internalField   nonuniform List<vector> 
2715
(
(0.000992484 4.94183e-06 0)
(0.000990038 1.24575e-05 0)
(0.000986873 1.74787e-05 0)
(0.000980501 2.06623e-05 0)
(0.000971089 2.27452e-05 0)
(0.0009598 2.42387e-05 0)
(0.0009477 2.53775e-05 0)
(0.000935325 2.62366e-05 0)
(0.000922817 2.68402e-05 0)
(0.000910154 2.72133e-05 0)
(0.000897291 2.73937e-05 0)
(0.000884225 2.74243e-05 0)
(0.000870993 2.7343e-05 0)
(0.000857648 2.71779e-05 0)
(0.000844243 2.69473e-05 0)
(0.000830817 2.66627e-05 0)
(0.000817394 2.63321e-05 0)
(0.000803993 2.59622e-05 0)
(0.000790629 2.55584e-05 0)
(0.000777318 2.51256e-05 0)
(0.000764075 2.46675e-05 0)
(0.000750915 2.41873e-05 0)
(0.000737852 2.36869e-05 0)
(0.0007249 2.31684e-05 0)
(0.000712073 2.26326e-05 0)
(0.000699382 2.20809e-05 0)
(0.000686841 2.15136e-05 0)
(0.000674462 2.09321e-05 0)
(0.000662258 2.03358e-05 0)
(0.00065024 1.97264e-05 0)
(0.000638423 1.91026e-05 0)
(0.000626817 1.8467e-05 0)
(0.000615437 1.7817e-05 0)
(0.000604292 1.71565e-05 0)
(0.000593399 1.64813e-05 0)
(0.000582766 1.57978e-05 0)
(0.000572412 1.50986e-05 0)
(0.000562339 1.43944e-05 0)
(0.000552574 1.36726e-05 0)
(0.000543109 1.29511e-05 0)
(0.000533985 1.22081e-05 0)
(0.000525174 1.14736e-05 0)
(0.000516744 1.07102e-05 0)
(0.000508624 9.96859e-06 0)
(0.00050095 9.18412e-06 0)
(0.000493544 8.4424e-06 0)
(0.000486712 7.63289e-06 0)
(0.000479998 6.89803e-06 0)
(0.000474169 6.05462e-06 0)
(0.000468006 5.32515e-06 0)
(0.000463558 4.43926e-06 0)
(0.000457438 3.66803e-06 0)
(0.000455429 2.77805e-06 0)
(0.000447714 1.71633e-06 0)
(0.000451279 1.14884e-06 0)
(0.000436891 -1.26782e-06 0)
(0.000455326 1.10838e-07 0)
(0.000419349 -7.7307e-06 0)
(0.000477725 2.03419e-06 0)
(0.000382983 -2.44874e-05 0)
(0.00100003 5.80201e-06 0)
(0.00100172 1.4992e-05 0)
(0.00100423 2.15221e-05 0)
(0.00100706 2.60844e-05 0)
(0.00100979 2.94418e-05 0)
(0.00101219 3.21224e-05 0)
(0.00101421 3.43739e-05 0)
(0.00101589 3.62827e-05 0)
(0.00101726 3.78814e-05 0)
(0.00101837 3.92008e-05 0)
(0.00101923 4.0282e-05 0)
(0.00101982 4.11709e-05 0)
(0.00102014 4.19082e-05 0)
(0.0010202 4.25238e-05 0)
(0.00102001 4.30377e-05 0)
(0.00101958 4.34627e-05 0)
(0.00101892 4.38073e-05 0)
(0.00101806 4.40783e-05 0)
(0.00101699 4.42814e-05 0)
(0.00101573 4.4421e-05 0)
(0.00101429 4.45011e-05 0)
(0.00101268 4.45241e-05 0)
(0.00101091 4.44921e-05 0)
(0.00100898 4.44062e-05 0)
(0.00100692 4.42675e-05 0)
(0.00100471 4.40759e-05 0)
(0.0010024 4.38325e-05 0)
(0.000999943 4.35359e-05 0)
(0.000997415 4.31881e-05 0)
(0.000994751 4.27859e-05 0)
(0.000992053 4.2333e-05 0)
(0.00098921 4.18235e-05 0)
(0.000986386 4.12645e-05 0)
(0.000983393 4.06453e-05 0)
(0.000980498 3.99798e-05 0)
(0.000977376 3.92481e-05 0)
(0.000974473 3.84765e-05 0)
(0.000971233 3.76289e-05 0)
(0.000968405 3.67538e-05 0)
(0.000965037 3.57852e-05 0)
(0.000962397 3.48124e-05 0)
(0.000958854 3.37148e-05 0)
(0.000956567 3.26554e-05 0)
(0.00095274 3.14145e-05 0)
(0.000951059 3.02884e-05 0)
(0.000946724 2.88785e-05 0)
(0.000946053 2.772e-05 0)
(0.000940786 2.60932e-05 0)
(0.000941793 2.49611e-05 0)
(0.000934821 2.30307e-05 0)
(0.00093862 2.20244e-05 0)
(0.000928561 1.96359e-05 0)
(0.000937034 1.89211e-05 0)
(0.00092144 1.58111e-05 0)
(0.000937776 1.5648e-05 0)
(0.000912351 1.14065e-05 0)
(0.000941967 1.21284e-05 0)
(0.000899253 6.28635e-06 0)
(0.000951506 7.91442e-06 0)
(0.000879004 8.67161e-07 0)
(0.000999989 1.96257e-06 0)
(0.00100078 5.76404e-06 0)
(0.00100224 9.28905e-06 0)
(0.00100423 1.24537e-05 0)
(0.00100654 1.52554e-05 0)
(0.00100897 1.77391e-05 0)
(0.00101139 1.99595e-05 0)
(0.00101376 2.19598e-05 0)
(0.00101607 2.37672e-05 0)
(0.00101833 2.53983e-05 0)
(0.00102055 2.68663e-05 0)
(0.00102272 2.81846e-05 0)
(0.00102484 2.93676e-05 0)
(0.00102689 3.04292e-05 0)
(0.00102887 3.13817e-05 0)
(0.00103079 3.2235e-05 0)
(0.00103264 3.29971e-05 0)
(0.00103442 3.36738e-05 0)
(0.00103615 3.42707e-05 0)
(0.00103781 3.47909e-05 0)
(0.00103942 3.52391e-05 0)
(0.00104097 3.56166e-05 0)
(0.00104247 3.59274e-05 0)
(0.0010439 3.61706e-05 0)
(0.00104529 3.63507e-05 0)
(0.00104662 3.64643e-05 0)
(0.00104791 3.65171e-05 0)
(0.00104913 3.65026e-05 0)
(0.00105033 3.64291e-05 0)
(0.00105144 3.62859e-05 0)
(0.00105257 3.60859e-05 0)
(0.00105357 3.58117e-05 0)
(0.00105463 3.54843e-05 0)
(0.00105552 3.50757e-05 0)
(0.00105654 3.46195e-05 0)
(0.00105731 3.40722e-05 0)
(0.00105831 3.34868e-05 0)
(0.00105894 3.27953e-05 0)
(0.00105996 3.20812e-05 0)
(0.00106044 3.12392e-05 0)
(0.00106154 3.03989e-05 0)
(0.00106181 2.93983e-05 0)
(0.00106308 2.84374e-05 0)
(0.00106306 2.72681e-05 0)
(0.00106463 2.61956e-05 0)
(0.00106419 2.4845e-05 0)
(0.00106625 2.3675e-05 0)
(0.0010652 2.21272e-05 0)
(0.00106805 2.08808e-05 0)
(0.00106604 1.91178e-05 0)
(0.00107011 1.7824e-05 0)
(0.00106664 1.58302e-05 0)
(0.00107258 1.4528e-05 0)
(0.00106686 1.23032e-05 0)
(0.00107566 1.10422e-05 0)
(0.00106644 8.63922e-06 0)
(0.00107961 7.48029e-06 0)
(0.00106503 5.09964e-06 0)
(0.00108486 4.07228e-06 0)
(0.00106215 2.21883e-06 0)
(0.00100001 1.74164e-06 0)
(0.00100047 5.15937e-06 0)
(0.00100128 8.42026e-06 0)
(0.00100239 1.1448e-05 0)
(0.00100374 1.42017e-05 0)
(0.00100526 1.66785e-05 0)
(0.00100689 1.89e-05 0)
(0.00100858 2.08959e-05 0)
(0.00101033 2.26935e-05 0)
(0.00101212 2.43134e-05 0)
(0.00101394 2.57712e-05 0)
(0.00101578 2.70799e-05 0)
(0.00101764 2.82516e-05 0)
(0.00101951 2.92984e-05 0)
(0.00102139 3.0232e-05 0)
(0.00102327 3.10625e-05 0)
(0.00102515 3.1799e-05 0)
(0.00102703 3.24485e-05 0)
(0.0010289 3.30173e-05 0)
(0.00103077 3.35096e-05 0)
(0.00103264 3.39302e-05 0)
(0.0010345 3.42814e-05 0)
(0.00103636 3.4567e-05 0)
(0.00103821 3.47876e-05 0)
(0.00104006 3.49465e-05 0)
(0.0010419 3.50426e-05 0)
(0.00104374 3.50793e-05 0)
(0.00104557 3.50536e-05 0)
(0.0010474 3.49694e-05 0)
(0.00104921 3.48219e-05 0)
(0.00105104 3.46162e-05 0)
(0.00105283 3.43451e-05 0)
(0.00105465 3.40156e-05 0)
(0.00105642 3.36176e-05 0)
(0.00105824 3.31609e-05 0)
(0.00105997 3.26321e-05 0)
(0.00106179 3.20441e-05 0)
(0.00106349 3.138e-05 0)
(0.00106532 3.06559e-05 0)
(0.00106697 2.98521e-05 0)
(0.00106881 2.8987e-05 0)
(0.00107041 2.80398e-05 0)
(0.00107229 2.7028e-05 0)
(0.00107381 2.59352e-05 0)
(0.00107575 2.47704e-05 0)
(0.00107718 2.35327e-05 0)
(0.00107922 2.22072e-05 0)
(0.00108052 2.08308e-05 0)
(0.00108271 1.93341e-05 0)
(0.00108383 1.78351e-05 0)
(0.00108625 1.61534e-05 0)
(0.00108714 1.45665e-05 0)
(0.00108988 1.2682e-05 0)
(0.00109043 1.10756e-05 0)
(0.00109363 8.9654e-06 0)
(0.0010937 7.46526e-06 0)
(0.00109756 5.09416e-06 0)
(0.00109693 3.90673e-06 0)
(0.00110173 1.18792e-06 0)
(0.00110005 6.01135e-07 0)
(0.001 1.15316e-06 0)
(0.00100023 3.43205e-06 0)
(0.00100067 5.64542e-06 0)
(0.00100134 7.76156e-06 0)
(0.0010022 9.75912e-06 0)
(0.00100323 1.16278e-05 0)
(0.00100441 1.33663e-05 0)
(0.00100569 1.49786e-05 0)
(0.00100705 1.64708e-05 0)
(0.00100848 1.78491e-05 0)
(0.00100996 1.91187e-05 0)
(0.00101149 2.02847e-05 0)
(0.00101305 2.13517e-05 0)
(0.00101465 2.23247e-05 0)
(0.00101627 2.32086e-05 0)
(0.00101791 2.40082e-05 0)
(0.00101956 2.4728e-05 0)
(0.00102123 2.53719e-05 0)
(0.00102291 2.59433e-05 0)
(0.00102459 2.64449e-05 0)
(0.00102629 2.68792e-05 0)
(0.00102799 2.72481e-05 0)
(0.0010297 2.75532e-05 0)
(0.00103141 2.77958e-05 0)
(0.00103313 2.79768e-05 0)
(0.00103486 2.8097e-05 0)
(0.00103658 2.81564e-05 0)
(0.00103831 2.81559e-05 0)
(0.00104005 2.80941e-05 0)
(0.00104179 2.79725e-05 0)
(0.00104353 2.77881e-05 0)
(0.00104526 2.75437e-05 0)
(0.00104701 2.72338e-05 0)
(0.00104875 2.6864e-05 0)
(0.00105049 2.64244e-05 0)
(0.00105223 2.59256e-05 0)
(0.00105398 2.53511e-05 0)
(0.00105572 2.47198e-05 0)
(0.00105746 2.40036e-05 0)
(0.00105919 2.32364e-05 0)
(0.00106093 2.23708e-05 0)
(0.00106266 2.14655e-05 0)
(0.00106439 2.0441e-05 0)
(0.00106612 1.93973e-05 0)
(0.00106784 1.82022e-05 0)
(0.00106958 1.70238e-05 0)
(0.00107129 1.56435e-05 0)
(0.00107303 1.43403e-05 0)
(0.00107473 1.27554e-05 0)
(0.0010765 1.13471e-05 0)
(0.00107818 9.53007e-06 0)
(0.00108002 8.0503e-06 0)
(0.00108169 5.95839e-06 0)
(0.00108366 4.46072e-06 0)
(0.00108531 2.02757e-06 0)
(0.00108751 6.02121e-07 0)
(0.00108914 -2.26402e-06 0)
(0.00109166 -3.46399e-06 0)
(0.00109315 -6.90179e-06 0)
(0.00109597 -7.65722e-06 0)
(0.001 9.27097e-07 0)
(0.00100017 2.77253e-06 0)
(0.00100051 4.59077e-06 0)
(0.001001 6.36291e-06 0)
(0.00100165 8.0715e-06 0)
(0.00100242 9.70267e-06 0)
(0.00100331 1.12472e-05 0)
(0.0010043 1.27001e-05 0)
(0.00100537 1.40599e-05 0)
(0.00100651 1.53272e-05 0)
(0.0010077 1.65032e-05 0)
(0.00100895 1.759e-05 0)
(0.00101025 1.85899e-05 0)
(0.00101158 1.95053e-05 0)
(0.00101294 2.03392e-05 0)
(0.00101434 2.10944e-05 0)
(0.00101576 2.17738e-05 0)
(0.0010172 2.23803e-05 0)
(0.00101866 2.29164e-05 0)
(0.00102014 2.33846e-05 0)
(0.00102163 2.37867e-05 0)
(0.00102314 2.41247e-05 0)
(0.00102465 2.43996e-05 0)
(0.00102618 2.46134e-05 0)
(0.00102771 2.47659e-05 0)
(0.00102925 2.48593e-05 0)
(0.0010308 2.48923e-05 0)
(0.00103235 2.48672e-05 0)
(0.00103391 2.47814e-05 0)
(0.00103547 2.46382e-05 0)
(0.00103703 2.44328e-05 0)
(0.0010386 2.41703e-05 0)
(0.00104016 2.38428e-05 0)
(0.00104173 2.34587e-05 0)
(0.0010433 2.30052e-05 0)
(0.00104487 2.24962e-05 0)
(0.00104643 2.19114e-05 0)
(0.00104799 2.12737e-05 0)
(0.00104955 2.0551e-05 0)
(0.00105111 1.97805e-05 0)
(0.00105265 1.89117e-05 0)
(0.00105422 1.80045e-05 0)
(0.00105575 1.69794e-05 0)
(0.00105732 1.59326e-05 0)
(0.00105883 1.47387e-05 0)
(0.00106042 1.3551e-05 0)
(0.0010619 1.21721e-05 0)
(0.00106353 1.08454e-05 0)
(0.00106498 9.26064e-06 0)
(0.00106666 7.8026e-06 0)
(0.00106809 5.98503e-06 0)
(0.00106986 4.41381e-06 0)
(0.00107122 2.32747e-06 0)
(0.00107312 6.74171e-07 0)
(0.00107439 -1.73943e-06 0)
(0.00107651 -3.43559e-06 0)
(0.00107767 -6.2792e-06 0)
(0.00108014 -7.96081e-06 0)
(0.00108106 -1.13819e-05 0)
(0.00108386 -1.29466e-05 0)
(0.001 7.32676e-07 0)
(0.00100013 2.19146e-06 0)
(0.00100037 3.63072e-06 0)
(0.00100074 5.03777e-06 0)
(0.00100121 6.40119e-06 0)
(0.0010018 7.71166e-06 0)
(0.00100248 8.96228e-06 0)
(0.00100326 1.01486e-05 0)
(0.00100411 1.12679e-05 0)
(0.00100503 1.23193e-05 0)
(0.00100601 1.33024e-05 0)
(0.00100705 1.42177e-05 0)
(0.00100813 1.50659e-05 0)
(0.00100926 1.58479e-05 0)
(0.00101043 1.65646e-05 0)
(0.00101163 1.72174e-05 0)
(0.00101286 1.78074e-05 0)
(0.00101412 1.83361e-05 0)
(0.0010154 1.88046e-05 0)
(0.0010167 1.92142e-05 0)
(0.00101802 1.95656e-05 0)
(0.00101936 1.98603e-05 0)
(0.0010207 2.00983e-05 0)
(0.00102206 2.02809e-05 0)
(0.00102343 2.04076e-05 0)
(0.00102481 2.04799e-05 0)
(0.00102619 2.04962e-05 0)
(0.00102758 2.04584e-05 0)
(0.00102898 2.03638e-05 0)
(0.00103037 2.0215e-05 0)
(0.00103177 2.00075e-05 0)
(0.00103317 1.97455e-05 0)
(0.00103456 1.94221e-05 0)
(0.00103596 1.90436e-05 0)
(0.00103735 1.85995e-05 0)
(0.00103874 1.81004e-05 0)
(0.00104011 1.75297e-05 0)
(0.00104149 1.69047e-05 0)
(0.00104285 1.61998e-05 0)
(0.00104423 1.5443e-05 0)
(0.00104557 1.45948e-05 0)
(0.00104693 1.36998e-05 0)
(0.00104824 1.26966e-05 0)
(0.00104959 1.16566e-05 0)
(0.00105088 1.04843e-05 0)
(0.00105222 9.29259e-06 0)
(0.00105348 7.93271e-06 0)
(0.00105483 6.58317e-06 0)
(0.00105604 5.01142e-06 0)
(0.00105741 3.49863e-06 0)
(0.00105859 1.68158e-06 0)
(0.00106002 3.46271e-09 0)
(0.00106116 -2.10099e-06 0)
(0.00106271 -3.93268e-06 0)
(0.00106379 -6.37449e-06 0)
(0.00106549 -8.33355e-06 0)
(0.00106646 -1.11942e-05 0)
(0.00106838 -1.32476e-05 0)
(0.00106912 -1.66607e-05 0)
(0.00107122 -1.87504e-05 0)
(0.001 5.83707e-07 0)
(0.0010001 1.74709e-06 0)
(0.00100029 2.89854e-06 0)
(0.00100057 4.03018e-06 0)
(0.00100095 5.1345e-06 0)
(0.00100142 6.20482e-06 0)
(0.00100197 7.23549e-06 0)
(0.00100259 8.22208e-06 0)
(0.00100329 9.16124e-06 0)
(0.00100405 1.00506e-05 0)
(0.00100487 1.08887e-05 0)
(0.00100575 1.16746e-05 0)
(0.00100667 1.24077e-05 0)
(0.00100764 1.30877e-05 0)
(0.00100864 1.37144e-05 0)
(0.00100968 1.4288e-05 0)
(0.00101076 1.48085e-05 0)
(0.00101186 1.52765e-05 0)
(0.00101298 1.5692e-05 0)
(0.00101413 1.60558e-05 0)
(0.00101529 1.63678e-05 0)
(0.00101648 1.66287e-05 0)
(0.00101767 1.68384e-05 0)
(0.00101888 1.69974e-05 0)
(0.0010201 1.71053e-05 0)
(0.00102133 1.71626e-05 0)
(0.00102256 1.71684e-05 0)
(0.0010238 1.71234e-05 0)
(0.00102504 1.70258e-05 0)
(0.00102628 1.68768e-05 0)
(0.00102752 1.66735e-05 0)
(0.00102876 1.64177e-05 0)
(0.00102999 1.61052e-05 0)
(0.00103123 1.57389e-05 0)
(0.00103245 1.53123e-05 0)
(0.00103366 1.48306e-05 0)
(0.00103487 1.42838e-05 0)
(0.00103607 1.36806e-05 0)
(0.00103724 1.30059e-05 0)
(0.00103842 1.2274e-05 0)
(0.00103957 1.14617e-05 0)
(0.00104072 1.05926e-05 0)
(0.00104184 9.6312e-06 0)
(0.00104296 8.61508e-06 0)
(0.00104404 7.49014e-06 0)
(0.00104514 6.31616e-06 0)
(0.00104617 5.01014e-06 0)
(0.00104725 3.66675e-06 0)
(0.00104823 2.15803e-06 0)
(0.0010493 6.33147e-07 0)
(0.00105022 -1.10595e-06 0)
(0.0010513 -2.82592e-06 0)
(0.00105215 -4.83606e-06 0)
(0.00105328 -6.76977e-06 0)
(0.00105406 -9.10745e-06 0)
(0.00105526 -1.12692e-05 0)
(0.00105593 -1.40024e-05 0)
(0.00105724 -1.63961e-05 0)
(0.00105768 -1.9619e-05 0)
(0.00105902 -2.2235e-05 0)
(0.001 4.66197e-07 0)
(0.00100008 1.39596e-06 0)
(0.00100024 2.31778e-06 0)
(0.00100047 3.22629e-06 0)
(0.00100078 4.11624e-06 0)
(0.00100116 4.98273e-06 0)
(0.00100162 5.8214e-06 0)
(0.00100214 6.62851e-06 0)
(0.00100272 7.40098e-06 0)
(0.00100337 8.13629e-06 0)
(0.00100406 8.83239e-06 0)
(0.00100481 9.48768e-06 0)
(0.0010056 1.01009e-05 0)
(0.00100644 1.06712e-05 0)
(0.00100731 1.1198e-05 0)
(0.00100822 1.16808e-05 0)
(0.00100916 1.21193e-05 0)
(0.00101012 1.25134e-05 0)
(0.00101111 1.2863e-05 0)
(0.00101213 1.31681e-05 0)
(0.00101316 1.34285e-05 0)
(0.00101421 1.36444e-05 0)
(0.00101527 1.38155e-05 0)
(0.00101635 1.39418e-05 0)
(0.00101743 1.4023e-05 0)
(0.00101853 1.40591e-05 0)
(0.00101962 1.40492e-05 0)
(0.00102073 1.39934e-05 0)
(0.00102183 1.38906e-05 0)
(0.00102293 1.37408e-05 0)
(0.00102403 1.35422e-05 0)
(0.00102512 1.32951e-05 0)
(0.00102621 1.29969e-05 0)
(0.00102729 1.26481e-05 0)
(0.00102835 1.22452e-05 0)
(0.00102941 1.17894e-05 0)
(0.00103045 1.12754e-05 0)
(0.00103148 1.07056e-05 0)
(0.00103249 1.00725e-05 0)
(0.00103348 9.38044e-06 0)
(0.00103444 8.61843e-06 0)
(0.0010354 7.79405e-06 0)
(0.00103631 6.8911e-06 0)
(0.00103722 5.92224e-06 0)
(0.00103807 4.86347e-06 0)
(0.00103893 3.73543e-06 0)
(0.00103972 2.50218e-06 0)
(0.00104053 1.19703e-06 0)
(0.00104124 -2.3383e-07 0)
(0.00104201 -1.73586e-06 0)
(0.00104265 -3.39014e-06 0)
(0.00104337 -5.11037e-06 0)
(0.00104392 -7.0219e-06 0)
(0.00104462 -8.98943e-06 0)
(0.00104506 -1.12064e-05 0)
(0.00104575 -1.34566e-05 0)
(0.00104604 -1.60385e-05 0)
(0.00104674 -1.86059e-05 0)
(0.00104679 -2.16232e-05 0)
(0.0010474 -2.45334e-05 0)
(0.001 3.68906e-07 0)
(0.00100007 1.10485e-06 0)
(0.0010002 1.83517e-06 0)
(0.0010004 2.55606e-06 0)
(0.00100066 3.26376e-06 0)
(0.00100098 3.95468e-06 0)
(0.00100137 4.62549e-06 0)
(0.00100181 5.27323e-06 0)
(0.00100231 5.89527e-06 0)
(0.00100287 6.48937e-06 0)
(0.00100347 7.0536e-06 0)
(0.00100412 7.58635e-06 0)
(0.00100481 8.08628e-06 0)
(0.00100554 8.55235e-06 0)
(0.0010063 8.98368e-06 0)
(0.0010071 9.3796e-06 0)
(0.00100793 9.73957e-06 0)
(0.00100878 1.00631e-05 0)
(0.00100966 1.03499e-05 0)
(0.00101057 1.05997e-05 0)
(0.00101149 1.0812e-05 0)
(0.00101242 1.09867e-05 0)
(0.00101337 1.11235e-05 0)
(0.00101433 1.12219e-05 0)
(0.0010153 1.12817e-05 0)
(0.00101628 1.13023e-05 0)
(0.00101726 1.12834e-05 0)
(0.00101824 1.12242e-05 0)
(0.00101922 1.11242e-05 0)
(0.0010202 1.09826e-05 0)
(0.00102117 1.07984e-05 0)
(0.00102214 1.05707e-05 0)
(0.00102309 1.02983e-05 0)
(0.00102403 9.97997e-06 0)
(0.00102496 9.61432e-06 0)
(0.00102587 9.19959e-06 0)
(0.00102677 8.73428e-06 0)
(0.00102764 8.21602e-06 0)
(0.00102849 7.6432e-06 0)
(0.00102931 7.0126e-06 0)
(0.0010301 6.32266e-06 0)
(0.00103087 5.5689e-06 0)
(0.00103159 4.75015e-06 0)
(0.0010323 3.85999e-06 0)
(0.00103294 2.89829e-06 0)
(0.00103357 1.85559e-06 0)
(0.00103413 7.33935e-07 0)
(0.00103468 -4.8088e-07 0)
(0.00103514 -1.78237e-06 0)
(0.0010356 -3.19322e-06 0)
(0.00103595 -4.7007e-06 0)
(0.00103632 -6.34048e-06 0)
(0.00103654 -8.0864e-06 0)
(0.00103682 -9.9941e-06 0)
(0.00103689 -1.20156e-05 0)
(0.00103708 -1.4239e-05 0)
(0.00103696 -1.658e-05 0)
(0.00103705 -1.91772e-05 0)
(0.00103666 -2.18854e-05 0)
(0.00103655 -2.49192e-05 0)
(0.001 2.85862e-07 0)
(0.00100006 8.56236e-07 0)
(0.00100017 1.42257e-06 0)
(0.00100034 1.98213e-06 0)
(0.00100057 2.5322e-06 0)
(0.00100085 3.07013e-06 0)
(0.00100119 3.59344e-06 0)
(0.00100158 4.09985e-06 0)
(0.00100202 4.5873e-06 0)
(0.0010025 5.05395e-06 0)
(0.00100303 5.49816e-06 0)
(0.0010036 5.91854e-06 0)
(0.00100421 6.31386e-06 0)
(0.00100486 6.68308e-06 0)
(0.00100554 7.0253e-06 0)
(0.00100625 7.33977e-06 0)
(0.00100699 7.62584e-06 0)
(0.00100776 7.88293e-06 0)
(0.00100855 8.11056e-06 0)
(0.00100936 8.30824e-06 0)
(0.00101019 8.4756e-06 0)
(0.00101103 8.61215e-06 0)
(0.00101188 8.71757e-06 0)
(0.00101275 8.79133e-06 0)
(0.00101362 8.83307e-06 0)
(0.0010145 8.84215e-06 0)
(0.00101538 8.81821e-06 0)
(0.00101626 8.76035e-06 0)
(0.00101713 8.66825e-06 0)
(0.001018 8.54065e-06 0)
(0.00101887 8.37728e-06 0)
(0.00101972 8.17641e-06 0)
(0.00102056 7.9379e-06 0)
(0.00102138 7.65929e-06 0)
(0.00102219 7.34081e-06 0)
(0.00102297 6.97892e-06 0)
(0.00102373 6.57451e-06 0)
(0.00102447 6.12242e-06 0)
(0.00102517 5.62479e-06 0)
(0.00102585 5.07393e-06 0)
(0.00102648 4.47418e-06 0)
(0.00102708 3.81393e-06 0)
(0.00102764 3.10129e-06 0)
(0.00102815 2.31845e-06 0)
(0.00102861 1.47995e-06 0)
(0.00102902 5.58195e-07 0)
(0.00102937 -4.21524e-07 0)
(0.00102967 -1.50206e-06 0)
(0.00102989 -2.6408e-06 0)
(0.00103007 -3.90639e-06 0)
(0.00103014 -5.22759e-06 0)
(0.00103018 -6.71281e-06 0)
(0.00103008 -8.24317e-06 0)
(0.00102996 -9.99093e-06 0)
(0.00102966 -1.176e-05 0)
(0.00102938 -1.38255e-05 0)
(0.00102884 -1.58658e-05 0)
(0.00102836 -1.83203e-05 0)
(0.0010275 -2.06618e-05 0)
(0.00102673 -2.35902e-05 0)
(0.001 2.13025e-07 0)
(0.00100005 6.3811e-07 0)
(0.00100015 1.06033e-06 0)
(0.00100031 1.47776e-06 0)
(0.00100051 1.88845e-06 0)
(0.00100076 2.29051e-06 0)
(0.00100106 2.68215e-06 0)
(0.00100141 3.06168e-06 0)
(0.0010018 3.42757e-06 0)
(0.00100223 3.77839e-06 0)
(0.00100271 4.11288e-06 0)
(0.00100322 4.4299e-06 0)
(0.00100378 4.72843e-06 0)
(0.00100436 5.00757e-06 0)
(0.00100498 5.26653e-06 0)
(0.00100562 5.50459e-06 0)
(0.00100629 5.72116e-06 0)
(0.00100699 5.91565e-06 0)
(0.00100771 6.08759e-06 0)
(0.00100845 6.23645e-06 0)
(0.0010092 6.36188e-06 0)
(0.00100997 6.46334e-06 0)
(0.00101075 6.54054e-06 0)
(0.00101153 6.59287e-06 0)
(0.00101233 6.62009e-06 0)
(0.00101312 6.62146e-06 0)
(0.00101392 6.59676e-06 0)
(0.00101472 6.54502e-06 0)
(0.00101551 6.46613e-06 0)
(0.00101629 6.35871e-06 0)
(0.00101706 6.22284e-06 0)
(0.00101782 6.05658e-06 0)
(0.00101857 5.86034e-06 0)
(0.00101929 5.63129e-06 0)
(0.00102 5.37048e-06 0)
(0.00102068 5.07375e-06 0)
(0.00102133 4.74323e-06 0)
(0.00102194 4.37274e-06 0)
(0.00102253 3.96628e-06 0)
(0.00102307 3.51445e-06 0)
(0.00102357 3.02449e-06 0)
(0.00102403 2.48194e-06 0)
(0.00102444 1.89939e-06 0)
(0.00102479 1.25443e-06 0)
(0.00102508 5.68459e-07 0)
(0.00102531 -1.9365e-07 0)
(0.00102547 -9.96e-07 0)
(0.00102556 -1.89404e-06 0)
(0.00102556 -2.82886e-06 0)
(0.0010255 -3.8882e-06 0)
(0.00102532 -4.97436e-06 0)
(0.00102506 -6.22687e-06 0)
(0.00102467 -7.48505e-06 0)
(0.0010242 -8.97222e-06 0)
(0.00102357 -1.04251e-05 0)
(0.00102286 -1.22022e-05 0)
(0.00102193 -1.38726e-05 0)
(0.00102094 -1.60131e-05 0)
(0.00101964 -1.79172e-05 0)
(0.00101828 -2.05133e-05 0)
(0.001 1.47391e-07 0)
(0.00100005 4.4152e-07 0)
(0.00100014 7.33729e-07 0)
(0.00100028 1.02272e-06 0)
(0.00100047 1.3072e-06 0)
(0.0010007 1.58588e-06 0)
(0.00100097 1.85756e-06 0)
(0.00100129 2.12108e-06 0)
(0.00100165 2.37536e-06 0)
(0.00100205 2.61941e-06 0)
(0.00100249 2.85233e-06 0)
(0.00100296 3.07327e-06 0)
(0.00100347 3.28149e-06 0)
(0.00100401 3.47631e-06 0)
(0.00100458 3.65712e-06 0)
(0.00100517 3.82335e-06 0)
(0.0010058 3.97452e-06 0)
(0.00100644 4.11015e-06 0)
(0.00100711 4.22987e-06 0)
(0.00100779 4.33322e-06 0)
(0.00100849 4.41991e-06 0)
(0.0010092 4.48948e-06 0)
(0.00100992 4.54169e-06 0)
(0.00101065 4.57604e-06 0)
(0.00101138 4.59233e-06 0)
(0.00101212 4.58993e-06 0)
(0.00101285 4.5687e-06 0)
(0.00101358 4.52781e-06 0)
(0.00101431 4.46724e-06 0)
(0.00101503 4.38581e-06 0)
(0.00101573 4.28371e-06 0)
(0.00101642 4.15923e-06 0)
(0.00101709 4.01292e-06 0)
(0.00101774 3.84231e-06 0)
(0.00101836 3.64856e-06 0)
(0.00101896 3.42797e-06 0)
(0.00101952 3.18281e-06 0)
(0.00102005 2.90749e-06 0)
(0.00102054 2.6061e-06 0)
(0.00102098 2.27011e-06 0)
(0.00102138 1.90668e-06 0)
(0.00102172 1.5026e-06 0)
(0.00102201 1.07014e-06 0)
(0.00102224 5.88697e-07 0)
(0.00102239 7.89226e-08 0)
(0.00102248 -4.91576e-07 0)
(0.00102248 -1.08844e-06 0)
(0.00102241 -1.76353e-06 0)
(0.00102223 -2.46001e-06 0)
(0.00102196 -3.26007e-06 0)
(0.00102158 -4.06998e-06 0)
(0.00102108 -5.02105e-06 0)
(0.00102045 -5.95948e-06 0)
(0.0010197 -7.09621e-06 0)
(0.00101878 -8.17919e-06 0)
(0.00101773 -9.54851e-06 0)
(0.00101646 -1.07909e-05 0)
(0.00101506 -1.24564e-05 0)
(0.00101338 -1.38656e-05 0)
(0.00101153 -1.59092e-05 0)
(0.001 8.65678e-08 0)
(0.00100005 2.59317e-07 0)
(0.00100013 4.30953e-07 0)
(0.00100026 6.00729e-07 0)
(0.00100044 7.67897e-07 0)
(0.00100065 9.3172e-07 0)
(0.00100091 1.09149e-06 0)
(0.00100121 1.24653e-06 0)
(0.00100155 1.39622e-06 0)
(0.00100193 1.53996e-06 0)
(0.00100234 1.6772e-06 0)
(0.00100279 1.80745e-06 0)
(0.00100327 1.93025e-06 0)
(0.00100378 2.04516e-06 0)
(0.00100432 2.15182e-06 0)
(0.00100488 2.24987e-06 0)
(0.00100547 2.33899e-06 0)
(0.00100608 2.41888e-06 0)
(0.00100671 2.4893e-06 0)
(0.00100736 2.54994e-06 0)
(0.00100802 2.60062e-06 0)
(0.0010087 2.64103e-06 0)
(0.00100938 2.67102e-06 0)
(0.00101007 2.69024e-06 0)
(0.00101076 2.69858e-06 0)
(0.00101146 2.69562e-06 0)
(0.00101215 2.68128e-06 0)
(0.00101284 2.655e-06 0)
(0.00101352 2.61679e-06 0)
(0.00101419 2.56587e-06 0)
(0.00101485 2.5024e-06 0)
(0.00101549 2.42522e-06 0)
(0.00101611 2.33478e-06 0)
(0.00101671 2.22937e-06 0)
(0.00101728 2.10991e-06 0)
(0.00101782 1.97383e-06 0)
(0.00101832 1.82283e-06 0)
(0.00101878 1.65304e-06 0)
(0.00101921 1.46746e-06 0)
(0.00101958 1.26017e-06 0)
(0.00101991 1.03634e-06 0)
(0.00102017 7.86808e-07 0)
(0.00102038 5.20352e-07 0)
(0.00102052 2.22629e-07 0)
(0.00102058 -9.16372e-08 0)
(0.00102056 -4.45059e-07 0)
(0.00102046 -8.13297e-07 0)
(0.00102026 -1.23257e-06 0)
(0.00101996 -1.66261e-06 0)
(0.00101955 -2.16098e-06 0)
(0.00101902 -2.66133e-06 0)
(0.00101836 -3.25589e-06 0)
(0.00101756 -3.83579e-06 0)
(0.0010166 -4.54951e-06 0)
(0.00101548 -5.21851e-06 0)
(0.00101418 -6.08282e-06 0)
(0.00101268 -6.84923e-06 0)
(0.00101097 -7.90719e-06 0)
(0.00100901 -8.77358e-06 0)
(0.00100682 -1.00818e-05 0)
(0.001 2.85112e-08 0)
(0.00100004 8.53906e-08 0)
(0.00100013 1.41894e-07 0)
(0.00100026 1.97778e-07 0)
(0.00100042 2.528e-07 0)
(0.00100064 3.06716e-07 0)
(0.00100089 3.59297e-07 0)
(0.00100118 4.10319e-07 0)
(0.00100151 4.59576e-07 0)
(0.00100187 5.06873e-07 0)
(0.00100227 5.52029e-07 0)
(0.00100271 5.94876e-07 0)
(0.00100317 6.35263e-07 0)
(0.00100367 6.73044e-07 0)
(0.00100419 7.08094e-07 0)
(0.00100474 7.40289e-07 0)
(0.00100531 7.69527e-07 0)
(0.00100591 7.95698e-07 0)
(0.00100652 8.18719e-07 0)
(0.00100715 8.38489e-07 0)
(0.0010078 8.5494e-07 0)
(0.00100845 8.67966e-07 0)
(0.00100911 8.77516e-07 0)
(0.00100978 8.83468e-07 0)
(0.00101046 8.85784e-07 0)
(0.00101113 8.84313e-07 0)
(0.0010118 8.79038e-07 0)
(0.00101247 8.69754e-07 0)
(0.00101313 8.56478e-07 0)
(0.00101378 8.38922e-07 0)
(0.00101441 8.17159e-07 0)
(0.00101503 7.90777e-07 0)
(0.00101562 7.59945e-07 0)
(0.00101619 7.24056e-07 0)
(0.00101673 6.83446e-07 0)
(0.00101724 6.37209e-07 0)
(0.00101772 5.85965e-07 0)
(0.00101815 5.28335e-07 0)
(0.00101854 4.6542e-07 0)
(0.00101888 3.95101e-07 0)
(0.00101917 3.19279e-07 0)
(0.00101939 2.34662e-07 0)
(0.00101956 1.44466e-07 0)
(0.00101965 4.35243e-08 0)
(0.00101966 -6.28114e-08 0)
(0.0010196 -1.82752e-07 0)
(0.00101944 -3.07545e-07 0)
(0.00101918 -4.50096e-07 0)
(0.00101881 -5.95899e-07 0)
(0.00101833 -7.65541e-07 0)
(0.00101772 -9.35183e-07 0)
(0.00101697 -1.13786e-06 0)
(0.00101608 -1.33447e-06 0)
(0.00101502 -1.57825e-06 0)
(0.00101379 -1.805e-06 0)
(0.00101237 -2.10094e-06 0)
(0.00101073 -2.36051e-06 0)
(0.00100887 -2.72386e-06 -3.5092e-38)
(0.00100677 -3.01678e-06 0)
(0.0010044 -3.46772e-06 0)
(0.001 -2.86419e-08 0)
(0.00100004 -8.5832e-08 0)
(0.00100013 -1.42682e-07 0)
(0.00100026 -1.98947e-07 0)
(0.00100042 -2.5438e-07 0)
(0.00100064 -3.0874e-07 0)
(0.00100089 -3.61795e-07 0)
(0.00100118 -4.13321e-07 0)
(0.00100151 -4.63108e-07 0)
(0.00100187 -5.10959e-07 0)
(0.00100227 -5.56693e-07 0)
(0.00100271 -6.00137e-07 0)
(0.00100317 -6.41137e-07 0)
(0.00100367 -6.79548e-07 0)
(0.00100419 -7.15242e-07 0)
(0.00100474 -7.48093e-07 0)
(0.00100531 -7.77999e-07 0)
(0.00100591 -8.04849e-07 0)
(0.00100652 -8.2856e-07 0)
(0.00100715 -8.49028e-07 0)
(0.00100779 -8.66186e-07 0)
(0.00100845 -8.79926e-07 0)
(0.00100911 -8.90196e-07 0)
(0.00100978 -8.96874e-07 0)
(0.00101046 -8.99922e-07 0)
(0.00101113 -8.99187e-07 0)
(0.0010118 -8.94652e-07 0)
(0.00101247 -8.86112e-07 0)
(0.00101313 -8.73583e-07 0)
(0.00101378 -8.5678e-07 0)
(0.00101441 -8.35773e-07 0)
(0.00101503 -8.10154e-07 0)
(0.00101562 -7.80089e-07 0)
(0.00101619 -7.44974e-07 0)
(0.00101673 -7.05145e-07 0)
(0.00101724 -6.59697e-07 0)
(0.00101772 -6.0925e-07 0)
(0.00101815 -5.52427e-07 0)
(0.00101854 -4.90329e-07 0)
(0.00101888 -4.20838e-07 0)
(0.00101917 -3.45853e-07 0)
(0.00101939 -2.62088e-07 0)
(0.00101956 -1.72758e-07 0)
(0.00101965 -7.27058e-08 0)
(0.00101966 3.27124e-08 0)
(0.00101959 1.51689e-07 0)
(0.00101944 2.7547e-07 0)
(0.00101918 4.16977e-07 0)
(0.00101881 5.61702e-07 0)
(0.00101833 7.3024e-07 0)
(0.00101772 8.98736e-07 0)
(0.00101697 1.10024e-06 0)
(0.00101608 1.29561e-06 0)
(0.00101502 1.53812e-06 0)
(0.00101379 1.76353e-06 0)
(0.00101236 2.05809e-06 0)
(0.00101073 2.3162e-06 0)
(0.00100887 2.67803e-06 3.5092e-38)
(0.00100677 2.96934e-06 0)
(0.0010044 3.41862e-06 0)
(0.001 -8.66977e-08 0)
(0.00100005 -2.59756e-07 0)
(0.00100013 -4.31736e-07 0)
(0.00100026 -6.01889e-07 0)
(0.00100044 -7.69466e-07 0)
(0.00100065 -9.33729e-07 0)
(0.00100091 -1.09397e-06 0)
(0.00100121 -1.24951e-06 0)
(0.00100155 -1.39972e-06 0)
(0.00100193 -1.54401e-06 0)
(0.00100234 -1.68183e-06 0)
(0.00100279 -1.81267e-06 0)
(0.00100327 -1.93607e-06 0)
(0.00100378 -2.05161e-06 0)
(0.00100432 -2.15891e-06 0)
(0.00100488 -2.2576e-06 0)
(0.00100547 -2.34739e-06 0)
(0.00100608 -2.42795e-06 0)
(0.00100671 -2.49905e-06 0)
(0.00100736 -2.56038e-06 0)
(0.00100802 -2.61176e-06 0)
(0.0010087 -2.65287e-06 0)
(0.00100938 -2.68357e-06 0)
(0.00101007 -2.70352e-06 0)
(0.00101076 -2.71258e-06 0)
(0.00101146 -2.71034e-06 0)
(0.00101215 -2.69674e-06 0)
(0.00101284 -2.67119e-06 0)
(0.00101352 -2.63373e-06 0)
(0.00101419 -2.58355e-06 0)
(0.00101485 -2.52082e-06 0)
(0.00101549 -2.4444e-06 0)
(0.00101611 -2.35472e-06 0)
(0.0010167 -2.25008e-06 0)
(0.00101727 -2.13139e-06 0)
(0.00101781 -1.99609e-06 0)
(0.00101832 -1.84588e-06 0)
(0.00101878 -1.67689e-06 0)
(0.00101921 -1.49213e-06 0)
(0.00101958 -1.28567e-06 0)
(0.0010199 -1.06269e-06 0)
(0.00102017 -8.14024e-07 0)
(0.00102037 -5.48455e-07 0)
(0.00102051 -2.51637e-07 0)
(0.00102058 6.17071e-08 0)
(0.00102056 4.14195e-07 0)
(0.00102046 7.81471e-07 0)
(0.00102026 1.19976e-06 0)
(0.00101996 1.62877e-06 0)
(0.00101955 2.12608e-06 0)
(0.00101902 2.62533e-06 0)
(0.00101836 3.21874e-06 0)
(0.00101755 3.79743e-06 0)
(0.0010166 4.50992e-06 0)
(0.00101547 5.17761e-06 0)
(0.00101417 6.04057e-06 0)
(0.00101267 6.80554e-06 0)
(0.00101096 7.86204e-06 0)
(0.00100901 8.72683e-06 0)
(0.00100681 1.00335e-05 0)
(0.001 -1.47519e-07 0)
(0.00100005 -4.41951e-07 0)
(0.00100014 -7.34498e-07 0)
(0.00100028 -1.02386e-06 0)
(0.00100047 -1.30874e-06 0)
(0.0010007 -1.58785e-06 0)
(0.00100097 -1.85999e-06 0)
(0.00100129 -2.124e-06 0)
(0.00100165 -2.37879e-06 0)
(0.00100205 -2.62338e-06 0)
(0.00100249 -2.85686e-06 0)
(0.00100296 -3.07838e-06 0)
(0.00100347 -3.2872e-06 0)
(0.00100401 -3.48263e-06 0)
(0.00100458 -3.66406e-06 0)
(0.00100517 -3.83093e-06 0)
(0.00100579 -3.98275e-06 0)
(0.00100644 -4.11904e-06 0)
(0.0010071 -4.23942e-06 0)
(0.00100779 -4.34345e-06 0)
(0.00100849 -4.43082e-06 0)
(0.0010092 -4.50109e-06 0)
(0.00100992 -4.554e-06 0)
(0.00101065 -4.58905e-06 0)
(0.00101138 -4.60605e-06 0)
(0.00101212 -4.60435e-06 0)
(0.00101285 -4.58385e-06 0)
(0.00101358 -4.54367e-06 0)
(0.00101431 -4.48383e-06 0)
(0.00101502 -4.40313e-06 0)
(0.00101573 -4.30175e-06 0)
(0.00101642 -4.17801e-06 0)
(0.00101709 -4.03245e-06 0)
(0.00101774 -3.86258e-06 0)
(0.00101836 -3.66959e-06 0)
(0.00101895 -3.44976e-06 0)
(0.00101952 -3.20538e-06 0)
(0.00102005 -2.93083e-06 0)
(0.00102053 -2.63025e-06 0)
(0.00102098 -2.29506e-06 0)
(0.00102138 -1.93246e-06 0)
(0.00102172 -1.52921e-06 0)
(0.00102201 -1.09762e-06 0)
(0.00102223 -6.17049e-07 0)
(0.00102239 -1.08185e-07 0)
(0.00102247 4.61413e-07 0)
(0.00102248 1.05735e-06 0)
(0.0010224 1.73148e-06 0)
(0.00102222 2.42696e-06 0)
(0.00102195 3.226e-06 0)
(0.00102157 4.03482e-06 0)
(0.00102108 4.98479e-06 0)
(0.00102044 5.92204e-06 0)
(0.00101969 7.05759e-06 0)
(0.00101877 8.13929e-06 0)
(0.00101772 9.50733e-06 0)
(0.00101645 1.07483e-05 0)
(0.00101505 1.24124e-05 0)
(0.00101337 1.38201e-05 0)
(0.00101152 1.58622e-05 0)
(0.001 -2.13149e-07 0)
(0.00100005 -6.3853e-07 0)
(0.00100015 -1.06108e-06 0)
(0.00100031 -1.47886e-06 0)
(0.00100051 -1.88994e-06 0)
(0.00100076 -2.29242e-06 0)
(0.00100106 -2.68451e-06 0)
(0.00100141 -3.06452e-06 0)
(0.0010018 -3.43091e-06 0)
(0.00100223 -3.78225e-06 0)
(0.00100271 -4.11729e-06 0)
(0.00100322 -4.43486e-06 0)
(0.00100378 -4.73397e-06 0)
(0.00100436 -5.0137e-06 0)
(0.00100498 -5.27327e-06 0)
(0.00100562 -5.51195e-06 0)
(0.00100629 -5.72915e-06 0)
(0.00100699 -5.92427e-06 0)
(0.00100771 -6.09685e-06 0)
(0.00100844 -6.24638e-06 0)
(0.0010092 -6.37246e-06 0)
(0.00100997 -6.4746e-06 0)
(0.00101074 -6.55247e-06 0)
(0.00101153 -6.60548e-06 0)
(0.00101232 -6.63339e-06 0)
(0.00101312 -6.63544e-06 0)
(0.00101392 -6.61144e-06 0)
(0.00101471 -6.5604e-06 0)
(0.0010155 -6.4822e-06 0)
(0.00101629 -6.37549e-06 0)
(0.00101706 -6.24033e-06 0)
(0.00101782 -6.07478e-06 0)
(0.00101856 -5.87925e-06 0)
(0.00101929 -5.65092e-06 0)
(0.00101999 -5.39084e-06 0)
(0.00102067 -5.09484e-06 0)
(0.00102132 -4.76507e-06 0)
(0.00102194 -4.39533e-06 0)
(0.00102252 -3.98963e-06 0)
(0.00102307 -3.53858e-06 0)
(0.00102357 -3.0494e-06 0)
(0.00102403 -2.50765e-06 0)
(0.00102443 -1.9259e-06 0)
(0.00102478 -1.28176e-06 0)
(0.00102507 -5.96621e-07 0)
(0.0010253 1.64635e-07 0)
(0.00102546 9.66103e-07 0)
(0.00102555 1.86323e-06 0)
(0.00102555 2.79709e-06 0)
(0.00102549 3.85544e-06 0)
(0.00102531 4.94055e-06 0)
(0.00102505 6.19201e-06 0)
(0.00102466 7.44906e-06 0)
(0.00102419 8.93513e-06 0)
(0.00102355 1.03868e-05 0)
(0.00102285 1.21627e-05 0)
(0.00102191 1.38317e-05 0)
(0.00102092 1.5971e-05 0)
(0.00101962 1.78736e-05 0)
(0.00101826 2.04684e-05 0)
(0.001 -2.85982e-07 0)
(0.00100006 -8.5664e-07 0)
(0.00100017 -1.42329e-06 0)
(0.00100034 -1.9832e-06 0)
(0.00100057 -2.53364e-06 0)
(0.00100085 -3.07197e-06 0)
(0.00100119 -3.59571e-06 0)
(0.00100158 -4.10258e-06 0)
(0.00100202 -4.59051e-06 0)
(0.0010025 -5.05765e-06 0)
(0.00100303 -5.50239e-06 0)
(0.0010036 -5.92331e-06 0)
(0.00100421 -6.31918e-06 0)
(0.00100486 -6.68897e-06 0)
(0.00100554 -7.03177e-06 0)
(0.00100625 -7.34683e-06 0)
(0.00100699 -7.6335e-06 0)
(0.00100776 -7.8912e-06 0)
(0.00100855 -8.11945e-06 0)
(0.00100936 -8.31776e-06 0)
(0.00101018 -8.48575e-06 0)
(0.00101103 -8.62295e-06 0)
(0.00101188 -8.72902e-06 0)
(0.00101275 -8.80342e-06 0)
(0.00101362 -8.84582e-06 0)
(0.00101449 -8.85555e-06 0)
(0.00101537 -8.83227e-06 0)
(0.00101625 -8.77508e-06 0)
(0.00101713 -8.68364e-06 0)
(0.001018 -8.55672e-06 0)
(0.00101886 -8.39402e-06 0)
(0.00101971 -8.19383e-06 0)
(0.00102055 -7.956e-06 0)
(0.00102138 -7.67808e-06 0)
(0.00102218 -7.36029e-06 0)
(0.00102297 -6.9991e-06 0)
(0.00102373 -6.59539e-06 0)
(0.00102446 -6.14401e-06 0)
(0.00102517 -5.64711e-06 0)
(0.00102584 -5.09698e-06 0)
(0.00102647 -4.49798e-06 0)
(0.00102707 -3.83848e-06 0)
(0.00102763 -3.12663e-06 0)
(0.00102814 -2.34459e-06 0)
(0.0010286 -1.50691e-06 0)
(0.00102901 -5.85996e-07 0)
(0.00102935 3.92851e-07 0)
(0.00102966 1.47255e-06 0)
(0.00102988 2.61039e-06 0)
(0.00103006 3.87511e-06 0)
(0.00103013 5.19534e-06 0)
(0.00103016 6.67961e-06 0)
(0.00103006 8.20891e-06 0)
(0.00102995 9.95567e-06 0)
(0.00102965 1.17236e-05 0)
(0.00102936 1.37881e-05 0)
(0.00102882 1.5827e-05 0)
(0.00102834 1.82805e-05 0)
(0.00102748 2.06204e-05 0)
(0.00102671 2.35478e-05 0)
(0.001 -3.69021e-07 0)
(0.00100007 -1.10523e-06 0)
(0.0010002 -1.83585e-06 0)
(0.0010004 -2.55708e-06 0)
(0.00100066 -3.26513e-06 0)
(0.00100098 -3.95643e-06 0)
(0.00100137 -4.62766e-06 0)
(0.00100181 -5.27582e-06 0)
(0.00100231 -5.89832e-06 0)
(0.00100287 -6.49289e-06 0)
(0.00100347 -7.05762e-06 0)
(0.00100412 -7.59087e-06 0)
(0.00100481 -8.09134e-06 0)
(0.00100554 -8.55794e-06 0)
(0.0010063 -8.98982e-06 0)
(0.0010071 -9.3863e-06 0)
(0.00100793 -9.74683e-06 0)
(0.00100878 -1.0071e-05 0)
(0.00100966 -1.03584e-05 0)
(0.00101056 -1.06087e-05 0)
(0.00101148 -1.08217e-05 0)
(0.00101242 -1.0997e-05 0)
(0.00101337 -1.11343e-05 0)
(0.00101433 -1.12334e-05 0)
(0.0010153 -1.12937e-05 0)
(0.00101628 -1.1315e-05 0)
(0.00101726 -1.12967e-05 0)
(0.00101824 -1.12382e-05 0)
(0.00101922 -1.11388e-05 0)
(0.00102019 -1.09978e-05 0)
(0.00102117 -1.08142e-05 0)
(0.00102213 -1.05872e-05 0)
(0.00102308 -1.03154e-05 0)
(0.00102403 -9.99773e-06 0)
(0.00102495 -9.63273e-06 0)
(0.00102587 -9.21865e-06 0)
(0.00102676 -8.754e-06 0)
(0.00102763 -8.2364e-06 0)
(0.00102848 -7.66426e-06 0)
(0.0010293 -7.03434e-06 0)
(0.00103009 -6.3451e-06 0)
(0.00103086 -5.59203e-06 0)
(0.00103158 -4.77401e-06 0)
(0.00103228 -3.88458e-06 0)
(0.00103293 -2.92364e-06 0)
(0.00103356 -1.88169e-06 0)
(0.00103412 -7.60832e-07 0)
(0.00103466 4.532e-07 0)
(0.00103512 1.75386e-06 0)
(0.00103558 3.16391e-06 0)
(0.00103593 4.67048e-06 0)
(0.00103631 6.30943e-06 0)
(0.00103652 8.05435e-06 0)
(0.0010368 9.96119e-06 0)
(0.00103687 1.19816e-05 0)
(0.00103706 1.42041e-05 0)
(0.00103694 1.65439e-05 0)
(0.00103703 1.91401e-05 0)
(0.00103663 2.18469e-05 0)
(0.00103652 2.48798e-05 0)
(0.001 -4.66305e-07 0)
(0.00100008 -1.39632e-06 0)
(0.00100024 -2.31843e-06 0)
(0.00100047 -3.22725e-06 0)
(0.00100078 -4.11753e-06 0)
(0.00100116 -4.98438e-06 0)
(0.00100162 -5.82342e-06 0)
(0.00100214 -6.63095e-06 0)
(0.00100272 -7.40383e-06 0)
(0.00100337 -8.13959e-06 0)
(0.00100406 -8.83615e-06 0)
(0.00100481 -9.49192e-06 0)
(0.0010056 -1.01057e-05 0)
(0.00100644 -1.06765e-05 0)
(0.00100731 -1.12037e-05 0)
(0.00100822 -1.16871e-05 0)
(0.00100915 -1.21261e-05 0)
(0.00101012 -1.25208e-05 0)
(0.00101111 -1.28709e-05 0)
(0.00101213 -1.31765e-05 0)
(0.00101316 -1.34375e-05 0)
(0.00101421 -1.3654e-05 0)
(0.00101527 -1.38256e-05 0)
(0.00101635 -1.39526e-05 0)
(0.00101743 -1.40343e-05 0)
(0.00101852 -1.40709e-05 0)
(0.00101962 -1.40616e-05 0)
(0.00102072 -1.40065e-05 0)
(0.00102182 -1.39042e-05 0)
(0.00102292 -1.3755e-05 0)
(0.00102402 -1.3557e-05 0)
(0.00102512 -1.33105e-05 0)
(0.0010262 -1.30128e-05 0)
(0.00102728 -1.26647e-05 0)
(0.00102835 -1.22624e-05 0)
(0.0010294 -1.18072e-05 0)
(0.00103044 -1.12937e-05 0)
(0.00103147 -1.07246e-05 0)
(0.00103248 -1.00921e-05 0)
(0.00103347 -9.40067e-06 0)
(0.00103443 -8.6393e-06 0)
(0.00103539 -7.81556e-06 0)
(0.0010363 -6.91327e-06 0)
(0.0010372 -5.94506e-06 0)
(0.00103806 -4.88698e-06 0)
(0.00103892 -3.75961e-06 0)
(0.0010397 -2.5271e-06 0)
(0.00104051 -1.22265e-06 0)
(0.00104123 2.07411e-07 0)
(0.00104199 1.70873e-06 0)
(0.00104263 3.36217e-06 0)
(0.00104335 5.08168e-06 0)
(0.0010439 6.99229e-06 0)
(0.0010446 8.95908e-06 0)
(0.00104503 1.1175e-05 0)
(0.00104572 1.34245e-05 0)
(0.00104602 1.60052e-05 0)
(0.00104671 1.85718e-05 0)
(0.00104676 2.15878e-05 0)
(0.00104737 2.44974e-05 0)
(0.001 -5.83808e-07 0)
(0.0010001 -1.74743e-06 0)
(0.00100029 -2.89914e-06 0)
(0.00100057 -4.03106e-06 0)
(0.00100095 -5.13569e-06 0)
(0.00100142 -6.20634e-06 0)
(0.00100197 -7.23737e-06 0)
(0.00100259 -8.22433e-06 0)
(0.00100329 -9.16388e-06 0)
(0.00100405 -1.00537e-05 0)
(0.00100487 -1.08922e-05 0)
(0.00100575 -1.16786e-05 0)
(0.00100667 -1.24121e-05 0)
(0.00100763 -1.30925e-05 0)
(0.00100864 -1.37197e-05 0)
(0.00100968 -1.42938e-05 0)
(0.00101075 -1.48148e-05 0)
(0.00101185 -1.52832e-05 0)
(0.00101298 -1.56993e-05 0)
(0.00101413 -1.60635e-05 0)
(0.00101529 -1.63761e-05 0)
(0.00101647 -1.66375e-05 0)
(0.00101767 -1.68477e-05 0)
(0.00101888 -1.70073e-05 0)
(0.0010201 -1.71157e-05 0)
(0.00102133 -1.71735e-05 0)
(0.00102256 -1.71798e-05 0)
(0.0010238 -1.71354e-05 0)
(0.00102503 -1.70383e-05 0)
(0.00102628 -1.68898e-05 0)
(0.00102752 -1.6687e-05 0)
(0.00102875 -1.64319e-05 0)
(0.00102999 -1.61198e-05 0)
(0.00103122 -1.57541e-05 0)
(0.00103244 -1.5328e-05 0)
(0.00103366 -1.48469e-05 0)
(0.00103486 -1.43006e-05 0)
(0.00103606 -1.3698e-05 0)
(0.00103723 -1.30238e-05 0)
(0.00103841 -1.22925e-05 0)
(0.00103956 -1.14808e-05 0)
(0.00104071 -1.06122e-05 0)
(0.00104182 -9.65143e-06 0)
(0.00104295 -8.63588e-06 0)
(0.00104402 -7.51155e-06 0)
(0.00104512 -6.33817e-06 0)
(0.00104615 -5.03278e-06 0)
(0.00104723 -3.68997e-06 0)
(0.00104821 -2.18192e-06 0)
(0.00104928 -6.57596e-07 0)
(0.0010502 1.0808e-06 0)
(0.00105128 2.8002e-06 0)
(0.00105213 4.80952e-06 0)
(0.00105325 6.74263e-06 0)
(0.00105403 9.0793e-06 0)
(0.00105524 1.12404e-05 0)
(0.0010559 1.39726e-05 0)
(0.00105721 1.63658e-05 0)
(0.00105765 1.95873e-05 0)
(0.00105899 2.2203e-05 0)
(0.001 -7.32768e-07 0)
(0.00100013 -2.19177e-06 0)
(0.00100037 -3.63127e-06 0)
(0.00100074 -5.03858e-06 0)
(0.00100121 -6.40228e-06 0)
(0.0010018 -7.71305e-06 0)
(0.00100248 -8.964e-06 0)
(0.00100326 -1.01506e-05 0)
(0.00100411 -1.12703e-05 0)
(0.00100503 -1.2322e-05 0)
(0.00100601 -1.33056e-05 0)
(0.00100705 -1.42213e-05 0)
(0.00100813 -1.50699e-05 0)
(0.00100926 -1.58523e-05 0)
(0.00101043 -1.65694e-05 0)
(0.00101163 -1.72227e-05 0)
(0.00101286 -1.78131e-05 0)
(0.00101412 -1.83423e-05 0)
(0.0010154 -1.88112e-05 0)
(0.0010167 -1.92213e-05 0)
(0.00101802 -1.95732e-05 0)
(0.00101935 -1.98683e-05 0)
(0.0010207 -2.01068e-05 0)
(0.00102206 -2.02899e-05 0)
(0.00102343 -2.04171e-05 0)
(0.00102481 -2.04898e-05 0)
(0.00102619 -2.05066e-05 0)
(0.00102758 -2.04693e-05 0)
(0.00102897 -2.03752e-05 0)
(0.00103037 -2.02268e-05 0)
(0.00103176 -2.00199e-05 0)
(0.00103316 -1.97584e-05 0)
(0.00103455 -1.94354e-05 0)
(0.00103595 -1.90574e-05 0)
(0.00103734 -1.86138e-05 0)
(0.00103873 -1.81151e-05 0)
(0.0010401 -1.75449e-05 0)
(0.00104148 -1.69204e-05 0)
(0.00104284 -1.6216e-05 0)
(0.00104421 -1.54597e-05 0)
(0.00104555 -1.4612e-05 0)
(0.00104691 -1.37175e-05 0)
(0.00104823 -1.27148e-05 0)
(0.00104958 -1.16753e-05 0)
(0.00105086 -1.05035e-05 0)
(0.00105221 -9.31237e-06 0)
(0.00105346 -7.95307e-06 0)
(0.00105481 -6.60405e-06 0)
(0.00105602 -5.03296e-06 0)
(0.00105739 -3.52071e-06 0)
(0.00105856 -1.70442e-06 0)
(0.00106 -2.68392e-08 0)
(0.00106114 2.07676e-06 0)
(0.00106268 3.90801e-06 0)
(0.00106376 6.34894e-06 0)
(0.00106546 8.30772e-06 0)
(0.00106643 1.11674e-05 0)
(0.00106835 1.32206e-05 0)
(0.00106909 1.66323e-05 0)
(0.00107119 1.87221e-05 0)
(0.001 -9.27178e-07 0)
(0.00100017 -2.7728e-06 0)
(0.00100051 -4.59125e-06 0)
(0.001001 -6.36362e-06 0)
(0.00100165 -8.07246e-06 0)
(0.00100242 -9.70389e-06 0)
(0.00100331 -1.12487e-05 0)
(0.0010043 -1.27019e-05 0)
(0.00100537 -1.4062e-05 0)
(0.00100651 -1.53296e-05 0)
(0.0010077 -1.6506e-05 0)
(0.00100895 -1.75931e-05 0)
(0.00101024 -1.85933e-05 0)
(0.00101158 -1.95092e-05 0)
(0.00101294 -2.03434e-05 0)
(0.00101434 -2.1099e-05 0)
(0.00101576 -2.17788e-05 0)
(0.0010172 -2.23857e-05 0)
(0.00101866 -2.29222e-05 0)
(0.00102014 -2.33909e-05 0)
(0.00102163 -2.37933e-05 0)
(0.00102313 -2.41318e-05 0)
(0.00102465 -2.44071e-05 0)
(0.00102617 -2.46213e-05 0)
(0.00102771 -2.47743e-05 0)
(0.00102925 -2.4868e-05 0)
(0.00103079 -2.49014e-05 0)
(0.00103235 -2.48768e-05 0)
(0.0010339 -2.47915e-05 0)
(0.00103546 -2.46487e-05 0)
(0.00103702 -2.44437e-05 0)
(0.00103859 -2.41816e-05 0)
(0.00104015 -2.38545e-05 0)
(0.00104172 -2.34708e-05 0)
(0.00104329 -2.30177e-05 0)
(0.00104486 -2.25091e-05 0)
(0.00104641 -2.19248e-05 0)
(0.00104798 -2.12875e-05 0)
(0.00104953 -2.05653e-05 0)
(0.0010511 -1.97952e-05 0)
(0.00105264 -1.89267e-05 0)
(0.00105421 -1.802e-05 0)
(0.00105573 -1.69953e-05 0)
(0.0010573 -1.5949e-05 0)
(0.00105881 -1.47555e-05 0)
(0.0010604 -1.35682e-05 0)
(0.00106188 -1.21898e-05 0)
(0.0010635 -1.08635e-05 0)
(0.00106496 -9.27929e-06 0)
(0.00106664 -7.82162e-06 0)
(0.00106806 -6.00465e-06 0)
(0.00106983 -4.43374e-06 0)
(0.00107119 -2.34803e-06 0)
(0.00107309 -6.94915e-07 0)
(0.00107436 1.71798e-06 0)
(0.00107648 3.41403e-06 0)
(0.00107764 6.25665e-06 0)
(0.0010801 7.93825e-06 0)
(0.00108103 1.1358e-05 0)
(0.00108382 1.2923e-05 0)
(0.001 -1.15323e-06 0)
(0.00100023 -3.43229e-06 0)
(0.00100067 -5.64584e-06 0)
(0.00100134 -7.76219e-06 0)
(0.0010022 -9.75997e-06 0)
(0.00100323 -1.16289e-05 0)
(0.00100441 -1.33676e-05 0)
(0.00100569 -1.49802e-05 0)
(0.00100705 -1.64727e-05 0)
(0.00100848 -1.78512e-05 0)
(0.00100996 -1.91212e-05 0)
(0.00101149 -2.02874e-05 0)
(0.00101305 -2.13548e-05 0)
(0.00101465 -2.23281e-05 0)
(0.00101627 -2.32123e-05 0)
(0.0010179 -2.40122e-05 0)
(0.00101956 -2.47324e-05 0)
(0.00102123 -2.53766e-05 0)
(0.0010229 -2.59483e-05 0)
(0.00102459 -2.64503e-05 0)
(0.00102629 -2.6885e-05 0)
(0.00102799 -2.72543e-05 0)
(0.0010297 -2.75597e-05 0)
(0.00103141 -2.78027e-05 0)
(0.00103313 -2.7984e-05 0)
(0.00103485 -2.81047e-05 0)
(0.00103658 -2.81644e-05 0)
(0.00103831 -2.81643e-05 0)
(0.00104004 -2.81028e-05 0)
(0.00104178 -2.79816e-05 0)
(0.00104352 -2.77975e-05 0)
(0.00104526 -2.75535e-05 0)
(0.001047 -2.7244e-05 0)
(0.00104874 -2.68745e-05 0)
(0.00105048 -2.64353e-05 0)
(0.00105222 -2.59369e-05 0)
(0.00105397 -2.53627e-05 0)
(0.0010557 -2.47317e-05 0)
(0.00105744 -2.40159e-05 0)
(0.00105918 -2.32491e-05 0)
(0.00106091 -2.23838e-05 0)
(0.00106264 -2.14789e-05 0)
(0.00106437 -2.04547e-05 0)
(0.0010661 -1.94113e-05 0)
(0.00106782 -1.82166e-05 0)
(0.00106956 -1.70385e-05 0)
(0.00107127 -1.56586e-05 0)
(0.00107301 -1.43556e-05 0)
(0.00107471 -1.27712e-05 0)
(0.00107648 -1.13631e-05 0)
(0.00107816 -9.54656e-06 0)
(0.00108 -8.06695e-06 0)
(0.00108166 -5.97562e-06 0)
(0.00108363 -4.47809e-06 0)
(0.00108528 -2.04576e-06 0)
(0.00108748 -6.20385e-07 0)
(0.00108911 2.24469e-06 0)
(0.00109162 3.44481e-06 0)
(0.00109312 6.88134e-06 0)
(0.00109594 7.63733e-06 0)
(0.00100001 -1.74169e-06 0)
(0.00100047 -5.15956e-06 0)
(0.00100128 -8.4206e-06 0)
(0.00100239 -1.14485e-05 0)
(0.00100374 -1.42024e-05 0)
(0.00100526 -1.66794e-05 0)
(0.00100689 -1.8901e-05 0)
(0.00100858 -2.08972e-05 0)
(0.00101033 -2.2695e-05 0)
(0.00101212 -2.43151e-05 0)
(0.00101394 -2.57732e-05 0)
(0.00101578 -2.70821e-05 0)
(0.00101764 -2.82541e-05 0)
(0.00101951 -2.93012e-05 0)
(0.00102139 -3.02351e-05 0)
(0.00102327 -3.10658e-05 0)
(0.00102515 -3.18027e-05 0)
(0.00102702 -3.24524e-05 0)
(0.0010289 -3.30215e-05 0)
(0.00103077 -3.35141e-05 0)
(0.00103263 -3.3935e-05 0)
(0.00103449 -3.42865e-05 0)
(0.00103635 -3.45724e-05 0)
(0.0010382 -3.47933e-05 0)
(0.00104006 -3.49526e-05 0)
(0.00104189 -3.5049e-05 0)
(0.00104374 -3.5086e-05 0)
(0.00104556 -3.50605e-05 0)
(0.0010474 -3.49767e-05 0)
(0.00104921 -3.48295e-05 0)
(0.00105103 -3.46241e-05 0)
(0.00105282 -3.43532e-05 0)
(0.00105464 -3.4024e-05 0)
(0.00105641 -3.36264e-05 0)
(0.00105823 -3.317e-05 0)
(0.00105996 -3.26414e-05 0)
(0.00106178 -3.20537e-05 0)
(0.00106348 -3.13898e-05 0)
(0.0010653 -3.06661e-05 0)
(0.00106696 -2.98625e-05 0)
(0.0010688 -2.89977e-05 0)
(0.0010704 -2.80507e-05 0)
(0.00107227 -2.70392e-05 0)
(0.0010738 -2.59466e-05 0)
(0.00107573 -2.47821e-05 0)
(0.00107716 -2.35447e-05 0)
(0.0010792 -2.22194e-05 0)
(0.0010805 -2.08432e-05 0)
(0.00108268 -1.93469e-05 0)
(0.00108381 -1.7848e-05 0)
(0.00108622 -1.61668e-05 0)
(0.00108711 -1.45799e-05 0)
(0.00108985 -1.2696e-05 0)
(0.0010904 -1.10895e-05 0)
(0.0010936 -8.98004e-06 0)
(0.00109366 -7.4796e-06 0)
(0.00109753 -5.10941e-06 0)
(0.00109689 -3.92139e-06 0)
(0.00110169 -1.20387e-06 0)
(0.00110001 -6.16094e-07 0)
(0.000999989 -1.96262e-06 0)
(0.00100078 -5.76419e-06 0)
(0.00100224 -9.28931e-06 0)
(0.00100423 -1.24541e-05 0)
(0.00100654 -1.52559e-05 0)
(0.00100897 -1.77397e-05 0)
(0.00101139 -1.99604e-05 0)
(0.00101376 -2.19608e-05 0)
(0.00101607 -2.37684e-05 0)
(0.00101833 -2.53996e-05 0)
(0.00102055 -2.68679e-05 0)
(0.00102272 -2.81863e-05 0)
(0.00102483 -2.93696e-05 0)
(0.00102688 -3.04313e-05 0)
(0.00102887 -3.13841e-05 0)
(0.00103078 -3.22376e-05 0)
(0.00103264 -3.3e-05 0)
(0.00103442 -3.36769e-05 0)
(0.00103615 -3.4274e-05 0)
(0.00103781 -3.47945e-05 0)
(0.00103942 -3.52429e-05 0)
(0.00104096 -3.56206e-05 0)
(0.00104246 -3.59317e-05 0)
(0.00104389 -3.61751e-05 0)
(0.00104529 -3.63555e-05 0)
(0.00104661 -3.64693e-05 0)
(0.00104791 -3.65224e-05 0)
(0.00104912 -3.65081e-05 0)
(0.00105033 -3.64349e-05 0)
(0.00105143 -3.62919e-05 0)
(0.00105256 -3.60922e-05 0)
(0.00105356 -3.58182e-05 0)
(0.00105462 -3.54909e-05 0)
(0.00105551 -3.50826e-05 0)
(0.00105653 -3.46266e-05 0)
(0.0010573 -3.40795e-05 0)
(0.00105829 -3.34943e-05 0)
(0.00105893 -3.2803e-05 0)
(0.00105995 -3.20891e-05 0)
(0.00106042 -3.12472e-05 0)
(0.00106152 -3.04071e-05 0)
(0.00106179 -2.94067e-05 0)
(0.00106306 -2.84459e-05 0)
(0.00106304 -2.72768e-05 0)
(0.0010646 -2.62044e-05 0)
(0.00106417 -2.48539e-05 0)
(0.00106623 -2.36842e-05 0)
(0.00106517 -2.21364e-05 0)
(0.00106802 -2.08902e-05 0)
(0.00106602 -1.91272e-05 0)
(0.00107008 -1.78337e-05 0)
(0.00106661 -1.58397e-05 0)
(0.00107255 -1.45378e-05 0)
(0.00106682 -1.23128e-05 0)
(0.00107563 -1.10523e-05 0)
(0.00106641 -8.64877e-06 0)
(0.00107957 -7.49064e-06 0)
(0.00106499 -5.10913e-06 0)
(0.00108482 -4.08307e-06 0)
(0.0010621 -2.22833e-06 0)
(0.00100003 -5.80204e-06 0)
(0.00100172 -1.49921e-05 0)
(0.00100423 -2.15223e-05 0)
(0.00100706 -2.60847e-05 0)
(0.00100979 -2.94422e-05 0)
(0.00101219 -3.21229e-05 0)
(0.00101421 -3.43744e-05 0)
(0.00101589 -3.62834e-05 0)
(0.00101726 -3.78822e-05 0)
(0.00101837 -3.92017e-05 0)
(0.00101923 -4.0283e-05 0)
(0.00101981 -4.11721e-05 0)
(0.00102014 -4.19095e-05 0)
(0.0010202 -4.25253e-05 0)
(0.00102001 -4.30394e-05 0)
(0.00101958 -4.34645e-05 0)
(0.00101892 -4.38093e-05 0)
(0.00101805 -4.40805e-05 0)
(0.00101699 -4.42837e-05 0)
(0.00101573 -4.44235e-05 0)
(0.00101429 -4.45037e-05 0)
(0.00101267 -4.45269e-05 0)
(0.00101091 -4.44951e-05 0)
(0.00100897 -4.44093e-05 0)
(0.00100691 -4.42708e-05 0)
(0.0010047 -4.40794e-05 0)
(0.00100239 -4.38361e-05 0)
(0.000999933 -4.35397e-05 0)
(0.000997405 -4.3192e-05 0)
(0.00099474 -4.279e-05 0)
(0.00099204 -4.23372e-05 0)
(0.000989197 -4.18278e-05 0)
(0.000986372 -4.1269e-05 0)
(0.000983378 -4.06499e-05 0)
(0.000980482 -3.99845e-05 0)
(0.000977358 -3.9253e-05 0)
(0.000974455 -3.84815e-05 0)
(0.000971213 -3.76339e-05 0)
(0.000968384 -3.67589e-05 0)
(0.000965015 -3.57904e-05 0)
(0.000962373 -3.48177e-05 0)
(0.00095883 -3.37201e-05 0)
(0.000956541 -3.26607e-05 0)
(0.000952713 -3.14199e-05 0)
(0.00095103 -3.02939e-05 0)
(0.000946694 -2.8884e-05 0)
(0.000946021 -2.77255e-05 0)
(0.000940753 -2.60988e-05 0)
(0.000941758 -2.49667e-05 0)
(0.000934786 -2.30363e-05 0)
(0.000938581 -2.20301e-05 0)
(0.000928522 -1.96415e-05 0)
(0.000936992 -1.89269e-05 0)
(0.000921399 -1.58167e-05 0)
(0.000937731 -1.56539e-05 0)
(0.000912306 -1.1412e-05 0)
(0.000941919 -1.21344e-05 0)
(0.000899204 -6.2914e-06 0)
(0.000951453 -7.9204e-06 0)
(0.00087895 -8.71367e-07 0)
(0.000992484 -4.94184e-06 0)
(0.000990038 -1.24575e-05 0)
(0.000986873 -1.74788e-05 0)
(0.000980501 -2.06624e-05 0)
(0.000971089 -2.27453e-05 0)
(0.000959799 -2.42388e-05 0)
(0.0009477 -2.53777e-05 0)
(0.000935324 -2.62368e-05 0)
(0.000922816 -2.68404e-05 0)
(0.000910153 -2.72136e-05 0)
(0.00089729 -2.7394e-05 0)
(0.000884224 -2.74246e-05 0)
(0.000870991 -2.73434e-05 0)
(0.000857646 -2.71784e-05 0)
(0.000844241 -2.69478e-05 0)
(0.000830814 -2.66633e-05 0)
(0.00081739 -2.63328e-05 0)
(0.000803989 -2.59629e-05 0)
(0.000790625 -2.55591e-05 0)
(0.000777313 -2.51264e-05 0)
(0.00076407 -2.46683e-05 0)
(0.000750909 -2.41881e-05 0)
(0.000737845 -2.36878e-05 0)
(0.000724892 -2.31694e-05 0)
(0.000712064 -2.26336e-05 0)
(0.000699372 -2.2082e-05 0)
(0.00068683 -2.15147e-05 0)
(0.00067445 -2.09332e-05 0)
(0.000662245 -2.03369e-05 0)
(0.000650227 -1.97276e-05 0)
(0.000638409 -1.91038e-05 0)
(0.000626801 -1.84682e-05 0)
(0.00061542 -1.78182e-05 0)
(0.000604275 -1.71578e-05 0)
(0.000593381 -1.64825e-05 0)
(0.000582746 -1.5799e-05 0)
(0.000572391 -1.50998e-05 0)
(0.000562317 -1.43957e-05 0)
(0.00055255 -1.36738e-05 0)
(0.000543085 -1.29523e-05 0)
(0.000533959 -1.22093e-05 0)
(0.000525147 -1.14748e-05 0)
(0.000516715 -1.07114e-05 0)
(0.000508594 -9.96974e-06 0)
(0.00050092 -9.18526e-06 0)
(0.000493512 -8.44353e-06 0)
(0.000486679 -7.634e-06 0)
(0.000479964 -6.89912e-06 0)
(0.000474133 -6.0557e-06 0)
(0.000467969 -5.3262e-06 0)
(0.00046352 -4.44027e-06 0)
(0.000457399 -3.66905e-06 0)
(0.000455388 -2.77894e-06 0)
(0.000447673 -1.71731e-06 0)
(0.000451234 -1.14948e-06 0)
(0.000436848 1.26686e-06 0)
(0.000455278 -1.10951e-07 0)
(0.000419306 7.73004e-06 0)
(0.000477674 -2.03387e-06 0)
(0.000382938 2.44887e-05 0)
(0.000527627 -1.17253e-05 -8.78425e-25)
(0.000669297 -9.6861e-06 -5.72872e-23)
(0.000788864 -1.39833e-05 -3.58743e-24)
(0.000889599 -1.80996e-05 -5.51599e-23)
(0.000973578 -2.17624e-05 0)
(0.0010417 -2.47482e-05 7.34967e-24)
(0.00109445 -2.73414e-05 5.38054e-23)
(0.00113214 -3.00986e-05 0)
(0.00115539 -3.37276e-05 -7.91922e-24)
(0.00116525 -3.87455e-05 8.34959e-23)
(0.00116375 -4.5589e-05 6.95245e-23)
(0.00115404 -5.44631e-05 6.31754e-23)
(0.00113996 -6.53457e-05 -5.62864e-23)
(0.0011264 -7.82125e-05 3.94909e-23)
(0.00111677 -9.27314e-05 3.91209e-23)
(0.000966353 6.62645e-07 0)
(0.00105149 1.84996e-07 6.06843e-23)
(0.00112179 3.30178e-08 5.83066e-23)
(0.00117534 -5.33566e-07 1.20367e-22)
(0.00121144 -2.2613e-06 -5.42141e-23)
(0.00123044 -5.87948e-06 5.53073e-23)
(0.00123327 -1.18991e-05 2.54275e-24)
(0.00122169 -2.05254e-05 7.47406e-23)
(0.00119863 -3.16072e-05 -6.86035e-23)
(0.00116823 -4.45889e-05 -7.68046e-23)
(0.00113628 -5.8885e-05 -1.43765e-22)
(0.00110863 -7.38112e-05 -7.30367e-23)
(0.00109065 -8.9047e-05 8.53351e-23)
(0.00108514 -0.000104261 -1.70621e-22)
(0.00109022 -0.000119262 -2.09464e-23)
(0.00110142 -0.000134203 -5.08142e-24)
(0.00110913 -0.000149021 2.28193e-23)
(0.00110709 -0.00016497 1.80842e-23)
(0.00109312 -0.000182878 7.32737e-23)
(0.00107006 -0.000204001 1.31264e-22)
(0.00105945 -0.00023138 -2.84135e-23)
(0.00106078 -0.000261994 0)
(0.00105038 -0.000294247 -1.61936e-23)
(0.00103178 -0.000332426 1.71162e-23)
(0.00101487 -0.00038134 -1.37861e-22)
(0.000996935 -0.000437204 0)
(0.000973648 -0.000513011 0)
(0.00094087 -0.000607943 -1.53093e-22)
(0.000937836 -0.000725109 -1.40323e-22)
(0.000732585 -0.00081729 6.46706e-23)
(0.00109137 1.04648e-06 0)
(0.00111135 -6.48721e-07 -1.8781e-24)
(0.00111977 -4.01715e-06 -5.89285e-23)
(0.00111718 -9.58047e-06 -6.53883e-23)
(0.00110512 -1.73935e-05 9.87597e-23)
(0.00108659 -2.71762e-05 -8.88237e-23)
(0.00106558 -3.8254e-05 -7.38596e-23)
(0.00104688 -4.97471e-05 -1.02432e-22)
(0.00103489 -6.06291e-05 3.34436e-23)
(0.00103277 -7.02844e-05 3.72677e-23)
(0.00104142 -7.8658e-05 8.37123e-23)
(0.00105874 -8.62443e-05 -9.75369e-24)
(0.00108098 -9.38632e-05 1.02375e-23)
(0.00110166 -0.000102066 7.28143e-23)
(0.00111498 -0.000111573 -4.61463e-23)
(0.00111561 -0.000122663 1.03357e-22)
(0.00110144 -0.000136018 -1.23365e-23)
(0.00107864 -0.000152606 1.27968e-22)
(0.00105492 -0.000172468 -2.75673e-23)
(0.00104441 -0.000196622 0)
(0.00105044 -0.000223796 -1.58285e-23)
(0.00104582 -0.000250379 -5.33408e-23)
(0.00102343 -0.000281042 1.81527e-23)
(0.00100324 -0.000320054 -1.92147e-23)
(0.000985955 -0.00036816 0)
(0.000962622 -0.000423856 0)
(0.000934324 -0.000499155 0)
(0.000893222 -0.000587664 -1.02764e-22)
(0.000876223 -0.000718515 1.65226e-22)
(0.000664148 -0.000797199 -6.7252e-23)
(0.00110604 -2.69692e-06 0)
(0.00110839 -7.02796e-06 0)
(0.00110841 -1.25074e-05 -3.94867e-24)
(0.00110772 -1.89889e-05 4.0568e-24)
(0.00110798 -2.60628e-05 -2.84949e-23)
(0.00111053 -3.32013e-05 2.92174e-23)
(0.00111619 -4.00495e-05 0)
(0.00112488 -4.65326e-05 3.54418e-23)
(0.00113525 -5.29344e-05 -1.57065e-24)
(0.0011451 -5.98697e-05 -6.75936e-23)
(0.00115129 -6.79268e-05 -6.11693e-23)
(0.00115101 -7.76162e-05 2.09314e-23)
(0.0011419 -8.90515e-05 -1.08928e-23)
(0.00112319 -0.000102246 -4.69982e-23)
(0.00109703 -0.000117093 4.68747e-23)
(0.00106745 -0.000133464 -6.47912e-23)
(0.00104268 -0.000151574 -4.16894e-23)
(0.00102941 -0.000171103 0)
(0.00102944 -0.000191855 -6.22609e-23)
(0.00103809 -0.000213791 0)
(0.00103596 -0.000235871 0)
(0.00101148 -0.000260282 7.15519e-23)
(0.00098502 -0.000292434 0)
(0.000968246 -0.000331796 9.07878e-23)
(0.000947293 -0.000377819 -9.87311e-23)
(0.000917969 -0.000431371 1.07295e-22)
(0.00088143 -0.000503599 2.68876e-23)
(0.000835743 -0.00058667 2.27839e-22)
(0.000799874 -0.000714584 -1.55175e-22)
(0.000583286 -0.000767861 -8.10972e-23)
(0.00109705 -1.19171e-05 3.17487e-23)
(0.00109677 -1.68112e-05 0)
(0.00109578 -2.21605e-05 0)
(0.00109447 -2.79176e-05 4.21038e-24)
(0.00109291 -3.40124e-05 -4.3303e-24)
(0.00109075 -4.04274e-05 3.63164e-23)
(0.00108743 -4.72934e-05 -3.75022e-23)
(0.00108213 -5.48222e-05 0)
(0.00107423 -6.33027e-05 3.85625e-23)
(0.00106336 -7.28487e-05 4.00013e-23)
(0.00104989 -8.33797e-05 4.16217e-23)
(0.00103527 -9.45685e-05 0)
(0.0010217 -0.000105979 0)
(0.00101233 -0.000117333 5.99278e-23)
(0.00100953 -0.000128605 -1.27423e-23)
(0.00101443 -0.000140249 1.08635e-22)
(0.00102546 -0.000152816 5.59027e-23)
(0.00103678 -0.000166723 6.32665e-23)
(0.00104145 -0.000182553 6.33872e-23)
(0.00103117 -0.000200473 7.2837e-23)
(0.00100322 -0.000221544 -1.91994e-23)
(0.000972482 -0.000248374 4.10189e-23)
(0.00095541 -0.000282041 7.0612e-23)
(0.000940155 -0.000319519 -9.29762e-23)
(0.000912796 -0.000362463 2.12312e-22)
(0.000876961 -0.0004147 -1.10267e-22)
(0.000835852 -0.000483796 -1.33456e-22)
(0.000782663 -0.000563044 5.0776e-23)
(0.000731394 -0.000691673 -5.81688e-23)
(0.000513125 -0.000730339 2.47264e-22)
(0.0010842 -1.71525e-05 -3.10102e-23)
(0.00108356 -2.18245e-05 -3.47241e-23)
(0.00108226 -2.68264e-05 0)
(0.00108056 -3.2193e-05 0)
(0.00107862 -3.79488e-05 0)
(0.0010765 -4.41356e-05 -3.20027e-23)
(0.00107426 -5.07727e-05 2.33955e-23)
(0.00107199 -5.7869e-05 9.97987e-24)
(0.00107001 -6.53732e-05 0)
(0.00106866 -7.31849e-05 3.33551e-23)
(0.00106846 -8.1223e-05 1.12353e-23)
(0.00106953 -8.94937e-05 -1.18639e-23)
(0.00107172 -9.82282e-05 1.23073e-23)
(0.00107394 -0.000107843 -1.31199e-23)
(0.0010743 -0.000118867 2.75259e-23)
(0.00107036 -0.000131746 -2.57981e-23)
(0.00105924 -0.000146604 7.93167e-23)
(0.00103923 -0.000163487 -4.74902e-23)
(0.00101114 -0.000182317 5.57316e-23)
(0.000979148 -0.000203359 -7.41489e-23)
(0.000952707 -0.000227371 6.459e-23)
(0.000939294 -0.000255049 1.15376e-22)
(0.000930058 -0.000285579 -9.45737e-23)
(0.000906534 -0.000318482 -1.12301e-22)
(0.000869912 -0.00035876 -1.13769e-22)
(0.000830126 -0.000408943 0)
(0.000783072 -0.000473398 1.37285e-22)
(0.000723345 -0.000548321 -1.49303e-22)
(0.000655891 -0.000667522 -2.3228e-23)
(0.000439031 -0.000685875 -1.46101e-22)
(0.00107143 -2.28955e-05 0)
(0.00107065 -2.74531e-05 -1.00772e-24)
(0.00106915 -3.23115e-05 2.21853e-24)
(0.00106719 -3.74863e-05 2.29716e-24)
(0.00106496 -4.29975e-05 -4.71159e-24)
(0.00106253 -4.88604e-05 -3.97919e-23)
(0.00105983 -5.50862e-05 0)
(0.00105678 -6.16887e-05 0)
(0.00105319 -6.86908e-05 -4.46738e-23)
(0.00104886 -7.61588e-05 -3.32099e-23)
(0.00104349 -8.42106e-05 -6.06945e-23)
(0.00103663 -9.30244e-05 -1.26013e-23)
(0.00102786 -0.000102806 1.30785e-23)
(0.00101666 -0.000113686 1.40141e-23)
(0.001003 -0.000125676 -7.49697e-23)
(0.000987302 -0.000138587 -1.2424e-23)
(0.000971011 -0.000152232 -4.83534e-23)
(0.000956316 -0.000166504 0)
(0.000945551 -0.00018177 -7.45091e-23)
(0.000939813 -0.000198795 -8.55311e-23)
(0.000937036 -0.000218465 -8.71106e-23)
(0.000929546 -0.00024124 -2.21802e-22)
(0.000906786 -0.000267039 2.6538e-23)
(0.000868369 -0.000297887 1.14723e-22)
(0.000828338 -0.0003375 0)
(0.000786956 -0.000385559 0)
(0.00073519 -0.000445168 0)
(0.000667552 -0.000515028 0)
(0.000587262 -0.000626328 -2.36919e-23)
(0.000373254 -0.000633397 0)
(0.00105895 -2.60774e-05 -1.0867e-24)
(0.0010579 -3.02701e-05 3.6333e-23)
(0.00105613 -3.47235e-05 0)
(0.00105386 -3.94427e-05 0)
(0.00105128 -4.44424e-05 0)
(0.00104844 -4.97438e-05 8.16858e-23)
(0.00104531 -5.53741e-05 0)
(0.00104179 -6.13667e-05 0)
(0.00103781 -6.77624e-05 -1.83645e-24)
(0.00103329 -7.46164e-05 0)
(0.0010282 -8.19818e-05 4.93086e-23)
(0.00102256 -8.99145e-05 -6.74932e-23)
(0.00101647 -9.84329e-05 1.38544e-23)
(0.00101007 -0.000107555 -6.04633e-23)
(0.0010036 -0.000117289 6.1102e-23)
(0.000997104 -0.000127758 -1.33453e-22)
(0.000990511 -0.000139238 0)
(0.000982892 -0.000152234 -7.8724e-23)
(0.000972786 -0.000167366 0)
(0.000957544 -0.000185072 1.09645e-22)
(0.000934423 -0.000205547 8.32227e-25)
(0.000901388 -0.000228621 1.04549e-22)
(0.000861043 -0.000254834 -2.89815e-23)
(0.000822046 -0.00028602 3.33371e-23)
(0.000787049 -0.000323398 -3.56888e-23)
(0.000743516 -0.000366309 4.15622e-23)
(0.000684478 -0.000419111 -4.49662e-23)
(0.000609609 -0.000483134 0)
(0.000517804 -0.000581588 2.16295e-22)
(0.000308979 -0.000575329 0)
(0.00104696 -2.80764e-05 0)
(0.0010456 -3.19255e-05 1.16008e-24)
(0.00104353 -3.60131e-05 2.06102e-23)
(0.00104095 -4.03374e-05 -2.46621e-24)
(0.00103803 -4.49117e-05 -5.14772e-24)
(0.00103481 -4.97592e-05 -3.65658e-23)
(0.00103126 -5.4912e-05 0)
(0.00102729 -6.04036e-05 0)
(0.0010228 -6.62738e-05 4.12453e-23)
(0.00101769 -7.25614e-05 1.26336e-23)
(0.0010119 -7.93148e-05 -6.58566e-24)
(0.0010053 -8.65833e-05 2.61579e-23)
(0.000997776 -9.44372e-05 -3.01207e-23)
(0.000989136 -0.000102969 7.68681e-23)
(0.000979112 -0.00011232 -1.64516e-23)
(0.000967297 -0.000122678 6.92076e-23)
(0.000953239 -0.00013425 1.96678e-23)
(0.000936351 -0.000147228 7.9127e-23)
(0.00091636 -0.000161642 2.18202e-23)
(0.000893173 -0.000177472 0)
(0.00086794 -0.000194728 -2.72268e-23)
(0.000841913 -0.000213832 -2.83551e-23)
(0.0008171 -0.000236051 0)
(0.000791251 -0.000262702 0)
(0.000756183 -0.00029417 2.03283e-23)
(0.000703361 -0.00033125 -9.15396e-23)
(0.000637201 -0.000378656 -2.48e-23)
(0.000556248 -0.000436637 2.90002e-23)
(0.00045594 -0.000523126 1.9363e-25)
(0.000252443 -0.000510416 -3.56155e-23)
(0.00103566 -2.80535e-05 0)
(0.00103395 -3.14438e-05 0)
(0.00103157 -3.50401e-05 5.52246e-25)
(0.00102869 -3.88349e-05 2.08041e-23)
(0.00102543 -4.28379e-05 0)
(0.00102183 -4.70731e-05 0)
(0.00101784 -5.15699e-05 -5.79788e-24)
(0.00101339 -5.63621e-05 -1.84758e-23)
(0.00100838 -6.14821e-05 2.56081e-23)
(0.00100271 -6.69666e-05 -6.65436e-24)
(0.000996312 -7.28549e-05 6.89601e-24)
(0.000989071 -7.91955e-05 2.13365e-23)
(0.000980911 -8.60473e-05 3.80603e-23)
(0.000971688 -9.34804e-05 8.31951e-24)
(0.000961304 -0.000101579 -4.44411e-23)
(0.000949587 -0.000110429 0)
(0.000936458 -0.000120123 1.78042e-24)
(0.00092175 -0.000130756 0)
(0.000905427 -0.000142481 1.19641e-23)
(0.000887163 -0.00015557 -2.56571e-23)
(0.000866579 -0.000170522 5.41728e-23)
(0.000842227 -0.000188091 -4.82186e-23)
(0.000812264 -0.000209018 0)
(0.000772705 -0.000233543 0)
(0.000721228 -0.000261887 0)
(0.000659139 -0.000295535 1.94159e-22)
(0.000590292 -0.0003375 -2.82229e-23)
(0.000505471 -0.000387891 1.60755e-22)
(0.00039817 -0.000459897 0)
(0.0002011 -0.000440977 1.6642e-22)
(0.00102537 -2.62661e-05 0)
(0.0010233 -2.91527e-05 1.87257e-23)
(0.00102062 -3.22159e-05 -4.08489e-23)
(0.00101745 -3.54442e-05 -1.95892e-23)
(0.00101388 -3.88466e-05 -2.76669e-24)
(0.00100993 -4.24455e-05 2.85231e-24)
(0.00100554 -4.62691e-05 -3.00692e-24)
(0.00100065 -5.03477e-05 5.3046e-23)
(0.000995154 -5.47103e-05 -2.57637e-23)
(0.000988971 -5.93888e-05 0)
(0.000982012 -6.44165e-05 0)
(0.000974169 -6.9836e-05 3.10595e-23)
(0.000965343 -7.56953e-05 0)
(0.000955377 -8.20568e-05 3.5016e-23)
(0.000944135 -8.89897e-05 -1.32441e-24)
(0.000931369 -9.65855e-05 4.00507e-23)
(0.00091688 -0.000104952 -3.07381e-23)
(0.000900258 -0.000114238 -1.12733e-23)
(0.000881171 -0.000124637 5.05959e-23)
(0.000858897 -0.000136397 4.14329e-23)
(0.00083289 -0.000149791 1.46048e-23)
(0.000801986 -0.000165043 1.14363e-22)
(0.000765703 -0.000182312 1.78712e-23)
(0.000722806 -0.000201841 0)
(0.000674316 -0.000224613 2.35515e-23)
(0.000618455 -0.000252248 -2.33547e-22)
(0.000551754 -0.000286598 0)
(0.000462384 -0.000327876 -1.32403e-22)
(0.000349211 -0.000386272 0)
(0.000157886 -0.000366504 -1.70436e-22)
(0.00101646 -2.2666e-05 0)
(0.00101405 -2.49832e-05 -2.00394e-23)
(0.00101111 -2.74421e-05 2.07536e-23)
(0.00100769 -3.00301e-05 0)
(0.00100385 -3.27536e-05 0)
(0.000999579 -3.56317e-05 -2.9689e-24)
(0.000994837 -3.86887e-05 3.06422e-24)
(0.000989549 -4.19492e-05 -3.52411e-23)
(0.000983632 -4.54368e-05 -3.35822e-24)
(0.000976992 -4.9176e-05 1.43823e-23)
(0.000969542 -5.31934e-05 -1.51682e-23)
(0.000961168 -5.75214e-05 -1.51889e-23)
(0.000951762 -6.21983e-05 -2.55255e-23)
(0.000941165 -6.72718e-05 -4.4503e-23)
(0.000929228 -7.27975e-05 3.76166e-23)
(0.000915711 -7.88458e-05 -6.10986e-23)
(0.00090041 -8.54967e-05 3.35928e-23)
(0.000882963 -9.28541e-05 -3.59875e-23)
(0.000863093 -0.000101032 -6.4122e-23)
(0.000840243 -0.000110176 -6.96549e-23)
(0.00081406 -0.000120446 -3.16592e-23)
(0.000783651 -0.000132073 -1.49989e-23)
(0.000748547 -0.000145403 3.98472e-23)
(0.000707036 -0.000161017 2.26819e-23)
(0.000658181 -0.000179801 0)
(0.000597477 -0.00020253 1.07985e-22)
(0.000522365 -0.000229962 0)
(0.000425037 -0.000262747 -7.40068e-23)
(0.000307326 -0.000307777 -8.53777e-23)
(0.000122097 -0.000288975 2.3858e-23)
(0.00100932 -1.74888e-05 3.13305e-25)
(0.00100663 -1.91865e-05 1.00819e-23)
(0.00100347 -2.09885e-05 0)
(0.00099985 -2.28833e-05 1.1209e-23)
(0.000995791 -2.48752e-05 0)
(0.000991269 -2.69794e-05 1.21675e-23)
(0.00098624 -2.92146e-05 0)
(0.000980632 -3.15995e-05 1.30814e-23)
(0.000974371 -3.41519e-05 -3.4967e-24)
(0.000967363 -3.68895e-05 -1.44988e-23)
(0.000959518 -3.98319e-05 3.5184e-24)
(0.000950718 -4.30027e-05 -1.61121e-23)
(0.000940851 -4.64302e-05 1.70997e-23)
(0.000929748 -5.01494e-05 -3.89252e-25)
(0.000917258 -5.42017e-05 4.99484e-24)
(0.000903131 -5.86379e-05 -5.6912e-24)
(0.000887158 -6.35177e-05 -2.25036e-23)
(0.000868958 -6.89163e-05 -6.85542e-24)
(0.000848239 -7.49228e-05 2.62667e-23)
(0.000824393 -8.16557e-05 1.47189e-23)
(0.000796996 -8.92616e-05 -4.81565e-25)
(0.00076501 -9.79458e-05 -8.93948e-23)
(0.000727796 -0.000107961 -2.95307e-23)
(0.000683454 -0.000119625 -4.40783e-23)
(0.000631054 -0.000133278 -3.81945e-23)
(0.000566809 -0.00014927 -1.40598e-23)
(0.000489987 -0.00016842 0)
(0.000392432 -0.000191742 -2.17391e-23)
(0.000274802 -0.000223529 1.08138e-22)
(9.49501e-05 -0.000208631 0)
(0.00100432 -1.10471e-05 0)
(0.00100142 -1.20836e-05 -5.16335e-24)
(0.000998106 -1.3184e-05 6.83155e-25)
(0.000994351 -1.43402e-05 -6.26379e-24)
(0.00099014 -1.55547e-05 0)
(0.000985441 -1.68371e-05 -6.0336e-24)
(0.000980209 -1.81993e-05 -1.61548e-24)
(0.000974376 -1.96531e-05 1.66945e-24)
(0.000967873 -2.12091e-05 1.77973e-24)
(0.000960606 -2.28782e-05 3.1762e-26)
(0.000952484 -2.4672e-05 1.56084e-23)
(0.000943386 -2.66047e-05 -2.0577e-24)
(0.000933195 -2.86934e-05 -2.23258e-24)
(0.00092174 -3.09593e-05 2.09827e-23)
(0.000908863 -3.34269e-05 0)
(0.000894313 -3.61273e-05 2.69126e-23)
(0.000877873 -3.90957e-05 1.76473e-25)
(0.000859159 -4.23778e-05 1.2384e-23)
(0.000837869 -4.60264e-05 6.76547e-24)
(0.00081339 -5.01123e-05 0)
(0.00078529 -5.47175e-05 3.28329e-23)
(0.000752543 -5.99535e-05 3.63664e-23)
(0.000714529 -6.59485e-05 0)
(0.000669389 -7.28822e-05 0)
(0.000616259 -8.09886e-05 5.15003e-23)
(0.000551375 -9.06237e-05 -7.61824e-24)
(0.000473807 -0.000102361 8.30778e-24)
(0.000374427 -0.000116719 6.77381e-23)
(0.000254509 -0.000135774 1.11727e-23)
(7.69695e-05 -0.000126184 0)
(0.00100174 -3.79305e-06 0)
(0.000998736 -4.14223e-06 -5.43132e-24)
(0.00099534 -4.51296e-06 1.70535e-25)
(0.000991513 -4.90234e-06 -5.6774e-24)
(0.000987224 -5.31121e-06 0)
(0.000982433 -5.74288e-06 -6.16773e-24)
(0.000977096 -6.20142e-06 -8.14656e-25)
(0.000971147 -6.69084e-06 2.12329e-24)
(0.000964518 -7.21475e-06 -4.27764e-25)
(0.000957117 -7.77676e-06 -1.87655e-24)
(0.000948853 -8.38076e-06 -1.86631e-26)
(0.000939602 -9.03155e-06 -2.14884e-26)
(0.000929244 -9.73485e-06 -2.47869e-26)
(0.000917608 -1.04978e-05 1.17488e-24)
(0.000904533 -1.13287e-05 0)
(0.000889765 -1.2238e-05 0)
(0.000873086 -1.32376e-05 0)
(0.000854108 -1.43429e-05 0)
(0.000832525 -1.55718e-05 -4.94628e-38)
(0.00080772 -1.69479e-05 0)
(0.000779258 -1.84988e-05 4.28905e-24)
(0.000746103 -2.02622e-05 2.02137e-25)
(0.000707629 -2.22835e-05 -1.03962e-23)
(0.000661959 -2.46279e-05 2.70752e-24)
(0.000608218 -2.73793e-05 3.22161e-24)
(0.000542623 -3.06474e-05 0)
(0.000464258 -3.45788e-05 -4.43819e-24)
(0.000363905 -3.93276e-05 9.99725e-24)
(0.000243316 -4.5585e-05 -5.68191e-24)
(6.76023e-05 -4.22658e-05 0)
(0.00100174 3.7422e-06 0)
(0.000998733 4.0895e-06 -5.09981e-24)
(0.000995337 4.45824e-06 -1.70536e-25)
(0.00099151 4.84552e-06 -5.67747e-24)
(0.000987221 5.25218e-06 0)
(0.000982431 5.6815e-06 -6.1678e-24)
(0.000977093 6.13757e-06 -8.14661e-25)
(0.000971144 6.62437e-06 1.26905e-24)
(0.000964515 7.14549e-06 4.5606e-25)
(0.000957114 7.70452e-06 -1.87656e-24)
(0.00094885 8.30534e-06 -1.86633e-26)
(0.000939598 8.95274e-06 -2.14886e-26)
(0.000929241 9.6524e-06 1.10293e-24)
(0.000917604 1.04115e-05 0)
(0.000904529 1.12382e-05 1.28927e-24)
(0.000889761 1.2143e-05 -1.34811e-24)
(0.000873082 1.31377e-05 0)
(0.000854104 1.42377e-05 1.62559e-24)
(0.00083252 1.54609e-05 -1.71147e-24)
(0.000807716 1.68307e-05 0)
(0.000779253 1.83748e-05 4.28908e-24)
(0.000746099 2.01306e-05 2.02139e-25)
(0.000707624 2.21435e-05 -7.73738e-24)
(0.000661954 2.44786e-05 2.84934e-24)
(0.000608213 2.72195e-05 3.38879e-24)
(0.000542618 3.04756e-05 1.94874e-25)
(0.000464253 3.43932e-05 -8.65592e-24)
(0.000363899 3.91265e-05 9.99735e-24)
(0.00024331 4.53634e-05 -5.68198e-24)
(6.75979e-05 4.20733e-05 -3.33964e-24)
(0.00100431 1.0997e-05 0)
(0.00100141 1.20317e-05 -5.16351e-24)
(0.000998098 1.31301e-05 0)
(0.000994343 1.42841e-05 -5.56068e-24)
(0.000990132 1.54964e-05 0)
(0.000985432 1.67765e-05 -6.0338e-24)
(0.0009802 1.81362e-05 1.61551e-24)
(0.000974367 1.95874e-05 -1.66948e-24)
(0.000967863 2.11406e-05 -1.77976e-24)
(0.000960596 2.28068e-05 -3.17631e-26)
(0.000952474 2.45973e-05 1.55357e-23)
(0.000943376 2.65267e-05 2.05774e-24)
(0.000933185 2.86117e-05 2.23262e-24)
(0.000921729 3.08737e-05 1.63315e-23)
(0.000908852 3.33372e-05 0)
(0.000894302 3.6033e-05 1.59419e-23)
(0.000877862 3.89966e-05 5.74739e-24)
(0.000859148 4.22734e-05 3.14587e-23)
(0.000837857 4.59163e-05 -6.76561e-24)
(0.000813377 4.99959e-05 0)
(0.000785277 5.45943e-05 3.28338e-23)
(0.000752529 5.98228e-05 3.63675e-23)
(0.000714514 6.58095e-05 0)
(0.000669374 7.2734e-05 0)
(0.000616244 8.083e-05 5.15021e-23)
(0.000551358 9.04535e-05 0)
(0.000473789 0.000102176 0)
(0.000374407 0.000116519 8.78723e-23)
(0.000254489 0.000135553 -1.11731e-23)
(7.69558e-05 0.000125991 0)
(0.00100931 1.744e-05 -3.13313e-25)
(0.00100661 1.91359e-05 1.07262e-23)
(0.00100345 2.09359e-05 0)
(0.000999836 2.28286e-05 1.12093e-23)
(0.000995777 2.48183e-05 0)
(0.000991254 2.69202e-05 1.21678e-23)
(0.000986225 2.91528e-05 0)
(0.000980617 3.15352e-05 1.30819e-23)
(0.000974356 3.40848e-05 3.4968e-24)
(0.000967347 3.68194e-05 -1.80602e-23)
(0.000959502 3.97586e-05 -2.99903e-25)
(0.000950701 4.29261e-05 -1.61127e-23)
(0.000940834 4.635e-05 1.71003e-23)
(0.00092973 5.00653e-05 -3.89029e-25)
(0.000917239 5.41134e-05 0)
(0.000903112 5.85452e-05 -4.69519e-25)
(0.000887139 6.34201e-05 -2.25045e-23)
(0.000868939 6.88134e-05 5.70573e-24)
(0.000848219 7.48142e-05 2.67348e-23)
(0.000824373 8.15408e-05 -1.47194e-23)
(0.000796974 8.91399e-05 -1.12953e-24)
(0.000764987 9.78165e-05 -5.35343e-23)
(0.000727773 0.000107823 -4.90616e-23)
(0.000683431 0.000119477 -4.40805e-23)
(0.000631031 0.00013312 -6.41735e-23)
(0.000566786 0.0001491 1.40605e-23)
(0.000489962 0.000168238 0)
(0.000392403 0.000191544 1.72193e-23)
(0.000274771 0.000223309 6.49431e-23)
(9.49277e-05 0.000208438 0)
(0.00101644 2.26193e-05 0)
(0.00101403 2.49346e-05 -2.00402e-23)
(0.00101109 2.73916e-05 2.07545e-23)
(0.00100767 2.99775e-05 0)
(0.00100383 3.26988e-05 0)
(0.000999559 3.55746e-05 2.96901e-24)
(0.000994817 3.86291e-05 -3.06434e-24)
(0.000989528 4.18869e-05 -4.17365e-23)
(0.000983611 4.53719e-05 3.35835e-24)
(0.00097697 4.91081e-05 1.43828e-23)
(0.000969519 5.31223e-05 -1.51688e-23)
(0.000961145 5.7447e-05 -7.18238e-24)
(0.000951739 6.21202e-05 -1.6849e-23)
(0.000941141 6.71899e-05 -6.22118e-23)
(0.000929203 7.27115e-05 3.76186e-23)
(0.000915685 7.87553e-05 -6.11016e-23)
(0.000900384 8.54014e-05 1.11726e-23)
(0.000882936 9.27536e-05 -1.24564e-23)
(0.000863065 0.000100926 -9.05625e-23)
(0.000840214 0.000110064 -5.62345e-23)
(0.00081403 0.000120327 -1.6354e-23)
(0.00078362 0.000131947 -3.26292e-23)
(0.000748513 0.000145269 3.89901e-23)
(0.000706999 0.000160874 4.37097e-23)
(0.000658141 0.000179647 0)
(0.000597437 0.000202363 1.07993e-22)
(0.000522328 0.000229781 0)
(0.000424999 0.000262552 -7.40116e-23)
(0.000307285 0.000307559 -8.5384e-23)
(0.000122066 0.000288782 -2.38604e-23)
(0.00102535 2.6222e-05 -5.98889e-25)
(0.00102327 2.91067e-05 2.18181e-23)
(0.0010206 3.21679e-05 -4.08324e-23)
(0.00101743 3.53942e-05 -2.22296e-23)
(0.00101386 3.87944e-05 2.76683e-24)
(0.0010099 4.23909e-05 -2.85245e-24)
(0.00100552 4.62121e-05 3.00708e-24)
(0.00100062 5.0288e-05 4.68362e-23)
(0.000995127 5.4648e-05 -2.57652e-23)
(0.000988943 5.93235e-05 0)
(0.000981984 6.4348e-05 0)
(0.00097414 6.97643e-05 3.10611e-23)
(0.000965313 7.56199e-05 0)
(0.000955347 8.19776e-05 3.50177e-23)
(0.000944103 8.89064e-05 -1.32399e-24)
(0.000931337 9.64978e-05 4.00528e-23)
(0.000916846 0.000104859 -5.22324e-23)
(0.000900224 0.00011414 1.1274e-23)
(0.000881136 0.000124534 5.05987e-23)
(0.000858861 0.000136287 5.52461e-23)
(0.000832854 0.000149674 0)
(0.00080195 0.000164919 1.47935e-22)
(0.000765667 0.000182179 -1.78724e-23)
(0.000722768 0.000201699 0)
(0.000674274 0.000224461 -2.35535e-23)
(0.000618405 0.000252085 -1.82669e-22)
(0.000551701 0.000286421 0)
(0.000462331 0.000327685 -9.76927e-23)
(0.000349157 0.000386058 -3.83861e-23)
(0.000157846 0.000366312 -1.70462e-22)
(0.00103564 2.80124e-05 0)
(0.00103392 3.14009e-05 0)
(0.00103154 3.49953e-05 5.52078e-25)
(0.00102866 3.8788e-05 2.08052e-23)
(0.0010254 4.27888e-05 0)
(0.0010218 4.70218e-05 0)
(0.00101781 5.15161e-05 5.79824e-24)
(0.00101336 5.63057e-05 -3.04531e-23)
(0.00100835 6.1423e-05 2.56095e-23)
(0.00100268 6.69046e-05 6.65481e-24)
(0.000996278 7.27898e-05 -6.89646e-24)
(0.000989037 7.91271e-05 3.61265e-23)
(0.000980875 8.59753e-05 2.26959e-23)
(0.000971652 9.34046e-05 0)
(0.000961267 0.000101499 -3.57706e-23)
(0.000949549 0.000110344 9.4989e-24)
(0.000936419 0.000120034 -8.15947e-24)
(0.000921709 0.000130662 0)
(0.000905383 0.000142382 -1.1965e-23)
(0.000887116 0.000155465 2.56592e-23)
(0.000866529 0.00017041 5.52227e-23)
(0.000842175 0.000187971 -7.85768e-23)
(0.000812211 0.00020889 0)
(0.000772655 0.000233406 0)
(0.000721181 0.00026174 0)
(0.000659088 0.000295376 1.94179e-22)
(0.000590233 0.000337325 2.82263e-23)
(0.000505407 0.000387702 9.90353e-23)
(0.000398104 0.000459686 0)
(0.000201051 0.000440785 1.66446e-22)
(0.00104693 2.80388e-05 0)
(0.00104557 3.18859e-05 -1.16015e-24)
(0.0010435 3.59717e-05 1.82018e-23)
(0.00104092 4.02939e-05 2.46638e-24)
(0.001038 4.4866e-05 5.14808e-24)
(0.00103478 4.97112e-05 -4.7179e-23)
(0.00103123 5.48616e-05 0)
(0.00102725 6.03506e-05 0)
(0.00102276 6.62181e-05 5.33816e-23)
(0.00101766 7.25028e-05 -1.26346e-23)
(0.00101186 7.92531e-05 6.58618e-24)
(0.00100526 8.65183e-05 2.61605e-23)
(0.000997736 9.43687e-05 -3.0123e-23)
(0.000989094 0.000102897 4.52957e-23)
(0.000979069 0.000112243 1.6453e-23)
(0.000967254 0.000122597 6.92142e-23)
(0.000953195 0.000134164 5.82166e-23)
(0.000936307 0.000147136 8.02848e-23)
(0.000916316 0.000161544 -2.18222e-23)
(0.000893129 0.000177369 0)
(0.000867893 0.000194618 -8.07676e-23)
(0.000841861 0.000213716 2.8358e-23)
(0.00081704 0.000235927 0)
(0.000791184 0.000262568 0)
(0.000756118 0.000294028 0)
(0.0007033 0.000331097 -9.2526e-23)
(0.000637135 0.000378488 0)
(0.000556175 0.000436454 -2.90052e-23)
(0.000455861 0.00052292 -1.94781e-25)
(0.000252383 0.000510226 3.56229e-23)
(0.00105891 2.60437e-05 1.08678e-24)
(0.00105787 3.02346e-05 3.41029e-23)
(0.00105609 3.46861e-05 0)
(0.00105383 3.94032e-05 0)
(0.00105124 4.44007e-05 0)
(0.0010484 4.96999e-05 8.16925e-23)
(0.00104527 5.53278e-05 0)
(0.00104175 6.13178e-05 0)
(0.00103777 6.77108e-05 -1.83606e-24)
(0.00103325 7.45619e-05 0)
(0.00102815 8.19242e-05 4.93135e-23)
(0.00102251 8.98537e-05 -4.08111e-23)
(0.00101642 9.83688e-05 -1.38557e-23)
(0.00101002 0.000107488 -6.04688e-23)
(0.00100355 0.000117218 6.11086e-23)
(0.000997052 0.000127682 -1.33466e-22)
(0.000990456 0.000139158 0)
(0.000982834 0.000152149 -7.87319e-23)
(0.000972727 0.000167276 0)
(0.000957485 0.000184976 6.4068e-23)
(0.000934367 0.000205443 -8.32428e-25)
(0.000901335 0.00022851 1.02646e-22)
(0.00086099 0.000254715 2.89851e-23)
(0.000821982 0.00028589 -3.33418e-23)
(0.000786976 0.000323258 3.56938e-23)
(0.000743443 0.000366158 -4.1569e-23)
(0.000684403 0.000418947 4.49735e-23)
(0.000609527 0.000482955 0)
(0.000517714 0.000581386 2.1635e-22)
(0.000308911 0.00057514 0)
(0.00107139 2.28656e-05 0)
(0.00107061 2.74213e-05 -1.00751e-24)
(0.00106911 3.22778e-05 -2.21873e-24)
(0.00106716 3.74505e-05 -2.29737e-24)
(0.00106493 4.29596e-05 4.71201e-24)
(0.00106249 4.88203e-05 -3.97953e-23)
(0.00105979 5.50436e-05 0)
(0.00105673 6.16436e-05 0)
(0.00105314 6.86431e-05 -4.4678e-23)
(0.00104881 7.61082e-05 -5.61581e-23)
(0.00104344 8.41569e-05 -3.69479e-23)
(0.00103659 9.29672e-05 1.26027e-23)
(0.00102781 0.000102745 -1.30799e-23)
(0.00101661 0.000113621 -1.40157e-23)
(0.00100296 0.000125606 -4.57984e-23)
(0.000987254 0.000138513 3.36867e-24)
(0.000970961 0.000152154 -6.48593e-23)
(0.000956262 0.000166421 1.80496e-23)
(0.000945491 0.000181682 -9.3452e-23)
(0.000939746 0.000198702 -8.55417e-23)
(0.000936963 0.000218366 -8.71234e-23)
(0.000929473 0.000241134 -1.71787e-22)
(0.00090672 0.000266927 -2.65419e-23)
(0.000868304 0.000297765 1.14743e-22)
(0.000828262 0.000337367 0)
(0.000786874 0.000385415 0)
(0.000735105 0.000445011 0)
(0.000667461 0.000514857 0)
(0.000587161 0.000626133 -2.36868e-23)
(0.000373175 0.00063321 0)
(0.00108416 1.71272e-05 -3.30363e-23)
(0.00108352 2.17974e-05 -3.26492e-23)
(0.00108222 2.67973e-05 0)
(0.00108052 3.21618e-05 4.3901e-24)
(0.00107857 3.79155e-05 -4.5165e-24)
(0.00107646 4.41e-05 -4.13577e-23)
(0.00107422 5.07346e-05 5.23875e-23)
(0.00107195 5.78284e-05 -9.98094e-24)
(0.00106996 6.533e-05 0)
(0.00106861 7.31391e-05 5.50764e-23)
(0.0010684 8.11745e-05 -1.12366e-23)
(0.00106948 8.94424e-05 1.18654e-23)
(0.00107166 9.81739e-05 -1.23088e-23)
(0.00107388 0.000107785 1.31216e-23)
(0.00107424 0.000118805 -2.75295e-23)
(0.0010703 0.00013168 3.25968e-23)
(0.00105918 0.000146533 4.85574e-23)
(0.00103917 0.00016341 -8.11089e-23)
(0.00101108 0.000182234 9.09667e-23)
(0.000979091 0.00020327 -7.41608e-23)
(0.000952642 0.000227275 1.06599e-22)
(0.000939216 0.000254945 7.1038e-23)
(0.000929977 0.000285468 -9.45911e-23)
(0.000906458 0.000318364 -1.1232e-22)
(0.000869833 0.000358631 -1.43955e-22)
(0.000830039 0.000408803 3.23349e-23)
(0.000782981 0.000473245 1.37321e-22)
(0.000723246 0.000548154 -1.4935e-22)
(0.000655779 0.000667332 -2.32236e-23)
(0.000438944 0.000685691 -1.46188e-22)
(0.00109701 1.18956e-05 3.17516e-23)
(0.00109673 1.67879e-05 0)
(0.00109573 2.21355e-05 0)
(0.00109442 2.78906e-05 0)
(0.00109287 3.39833e-05 0)
(0.00109071 4.03961e-05 3.63203e-23)
(0.00108738 4.72595e-05 -3.75063e-23)
(0.00108208 5.47856e-05 0)
(0.00107418 6.3263e-05 3.85675e-23)
(0.00106331 7.28057e-05 4.00066e-23)
(0.00104984 8.33333e-05 4.16275e-23)
(0.00103523 9.45188e-05 0)
(0.00102165 0.000105926 0)
(0.00101227 0.000117276 4.76799e-23)
(0.00100947 0.000128545 0)
(0.00101437 0.000140186 1.08651e-22)
(0.00102539 0.000152749 5.5912e-23)
(0.00103671 0.000166651 6.3276e-23)
(0.00104137 0.000182476 6.33983e-23)
(0.0010311 0.000200392 7.28487e-23)
(0.00100316 0.000221456 1.9203e-23)
(0.000972409 0.000248278 -4.10266e-23)
(0.000955325 0.000281936 1.14575e-22)
(0.000940069 0.000319408 -9.29971e-23)
(0.00091271 0.000362342 2.1236e-22)
(0.000876869 0.000414567 -1.10297e-22)
(0.000835752 0.00048365 -1.33491e-22)
(0.000782557 0.000562885 1.76515e-23)
(0.000731271 0.00069149 -2.21253e-23)
(0.000513028 0.000730158 2.47439e-22)
(0.001106 2.68012e-06 0)
(0.00110835 7.00918e-06 0)
(0.00110837 1.24867e-05 3.94911e-24)
(0.00110768 1.89663e-05 -4.05725e-24)
(0.00110793 2.60382e-05 -3.67865e-23)
(0.00111048 3.31748e-05 3.77494e-23)
(0.00111614 4.0021e-05 -8.76363e-24)
(0.00112482 4.6502e-05 4.44797e-23)
(0.00113519 5.29016e-05 -1.5704e-24)
(0.00114504 5.98342e-05 -8.69583e-23)
(0.00115123 6.78883e-05 -2.10297e-23)
(0.00115095 7.75743e-05 -2.09345e-23)
(0.00114184 8.90058e-05 1.08944e-23)
(0.00112313 0.000102196 -4.70053e-23)
(0.00109697 0.000117039 4.68827e-23)
(0.00106739 0.000133405 -5.20299e-23)
(0.00104262 0.00015151 -5.50096e-23)
(0.00102934 0.000171034 0)
(0.00102936 0.00019178 -6.22718e-23)
(0.00103801 0.000213712 0)
(0.00103588 0.000235787 -1.7463e-23)
(0.00101141 0.000260191 8.99683e-23)
(0.000984937 0.000292333 0)
(0.000968154 0.000331687 9.08082e-23)
(0.000947201 0.000377702 -9.87551e-23)
(0.000917872 0.000431242 1.07324e-22)
(0.000881326 0.000503457 -2.68977e-23)
(0.00083563 0.000586516 2.5842e-22)
(0.000799743 0.000714408 -1.25377e-22)
(0.000583182 0.000767684 -1.23989e-22)
(0.00109133 -1.05796e-06 0)
(0.0011113 6.34933e-07 1.87831e-24)
(0.00111973 4.00095e-06 -6.27911e-23)
(0.00111714 9.56174e-06 -5.76449e-23)
(0.00110508 1.73721e-05 9.08052e-23)
(0.00108655 2.71522e-05 -9.69555e-23)
(0.00106553 3.82272e-05 -6.5511e-23)
(0.00104683 4.97177e-05 -1.02447e-22)
(0.00103484 6.05973e-05 3.3449e-23)
(0.00103272 7.02503e-05 4.63812e-23)
(0.00104136 7.86215e-05 5.54544e-23)
(0.00105868 8.62052e-05 9.75528e-24)
(0.00108091 9.38213e-05 -1.02392e-23)
(0.00110159 0.000102021 9.40649e-23)
(0.00111491 0.000111525 -4.61541e-23)
(0.00111554 0.000122611 7.96856e-23)
(0.00110138 0.000135962 1.23388e-23)
(0.00107857 0.000152545 7.52431e-23)
(0.00105485 0.000172401 2.75729e-23)
(0.00104433 0.000196548 0)
(0.00105035 0.000223717 1.58321e-23)
(0.00104574 0.000250295 -8.66778e-23)
(0.00102335 0.000280949 -1.81575e-23)
(0.00100315 0.000319953 1.92197e-23)
(0.000985856 0.000368049 0)
(0.000962519 0.000423735 0)
(0.000934212 0.00049902 0)
(0.000893104 0.000587519 -1.02811e-22)
(0.000876082 0.000718348 1.65354e-22)
(0.000664034 0.000797026 -6.74436e-23)
(0.000966297 -6.68258e-07 0)
(0.00105143 -1.92465e-07 5.70108e-23)
(0.00112173 -4.24382e-08 6.20899e-23)
(0.00117528 5.22005e-07 1.20383e-22)
(0.00121138 2.2474e-06 -6.93473e-23)
(0.00123039 5.86303e-06 6.31459e-23)
(0.00123322 1.18799e-05 1.04892e-23)
(0.00122163 2.05032e-05 5.84028e-23)
(0.00119857 3.15818e-05 -6.86572e-23)
(0.00116817 4.45603e-05 -5.93833e-23)
(0.00113623 5.8853e-05 -1.52824e-22)
(0.00110857 7.37758e-05 -6.37082e-23)
(0.00109059 8.90079e-05 6.59977e-23)
(0.00108508 0.000104219 -1.50595e-22)
(0.00109015 0.000119215 2.09506e-23)
(0.00110134 0.000134153 -1.74894e-22)
(0.00110905 0.000148967 -2.2824e-23)
(0.00110702 0.000164911 -2.17594e-22)
(0.00109305 0.000182814 -7.32918e-23)
(0.00106998 0.000203931 -1.31297e-22)
(0.00105936 0.000231302 2.84204e-23)
(0.00106069 0.000261911 -1.1665e-22)
(0.00105029 0.000294158 1.61984e-23)
(0.00103169 0.000332328 -1.71213e-23)
(0.00101477 0.000381233 1.37911e-22)
(0.000996827 0.000437087 0)
(0.000973532 0.000512879 0)
(0.000940747 0.000607804 1.53205e-22)
(0.000937686 0.000724949 -1.78586e-22)
(0.000732465 0.000817122 6.48548e-23)
(0.000527574 1.17245e-05 8.78523e-25)
(0.000669241 9.68261e-06 -5.90958e-23)
(0.000788807 1.39769e-05 3.5879e-24)
(0.00088954 1.80909e-05 -6.25326e-23)
(0.000973518 2.17514e-05 0)
(0.00104163 2.4735e-05 -7.35083e-24)
(0.00109438 2.7326e-05 6.89371e-23)
(0.00113208 3.00809e-05 0)
(0.00115533 3.37075e-05 7.92061e-24)
(0.00116519 3.87227e-05 5.89785e-23)
(0.00116369 4.55631e-05 6.95085e-23)
(0.00115398 5.44341e-05 8.95397e-23)
(0.0011399 6.53132e-05 -1.10899e-22)
(0.00112633 7.81762e-05 1.14935e-22)
(0.00111671 9.26912e-05 -3.91293e-23)
(0.00111355 0.000108722 1.03909e-22)
(0.00111571 0.000125744 0)
(0.00111787 0.000143464 9.18044e-23)
(0.0011165 0.000162534 9.67052e-23)
(0.00110506 0.000182838 7.7363e-23)
(0.00108993 0.000207566 5.18574e-23)
(0.00108438 0.000237841 8.67064e-23)
(0.00107924 0.0002723 -2.87892e-23)
(0.00106735 0.00031074 1.53187e-23)
(0.00105385 0.000360163 -1.18258e-22)
(0.00103997 0.000418411 0)
(0.00102587 0.000491588 1.49039e-23)
(0.000996794 0.00059928 -1.47055e-22)
(0.00101332 0.000714513 0)
(0.000816201 0.000830493 0)
(0.000873617 0.000834113 0)
(0.00106795 0.000714072 0)
(0.00103862 0.000617485 -8.10675e-23)
(0.00105792 0.000501556 1.18347e-23)
(0.00106737 0.000434608 0)
(0.00107729 0.000374536 -9.04148e-23)
(0.00108796 0.000325716 1.40839e-23)
(0.0010974 0.000286729 -2.61239e-23)
(0.00110105 0.000251751 7.08343e-23)
(0.00110604 0.000221388 4.8062e-23)
(0.0011197 0.000196445 6.52284e-23)
(0.00112931 0.000175362 8.43169e-23)
(0.00112954 0.000155175 8.08082e-23)
(0.00112676 0.000136376 0)
(0.00112477 0.000118791 9.41182e-23)
(0.0011284 0.000102795 -3.71686e-23)
(0.00113838 8.86854e-05 1.05517e-22)
(0.00115197 7.62767e-05 -1.01889e-22)
(0.00116531 6.52836e-05 8.17715e-23)
(0.00117344 5.50513e-05 6.30118e-23)
(0.00117241 4.48035e-05 5.33328e-23)
(0.00115901 3.38012e-05 7.64218e-24)
(0.00113109 2.17334e-05 0)
(0.00108706 8.46876e-06 6.51242e-23)
(0.00102534 -5.92437e-06 -7.35944e-24)
(0.000943964 -2.07496e-05 0)
(0.000839849 -3.47637e-05 -6.0059e-23)
(0.000707171 -4.80599e-05 3.73605e-24)
(0.000530803 -4.8497e-05 -5.72291e-23)
(0.000267467 -2.90147e-05 9.58907e-25)
)
;

boundaryField
{
    inlet
    {
        type            fixedValue;
        value           uniform (0.001 0 0);
    }
    outlet
    {
        type            zeroGradient;
    }
    wall
    {
        type            noSlip;
    }
    obstacle
    {
        type            noSlip;
    }
    frontAndBack
    {
        type            empty;
    }
    procBoundary0to1
    {
        type            processor;
        value           nonuniform List<vector> 
61
(
(0.000267506 2.90163e-05 9.58809e-25)
(0.00053086 4.84983e-05 5.52517e-23)
(0.000707232 4.80585e-05 3.73558e-24)
(0.000839911 3.47588e-05 5.23814e-23)
(0.000944027 2.07417e-05 0)
(0.00102541 5.91342e-06 4.95125e-23)
(0.00108713 -8.48265e-06 -4.99739e-23)
(0.00113115 -2.17501e-05 0)
(0.00115908 -3.38204e-05 7.64072e-24)
(0.00117248 -4.48254e-05 -6.90824e-23)
(0.0011735 -5.50761e-05 -6.29982e-23)
(0.00116537 -6.53112e-05 -4.83195e-23)
(0.00115203 -7.63075e-05 3.26711e-23)
(0.00113845 -8.87199e-05 -3.38085e-23)
(0.00112848 -0.000102834 -3.71598e-23)
(0.00111362 -0.000108766 1.03887e-22)
(0.00111362 -0.000108766 1.03887e-22)
(0.00111578 -0.000125793 0)
(0.00111795 -0.000143517 9.17832e-23)
(0.00111658 -0.000162592 9.66819e-23)
(0.00110514 -0.000182901 1.26706e-22)
(0.00109002 -0.000207636 -5.18428e-23)
(0.00108447 -0.000237917 1.41252e-22)
(0.00107934 -0.000272383 2.87795e-23)
(0.00106745 -0.000310831 -1.53141e-23)
(0.00105396 -0.000360265 -1.50108e-22)
(0.00104009 -0.000418521 0)
(0.00102599 -0.000491715 -1.48937e-23)
(0.00099692 -0.000599413 -1.1505e-22)
(0.00101348 -0.000714665 0)
(0.000816331 -0.000830657 0)
(0.000923088 0.000827851 -1.59753e-22)
(0.0011288 0.000716621 -1.40287e-23)
(0.00108268 0.000632557 -6.55006e-23)
(0.00109588 0.000514556 0)
(0.00109729 0.000451259 0)
(0.00110329 0.000389855 -1.0761e-22)
(0.00111036 0.000341412 -1.25684e-23)
(0.00111708 0.000301748 1.18903e-23)
(0.00111911 0.000266321 0)
(0.00112295 0.000235626 2.2587e-23)
(0.0011349 0.00021011 6.85041e-23)
(0.00114329 0.000188086 1.06758e-22)
(0.00114305 0.000166897 -1.38517e-23)
(0.00113992 0.00014722 -1.91701e-23)
(0.00113783 0.000129072 4.9717e-24)
(0.0011413 0.000112736 1.77768e-23)
(0.00115091 9.83271e-05 1.2961e-23)
(0.00116388 8.54775e-05 -7.66416e-23)
(0.00117629 7.37622e-05 7.40763e-23)
(0.00118344 6.26752e-05 -4.13582e-24)
(0.00118174 5.1896e-05 6.96597e-23)
(0.00116857 4.14674e-05 -5.69291e-23)
(0.0011423 3.16852e-05 4.83347e-23)
(0.00110187 2.301e-05 1.19469e-22)
(0.00104625 1.55603e-05 -4.58902e-24)
(0.000973852 9.00615e-06 -5.86533e-23)
(0.00088063 3.26925e-06 -5.67977e-24)
(0.000757061 -1.89533e-06 5.25653e-23)
(0.00058235 -1.31713e-05 -5.84742e-23)
(0.000278432 3.60183e-06 0)
)
;
    }
}


// ************************************************************************* //
