/*--------------------------------*- C++ -*----------------------------------*\
| =========                 |                                                 |
| \\      /  F ield         | OpenFOAM: The Open Source CFD Toolbox           |
|  \\    /   O peration     | Version:  2312                                  |
|   \\  /    A nd           | Website:  www.openfoam.com                      |
|    \\/     M anipulation  |                                                 |
\*---------------------------------------------------------------------------*/
FoamFile
{
    version     2.0;
    format      ascii;
    arch        "LSB;label=32;scalar=64";
    class       volVectorField;
    location    "191000";
    object      U;
}
// * * * * * * * * * * * * * * * * * * * * * * * * * * * * * * * * * * * * * //

dimensions      [0 1 -1 0 0 0 0];

internalField   nonuniform List<vector> 
2685
(
(0.000442409 -5.59445e-06 0)
(0.000429926 9.52581e-06 0)
(0.000404651 1.85622e-05 0)
(0.000380564 2.13197e-05 0)
(0.000357501 1.78495e-05 0)
(0.000334198 9.98716e-06 0)
(0.000311328 5.37121e-07 0)
(0.000289838 -8.17033e-06 0)
(0.000270177 -1.48052e-05 0)
(0.000252207 -1.88715e-05 0)
(0.000235575 -2.03424e-05 0)
(0.00022006 -1.95717e-05 0)
(0.000205679 -1.70331e-05 0)
(0.000192556 -1.32629e-05 0)
(0.000180781 -8.83315e-06 0)
(0.000170312 -4.29666e-06 0)
(0.000160996 -1.26414e-07 0)
(0.000152645 3.3202e-06 0)
(0.000145067 5.81645e-06 0)
(0.000138196 7.34139e-06 0)
(0.000132131 7.9932e-06 0)
(0.000127042 7.87974e-06 0)
(0.000123042 7.18104e-06 0)
(0.000120205 6.13249e-06 0)
(0.000118555 4.98303e-06 0)
(0.000118054 3.94543e-06 0)
(0.000118504 3.13679e-06 0)
(0.00011968 2.66048e-06 0)
(0.000121453 2.49892e-06 0)
(0.000123679 2.53623e-06 0)
(0.000126225 2.62671e-06 0)
(0.000129009 2.63548e-06 0)
(0.000131965 2.46503e-06 0)
(0.000135054 2.06683e-06 0)
(0.000138272 1.44281e-06 0)
(0.000141643 6.34335e-07 0)
(0.000145213 -3.01042e-07 0)
(0.000149042 -1.31299e-06 0)
(0.000153198 -2.35974e-06 0)
(0.000157747 -3.40841e-06 0)
(0.000162747 -4.43505e-06 0)
(0.000168239 -5.42277e-06 0)
(0.000174244 -6.36064e-06 0)
(0.000180757 -7.24287e-06 0)
(0.000187754 -8.06834e-06 0)
(0.00019519 -8.84035e-06 0)
(0.00020301 -9.56634e-06 0)
(0.000211146 -1.02579e-05 0)
(0.000219517 -1.09305e-05 0)
(0.000228036 -1.16026e-05 0)
(0.000236605 -1.22932e-05 0)
(0.000245123 -1.30188e-05 0)
(0.000253483 -1.37917e-05 0)
(0.000261564 -1.46199e-05 0)
(0.000269217 -1.55049e-05 0)
(0.000276266 -1.6439e-05 0)
(0.000282498 -1.73986e-05 0)
(0.000287664 -1.83222e-05 0)
(0.000291515 -1.9087e-05 0)
(0.000293879 -1.95319e-05 0)
(0.000294686 -1.94725e-05 0)
(0.00029415 -1.86904e-05 0)
(0.000292674 -1.716e-05 0)
(0.000290705 -1.49119e-05 0)
(0.00028876 -1.20454e-05 0)
(0.000287304 -8.71195e-06 0)
(0.000286636 -5.07806e-06 0)
(0.000286955 -1.29707e-06 0)
(0.00028822 2.37232e-06 0)
(0.000290131 5.68867e-06 0)
(0.000292264 8.47391e-06 0)
(0.000294174 1.06522e-05 0)
(0.000295409 1.22269e-05 0)
(0.000295628 1.31034e-05 0)
(0.000294655 1.29994e-05 0)
(0.000292547 1.16415e-05 0)
(0.000289716 8.93668e-06 0)
(0.000286755 5.16271e-06 0)
(0.000284188 9.74341e-07 0)
(0.0002822 -2.80887e-06 0)
(0.000280551 -5.48422e-06 0)
(0.0002788 -6.53936e-06 0)
(0.00027649 -6.05603e-06 0)
(0.00027338 -4.38981e-06 0)
(0.000269609 -2.1476e-06 0)
(0.000265473 9.47354e-08 0)
(0.000261124 1.91462e-06 0)
(0.000256415 3.07775e-06 0)
(0.000251087 3.64922e-06 0)
(0.000245068 3.75947e-06 0)
(0.00104864 4.65448e-05 0)
(0.00104296 5.6378e-05 0)
(0.00104127 6.58459e-05 0)
(0.00103717 7.47733e-05 0)
(0.00102827 8.24439e-05 0)
(0.00101371 8.84854e-05 0)
(0.000994458 9.28783e-05 0)
(0.000971644 9.57047e-05 0)
(0.000945047 9.68275e-05 0)
(0.00091428 9.60292e-05 0)
(0.000880027 9.32971e-05 0)
(0.00084337 8.83967e-05 0)
(0.000805506 8.09653e-05 0)
(0.000767459 7.13502e-05 0)
(0.000730052 6.06863e-05 0)
(0.000693938 5.02631e-05 0)
(0.000659656 4.09394e-05 0)
(0.000627685 3.29752e-05 0)
(0.000598603 2.62217e-05 0)
(0.000572919 2.04248e-05 0)
(0.000550708 1.53507e-05 0)
(0.000531951 1.08009e-05 0)
(0.000516729 6.6226e-06 0)
(0.000505022 2.71906e-06 0)
(0.000496637 -9.28587e-07 0)
(0.000491216 -4.28528e-06 0)
(0.000488466 -7.30309e-06 0)
(0.000488089 -9.88353e-06 0)
(0.000489666 -1.1993e-05 0)
(0.000492842 -1.36268e-05 0)
(0.000497294 -1.48113e-05 0)
(0.000502727 -1.55999e-05 0)
(0.000508862 -1.60305e-05 0)
(0.000515427 -1.61745e-05 0)
(0.000522196 -1.61593e-05 0)
(0.000529011 -1.61283e-05 0)
(0.000535767 -1.62138e-05 0)
(0.000542422 -1.65157e-05 0)
(0.000549023 -1.70919e-05 0)
(0.00055567 -1.79463e-05 0)
(0.000562488 -1.90427e-05 0)
(0.000569603 -2.03146e-05 0)
(0.000577125 -2.16714e-05 0)
(0.000585143 -2.3012e-05 0)
(0.000593717 -2.42452e-05 0)
(0.000602879 -2.53017e-05 0)
(0.000612639 -2.61271e-05 0)
(0.000622988 -2.66645e-05 0)
(0.000633899 -2.68475e-05 0)
(0.000645324 -2.66139e-05 0)
(0.000657194 -2.59194e-05 0)
(0.000669408 -2.47307e-05 0)
(0.000681817 -2.29945e-05 0)
(0.000694204 -2.06004e-05 0)
(0.000706267 -1.73709e-05 0)
(0.00071762 -1.31125e-05 0)
(0.000727817 -7.72733e-06 0)
(0.000736418 -1.32353e-06 0)
(0.000743052 5.73957e-06 0)
(0.000747488 1.28587e-05 0)
(0.000749736 1.92312e-05 0)
(0.000749642 2.39388e-05 0)
(0.00074709 2.60923e-05 0)
(0.000742407 2.51429e-05 0)
(0.000736066 2.10924e-05 0)
(0.000728557 1.45615e-05 0)
(0.000720308 6.64683e-06 0)
(0.000711395 -1.4126e-06 0)
(0.000701702 -8.46671e-06 0)
(0.000691456 -1.37526e-05 0)
(0.000681073 -1.68123e-05 0)
(0.000670841 -1.74512e-05 0)
(0.000660416 -1.57609e-05 0)
(0.000648822 -1.20667e-05 0)
(0.000635495 -7.12711e-06 0)
(0.000621014 -1.97095e-06 0)
(0.000607152 2.39279e-06 0)
(0.000596205 5.42485e-06 0)
(0.000589897 7.37801e-06 0)
(0.000588542 9.14726e-06 0)
(0.000591205 1.17037e-05 0)
(0.000595528 1.52865e-05 0)
(0.000598693 1.89972e-05 0)
(0.000598681 2.13593e-05 0)
(0.000594715 2.1607e-05 0)
(0.000587427 2.03056e-05 0)
(0.000578005 1.89839e-05 0)
(0.000567742 1.89939e-05 0)
(0.000557452 2.04817e-05 0)
(0.000547387 2.27935e-05 0)
(0.00132508 3.3896e-05 0)
(0.00132991 4.74698e-05 0)
(0.00133669 5.97409e-05 0)
(0.00134198 7.0753e-05 0)
(0.00134413 8.08208e-05 0)
(0.00134241 9.03669e-05 0)
(0.00133716 9.95236e-05 0)
(0.00132887 0.000108074 0)
(0.00131739 0.000115864 0)
(0.00130301 0.000123004 0)
(0.00128678 0.000129481 0)
(0.00126861 0.000134955 0)
(0.00124755 0.000138965 0)
(0.00122326 0.000141229 0)
(0.00119593 0.000141662 0)
(0.00116599 0.00014019 0)
(0.00113404 0.000136692 0)
(0.00110083 0.000131095 0)
(0.00106692 0.000123361 0)
(0.00103258 0.000113293 0)
(0.000998385 0.000100753 0)
(0.00096514 8.60127e-05 0)
(0.000933483 6.97766e-05 0)
(0.000903782 5.311e-05 0)
(0.000876308 3.71418e-05 0)
(0.000851323 2.27476e-05 0)
(0.000829076 1.04202e-05 0)
(0.000809696 2.22498e-07 0)
(0.000793279 -8.04346e-06 0)
(0.000779828 -1.46174e-05 0)
(0.000769143 -1.96835e-05 0)
(0.000761022 -2.33864e-05 0)
(0.000755215 -2.59151e-05 0)
(0.00075129 -2.74581e-05 0)
(0.000748685 -2.82258e-05 0)
(0.000746908 -2.85244e-05 0)
(0.000745625 -2.87218e-05 0)
(0.000744641 -2.91322e-05 0)
(0.000743868 -2.99578e-05 0)
(0.000743323 -3.13019e-05 0)
(0.000743083 -3.31993e-05 0)
(0.000743261 -3.55952e-05 0)
(0.000743981 -3.83956e-05 0)
(0.000745349 -4.14819e-05 0)
(0.000747435 -4.47249e-05 0)
(0.000750292 -4.80104e-05 0)
(0.000753994 -5.12523e-05 0)
(0.00075866 -5.43849e-05 0)
(0.000764457 -5.73439e-05 0)
(0.000771582 -6.00593e-05 0)
(0.000780233 -6.24402e-05 0)
(0.000790576 -6.43426e-05 0)
(0.000802708 -6.55406e-05 0)
(0.000816645 -6.57381e-05 0)
(0.000832323 -6.46282e-05 0)
(0.000849629 -6.19705e-05 0)
(0.000868425 -5.76379e-05 0)
(0.00088858 -5.16175e-05 0)
(0.000909958 -4.40029e-05 0)
(0.000932256 -3.50017e-05 0)
(0.000954897 -2.49702e-05 0)
(0.000977313 -1.44406e-05 0)
(0.000998972 -3.95752e-06 0)
(0.0010191 5.87447e-06 0)
(0.00103686 1.45438e-05 0)
(0.00105155 2.20014e-05 0)
(0.00106255 2.87859e-05 0)
(0.00106989 3.55255e-05 0)
(0.00107385 4.201e-05 0)
(0.00107451 4.73458e-05 0)
(0.00107198 5.11983e-05 0)
(0.00106606 5.49838e-05 0)
(0.00105683 6.11668e-05 0)
(0.00104459 7.0431e-05 0)
(0.00102951 7.94244e-05 0)
(0.00101189 8.17536e-05 0)
(0.000992131 7.2193e-05 0)
(0.000970441 5.05856e-05 0)
(0.000947364 2.23616e-05 0)
(0.00092396 -4.05973e-06 0)
(0.000900506 -2.10233e-05 0)
(0.000876043 -2.48213e-05 0)
(0.000849704 -1.62204e-05 0)
(0.000822911 -2.41667e-07 0)
(0.000799799 1.67321e-05 0)
(0.000784507 3.05437e-05 0)
(0.000778177 4.05385e-05 0)
(0.000777358 4.74674e-05 0)
(0.000776838 5.10428e-05 0)
(0.000773039 5.08378e-05 0)
(0.00146425 1.25158e-05 0)
(0.0014744 2.79754e-05 0)
(0.00148602 4.36709e-05 0)
(0.00149857 5.91538e-05 0)
(0.00151051 7.47616e-05 0)
(0.00152042 9.09701e-05 0)
(0.0015275 0.000107813 0)
(0.00153134 0.000124876 0)
(0.00153198 0.000141581 0)
(0.00152971 0.000157364 0)
(0.0015241 0.000171442 0)
(0.00151435 0.00018298 0)
(0.00150021 0.000191564 0)
(0.00148177 0.000197044 0)
(0.0014593 0.000199427 0)
(0.00143327 0.000198886 0)
(0.00140446 0.000195608 0)
(0.00137363 0.000189796 0)
(0.0013415 0.000181766 0)
(0.00130889 0.000171899 0)
(0.00127645 0.000160644 0)
(0.00124421 0.000148546 0)
(0.0012121 0.0001361 0)
(0.00118034 0.000123511 0)
(0.00114911 0.00011068 0)
(0.00111847 9.73959e-05 0)
(0.0010886 8.34881e-05 0)
(0.00105975 6.90176e-05 0)
(0.00103207 5.44393e-05 0)
(0.00100569 4.03999e-05 0)
(0.000980864 2.74695e-05 0)
(0.000957762 1.61052e-05 0)
(0.000936368 6.68338e-06 0)
(0.000916718 -5.31859e-07 0)
(0.000898735 -5.58363e-06 0)
(0.00088219 -8.91757e-06 0)
(0.000866889 -1.12001e-05 0)
(0.000852754 -1.30568e-05 0)
(0.000839732 -1.49514e-05 0)
(0.000827735 -1.72236e-05 0)
(0.000816775 -2.00977e-05 0)
(0.000806879 -2.36652e-05 0)
(0.000797976 -2.78e-05 0)
(0.000790001 -3.22488e-05 0)
(0.0007829 -3.68197e-05 0)
(0.000776628 -4.14968e-05 0)
(0.000771221 -4.64102e-05 0)
(0.000766917 -5.17193e-05 0)
(0.00076418 -5.74612e-05 0)
(0.000763617 -6.36224e-05 0)
(0.00076584 -7.00958e-05 0)
(0.000771318 -7.66424e-05 0)
(0.000780303 -8.2885e-05 0)
(0.000792832 -8.83509e-05 0)
(0.000808758 -9.25473e-05 0)
(0.000827793 -9.50443e-05 0)
(0.000849531 -9.55417e-05 0)
(0.000873443 -9.39049e-05 0)
(0.00089889 -9.0183e-05 0)
(0.000925233 -8.46137e-05 0)
(0.000951976 -7.75787e-05 0)
(0.000978725 -6.95343e-05 0)
(0.00100511 -6.10014e-05 0)
(0.00103081 -5.24641e-05 0)
(0.00105549 -4.42998e-05 0)
(0.00107895 -3.667e-05 0)
(0.00110122 -2.9348e-05 0)
(0.00112223 -2.17603e-05 0)
(0.00114197 -1.36364e-05 0)
(0.0011607 -5.07284e-06 0)
(0.00117851 3.85736e-06 0)
(0.00119569 1.37576e-05 0)
(0.0012127 2.56759e-05 0)
(0.00123033 3.96537e-05 0)
(0.00124934 5.43471e-05 0)
(0.00126927 6.8341e-05 0)
(0.0012878 8.10999e-05 0)
(0.00130144 9.19461e-05 0)
(0.00130714 9.96474e-05 0)
(0.00130304 0.000105223 0)
(0.00128774 0.000113597 0)
(0.00126162 0.000128616 0)
(0.00122688 0.000144071 0)
(0.00118612 0.000144975 0)
(0.00114223 0.00012125 0)
(0.00109704 7.95583e-05 0)
(0.00105075 3.97495e-05 0)
(0.0010037 1.95085e-05 0)
(0.000958462 2.30194e-05 0)
(0.000919997 4.09975e-05 0)
(0.00147187 -1.42009e-05 0)
(0.00148841 -4.00365e-06 0)
(0.00150427 9.04042e-06 0)
(0.0015207 2.4389e-05 0)
(0.00153812 4.15002e-05 0)
(0.00155541 5.99532e-05 0)
(0.00157117 7.95662e-05 0)
(0.00158456 0.000100271 0)
(0.00159517 0.000121778 0)
(0.00160273 0.00014341 0)
(0.00160726 0.000164633 0)
(0.00160907 0.000185193 0)
(0.00160828 0.000204585 0)
(0.00160455 0.000222245 0)
(0.00159747 0.00023764 0)
(0.0015867 0.000249911 0)
(0.00157153 0.000258323 0)
(0.00155136 0.000262552 0)
(0.00152618 0.000262055 0)
(0.0014961 0.000256608 0)
(0.00146138 0.000247003 0)
(0.0014233 0.000233817 0)
(0.00138342 0.000217087 0)
(0.00134263 0.000197879 0)
(0.00130195 0.000178157 0)
(0.00126271 0.000159169 0)
(0.0012256 0.0001414 0)
(0.00119073 0.000125305 0)
(0.00115811 0.000111046 0)
(0.00112731 9.81631e-05 0)
(0.00109742 8.60674e-05 0)
(0.00106802 7.46102e-05 0)
(0.0010394 6.41198e-05 0)
(0.00101158 5.5016e-05 0)
(0.000984185 4.74878e-05 0)
(0.00095728 4.13527e-05 0)
(0.000931612 3.60537e-05 0)
(0.000907714 3.08983e-05 0)
(0.000885307 2.54133e-05 0)
(0.000863854 1.94968e-05 0)
(0.000843246 1.32669e-05 0)
(0.000823856 6.78948e-06 0)
(0.000805909 8.86223e-08 0)
(0.000788838 -6.74106e-06 0)
(0.000771615 -1.35311e-05 0)
(0.000753703 -2.02873e-05 0)
(0.000735743 -2.74702e-05 0)
(0.00071955 -3.59591e-05 0)
(0.00070709 -4.6662e-05 0)
(0.000699701 -5.99011e-05 0)
(0.000698121 -7.5262e-05 0)
(0.000702503 -9.17845e-05 0)
(0.000712549 -0.000108272 0)
(0.000727664 -0.000123555 0)
(0.000747109 -0.00013664 0)
(0.00077011 -0.000146771 0)
(0.000795913 -0.000153446 0)
(0.000823809 -0.000156406 0)
(0.000853142 -0.000155627 0)
(0.000883276 -0.000151295 0)
(0.000913563 -0.000143816 0)
(0.000943378 -0.000133793 0)
(0.00097219 -0.000121934 0)
(0.000999597 -0.000108959 0)
(0.00102534 -9.55386e-05 0)
(0.00104934 -8.22387e-05 0)
(0.00107167 -6.94861e-05 0)
(0.00109265 -5.7592e-05 0)
(0.00111278 -4.66484e-05 0)
(0.00113259 -3.67763e-05 0)
(0.00115257 -2.79579e-05 0)
(0.00117313 -1.99036e-05 0)
(0.00119479 -1.22299e-05 0)
(0.00121808 -4.65689e-06 0)
(0.0012434 2.7791e-06 0)
(0.0012707 9.9554e-06 0)
(0.00129947 1.70405e-05 0)
(0.0013291 2.46205e-05 0)
(0.0013586 3.37017e-05 0)
(0.00138626 4.60807e-05 0)
(0.00141182 6.51649e-05 0)
(0.00143654 9.40281e-05 0)
(0.00146053 0.000130067 0)
(0.00148171 0.000164529 0)
(0.00149498 0.000191075 0)
(0.00149195 0.000213705 0)
(0.0014639 0.000238418 0)
(0.00141082 0.000257492 0)
(0.00134252 0.000252079 0)
(0.00126812 0.000214896 0)
(0.00148865 -5.56748e-05 0)
(0.00151411 -4.58043e-05 0)
(0.00153914 -3.23863e-05 0)
(0.00156237 -1.52202e-05 0)
(0.00158268 5.24455e-06 0)
(0.0016 2.82546e-05 0)
(0.00161435 5.31783e-05 0)
(0.00162508 7.91069e-05 0)
(0.00163174 0.000104908 0)
(0.00163479 0.000130187 0)
(0.00163503 0.000154581 0)
(0.00163285 0.000177538 0)
(0.0016285 0.000199152 0)
(0.00162249 0.000219497 0)
(0.00161524 0.000238184 0)
(0.00160666 0.000255739 0)
(0.00159696 0.000272623 0)
(0.00158663 0.000287449 0)
(0.00157506 0.000299382 0)
(0.00156085 0.000308882 0)
(0.00154307 0.0003142 0)
(0.00152046 0.000313101 0)
(0.00149153 0.000307011 0)
(0.00145661 0.000297276 0)
(0.00141721 0.000282266 0)
(0.00137415 0.000262134 0)
(0.00132878 0.000239572 0)
(0.00128341 0.000215959 0)
(0.00123907 0.000192757 0)
(0.00119599 0.000172945 0)
(0.00115579 0.000157122 0)
(0.00111964 0.000142948 0)
(0.00108572 0.000129897 0)
(0.00105176 0.000119928 0)
(0.00101847 0.000113017 0)
(0.000987719 0.00010612 0)
(0.000958821 9.74133e-05 0)
(0.000929239 8.85403e-05 0)
(0.000898511 8.15343e-05 0)
(0.000869136 7.54775e-05 0)
(0.000843132 6.77965e-05 0)
(0.000819077 5.7942e-05 0)
(0.000793195 4.8441e-05 0)
(0.000762916 4.23281e-05 0)
(0.000729145 3.95459e-05 0)
(0.000695588 3.61528e-05 0)
(0.000666592 2.72249e-05 0)
(0.000645286 1.00763e-05 0)
(0.000633193 -1.49227e-05 0)
(0.000630562 -4.52536e-05 0)
(0.0006366 -7.78365e-05 0)
(0.000649988 -0.000109971 0)
(0.000669266 -0.000139633 0)
(0.00069305 -0.000165463 0)
(0.00072014 -0.000186629 0)
(0.000749562 -0.000202671 0)
(0.000780548 -0.000213382 0)
(0.000812487 -0.000218742 0)
(0.000844863 -0.000218902 0)
(0.000877176 -0.000214215 0)
(0.000908895 -0.000205275 0)
(0.00093948 -0.00019292 0)
(0.00096844 -0.000178197 0)
(0.000995397 -0.000162263 0)
(0.00102015 -0.000146242 0)
(0.0010427 -0.00013106 0)
(0.00106329 -0.000117349 0)
(0.00108233 -0.000105452 0)
(0.00110045 -9.54989e-05 0)
(0.00111836 -8.74715e-05 0)
(0.00113677 -8.1198e-05 0)
(0.00115634 -7.62904e-05 0)
(0.00117787 -7.22218e-05 0)
(0.00120202 -6.84751e-05 0)
(0.00122905 -6.45334e-05 0)
(0.00125879 -5.97244e-05 0)
(0.00129085 -5.32435e-05 0)
(0.00132454 -4.44741e-05 0)
(0.00135896 -3.3104e-05 0)
(0.00139378 -1.84399e-05 0)
(0.00142868 1.47268e-06 0)
(0.00146327 2.8287e-05 0)
(0.00149807 6.08514e-05 0)
(0.00153259 9.48522e-05 0)
(0.00156381 0.000128193 0)
(0.00158898 0.000165485 0)
(0.00160915 0.000211603 0)
(0.00162634 0.000261764 0)
(0.00163756 0.000305719 0)
(0.00163378 0.000341774 0)
(0.00158187 -0.000133417 0)
(0.00161286 -0.000117737 0)
(0.0016434 -9.72656e-05 0)
(0.00167398 -7.24266e-05 0)
(0.00170321 -4.32661e-05 0)
(0.00172887 -9.97183e-06 0)
(0.00174942 2.62638e-05 0)
(0.00176364 6.41635e-05 0)
(0.0017707 0.000103131 0)
(0.00177064 0.000141564 0)
(0.00176368 0.000177914 0)
(0.00175008 0.000211357 0)
(0.00173041 0.000240388 0)
(0.00170581 0.000263686 0)
(0.00167763 0.000281797 0)
(0.00164759 0.000295001 0)
(0.00161784 0.000303214 0)
(0.00158974 0.000309447 0)
(0.00156421 0.000317041 0)
(0.00154263 0.00032532 0)
(0.00152515 0.000333979 0)
(0.00150958 0.000344669 0)
(0.00149355 0.000354299 0)
(0.00147537 0.000357673 0)
(0.0014523 0.000355872 0)
(0.00142225 0.000350567 0)
(0.00138595 0.000338444 0)
(0.00134463 0.000320328 0)
(0.00129923 0.000301474 0)
(0.00125261 0.000280154 0)
(0.0012076 0.000253053 0)
(0.00116392 0.000227692 0)
(0.00112076 0.000212616 0)
(0.00107981 0.000202632 0)
(0.00104246 0.000188249 0)
(0.00100677 0.000172235 0)
(0.000970268 0.000164073 0)
(0.000933913 0.000162854 0)
(0.000900628 0.000157122 0)
(0.000870426 0.000141209 0)
(0.000838888 0.000123665 0)
(0.000800886 0.000117312 0)
(0.000755362 0.000124499 0)
(0.000706739 0.000134606 0)
(0.000662118 0.000134134 0)
(0.000627328 0.00011623 0)
(0.000604982 8.18693e-05 0)
(0.000594841 3.61038e-05 0)
(0.000595408 -1.53207e-05 0)
(0.000604826 -6.76305e-05 0)
(0.000621138 -0.00011747 0)
(0.000642673 -0.000162646 0)
(0.000668072 -0.000201835 0)
(0.000696196 -0.000234363 0)
(0.000726107 -0.000260043 0)
(0.000757068 -0.000279009 0)
(0.000788565 -0.000291538 0)
(0.000820322 -0.000297923 0)
(0.000852248 -0.000298402 0)
(0.000884342 -0.000293193 0)
(0.000916587 -0.000282615 0)
(0.000948839 -0.000267246 0)
(0.000980764 -0.000248028 0)
(0.00101189 -0.000226266 0)
(0.00104174 -0.000203484 0)
(0.00106996 -0.000181232 0)
(0.00109633 -0.000160909 0)
(0.00112085 -0.000143638 0)
(0.00114377 -0.000130139 0)
(0.00116569 -0.000120668 0)
(0.00118733 -0.000115059 0)
(0.00120943 -0.000112837 0)
(0.00123266 -0.000113294 0)
(0.00125761 -0.000115518 0)
(0.00128469 -0.000118428 0)
(0.00131401 -0.000120835 0)
(0.0013454 -0.000121483 0)
(0.00137854 -0.000119047 0)
(0.00141296 -0.000112315 0)
(0.0014479 -0.000100413 0)
(0.00148277 -8.2698e-05 0)
(0.00151762 -5.81264e-05 0)
(0.00155256 -2.63574e-05 0)
(0.00158701 1.09028e-05 0)
(0.00161999 5.22565e-05 0)
(0.00165059 9.90526e-05 0)
(0.00167867 0.000152576 0)
(0.00170448 0.000209443 0)
(0.00172664 0.000265089 0)
(0.00174211 0.00031927 0)
(0.00152434 -0.000206718 0)
(0.00156294 -0.000194457 0)
(0.00160393 -0.000174926 0)
(0.00164741 -0.00014814 0)
(0.00169178 -0.000114226 0)
(0.00173468 -7.36632e-05 0)
(0.00177379 -2.72264e-05 0)
(0.00180808 2.38339e-05 0)
(0.00183625 7.78452e-05 0)
(0.00185661 0.00013322 0)
(0.00186823 0.000188376 0)
(0.00187016 0.000241102 0)
(0.00186191 0.000289335 0)
(0.00184323 0.000331864 0)
(0.00181445 0.000366832 0)
(0.00177689 0.000392032 0)
(0.00173179 0.000407607 0)
(0.00168096 0.000413963 0)
(0.00162819 0.000409961 0)
(0.00157713 0.000398782 0)
(0.00153048 0.000388401 0)
(0.00149172 0.000382697 0)
(0.00146285 0.000381336 0)
(0.00144082 0.000385925 0)
(0.00142127 0.000395629 0)
(0.00140262 0.000403466 0)
(0.00138225 0.000405234 0)
(0.00135555 0.000401949 0)
(0.00132219 0.000391355 0)
(0.00128513 0.000371552 0)
(0.00124357 0.000349639 0)
(0.00119628 0.000331735 0)
(0.0011482 0.000313081 0)
(0.00110484 0.000290418 0)
(0.00106422 0.000271803 0)
(0.00102156 0.000263276 0)
(0.000978092 0.000256829 0)
(0.000939071 0.000241776 0)
(0.000904484 0.000221562 0)
(0.000866995 0.000211094 0)
(0.000819666 0.000219115 0)
(0.000763526 0.000237997 0)
(0.000706733 0.000250554 0)
(0.000657948 0.000243168 0)
(0.000621658 0.000212183 0)
(0.00059805 0.000161942 0)
(0.000585091 9.97655e-05 0)
(0.000580454 3.24321e-05 0)
(0.000582608 -3.50184e-05 0)
(0.000590659 -9.95678e-05 0)
(0.000603984 -0.000159154 0)
(0.000622196 -0.000212168 0)
(0.000644796 -0.000257427 0)
(0.000670981 -0.000294232 0)
(0.000699689 -0.000322473 0)
(0.000729774 -0.000342593 0)
(0.000760239 -0.000355413 0)
(0.00079043 -0.000361855 0)
(0.000820117 -0.000362684 0)
(0.000849452 -0.000358393 0)
(0.000878809 -0.000349251 0)
(0.000908597 -0.000335498 0)
(0.000939101 -0.000317576 0)
(0.000970393 -0.0002963 0)
(0.00100229 -0.000272882 0)
(0.00103442 -0.000248841 0)
(0.00106645 -0.000225832 0)
(0.00109821 -0.000205484 0)
(0.00112971 -0.000189185 0)
(0.00116118 -0.000177847 0)
(0.00119304 -0.000171749 0)
(0.00122584 -0.00017059 0)
(0.00126011 -0.00017363 0)
(0.00129633 -0.00017965 0)
(0.00133472 -0.000186862 0)
(0.00137522 -0.000193151 0)
(0.00141739 -0.000196632 0)
(0.00146049 -0.000195745 0)
(0.00150372 -0.00018903 0)
(0.00154624 -0.000175356 0)
(0.0015871 -0.000154344 0)
(0.00162549 -0.000126042 0)
(0.001661 -9.06416e-05 0)
(0.00169356 -4.90672e-05 0)
(0.00172245 -2.7577e-06 0)
(0.00174669 4.77266e-05 0)
(0.00176661 0.000102322 0)
(0.00178344 0.000159456 0)
(0.00179821 0.000217621 0)
(0.0018114 0.000277584 0)
(0.00123466 -0.000293089 0)
(0.00128506 -0.000292872 0)
(0.00134155 -0.00028215 0)
(0.00140387 -0.000260404 0)
(0.00146989 -0.00022765 0)
(0.00153669 -0.000184482 0)
(0.00160128 -0.000131664 0)
(0.00166099 -7.01709e-05 0)
(0.00171483 -2.09925e-06 0)
(0.00176211 7.00456e-05 0)
(0.00180075 0.000143733 0)
(0.00182959 0.000216993 0)
(0.00184834 0.000287847 0)
(0.00185644 0.000353844 0)
(0.00185325 0.000412426 0)
(0.001838 0.000462386 0)
(0.00181044 0.000502298 0)
(0.00177182 0.000529016 0)
(0.00172329 0.000541462 0)
(0.0016653 0.000540575 0)
(0.00160137 0.000524833 0)
(0.001538 0.000496537 0)
(0.00148017 0.000468234 0)
(0.00143134 0.000450114 0)
(0.00139447 0.00044018 0)
(0.00136834 0.000435987 0)
(0.00134656 0.0004405 0)
(0.00132401 0.000449594 0)
(0.00129954 0.000452501 0)
(0.0012711 0.000448423 0)
(0.00123604 0.000443311 0)
(0.00119656 0.000433 0)
(0.00115695 0.000410803 0)
(0.00111666 0.000385186 0)
(0.00107295 0.000369193 0)
(0.0010279 0.000359457 0)
(0.000986229 0.000343332 0)
(0.000947446 0.000321837 0)
(0.000904883 0.000311154 0)
(0.000853169 0.00032192 0)
(0.000794141 0.000345818 0)
(0.000735152 0.000362891 0)
(0.000683292 0.000357041 0)
(0.000641672 0.000323909 0)
(0.000609741 0.000268483 0)
(0.000585608 0.000198877 0)
(0.000567905 0.000121988 0)
(0.000556401 4.23595e-05 0)
(0.000550899 -3.71053e-05 0)
(0.000551527 -0.000114136 0)
(0.000559186 -0.000186455 0)
(0.000574239 -0.00025168 0)
(0.000596282 -0.000307605 0)
(0.0006243 -0.000352578 0)
(0.000656776 -0.000385846 0)
(0.00069188 -0.000407749 0)
(0.000727734 -0.000419645 0)
(0.000762723 -0.000423518 0)
(0.000795814 -0.000421422 0)
(0.000826725 -0.000414985 0)
(0.000855858 -0.000405172 0)
(0.000884032 -0.000392384 0)
(0.000912146 -0.000376776 0)
(0.000940919 -0.000358634 0)
(0.000970777 -0.000338634 0)
(0.00100188 -0.000317919 0)
(0.00103423 -0.000297994 0)
(0.00106781 -0.000280538 0)
(0.00110265 -0.000267157 0)
(0.00113893 -0.000259061 0)
(0.00117696 -0.000256802 0)
(0.00121714 -0.000260143 0)
(0.00125983 -0.00026812 0)
(0.00130515 -0.000279106 0)
(0.00135294 -0.000290838 0)
(0.00140272 -0.000300625 0)
(0.00145374 -0.000305998 0)
(0.00150507 -0.000305178 0)
(0.0015557 -0.000296773 0)
(0.00160471 -0.00027958 0)
(0.00165121 -0.000253106 0)
(0.00169439 -0.000217783 0)
(0.00173376 -0.000174165 0)
(0.00176914 -0.00012297 0)
(0.00180012 -6.56795e-05 0)
(0.00182662 -3.62518e-06 0)
(0.00184845 6.24723e-05 0)
(0.00186515 0.000130969 0)
(0.00187651 0.000199057 0)
(0.00188263 0.000265389 0)
(0.000846726 -0.000411234 0)
(0.000912854 -0.000427789 0)
(0.000986364 -0.000430506 0)
(0.00106631 -0.000418782 0)
(0.00115091 -0.00039187 0)
(0.00123794 -0.000349148 0)
(0.00132461 -0.000291385 0)
(0.00140788 -0.000220817 0)
(0.0014851 -0.000139867 0)
(0.0015549 -5.09028e-05 0)
(0.00161699 4.29568e-05 0)
(0.00167012 0.000137814 0)
(0.00171268 0.000230818 0)
(0.00174438 0.000319946 0)
(0.00176522 0.000403291 0)
(0.00177496 0.000478616 0)
(0.00177319 0.000543055 0)
(0.00175925 0.000594665 0)
(0.00173278 0.000633498 0)
(0.00169476 0.000657403 0)
(0.00164614 0.00066142 0)
(0.00158667 0.000645375 0)
(0.00151983 0.000614463 0)
(0.00145479 0.000574099 0)
(0.00139863 0.000533889 0)
(0.00135194 0.000508101 0)
(0.00131416 0.000501283 0)
(0.00128571 0.000503234 0)
(0.00126353 0.000505279 0)
(0.00124117 0.000508478 0)
(0.00121581 0.000510589 0)
(0.00118883 0.00050264 0)
(0.00115905 0.000485228 0)
(0.00112275 0.000470465 0)
(0.00108087 0.000462003 0)
(0.00103893 0.00044986 0)
(0.00099882 0.000430398 0)
(0.000955686 0.000417136 0)
(0.000904274 0.000424815 0)
(0.00084531 0.0004505 0)
(0.000784839 0.000475025 0)
(0.000729227 0.000478754 0)
(0.000681541 0.000453376 0)
(0.000641645 0.000401811 0)
(0.000608314 0.000331641 0)
(0.000580822 0.0002497 0)
(0.000559272 0.000160463 0)
(0.000544229 6.6776e-05 0)
(0.000536257 -2.8973e-05 0)
(0.000535653 -0.000123756 0)
(0.000542609 -0.000214325 0)
(0.000557242 -0.000297271 0)
(0.000579342 -0.000369295 0)
(0.000608372 -0.000427625 0)
(0.000643348 -0.000470481 0)
(0.000682756 -0.000497492 0)
(0.000724627 -0.000509909 0)
(0.00076682 -0.000510443 0)
(0.000807454 -0.000502643 0)
(0.000845347 -0.000489996 0)
(0.000880257 -0.000475127 0)
(0.0009128 -0.00045942 0)
(0.000944091 -0.000443203 0)
(0.00097529 -0.000426292 0)
(0.00100724 -0.00040862 0)
(0.00104032 -0.000390675 0)
(0.00107455 -0.000373635 0)
(0.00110982 -0.000359198 0)
(0.00114616 -0.000349207 0)
(0.00118382 -0.000345194 0)
(0.00122328 -0.000347951 0)
(0.00126512 -0.000357219 0)
(0.00130976 -0.000371607 0)
(0.00135724 -0.000388736 0)
(0.00140711 -0.00040554 0)
(0.00145856 -0.000418724 0)
(0.00151055 -0.000425344 0)
(0.00156194 -0.000423317 0)
(0.00161159 -0.000411334 0)
(0.00165854 -0.000388535 0)
(0.0017021 -0.000354729 0)
(0.00174184 -0.000310702 0)
(0.00177748 -0.000257622 0)
(0.00180886 -0.000196612 0)
(0.00183582 -0.000129202 0)
(0.00185843 -5.70682e-05 0)
(0.00187732 1.88011e-05 0)
(0.00189227 9.77466e-05 0)
(0.00190249 0.000177554 0)
(0.00190782 0.000255819 0)
(0.000485825 -0.000569158 0)
(0.000562271 -0.000601991 0)
(0.000643542 -0.000619019 0)
(0.00073113 -0.000618336 0)
(0.000824685 -0.000598309 0)
(0.000922554 -0.000557901 0)
(0.0010223 -0.000497093 0)
(0.00112094 -0.000417409 0)
(0.00121529 -0.000322315 0)
(0.00130273 -0.000216275 0)
(0.00138159 -0.000103408 0)
(0.00145175 1.29345e-05 0)
(0.00151251 0.000129258 0)
(0.00156251 0.0002414 0)
(0.00160174 0.000346283 0)
(0.00163067 0.000443477 0)
(0.00164959 0.000532669 0)
(0.00165784 0.000610853 0)
(0.00165462 0.000673969 0)
(0.00164008 0.000720759 0)
(0.00161375 0.000752233 0)
(0.00157472 0.000765057 0)
(0.00152488 0.000751522 0)
(0.00146796 0.000712999 0)
(0.00140761 0.000664994 0)
(0.00135036 0.00062188 0)
(0.00130439 0.000586991 0)
(0.00127181 0.000561579 0)
(0.00124685 0.000550397 0)
(0.00122369 0.000552393 0)
(0.00120117 0.000556565 0)
(0.00117815 0.000555199 0)
(0.00115034 0.000552666 0)
(0.00111572 0.000553217 0)
(0.00107804 0.000550019 0)
(0.00104109 0.000536557 0)
(0.00100278 0.000521755 0)
(0.000958116 0.000522912 0)
(0.000905749 0.000545577 0)
(0.000849623 0.000576346 0)
(0.000795389 0.000594018 0)
(0.000746639 0.000584263 0)
(0.000704151 0.000544648 0)
(0.000667437 0.000480348 0)
(0.000636095 0.000398181 0)
(0.000610079 0.000303647 0)
(0.000589464 0.000200671 0)
(0.000574403 9.22898e-05 0)
(0.000565189 -1.87577e-05 0)
(0.000561968 -0.000129383 0)
(0.000564822 -0.000236276 0)
(0.000574133 -0.00033578 0)
(0.000590243 -0.000424134 0)
(0.000613338 -0.000497796 0)
(0.000643269 -0.000553897 0)
(0.00067935 -0.000590795 0)
(0.00072024 -0.000608643 0)
(0.00076396 -0.000609723 0)
(0.000808191 -0.000598238 0)
(0.000850836 -0.000579403 0)
(0.000890656 -0.000558061 0)
(0.000927585 -0.000537473 0)
(0.00096254 -0.000518854 0)
(0.000996832 -0.000501795 0)
(0.00103155 -0.000485278 0)
(0.00106717 -0.000468746 0)
(0.00110365 -0.000452769 0)
(0.00114068 -0.000439115 0)
(0.00117819 -0.000430239 0)
(0.0012165 -0.000428454 0)
(0.00125632 -0.000435054 0)
(0.00129844 -0.000449686 0)
(0.00134333 -0.000470204 0)
(0.00139091 -0.000493052 0)
(0.00144044 -0.000514012 0)
(0.00149078 -0.000529019 0)
(0.00154064 -0.00053483 0)
(0.00158876 -0.00052935 0)
(0.00163405 -0.000511529 0)
(0.00167571 -0.000481117 0)
(0.00171336 -0.000438645 0)
(0.00174687 -0.000385389 0)
(0.00177615 -0.000322814 0)
(0.00180123 -0.000252282 0)
(0.00182219 -0.000175539 0)
(0.00183917 -9.45232e-05 0)
(0.00185284 -1.04937e-05 0)
(0.00186326 7.56767e-05 0)
(0.00187011 0.000162877 0)
(0.00187362 0.000249564 0)
(0.000291781 -0.000744761 0)
(0.000356383 -0.00078762 0)
(0.000421808 -0.00081583 0)
(0.000492665 -0.000826766 0)
(0.000571319 -0.000816956 0)
(0.000658253 -0.000783346 0)
(0.000752187 -0.00072436 0)
(0.000850231 -0.000640722 0)
(0.000948637 -0.000535463 0)
(0.00104384 -0.0004135 0)
(0.00113269 -0.000280986 0)
(0.0012132 -0.000143691 0)
(0.00128501 -6.25687e-06 0)
(0.00134774 0.000128222 0)
(0.00140055 0.00025655 0)
(0.00144371 0.000375513 0)
(0.0014777 0.000484115 0)
(0.00150248 0.00058262 0)
(0.00151784 0.000669504 0)
(0.00152347 0.000742159 0)
(0.00151849 0.000798047 0)
(0.00150225 0.000832642 0)
(0.00147418 0.000841733 0)
(0.00143364 0.000826168 0)
(0.00138387 0.000788829 0)
(0.00133315 0.000733704 0)
(0.00128791 0.00067401 0)
(0.0012483 0.000629887 0)
(0.00121284 0.000610727 0)
(0.00118271 0.000607888 0)
(0.00115862 0.000609016 0)
(0.00113694 0.000611971 0)
(0.00111298 0.000619221 0)
(0.0010864 0.000625642 0)
(0.00105977 0.000622223 0)
(0.00103275 0.000610985 0)
(0.00100122 0.000607237 0)
(0.000962107 0.000623793 0)
(0.000916861 0.000656816 0)
(0.000869968 0.000688128 0)
(0.000825481 0.000698533 0)
(0.000785339 0.000678153 0)
(0.000749928 0.000627288 0)
(0.000719142 0.000551753 0)
(0.000692769 0.00045841 0)
(0.000670567 0.000352978 0)
(0.000652406 0.000239503 0)
(0.000638217 0.000120748 0)
(0.000628411 -9.13068e-07 0)
(0.000623328 -0.00012289 0)
(0.000623122 -0.0002421 0)
(0.000628361 -0.000355061 0)
(0.000639525 -0.000457979 0)
(0.000657045 -0.000546901 0)
(0.000681124 -0.000618068 0)
(0.000711546 -0.000668511 0)
(0.00074759 -0.000696773 0)
(0.000787935 -0.000703625 0)
(0.000830605 -0.00069256 0)
(0.000873204 -0.000669568 0)
(0.000913606 -0.000641764 0)
(0.000950764 -0.000615234 0)
(0.000985045 -0.000593267 0)
(0.0010178 -0.00057597 0)
(0.0010505 -0.0005614 0)
(0.00108402 -0.000547504 0)
(0.00111845 -0.000533797 0)
(0.00115351 -0.000521961 0)
(0.00118909 -0.000515201 0)
(0.00122556 -0.000516775 0)
(0.0012637 -0.000528398 0)
(0.00130423 -0.000549207 0)
(0.00134735 -0.000575765 0)
(0.00139248 -0.000603019 0)
(0.00143841 -0.00062565 0)
(0.00148366 -0.00063916 0)
(0.00152685 -0.000640441 0)
(0.00156692 -0.00062789 0)
(0.00160315 -0.000601295 0)
(0.00163526 -0.000561446 0)
(0.00166346 -0.00050968 0)
(0.0016881 -0.000447457 0)
(0.00170946 -0.000376159 0)
(0.00172771 -0.000297269 0)
(0.00174318 -0.000212631 0)
(0.0017559 -0.00012395 0)
(0.00176567 -3.23008e-05 0)
(0.00177272 6.10721e-05 0)
(0.00177728 0.000154738 0)
(0.00177941 0.000247656 0)
(0.000335287 -0.000866239 0)
(0.000376081 -0.000905248 0)
(0.000407191 -0.000938182 0)
(0.00043669 -0.000963202 0)
(0.000472164 -0.000973794 0)
(0.000519136 -0.000961561 0)
(0.000579924 -0.00091977 0)
(0.000653171 -0.000845974 0)
(0.000735006 -0.000742394 0)
(0.000820731 -0.000614722 0)
(0.000905977 -0.00047034 0)
(0.000987346 -0.000316566 0)
(0.00106234 -0.000159979 0)
(0.00113 -6.32697e-06 0)
(0.00119005 0.000140344 0)
(0.00124214 0.000278348 0)
(0.00128611 0.000407225 0)
(0.00132206 0.000525205 0)
(0.00135014 0.000629748 0)
(0.00136992 0.000720634 0)
(0.0013807 0.000798147 0)
(0.00138202 0.000858668 0)
(0.00137268 0.000895942 0)
(0.00135162 0.000903836 0)
(0.00132062 0.00087851 0)
(0.00128303 0.000826599 0)
(0.00124108 0.000768294 0)
(0.00119815 0.000722233 0)
(0.00116045 0.000691194 0)
(0.00113277 0.00066913 0)
(0.00111382 0.000655456 0)
(0.00109815 0.000654218 0)
(0.00108219 0.000662577 0)
(0.00106619 0.000669217 0)
(0.00105051 0.000667319 0)
(0.00103249 0.0006645 0)
(0.00100846 0.000675504 0)
(0.000977495 0.000706158 0)
(0.000942157 0.000746298 0)
(0.000906202 0.000776661 0)
(0.000872338 0.00078082 0)
(0.000841702 0.000751941 0)
(0.000814503 0.000692041 0)
(0.000790578 0.000607761 0)
(0.0007696 0.000506425 0)
(0.00075139 0.000393678 0)
(0.000735998 0.000272912 0)
(0.000723708 0.000146251 0)
(0.000714853 1.58539e-05 0)
(0.000709593 -0.000115781 0)
(0.000708031 -0.000245515 0)
(0.000710559 -0.000370089 0)
(0.000717916 -0.000485858 0)
(0.000730937 -0.000588609 0)
(0.000750179 -0.000673852 0)
(0.00077556 -0.000737684 0)
(0.000806391 -0.000777662 0)
(0.000841665 -0.000793282 0)
(0.000880094 -0.000786483 0)
(0.000919874 -0.000762324 0)
(0.000958787 -0.000728805 0)
(0.00099504 -0.000694772 0)
(0.00102815 -0.000666695 0)
(0.00105903 -0.000646487 0)
(0.00108917 -0.000631923 0)
(0.00111955 -0.00061934 0)
(0.00115033 -0.000606792 0)
(0.00118119 -0.000595647 0)
(0.00121206 -0.000589919 0)
(0.00124344 -0.000593887 0)
(0.00127623 -0.000609546 0)
(0.00131104 -0.000635163 0)
(0.00134774 -0.000665649 0)
(0.0013853 -0.000694355 0)
(0.00142228 -0.000715144 0)
(0.00145712 -0.000723656 0)
(0.00148874 -0.000717545 0)
(0.00151652 -0.000696207 0)
(0.00154035 -0.000660442 0)
(0.00156036 -0.00061197 0)
(0.00157697 -0.000552659 0)
(0.00159074 -0.000483958 0)
(0.0016023 -0.000407087 0)
(0.00161208 -0.000323515 0)
(0.0016202 -0.000234815 0)
(0.00162666 -0.00014209 0)
(0.00163151 -4.60355e-05 0)
(0.00163509 5.19666e-05 0)
(0.00163745 0.000150085 0)
(0.00163827 0.000247468 0)
(0.000513501 -0.000924998 0)
(0.000548076 -0.000928813 0)
(0.000560871 -0.000940082 0)
(0.000554546 -0.000964419 0)
(0.000539931 -0.000996133 0)
(0.00053031 -0.00101962 0)
(0.000536176 -0.00101736 0)
(0.000562056 -0.000977507 0)
(0.000606557 -0.00089723 0)
(0.000664714 -0.000781465 0)
(0.000730795 -0.000639216 0)
(0.00079985 -0.000480267 0)
(0.000868199 -0.000313487 0)
(0.000933341 -0.000146201 0)
(0.000993696 1.58601e-05 0)
(0.00104843 0.00016924 0)
(0.00109708 0.000312408 0)
(0.00113953 0.000444853 0)
(0.0011757 0.000566357 0)
(0.00120538 0.000675992 0)
(0.00122866 0.000771111 0)
(0.0012451 0.000848718 0)
(0.001253 0.000906088 0)
(0.00125122 0.000937581 0)
(0.0012403 0.000936861 0)
(0.00122101 0.000906779 0)
(0.00119512 0.00085998 0)
(0.00116763 0.000807601 0)
(0.00114444 0.000755476 0)
(0.00112716 0.000711345 0)
(0.00111288 0.000685772 0)
(0.00109874 0.000681895 0)
(0.00108501 0.000689681 0)
(0.00107306 0.000695393 0)
(0.00106198 0.000696187 0)
(0.00104853 0.000702538 0)
(0.00103015 0.000726123 0)
(0.00100716 0.000766921 0)
(0.00098198 0.00081131 0)
(0.000957158 0.000840513 0)
(0.000934111 0.000840455 0)
(0.000913211 0.000806236 0)
(0.0008943 0.000740921 0)
(0.000877075 0.000651602 0)
(0.000861453 0.000545519 0)
(0.000847521 0.000427741 0)
(0.000835585 0.000301209 0)
(0.000825956 0.000168133 0)
(0.00081862 3.09503e-05 0)
(0.000813693 -0.000107519 0)
(0.000811357 -0.000244607 0)
(0.000811903 -0.00037788 0)
(0.000816124 -0.00050443 0)
(0.000825091 -0.000619906 0)
(0.000839791 -0.000718453 0)
(0.000860456 -0.000794298 0)
(0.000886193 -0.000843938 0)
(0.000915482 -0.000866902 0)
(0.000947007 -0.000865012 0)
(0.000979689 -0.000842324 0)
(0.00101213 -0.000806154 0)
(0.00104272 -0.000766576 0)
(0.00107061 -0.000732857 0)
(0.00109629 -0.000709209 0)
(0.00112106 -0.000693641 0)
(0.00114578 -0.000681032 0)
(0.00117041 -0.000668039 0)
(0.00119444 -0.000656049 0)
(0.00121784 -0.000650265 0)
(0.00124129 -0.000656075 0)
(0.00126575 -0.000675307 0)
(0.00129162 -0.000704711 0)
(0.00131839 -0.00073723 0)
(0.00134476 -0.000764848 0)
(0.00136931 -0.000781187 0)
(0.00139089 -0.00078267 0)
(0.00140891 -0.000768243 0)
(0.00142334 -0.000738473 0)
(0.00143462 -0.000694808 0)
(0.00144331 -0.000639277 0)
(0.00145 -0.00057409 0)
(0.00145516 -0.000501054 0)
(0.00145921 -0.000421162 0)
(0.00146237 -0.000334965 0)
(0.00146459 -0.000243318 0)
(0.00146574 -0.000147681 0)
(0.00146588 -4.97182e-05 0)
(0.00146536 4.94547e-05 0)
(0.00146446 0.000149587 0)
(0.00146321 0.0002502 0)
(0.000626954 -0.00103984 0)
(0.000665533 -0.000989225 0)
(0.000693534 -0.00093519 0)
(0.000697993 -0.000902121 0)
(0.00067413 -0.000907316 0)
(0.000631896 -0.000943425 0)
(0.000589372 -0.000982471 0)
(0.000562476 -0.000994371 0)
(0.000558672 -0.000961187 0)
(0.00057722 -0.000880349 0)
(0.000612963 -0.000759863 0)
(0.000659925 -0.000611676 0)
(0.000712929 -0.000447415 0)
(0.000768159 -0.000276662 0)
(0.000822693 -0.000106638 0)
(0.000874621 5.7683e-05 0)
(0.000923067 0.000213003 0)
(0.000967549 0.000357245 0)
(0.00100782 0.000488983 0)
(0.00104386 0.000607566 0)
(0.00107518 0.000713474 0)
(0.00110079 0.000806791 0)
(0.00112019 0.000882978 0)
(0.00113401 0.000932012 0)
(0.00114239 0.000946559 0)
(0.00114412 0.000929643 0)
(0.00113937 0.000890698 0)
(0.00113092 0.000838845 0)
(0.00112121 0.000784556 0)
(0.00111011 0.000741605 -8.53187e-39)
(0.00109721 0.000719789 0)
(0.0010844 0.000716476 0)
(0.00107475 0.000719549 0)
(0.00106924 0.000720041 0)
(0.00106554 0.000720945 0)
(0.00106015 0.000733266 0)
(0.00105131 0.000764321 0)
(0.00103975 0.00080969 0)
(0.0010273 0.000854577 0)
(0.0010154 0.000881594 0)
(0.00100448 0.000878443 0)
(0.000994316 0.000841223 0)
(0.000984543 0.00077324 0)
(0.000974927 0.000681452 0)
(0.000965538 0.000572671 0)
(0.000956728 0.000451629 0)
(0.000949034 0.000321362 0)
(0.000942664 0.00018436 0)
(0.000937801 4.33632e-05 0)
(0.000934871 -9.89362e-05 0)
(0.000934319 -0.000240304 0)
(0.000936444 -0.000379033 0)
(0.000941354 -0.000513193 0)
(0.000949146 -0.000639241 0)
(0.000960317 -0.000750756 0)
(0.000975563 -0.000839314 0)
(0.000994765 -0.000898298 -1.35257e-38)
(0.00101653 -0.000926307 0)
(0.00103919 -0.000926402 0)
(0.00106189 -0.000903521 0)
(0.00108415 -0.000864623 0)
(0.00110515 -0.000820069 0)
(0.00112417 -0.000781217 -3.35616e-39)
(0.00114143 -0.000754556 0)
(0.00115792 -0.000738324 0)
(0.0011742 -0.000725668 5.76405e-39)
(0.00118991 -0.000711683 0)
(0.00120438 -0.000698003 5.8767e-39)
(0.00121762 -0.00069136 0)
(0.00123051 -0.000698135 0)
(0.00124396 -0.00071945 -3.9155e-39)
(0.00125808 -0.000750118 0)
(0.00127197 -0.000781347 0)
(0.00128426 -0.000804616 0)
(0.00129374 -0.000814225 0)
(0.00129988 -0.000807834 0)
(0.00130274 -0.000785643 1.05465e-38)
(0.0013029 -0.000749276 0)
(0.00130117 -0.00070083 0)
(0.00129838 -0.000642287 0)
(0.00129518 -0.000575262 0)
(0.00129182 -0.000500861 0)
(0.00128843 -0.000419768 0)
(0.00128501 -0.000332502 0)
(0.00128163 -0.000239868 0)
(0.00127823 -0.000143143 0)
(0.00127474 -4.39575e-05 0)
(0.00127154 5.62011e-05 4.10826e-38)
(0.00126903 0.000156119 0)
(0.00126738 0.000254579 0)
(0.000749793 -0.00110462 0)
(0.000741068 -0.00106879 0)
(0.000743331 -0.00100273 0)
(0.000753014 -0.00091611 0)
(0.000750641 -0.00084619 0)
(0.000720976 -0.000828227 0)
(0.000667692 -0.000859901 0)
(0.000609082 -0.000905061 0)
(0.000563806 -0.000923702 0)
(0.000541411 -0.000893702 0)
(0.000542112 -0.000813292 0)
(0.000561314 -0.00069258 0)
(0.000593356 -0.000544941 0)
(0.00063348 -0.00038234 0)
(0.000677974 -0.000214134 0)
(0.000723764 -4.71043e-05 0)
(0.000768892 0.000113952 0)
(0.000812315 0.000265644 0)
(0.000852984 0.000406414 0)
(0.000890145 0.000535609 0)
(0.000923525 0.000652416 0)
(0.000953511 0.000753899 0)
(0.000980864 0.000834208 0)
(0.00100537 0.000887527 0)
(0.00102514 0.000912295 0)
(0.00103856 0.000910837 0)
(0.00104653 0.000886536 0)
(0.00105113 0.000845569 0)
(0.00105303 0.000799976 0)
(0.00105202 0.000763388 8.53187e-39)
(0.00104945 0.000741981 0)
(0.00104846 0.000731457 0)
(0.00105149 0.000723898 0)
(0.00105818 0.000717294 0)
(0.00106584 0.000718168 0)
(0.00107191 0.000735459 0)
(0.0010756 0.000771966 0)
(0.00107777 0.000820338 0)
(0.00107959 0.000865758 0)
(0.00108159 0.000892373 0)
(0.00108356 0.000889175 0)
(0.00108489 0.000852682 0)
(0.00108495 0.000785973 0)
(0.00108358 0.000695382 0)
(0.0010811 0.000587085 0)
(0.00107815 0.000465469 0)
(0.00107517 0.00033356 0)
(0.00107236 0.000193971 0)
(0.00106996 4.93248e-05 0)
(0.00106873 -9.8009e-05 0)
(0.00106936 -0.000245485 0)
(0.00107203 -0.000390326 0)
(0.00107684 -0.000529434 0)
(0.00108334 -0.000659528 0)
(0.00109097 -0.000775933 0)
(0.00109983 -0.000870847 0)
(0.00111038 -0.000935428 1.35257e-38)
(0.00112212 -0.000965762 0)
(0.00113357 -0.000965287 0)
(0.00114388 -0.000940884 0)
(0.00115335 -0.00089999 0)
(0.00116234 -0.000852385 0)
(0.00117078 -0.000810031 3.35616e-39)
(0.00117882 -0.000780889 0)
(0.00118689 -0.000763299 0)
(0.00119484 -0.000748797 -5.76405e-39)
(0.00120159 -0.000731324 0)
(0.00120609 -0.000713425 -5.8767e-39)
(0.00120842 -0.000703884 0)
(0.00120967 -0.000710003 0)
(0.00121079 -0.000731744 3.9155e-39)
(0.00121167 -0.000761719 0)
(0.00121124 -0.000789639 0)
(0.00120827 -0.000807039 0)
(0.00120202 -0.0008095 0)
(0.00119253 -0.000796291 0)
(0.00118049 -0.000768851 -1.05465e-38)
(0.00116692 -0.00072934 0)
(0.00115286 -0.000679746 0)
(0.00113912 -0.000621539 0)
(0.00112612 -0.000555673 0)
(0.00111399 -0.000482687 0)
(0.00110271 -0.000402957 0)
(0.00109227 -0.000317026 0)
(0.00108281 -0.000225817 0)
(0.00107446 -0.000130715 0)
(0.0010674 -3.33319e-05 0)
(0.00106197 6.48895e-05 -4.10826e-38)
(0.00105822 0.000162874 0)
(0.000934149 -0.000994533 0)
(0.000886891 -0.000967522 0)
(0.000833643 -0.000952647 0)
(0.000795672 -0.000913146 0)
(0.000778174 -0.000837 0)
(0.000762113 -0.00076325 0)
(0.000725881 -0.000738444 0)
(0.000666634 -0.000766428 0)
(0.000600034 -0.000810272 0)
(0.00054485 -0.000827797 0)
(0.000511395 -0.000796866 0)
(0.000500585 -0.000716981 0)
(0.000508338 -0.000599114 0)
(0.000529549 -0.000456501 0)
(0.000559946 -0.000300424 0)
(0.000596251 -0.00013938 0)
(0.000635498 2.06205e-05 0)
(0.000676095 0.000175177 0)
(0.000716907 0.000321156 0)
(0.000756522 0.000456411 0)
(0.000794434 0.00057872 0)
(0.000830518 0.000685317 0)
(0.000864407 0.000772883 0)
(0.000895262 0.00083788 0)
(0.000922661 0.00087656 0)
(0.0009475 0.000885826 0)
(0.000970957 0.000866951 0)
(0.000992511 0.000829312 0)
(0.00101022 0.000787825 0)
(0.00102332 0.000754388 0)
(0.00103375 0.000731611 0)
(0.00104468 0.000714933 0)
(0.0010579 0.000700341 0)
(0.00107287 0.000690099 0)
(0.00108781 0.000691759 0)
(0.00110158 0.000712139 0)
(0.00111433 0.000751405 0)
(0.00112698 0.000801237 0)
(0.00114024 0.000847509 0)
(0.00115398 0.000875592 0)
(0.0011674 0.000875255 0)
(0.00117942 0.000842915 0)
(0.00118934 0.000780844 0)
(0.00119708 0.000694262 0)
(0.00120298 0.000588559 0)
(0.00120739 0.000468216 0)
(0.00121048 0.000336828 0)
(0.00121246 0.000197497 0)
(0.00121378 5.28278e-05 0)
(0.00121553 -9.50426e-05 0)
(0.00121811 -0.000244203 0)
(0.00122107 -0.000392188 0)
(0.00122447 -0.000535006 0)
(0.00122839 -0.000667619 0)
(0.00123223 -0.000784964 0)
(0.00123519 -0.000880629 0)
(0.00123719 -0.000945883 0)
(0.00123829 -0.000974833 0)
(0.00123765 -0.000970524 0)
(0.00123458 -0.000942395 0)
(0.00122969 -0.000899981 0)
(0.00122414 -0.000852794 0)
(0.00121853 -0.000811962 0)
(0.00121317 -0.000785028 0)
(0.00120837 -0.000769061 0)
(0.00120376 -0.000753513 0)
(0.00119809 -0.000731751 0)
(0.00119022 -0.000708441 0)
(0.00118029 -0.000695157 0)
(0.00116937 -0.00069987 0)
(0.00115812 -0.000720686 0)
(0.00114602 -0.00074788 0)
(0.0011319 -0.000770324 0)
(0.00111481 -0.000780443 0)
(0.00109454 -0.000775476 0)
(0.0010716 -0.000756201 0)
(0.0010469 -0.000724972 0)
(0.00102149 -0.000684115 0)
(0.000996295 -0.000635167 0)
(0.000971987 -0.000578839 0)
(0.000948958 -0.000515373 0)
(0.00092745 -0.000445003 0)
(0.00090761 -0.000368167 0)
(0.000889596 -0.000285605 0)
(0.000873595 -0.000198356 0)
(0.000859631 -0.000107631 0)
(0.000847712 -1.4723e-05 0)
(0.000838379 7.94383e-05 0)
(0.000831665 0.000173813 0)
(0.00101245 -0.00093891 0)
(0.000970698 -0.000854883 0)
(0.000920655 -0.00080197 0)
(0.000860093 -0.000791254 0)
(0.000809372 -0.00077295 0)
(0.000779585 -0.000717286 0)
(0.000756234 -0.000655567 0)
(0.000716438 -0.000633978 0)
(0.000653822 -0.000659434 0)
(0.000582226 -0.00069859 0)
(0.000520559 -0.000712092 0)
(0.000479783 -0.000679701 0)
(0.000461229 -0.000601828 0)
(0.000461059 -0.00048949 0)
(0.000474538 -0.000355334 0)
(0.000497823 -0.0002097 0)
(0.000527844 -6.00532e-05 0)
(0.000562308 8.85156e-05 0)
(0.000600168 0.000231725 0)
(0.000640348 0.000366733 0)
(0.000681549 0.000490888 0)
(0.000722931 0.000601096 0)
(0.000764043 0.000693117 0)
(0.000804928 0.000761369 0)
(0.000845947 0.000800495 0)
(0.000886721 0.000809133 0)
(0.000925011 0.000793471 0)
(0.000957397 0.000766048 0)
(0.000981854 0.000739081 0)
(0.000999653 0.000717944 0)
(0.00101457 0.000700748 0)
(0.00103032 0.000683731 0)
(0.00104858 0.00066707 0)
(0.00106898 0.000656329 0)
(0.00109044 0.000659194 0)
(0.00111244 0.00068052 0)
(0.00113528 0.000718861 0)
(0.0011596 0.000766055 0)
(0.00118555 0.000809673 0)
(0.00121256 0.000836966 0)
(0.00123935 0.000838545 0)
(0.00126443 0.000810306 0)
(0.00128672 0.000753162 0)
(0.00130566 0.000671249 0)
(0.00132131 0.000569889 0)
(0.00133406 0.000453958 0)
(0.00134424 0.000326822 0)
(0.00135206 0.000190355 0)
(0.00135788 4.62844e-05 0)
(0.00136291 -0.000102332 0)
(0.00136788 -0.000251593 0)
(0.00137222 -0.000398377 0)
(0.00137538 -0.000539897 0)
(0.00137732 -0.000671427 0)
(0.00137773 -0.000786609 0)
(0.00137534 -0.000878859 0)
(0.0013691 -0.000940401 0)
(0.00135912 -0.000964808 0)
(0.00134581 -0.00095428 0)
(0.00132974 -0.000919762 0)
(0.00131238 -0.000872853 0)
(0.00129524 -0.000823107 0)
(0.00127846 -0.000780991 0)
(0.00126128 -0.000754136 0)
(0.00124335 -0.000739057 0)
(0.00122458 -0.000723293 0)
(0.00120445 -0.000699169 0)
(0.0011824 -0.000672735 0)
(0.0011587 -0.000657519 0)
(0.00113416 -0.000661447 0)
(0.00110912 -0.000680677 0)
(0.00108295 -0.000703856 0)
(0.00105463 -0.00072004 0)
(0.0010236 -0.000723211 0)
(0.000990039 -0.000712272 0)
(0.000954679 -0.000688976 0)
(0.000918448 -0.000655863 0)
(0.000882212 -0.000614997 0)
(0.000846678 -0.000567506 0)
(0.00081239 -0.000513707 0)
(0.00077975 -0.000453576 0)
(0.000749094 -0.000387195 0)
(0.000720736 -0.00031497 0)
(0.000694964 -0.000237611 0)
(0.000672056 -0.000156037 0)
(0.000652094 -7.12258e-05 0)
(0.000635645 1.59032e-05 0)
(0.000622964 0.00010458 0)
(0.00061374 0.000193694 0)
(0.0010674 -0.000792085 0)
(0.00100028 -0.00076707 0)
(0.000953865 -0.000713039 0)
(0.000909398 -0.000671527 0)
(0.000855997 -0.000662729 0)
(0.000807443 -0.000650606 0)
(0.000777225 -0.000605325 0)
(0.000754869 -0.000548455 0)
(0.000716923 -0.00052268 0)
(0.000653947 -0.000540311 0)
(0.000578612 -0.000573561 0)
(0.000511031 -0.000584849 0)
(0.00046376 -0.000553742 0)
(0.000438918 -0.00048032 0)
(0.000432824 -0.000375392 0)
(0.00044083 -0.000251217 0)
(0.000459422 -0.000117455 0)
(0.000485269 1.92528e-05 0)
(0.00051672 0.0001543 0)
(0.000553159 0.000283305 0)
(0.000593466 0.000402534 0)
(0.000637112 0.000507894 0)
(0.00068375 0.00059461 0)
(0.000732756 0.000658067 0)
(0.000782537 0.000696085 0)
(0.000830075 0.000711356 0)
(0.000871713 0.000711302 0)
(0.000905173 0.00070424 0)
(0.00093114 0.000694721 0)
(0.000952939 0.000682274 0)
(0.000974473 0.000664483 0)
(0.000998332 0.00064142 0)
(0.00102516 0.000617816 0)
(0.00105444 0.000601633 0)
(0.0010855 0.000600478 0)
(0.00111819 0.000618013 0)
(0.00115276 0.000652081 0)
(0.00118951 0.000694954 0)
(0.00122817 0.00073551 0)
(0.00126777 0.000762398 0)
(0.00130679 0.000766981 0)
(0.0013436 0.00074506 0)
(0.00137685 0.000696604 0)
(0.00140571 0.000624275 0)
(0.00143007 0.000531752 0)
(0.00145032 0.000422877 0)
(0.00146715 0.000301387 0)
(0.00148124 0.000170261 0)
(0.00149279 3.12499e-05 0)
(0.00150215 -0.000113348 0)
(0.00150988 -0.000259824 0)
(0.00151594 -0.000403756 0)
(0.00151966 -0.000542008 0)
(0.00152023 -0.0006699 0)
(0.00151687 -0.000779344 0)
(0.00150809 -0.000862281 0)
(0.00149251 -0.000912458 0)
(0.00147029 -0.000926152 0)
(0.00144277 -0.000907647 0)
(0.00141191 -0.000869918 0)
(0.00138073 -0.000824862 0)
(0.00135203 -0.000778588 0)
(0.00132619 -0.0007374 0)
(0.00130129 -0.000708177 0)
(0.00127524 -0.000689111 0)
(0.00124686 -0.00066866 0)
(0.00121554 -0.000639207 0)
(0.00118118 -0.000607684 0)
(0.00114455 -0.000588934 0)
(0.00110688 -0.000590821 0)
(0.0010688 -0.00060796 0)
(0.00102996 -0.000627724 0)
(0.000989558 -0.000639326 0)
(0.000947189 -0.000637933 0)
(0.000903081 -0.000623607 0)
(0.000857873 -0.000598647 0)
(0.000812335 -0.000565598 0)
(0.000767227 -0.000526234 0)
(0.000723259 -0.00048134 0)
(0.000681071 -0.000431024 0)
(0.000641226 -0.000375213 0)
(0.000604208 -0.000314005 0)
(0.000570466 -0.000247817 0)
(0.000540394 -0.000177335 0)
(0.000514354 -0.000103398 0)
(0.000492715 -2.69033e-05 0)
(0.000476147 5.14778e-05 0)
(0.000464885 0.000130365 0)
(0.000458918 0.000208692 0)
(0.00110752 -0.000625871 0)
(0.0010475 -0.000608137 0)
(0.00099348 -0.000602221 0)
(0.000953225 -0.000577671 0)
(0.000914529 -0.00055231 0)
(0.000866442 -0.000548501 0)
(0.000819208 -0.000544418 0)
(0.000787712 -0.000506933 0)
(0.000766764 -0.000445048 0)
(0.000734748 -0.000402525 0)
(0.000677748 -0.000404868 0)
(0.000603218 -0.000432524 0)
(0.000530889 -0.000446438 0)
(0.000476575 -0.000422444 0)
(0.000445577 -0.000359059 0)
(0.000435743 -0.000266701 0)
(0.000442576 -0.000156976 0)
(0.000461923 -3.89464e-05 0)
(0.000489532 8.1107e-05 0)
(0.00052286 0.000197875 0)
(0.000561497 0.000306768 0)
(0.000604898 0.000403494 0)
(0.000652268 0.000484177 0)
(0.000702089 0.000546232 0)
(0.000751944 0.000589606 0)
(0.000799102 0.000617066 0)
(0.000841671 0.00063266 0)
(0.000879636 0.000639148 0)
(0.000914716 0.000636709 0)
(0.000949192 0.000624061 0)
(0.000984505 0.000601248 0)
(0.00102078 0.000571766 0)
(0.00105722 0.000542607 0)
(0.00109312 0.000522147 0)
(0.00112846 0.000517221 0)
(0.00116394 0.000530669 0)
(0.00120066 0.000560259 0)
(0.00123945 0.000599154 0)
(0.00128046 0.000637634 0)
(0.00132297 0.000665589 0)
(0.00136565 0.000674789 0)
(0.00140687 0.000660433 0)
(0.00144531 0.000621374 0)
(0.00148023 0.000559233 0)
(0.00151138 0.000476847 0)
(0.00153871 0.000377065 0)
(0.00156249 0.000262841 0)
(0.00158337 0.000137432 0)
(0.0016024 3.5889e-06 0)
(0.00161895 -0.000136358 0)
(0.00163202 -0.000278506 0)
(0.00164163 -0.000416916 0)
(0.00164689 -0.000547078 0)
(0.00164629 -0.000664307 0)
(0.00163821 -0.000760376 0)
(0.00162094 -0.000827137 0)
(0.00159367 -0.000860114 0)
(0.00155804 -0.000858046 0)
(0.00151726 -0.000827157 0)
(0.00147427 -0.000783256 0)
(0.00143181 -0.000740463 0)
(0.00139235 -0.000702291 0)
(0.00135639 -0.000668672 0)
(0.00132204 -0.00064197 0)
(0.00128669 -0.000620021 0)
(0.00124871 -0.000593098 0)
(0.0012075 -0.000555988 0)
(0.00116339 -0.000518243 0)
(0.00111751 -0.000496342 0)
(0.00107122 -0.000497505 0)
(0.00102518 -0.000514098 0)
(0.000979082 -0.000531777 0)
(0.000932193 -0.000539795 0)
(0.00088412 -0.000534522 0)
(0.000835097 -0.000517194 0)
(0.000785722 -0.000490722 0)
(0.000736637 -0.000457855 0)
(0.000688435 -0.000420452 0)
(0.000641732 -0.000379326 0)
(0.000597211 -0.000334487 0)
(0.000555609 -0.000285656 0)
(0.000517625 -0.000232687 0)
(0.000483874 -0.000175781 0)
(0.000454905 -0.000115485 0)
(0.00043118 -5.25383e-05 0)
(0.000413562 1.22018e-05 0)
(0.00040198 7.75455e-05 0)
(0.000396165 0.000142231 0)
(0.00039685 0.0002052 0)
(0.00111228 -0.000545512 0)
(0.00107783 -0.000523077 0)
(0.00104191 -0.000508085 0)
(0.00100323 -0.000499159 0)
(0.000968228 -0.000474458 0)
(0.000933962 -0.000444473 0)
(0.000892391 -0.000436017 0)
(0.000846656 -0.000438607 0)
(0.000809649 -0.000414331 0)
(0.000786358 -0.000353933 0)
(0.000765625 -0.00029141 0)
(0.000729245 -0.000265156 0)
(0.000668703 -0.000277187 0)
(0.000594614 -0.00029542 0)
(0.000527402 -0.000288952 0)
(0.00048187 -0.000247715 0)
(0.000462283 -0.000176628 0)
(0.000465679 -8.59582e-05 0)
(0.000486649 1.3846e-05 0)
(0.00052008 0.00011476 0)
(0.000562055 0.000210781 0)
(0.000609939 0.000297537 0)
(0.000661625 0.000371971 0)
(0.000715118 0.000432402 0)
(0.000768489 0.000478719 0)
(0.000820287 0.000511983 0)
(0.000869948 0.000533409 0)
(0.000917852 0.000543416 0)
(0.000964674 0.000541722 0)
(0.00101061 0.00052854 0)
(0.00105487 0.000506121 0)
(0.00109606 0.000479351 0)
(0.00113287 0.000454975 0)
(0.00116499 0.000439777 0)
(0.00119335 0.000438589 0)
(0.0012199 0.000452861 0)
(0.001247 0.00048014 0)
(0.00127659 0.000514565 0)
(0.00130981 0.000548193 0)
(0.00134681 0.000572745 0)
(0.00138688 0.000581395 0)
(0.00142864 0.00056978 0)
(0.00147045 0.00053597 0)
(0.00151112 0.000480252 0)
(0.00155021 0.000404681 0)
(0.00158739 0.000311875 0)
(0.00162211 0.000204189 0)
(0.00165427 8.45489e-05 0)
(0.00168398 -4.31089e-05 0)
(0.00170991 -0.00017565 0)
(0.00173047 -0.000308571 0)
(0.00174466 -0.000435823 0)
(0.00175091 -0.000552252 0)
(0.00174713 -0.000652197 0)
(0.00173154 -0.000726372 0)
(0.00170322 -0.000767783 0)
(0.00166285 -0.000777674 0)
(0.00161397 -0.000761104 0)
(0.00156195 -0.000725276 0)
(0.00151105 -0.000682878 0)
(0.00146326 -0.000645183 0)
(0.00141881 -0.000613122 0)
(0.00137635 -0.000583254 0)
(0.00133338 -0.000555785 0)
(0.00128793 -0.000529267 0)
(0.00123968 -0.00049635 0)
(0.00118937 -0.000454043 0)
(0.00113793 -0.000413266 0)
(0.00108625 -0.00039077 0)
(0.00103519 -0.000392926 0)
(0.000985397 -0.000410709 0)
(0.000936978 -0.000428781 0)
(0.000889478 -0.00043636 0)
(0.000842278 -0.000430609 0)
(0.000795107 -0.000413598 0)
(0.000748227 -0.000388503 0)
(0.000702169 -0.000357887 0)
(0.000657453 -0.000323472 0)
(0.000614564 -0.000286274 0)
(0.000574044 -0.000246687 0)
(0.000536541 -0.000204715 0)
(0.000502784 -0.00016027 0)
(0.00047349 -0.000113412 0)
(0.00044936 -6.44578e-05 0)
(0.000431004 -1.40062e-05 0)
(0.000418359 3.70964e-05 0)
(0.000411462 8.77615e-05 0)
(0.000410885 0.000137231 0)
(0.000416927 0.0001846 0)
(0.00117277 -0.000449554 0)
(0.00113561 -0.000448742 0)
(0.00110139 -0.000434453 0)
(0.00106564 -0.000414711 0)
(0.00102893 -0.000402584 0)
(0.000995452 -0.000386824 0)
(0.000962685 -0.000355397 0)
(0.000924127 -0.000322722 0)
(0.000880926 -0.000308847 0)
(0.000842842 -0.000306725 0)
(0.000817002 -0.000288094 0)
(0.000799399 -0.000235922 0)
(0.00077761 -0.000166481 0)
(0.000741764 -0.000116796 0)
(0.000692069 -0.000105774 0)
(0.000636486 -0.000115799 0)
(0.000585413 -0.000115596 0)
(0.000548188 -8.82313e-05 0)
(0.000530136 -3.52416e-05 0)
(0.00053228 3.36189e-05 0)
(0.000552551 0.000108568 0)
(0.000587078 0.000182237 0)
(0.000631625 0.000249636 0)
(0.00068236 0.000307781 0)
(0.000736233 0.000355204 0)
(0.000791123 0.000391434 0)
(0.000845746 0.000416399 0)
(0.000899283 0.000430229 0)
(0.00095088 0.00043352 0)
(0.000999355 0.000428004 0)
(0.00104326 0.000416912 0)
(0.0010814 0.000404634 0)
(0.00111337 0.000395773 0)
(0.00113993 0.000394003 0)
(0.00116292 0.00040126 0)
(0.00118495 0.000417369 0)
(0.00120876 0.000440022 0)
(0.00123667 0.000464992 0)
(0.00127004 0.000486595 0)
(0.00130927 0.000498831 0)
(0.00135396 0.000497009 0)
(0.00140292 0.000478345 0)
(0.00145465 0.000441129 0)
(0.00150768 0.000384572 0)
(0.00156081 0.000309837 0)
(0.00161289 0.000219744 0)
(0.00166262 0.000116851 0)
(0.00170908 3.91443e-06 0)
(0.00175055 -0.000115133 0)
(0.0017846 -0.000236015 0)
(0.00180937 -0.00035364 0)
(0.00182321 -0.000461296 0)
(0.0018245 -0.000553098 0)
(0.00181143 -0.000624456 0)
(0.00178307 -0.000668941 0)
(0.00174081 -0.000682626 0)
(0.00168838 -0.000670567 0)
(0.00163121 -0.000642122 0)
(0.00157469 -0.000605673 0)
(0.00152192 -0.000570284 0)
(0.00147302 -0.000541505 0)
(0.00142616 -0.000515273 0)
(0.00137872 -0.000485329 0)
(0.00132833 -0.000452506 0)
(0.0012742 -0.00041899 0)
(0.00121768 -0.00038105 0)
(0.00116097 -0.000336816 0)
(0.00110548 -0.00029634 0)
(0.00105147 -0.000275474 0)
(0.000998802 -0.00028045 0)
(0.000947745 -0.000302187 0)
(0.000899006 -0.000324524 0)
(0.000853058 -0.000335433 0)
(0.000809673 -0.000331585 0)
(0.000768182 -0.000315791 0)
(0.000728063 -0.000292448 0)
(0.000689243 -0.000264847 0)
(0.000652022 -0.000234751 0)
(0.000616847 -0.000202965 0)
(0.000584173 -0.000169816 0)
(0.000554457 -0.000135416 0)
(0.000528182 -9.97958e-05 0)
(0.000505853 -6.30391e-05 0)
(0.000487912 -2.53517e-05 0)
(0.000474583 1.27559e-05 0)
(0.000466296 5.07295e-05 0)
(0.000463352 8.81107e-05 0)
(0.000465688 0.00012427 0)
(0.000473302 0.000158498 0)
(0.00121949 -0.000385209 0)
(0.00118371 -0.000367125 0)
(0.00114721 -0.000353296 0)
(0.00111261 -0.000339753 0)
(0.00107792 -0.000321019 0)
(0.00104123 -0.000301415 0)
(0.00100637 -0.000284259 0)
(0.000977186 -0.000264607 0)
(0.000950485 -0.000238786 0)
(0.000919377 -0.0002122 0)
(0.000882894 -0.00019167 0)
(0.000848976 -0.000174083 0)
(0.000826344 -0.000149963 0)
(0.000815355 -0.000114667 0)
(0.000807115 -7.10104e-05 0)
(0.000791395 -2.68538e-05 0)
(0.000765168 9.14251e-06 0)
(0.000732927 3.38857e-05 0)
(0.000701718 5.22237e-05 0)
(0.000677418 7.21192e-05 0)
(0.000663542 9.85772e-05 0)
(0.000661517 0.000131923 0)
(0.000671181 0.00016936 0)
(0.000691226 0.000207204 0)
(0.000719653 0.000242204 0)
(0.000754192 0.000272043 0)
(0.000792637 0.00029532 0)
(0.000832953 0.000311541 0)
(0.000873302 0.00032115 0)
(0.000912077 0.000325526 0)
(0.000948116 0.000326754 0)
(0.000980953 0.000327224 0)
(0.00101098 0.000329202 0)
(0.00103937 0.000334377 0)
(0.00106786 0.000343331 0)
(0.00109835 0.000355406 0)
(0.00113281 0.000368752 0)
(0.00117283 0.000380694 0)
(0.00121935 0.000387659 0)
(0.00127243 0.000385785 0)
(0.00133132 0.00037195 0)
(0.00139476 0.000344427 0)
(0.00146129 0.00030205 0)
(0.00152895 0.000244169 0)
(0.00159559 0.000171877 0)
(0.00165926 8.80511e-05 0)
(0.00171835 -4.95064e-06 0)
(0.0017707 -0.000104708 0)
(0.00181372 -0.000206573 0)
(0.00184526 -0.000304957 0)
(0.00186325 -0.000395369 0)
(0.00186593 -0.000472593 0)
(0.00185204 -0.00053098 0)
(0.00182136 -0.000566416 0)
(0.00177629 -0.000576748 0)
(0.00172198 -0.000565266 0)
(0.00166424 -0.000542063 0)
(0.00160754 -0.000515764 0)
(0.00155403 -0.00048879 0)
(0.00150322 -0.000462637 0)
(0.00145282 -0.000437807 0)
(0.00140033 -0.000409222 0)
(0.00134433 -0.000372338 0)
(0.00128481 -0.000331041 0)
(0.00122342 -0.000291371 0)
(0.00116306 -0.000252678 0)
(0.00110638 -0.000212996 0)
(0.00105417 -0.000179024 0)
(0.00100518 -0.000163242 0)
(0.000957543 -0.000171536 0)
(0.000910498 -0.000197057 0)
(0.000864987 -0.000225451 0)
(0.000822659 -0.000244144 0)
(0.000784493 -0.000247707 0)
(0.000750295 -0.000237396 0)
(0.000719135 -0.000217631 0)
(0.000690069 -0.000192796 0)
(0.00066257 -0.000165796 0)
(0.000636556 -0.000138059 0)
(0.000612266 -0.000110076 0)
(0.000590095 -8.18989e-05 0)
(0.000570494 -5.34536e-05 0)
(0.000553909 -2.46994e-05 0)
(0.000540536 4.23817e-06 0)
(0.000530748 3.31551e-05 0)
(0.000524994 6.1774e-05 0)
(0.000523363 8.95831e-05 0)
(0.000525914 0.00011607 0)
(0.000532654 0.000140699 0)
(0.00122461 -0.000297777 0)
(0.00119087 -0.000290397 0)
(0.0011593 -0.000278409 0)
(0.00112799 -0.0002639 0)
(0.00109754 -0.000249468 0)
(0.00106886 -0.000234426 0)
(0.00104102 -0.000217755 0)
(0.00101333 -0.000199742 0)
(0.000987209 -0.000180429 0)
(0.000964046 -0.000159308 0)
(0.000942621 -0.000136629 0)
(0.000920588 -0.000113496 0)
(0.000897824 -9.09264e-05 0)
(0.00087682 -6.88617e-05 0)
(0.000860395 -4.54995e-05 0)
(0.000849963 -1.85138e-05 0)
(0.000844572 1.24658e-05 0)
(0.000841651 4.54361e-05 0)
(0.000838892 7.75704e-05 0)
(0.000835373 0.000106885 0)
(0.000831898 0.000132853 0)
(0.000830209 0.000155983 0)
(0.000831981 0.000177033 0)
(0.000838248 0.000196435 0)
(0.00084935 0.000214095 0)
(0.00086506 0.000229538 0)
(0.000884739 0.000242171 0)
(0.00090749 0.000251549 0)
(0.000932322 0.000257636 0)
(0.000958359 0.000260916 0)
(0.000985056 0.000262243 0)
(0.0010123 0.000262602 0)
(0.00104049 0.000262892 0)
(0.00107043 0.000263844 0)
(0.00110328 0.000265655 0)
(0.00114021 0.000267835 0)
(0.00118224 0.00026903 0)
(0.00123001 0.000267401 0)
(0.00128381 0.000260793 0)
(0.00134325 0.000247008 0)
(0.00140724 0.000223963 0)
(0.00147421 0.00019033 0)
(0.00154237 0.000145661 0)
(0.0016094 9.02791e-05 0)
(0.00167315 2.55377e-05 0)
(0.00173145 -4.65282e-05 0)
(0.00178153 -0.000123328 0)
(0.00182061 -0.000201317 0)
(0.0018467 -0.000275835 0)
(0.00185858 -0.000343038 0)
(0.00185554 -0.00039964 0)
(0.00183738 -0.000440679 0)
(0.00180493 -0.000462471 0)
(0.00176083 -0.000466894 0)
(0.00170967 -0.000458657 0)
(0.00165628 -0.000442387 0)
(0.0016034 -0.000423118 0)
(0.00155165 -0.000403109 0)
(0.00150024 -0.000380219 0)
(0.00144669 -0.000352906 0)
(0.00138832 -0.000321012 0)
(0.00132506 -0.000282348 0)
(0.00125976 -0.000236943 0)
(0.00119563 -0.00019214 0)
(0.00113508 -0.00015565 0)
(0.00108022 -0.000126632 0)
(0.00103266 -9.99996e-05 0)
(0.000992127 -7.70832e-05 0)
(0.000955634 -6.6551e-05 0)
(0.000919099 -7.51478e-05 0)
(0.000880084 -0.000100383 0)
(0.000839218 -0.000131977 0)
(0.000799276 -0.000158458 0)
(0.000763156 -0.000172541 0)
(0.000732447 -0.00017262 0)
(0.000707206 -0.000161113 0)
(0.000686528 -0.000141937 0)
(0.000669248 -0.000118681 0)
(0.000654391 -9.38536e-05 0)
(0.000641349 -6.88715e-05 0)
(0.000629891 -4.43736e-05 0)
(0.000620061 -2.05549e-05 0)
(0.000611946 2.54977e-06 0)
(0.000605822 2.49556e-05 0)
(0.000602104 4.67144e-05 0)
(0.000601051 6.76217e-05 0)
(0.000602893 8.73717e-05 0)
(0.000607835 0.00010558 0)
(0.000616019 0.000121814 0)
(0.00123004 -0.000231561 0)
(0.00120218 -0.000220971 0)
(0.00117438 -0.000211046 0)
(0.00114708 -0.000200973 0)
(0.00112016 -0.000189391 0)
(0.00109358 -0.000176196 0)
(0.00106785 -0.000161882 0)
(0.00104344 -0.000146723 0)
(0.00102054 -0.00013074 0)
(0.000999332 -0.000113828 0)
(0.000980087 -9.57958e-05 0)
(0.000962919 -7.65294e-05 0)
(0.000947718 -5.62876e-05 0)
(0.000934251 -3.56194e-05 0)
(0.00092241 -1.48119e-05 0)
(0.000912602 6.20444e-06 0)
(0.000905979 2.7517e-05 0)
(0.000903313 4.92074e-05 0)
(0.000904378 7.11386e-05 0)
(0.00090879 9.29907e-05 0)
(0.000916228 0.000114277 0)
(0.000926334 0.000134403 0)
(0.000938815 0.00015278 0)
(0.000953499 0.000168949 0)
(0.0009703 0.000182605 0)
(0.000989147 0.000193536 0)
(0.00100991 0.000201618 0)
(0.00103239 0.000206864 0)
(0.00105635 0.000209441 0)
(0.00108159 0.000209638 0)
(0.00110807 0.000207787 0)
(0.00113591 0.000204321 0)
(0.00116539 0.000199729 0)
(0.00119692 0.000194335 0)
(0.00123106 0.000188081 0)
(0.00126843 0.000180608 0)
(0.0013095 0.000171188 0)
(0.00135443 0.000158639 0)
(0.00140303 0.000141573 0)
(0.0014547 0.000118795 0)
(0.00150844 8.95789e-05 0)
(0.00156285 5.35487e-05 0)
(0.00161586 1.08506e-05 0)
(0.00166541 -3.7636e-05 0)
(0.00170935 -9.05788e-05 0)
(0.00174541 -0.000145909 0)
(0.0017721 -0.000200737 0)
(0.00178779 -0.000252152 0)
(0.00179107 -0.000297204 0)
(0.00178151 -0.000332523 0)
(0.00175965 -0.00035549 0)
(0.0017272 -0.000365598 0)
(0.0016872 -0.000365595 0)
(0.00164306 -0.000360368 0)
(0.00159717 -0.000352115 0)
(0.00154991 -0.000339303 0)
(0.00149901 -0.000321103 0)
(0.00144139 -0.000296937 0)
(0.00137662 -0.000263722 0)
(0.00130756 -0.00022081 0)
(0.00123814 -0.00017392 0)
(0.00117224 -0.000129556 0)
(0.00111327 -9.08024e-05 0)
(0.00106283 -6.01529e-05 0)
(0.00102011 -3.9964e-05 0)
(0.000983599 -2.8406e-05 0)
(0.000952708 -1.97866e-05 0)
(0.000927228 -1.07946e-05 0)
(0.000905626 -4.56645e-06 0)
(0.000884492 -7.56644e-06 0)
(0.00086007 -2.32954e-05 0)
(0.000830447 -4.89867e-05 0)
(0.000796767 -7.72422e-05 0)
(0.000762341 -0.000100299 0)
(0.000730653 -0.000113411 0)
(0.000703998 -0.000115537 0)
(0.000683161 -0.000108254 0)
(0.000667818 -9.42182e-05 0)
(0.000657119 -7.60427e-05 0)
(0.000650109 -5.57717e-05 0)
(0.000645967 -3.48e-05 0)
(0.000644075 -1.39946e-05 0)
(0.00064414 6.12486e-06 0)
(0.000646151 2.52918e-05 0)
(0.000650094 4.32734e-05 0)
(0.000655963 5.98409e-05 0)
(0.000663829 7.47366e-05 0)
(0.000673771 8.76658e-05 0)
(0.000685841 9.83186e-05 0)
(0.0012453 -0.000176123 0)
(0.00121878 -0.000167678 0)
(0.00119233 -0.0001568 0)
(0.00116568 -0.000144425 0)
(0.00113913 -0.000131688 0)
(0.00111324 -0.000119032 0)
(0.00108842 -0.000106398 0)
(0.00106486 -9.36549e-05 0)
(0.0010427 -8.07553e-05 0)
(0.00102222 -6.77047e-05 0)
(0.00100375 -5.44506e-05 0)
(0.000987659 -4.08293e-05 0)
(0.000974244 -2.66713e-05 0)
(0.000963682 -1.19911e-05 0)
(0.000955862 3.07956e-06 0)
(0.000950613 1.84719e-05 0)
(0.000948076 3.40971e-05 0)
(0.000948437 4.97108e-05 0)
(0.000951717 6.51536e-05 0)
(0.00095791 8.02812e-05 0)
(0.000966991 9.48445e-05 0)
(0.000978846 0.00010851 0)
(0.00099327 0.00012092 0)
(0.00101005 0.000131749 0)
(0.00102899 0.000140724 0)
(0.00104987 0.000147623 0)
(0.00107247 0.000152284 0)
(0.00109657 0.000154608 0)
(0.001122 0.000154606 0)
(0.00114861 0.000152415 0)
(0.0011763 0.000148174 0)
(0.00120515 0.000141938 0)
(0.00123544 0.000133736 0)
(0.00126739 0.000123642 0)
(0.00130109 0.000111679 0)
(0.00133646 9.77433e-05 0)
(0.0013734 8.16314e-05 0)
(0.00141165 6.28316e-05 0)
(0.00145054 4.08265e-05 0)
(0.00148957 1.54032e-05 0)
(0.00152822 -1.3454e-05 0)
(0.00156502 -4.56661e-05 0)
(0.00159838 -8.07397e-05 0)
(0.00162687 -0.000117115 0)
(0.00164895 -0.000152923 0)
(0.00166309 -0.000186585 0)
(0.00166813 -0.000216891 0)
(0.00166372 -0.00024247 0)
(0.00165055 -0.000262507 0)
(0.00162964 -0.000277244 0)
(0.00160157 -0.000286774 0)
(0.00156603 -0.00029002 0)
(0.0015218 -0.000285514 0)
(0.00146759 -0.000272789 0)
(0.0014042 -0.00025156 0)
(0.00133521 -0.000220223 0)
(0.00126503 -0.000178522 0)
(0.00119689 -0.000131397 0)
(0.00113326 -8.7122e-05 0)
(0.0010767 -5.16943e-05 0)
(0.0010289 -2.64426e-05 0)
(0.000989903 -9.17959e-06 0)
(0.000958776 3.18308e-06 0)
(0.000934232 1.24124e-05 0)
(0.000914418 1.88507e-05 0)
(0.000897315 2.28101e-05 0)
(0.000881959 2.52253e-05 0)
(0.000868692 2.68702e-05 0)
(0.00085778 2.73345e-05 0)
(0.000848111 2.51011e-05 0)
(0.000837375 1.85028e-05 0)
(0.000823341 6.74909e-06 0)
(0.000804935 -9.38496e-06 0)
(0.000782528 -2.74486e-05 0)
(0.000757927 -4.39278e-05 0)
(0.000733647 -5.56752e-05 0)
(0.00071185 -6.09798e-05 0)
(0.000693921 -5.98056e-05 0)
(0.000680468 -5.32358e-05 0)
(0.000671501 -4.27668e-05 0)
(0.000666682 -2.98404e-05 0)
(0.000665527 -1.56477e-05 0)
(0.000667548 -1.08467e-06 0)
(0.000672327 1.31545e-05 0)
(0.000679525 2.65329e-05 0)
(0.000688851 3.86292e-05 0)
(0.000700057 4.90965e-05 0)
(0.000712932 5.7654e-05 0)
(0.000727274 6.40792e-05 0)
(0.00120386 -0.000116009 0)
(0.00117894 -0.000107856 0)
(0.00115402 -9.92109e-05 0)
(0.00112934 -9.00811e-05 0)
(0.00110545 -8.04037e-05 0)
(0.00108281 -7.03023e-05 0)
(0.00106168 -6.00501e-05 0)
(0.00104217 -4.99348e-05 0)
(0.00102428 -4.01646e-05 0)
(0.00100802 -3.08273e-05 0)
(0.000993488 -2.18681e-05 0)
(0.000980936 -1.31651e-05 0)
(0.000970552 -4.5856e-06 0)
(0.000962462 4.04445e-06 0)
(0.000956994 1.28367e-05 0)
(0.000954386 2.18807e-05 0)
(0.000954652 3.12202e-05 0)
(0.000957824 4.07462e-05 0)
(0.000963851 5.0214e-05 0)
(0.000972539 5.93946e-05 0)
(0.00098368 6.8067e-05 0)
(0.000997093 7.5979e-05 0)
(0.00101261 8.28701e-05 0)
(0.00103005 8.85128e-05 0)
(0.00104919 9.2702e-05 0)
(0.00106985 9.52641e-05 0)
(0.00109184 9.607e-05 0)
(0.00111496 9.50334e-05 0)
(0.00113907 9.2148e-05 0)
(0.00116407 8.74673e-05 0)
(0.00118976 8.10881e-05 0)
(0.00121583 7.31902e-05 0)
(0.00124223 6.38448e-05 0)
(0.00126905 5.29907e-05 0)
(0.00129645 4.0707e-05 0)
(0.0013245 2.69833e-05 0)
(0.00135257 1.1506e-05 0)
(0.00137996 -5.95345e-06 0)
(0.0014065 -2.55433e-05 0)
(0.00143101 -4.72218e-05 0)
(0.00145193 -7.09052e-05 0)
(0.00146899 -9.62965e-05 0)
(0.00148229 -0.000122723 0)
(0.00149057 -0.000148875 0)
(0.00149194 -0.000172963 0)
(0.00148466 -0.000193275 0)
(0.00146704 -0.000208424 0)
(0.00143766 -0.00021757 0)
(0.00139646 -0.00022034 0)
(0.00134563 -0.000215823 0)
(0.00128846 -0.000201603 0)
(0.00122803 -0.000175758 0)
(0.00116706 -0.000140394 0)
(0.00110776 -0.000102223 0)
(0.00105196 -6.87603e-05 0)
(0.00100132 -4.37804e-05 0)
(0.000957537 -2.62453e-05 0)
(0.000921844 -1.29585e-05 0)
(0.00089457 -1.46393e-06 0)
(0.000874561 8.96716e-06 0)
(0.00085963 1.8215e-05 0)
(0.000848009 2.60973e-05 0)
(0.000838691 3.25731e-05 0)
(0.000831194 3.75184e-05 0)
(0.000825187 4.07549e-05 0)
(0.000820293 4.23486e-05 0)
(0.000816246 4.26688e-05 0)
(0.00081299 4.1972e-05 0)
(0.000810535 4.00615e-05 0)
(0.00080868 3.63908e-05 0)
(0.000806828 3.05169e-05 0)
(0.000804041 2.24793e-05 0)
(0.000799276 1.28245e-05 0)
(0.000791889 2.43316e-06 0)
(0.000781855 -7.65444e-06 0)
(0.000769819 -1.64811e-05 0)
(0.000756906 -2.32662e-05 0)
(0.000744323 -2.74066e-05 0)
(0.000733218 -2.85948e-05 0)
(0.000724459 -2.68838e-05 0)
(0.000718548 -2.26232e-05 0)
(0.000715688 -1.63437e-05 0)
(0.00071588 -8.64853e-06 0)
(0.000718994 -1.36487e-07 0)
(0.000724756 8.60753e-06 0)
(0.000732826 1.70556e-05 0)
(0.000742913 2.47535e-05 0)
(0.000754721 3.12966e-05 0)
(0.000767916 3.63259e-05 0)
(0.00104455 -5.42684e-05 0)
(0.00102569 -4.77424e-05 0)
(0.0010079 -4.07487e-05 0)
(0.000989845 -3.39371e-05 0)
(0.000972112 -2.75869e-05 0)
(0.000955704 -2.15359e-05 0)
(0.000941327 -1.5593e-05 0)
(0.000929085 -9.75538e-06 0)
(0.000918773 -4.16911e-06 0)
(0.000910227 1.03297e-06 0)
(0.000903395 5.75518e-06 0)
(0.000898209 9.96317e-06 0)
(0.000894806 1.3709e-05 0)
(0.000893373 1.71436e-05 0)
(0.000893925 2.04505e-05 0)
(0.000896548 2.37991e-05 0)
(0.000901311 2.73566e-05 0)
(0.000907987 3.12514e-05 0)
(0.000916452 3.55258e-05 0)
(0.000926773 4.01033e-05 0)
(0.000938881 4.47953e-05 0)
(0.00095259 4.9326e-05 0)
(0.000967724 5.33795e-05 0)
(0.000984098 5.6661e-05 0)
(0.00100153 5.88829e-05 0)
(0.00101981 5.97423e-05 0)
(0.00103875 5.9006e-05 0)
(0.00105817 5.65398e-05 0)
(0.00107785 5.22145e-05 0)
(0.00109759 4.58903e-05 0)
(0.00111744 3.75494e-05 0)
(0.00113734 2.72689e-05 0)
(0.00115666 1.52059e-05 0)
(0.00117501 1.65721e-06 0)
(0.00119195 -1.30488e-05 0)
(0.00120652 -2.85571e-05 0)
(0.00121804 -4.46192e-05 0)
(0.00122579 -6.08692e-05 0)
(0.00122871 -7.68615e-05 0)
(0.00122626 -9.18419e-05 0)
(0.00121773 -0.000104977 0)
(0.00120158 -0.000115826 0)
(0.00117749 -0.000123931 0)
(0.00114658 -0.000127786 0)
(0.00111011 -0.000125149 0)
(0.00106931 -0.000115051 0)
(0.00102569 -9.91195e-05 0)
(0.000981029 -8.0959e-05 0)
(0.000936941 -6.43031e-05 0)
(0.00089474 -5.15005e-05 0)
(0.000855419 -4.27849e-05 0)
(0.000820341 -3.64554e-05 0)
(0.000791126 -3.03572e-05 0)
(0.000768541 -2.33222e-05 0)
(0.000751894 -1.53082e-05 0)
(0.000739659 -6.69139e-06 0)
(0.000730473 2.2146e-06 0)
(0.000723579 1.10806e-05 0)
(0.000718484 1.94487e-05 0)
(0.000715022 2.67454e-05 0)
(0.00071329 3.2667e-05 0)
(0.000713164 3.71961e-05 0)
(0.000714423 4.04346e-05 0)
(0.000716828 4.2489e-05 0)
(0.000720125 4.34392e-05 0)
(0.00072405 4.33864e-05 0)
(0.00072839 4.24503e-05 0)
(0.000733019 4.06991e-05 0)
(0.000737825 3.80949e-05 0)
(0.000742603 3.45207e-05 0)
(0.000747015 2.9901e-05 0)
(0.000750628 2.43363e-05 0)
(0.000753047 1.81512e-05 0)
(0.000754041 1.18508e-05 0)
(0.000753598 5.9247e-06 0)
(0.000751768 7.50142e-07 0)
(0.000748816 -3.48883e-06 0)
(0.000745329 -6.71963e-06 0)
(0.000741938 -8.93413e-06 0)
(0.000739224 -1.01525e-05 0)
(0.000737694 -1.04143e-05 0)
(0.000737718 -9.79767e-06 0)
(0.000739526 -8.4493e-06 0)
(0.000743147 -6.60615e-06 0)
(0.000748441 -4.56245e-06 0)
(0.000755198 -2.57486e-06 0)
(0.000763109 -8.3868e-07 0)
(0.000771808 4.8913e-07 0)
(0.000780928 1.23337e-06 0)
(0.000746148 -2.7974e-05 0)
(0.000733206 -2.11549e-05 0)
(0.000720797 -1.589e-05 0)
(0.000708384 -1.1684e-05 0)
(0.000697302 -8.18702e-06 0)
(0.000688372 -5.14926e-06 0)
(0.000681686 -2.42914e-06 0)
(0.000677078 1.06556e-08 0)
(0.000674355 2.12969e-06 0)
(0.000673244 3.90189e-06 0)
(0.000673506 5.31492e-06 0)
(0.000675041 6.35254e-06 0)
(0.000677822 7.0489e-06 0)
(0.000681894 7.48029e-06 0)
(0.000687382 7.68018e-06 0)
(0.000694261 7.62181e-06 0)
(0.000702583 7.40119e-06 0)
(0.000712395 7.2342e-06 0)
(0.000723458 7.28551e-06 0)
(0.000735254 7.58727e-06 0)
(0.000747537 8.09945e-06 0)
(0.00075998 8.69323e-06 0)
(0.000772408 9.1973e-06 0)
(0.000784663 9.43039e-06 0)
(0.000796484 9.20088e-06 0)
(0.00080758 8.36844e-06 0)
(0.000817665 6.8633e-06 0)
(0.000826392 4.61885e-06 0)
(0.000833279 1.55387e-06 0)
(0.000837832 -2.31044e-06 0)
(0.00083973 -6.77155e-06 0)
(0.000838794 -1.15475e-05 0)
(0.000834977 -1.63202e-05 0)
(0.000828157 -2.05553e-05 0)
(0.000818273 -2.3466e-05 0)
(0.000805543 -2.42825e-05 0)
(0.000790257 -2.28266e-05 0)
(0.000772492 -1.9762e-05 0)
(0.000752407 -1.60318e-05 0)
(0.000730407 -1.26437e-05 0)
(0.000707151 -1.04033e-05 0)
(0.000683363 -9.80747e-06 0)
(0.000659582 -1.10759e-05 0)
(0.000636103 -1.42647e-05 0)
(0.0006134 -1.88134e-05 0)
(0.000592426 -2.36731e-05 0)
(0.000574141 -2.77982e-05 0)
(0.000559 -3.04995e-05 0)
(0.000546685 -3.15266e-05 0)
(0.000536253 -3.0814e-05 0)
(0.000526879 -2.82613e-05 0)
(0.000518403 -2.38374e-05 0)
(0.000510972 -1.79007e-05 0)
(0.000504926 -1.11828e-05 0)
(0.000500622 -4.49614e-06 0)
(0.000498236 1.63427e-06 0)
(0.000497846 7.01325e-06 0)
(0.000499433 1.16218e-05 0)
(0.000502811 1.54774e-05 0)
(0.000507698 1.8685e-05 0)
(0.000513821 2.12537e-05 0)
(0.000520941 2.31629e-05 0)
(0.000528827 2.43984e-05 0)
(0.00053726 2.49584e-05 0)
(0.000546034 2.48551e-05 0)
(0.000554952 2.41167e-05 0)
(0.000563839 2.2779e-05 0)
(0.000572533 2.08714e-05 0)
(0.000580871 1.84156e-05 0)
(0.000588662 1.54432e-05 0)
(0.000595678 1.20314e-05 0)
(0.000601677 8.3204e-06 0)
(0.000606465 4.47761e-06 0)
(0.000609892 6.56318e-07 0)
(0.00061192 -3.0271e-06 0)
(0.000612663 -6.51611e-06 0)
(0.000612304 -9.76388e-06 0)
(0.000611025 -1.27525e-05 0)
(0.000609006 -1.54331e-05 0)
(0.000606438 -1.76869e-05 0)
(0.000603526 -1.93428e-05 0)
(0.000600449 -2.02042e-05 0)
(0.00059735 -2.00872e-05 0)
(0.000594388 -1.88904e-05 0)
(0.000591714 -1.6624e-05 0)
(0.00058943 -1.34504e-05 0)
(0.000587575 -9.67265e-06 0)
(0.00058617 -5.6821e-06 0)
(0.000585127 -1.90633e-06 0)
(0.000207114 4.90852e-05 0)
(0.000203609 3.7596e-05 0)
(0.000205061 2.70708e-05 0)
(0.000207269 1.93591e-05 0)
(0.000209022 1.42464e-05 0)
(0.000210467 1.07996e-05 0)
(0.000211829 8.23376e-06 0)
(0.000213222 6.10094e-06 0)
(0.000214667 4.24196e-06 0)
(0.000216166 2.58769e-06 0)
(0.000217681 1.01396e-06 0)
(0.000219121 -6.94341e-07 0)
(0.000220325 -2.76131e-06 0)
(0.000221095 -5.28978e-06 0)
(0.000221283 -8.11456e-06 0)
(0.000220834 -1.0766e-05 0)
(0.00021981 -1.26e-05 0)
(0.000218434 -1.31232e-05 0)
(0.000217086 -1.21235e-05 0)
(0.000216178 -9.68113e-06 0)
(0.000216143 -6.09088e-06 0)
(0.000217062 -1.69882e-06 0)
(0.000219127 3.14993e-06 0)
(0.000222352 8.15341e-06 0)
(0.000226674 1.30815e-05 0)
(0.000231957 1.77636e-05 0)
(0.000237999 2.20907e-05 0)
(0.000244584 2.59976e-05 0)
(0.000251519 2.93985e-05 0)
(0.000258549 3.21973e-05 0)
(0.000265341 3.42494e-05 0)
(0.000271536 3.53878e-05 0)
(0.00027683 3.54119e-05 0)
(0.000280964 3.41013e-05 0)
(0.000283792 3.13497e-05 0)
(0.00028531 2.71217e-05 0)
(0.000285672 2.1502e-05 0)
(0.000285141 1.47382e-05 0)
(0.00028389 7.34243e-06 0)
(0.000281832 -8.39873e-08 0)
(0.000278819 -6.88264e-06 0)
(0.000274668 -1.25005e-05 0)
(0.000269056 -1.65618e-05 0)
(0.000261814 -1.88832e-05 0)
(0.000253082 -1.94127e-05 0)
(0.000243181 -1.83506e-05 0)
(0.000232572 -1.61704e-05 0)
(0.000221786 -1.34904e-05 0)
(0.000211322 -1.08889e-05 0)
(0.000201636 -8.70261e-06 0)
(0.000193073 -6.93348e-06 0)
(0.000185869 -5.47935e-06 0)
(0.000180196 -4.2143e-06 0)
(0.000176205 -3.01789e-06 0)
(0.000173939 -1.82853e-06 0)
(0.000173346 -6.37219e-07 0)
(0.000174285 5.45441e-07 0)
(0.000176568 1.65607e-06 0)
(0.000180028 2.62639e-06 0)
(0.00018449 3.40935e-06 0)
(0.000189776 3.98696e-06 0)
(0.000195699 4.35518e-06 0)
(0.000202064 4.52172e-06 0)
(0.000208673 4.5028e-06 0)
(0.000215332 4.31984e-06 0)
(0.000221858 3.99835e-06 0)
(0.000228077 3.56676e-06 0)
(0.000233832 3.05485e-06 0)
(0.000238973 2.49232e-06 0)
(0.000243366 1.90992e-06 0)
(0.000246893 1.34241e-06 0)
(0.000249473 8.29718e-07 0)
(0.000251076 4.19627e-07 0)
(0.000251715 1.66098e-07 0)
(0.000251446 1.18515e-07 0)
(0.000250352 2.97239e-07 0)
(0.000248533 6.84821e-07 0)
(0.000246093 1.24761e-06 0)
(0.000243137 1.94242e-06 0)
(0.000239778 2.71452e-06 0)
(0.000236161 3.50085e-06 0)
(0.000232466 4.23773e-06 0)
(0.000228892 4.87235e-06 0)
(0.000225641 5.35929e-06 0)
(0.000222908 5.66153e-06 0)
(0.000220865 5.7592e-06 0)
(0.00021962 5.65201e-06 0)
(0.000219196 5.34993e-06 0)
(0.000219588 4.84958e-06 0)
)
;

boundaryField
{
    inlet
    {
        type            fixedValue;
        value           nonuniform List<vector> 0();
    }
    outlet
    {
        type            zeroGradient;
    }
    wall
    {
        type            noSlip;
    }
    obstacle
    {
        type            noSlip;
    }
    frontAndBack
    {
        type            empty;
    }
    procBoundary2to1
    {
        type            processor;
        value           nonuniform List<vector> 
30
(
(0.000400976 -3.4865e-05 0)
(0.00107078 3.28588e-05 0)
(0.00132637 2.09173e-05 0)
(0.00145468 -1.01912e-06 0)
(0.00145349 -2.13711e-05 0)
(0.00146293 -6.2061e-05 0)
(0.00154897 -0.000143928 0)
(0.00148647 -0.000211978 0)
(0.00118964 -0.00028372 0)
(0.000788839 -0.000381904 0)
(0.00041377 -0.000522323 0)
(0.000218708 -0.000689101 0)
(0.000280115 -0.000819489 0)
(0.000462992 -0.000918141 0)
(0.000584267 -0.00107067 0)
(0.000759031 -0.0011168 0)
(0.000968515 -0.00103873 0)
(0.00106375 -0.000998586 0)
(0.00114833 -0.000806361 0)
(0.00116532 -0.000675647 0)
(0.00115743 -0.000548977 0)
(0.00121164 -0.000455203 0)
(0.00125437 -0.000396859 0)
(0.00126161 -0.000305131 0)
(0.00125804 -0.000240401 0)
(0.00127218 -0.000182821 0)
(0.00122938 -0.000123345 0)
(0.00106974 -6.01668e-05 0)
(0.00077487 -3.64799e-05 0)
(0.000169955 6.1632e-05 0)
)
;
    }
    procBoundary2to3
    {
        type            processor;
        value           nonuniform List<vector> 
31
(
(0.000238497 3.56938e-06 0)
(0.000537808 2.49573e-05 0)
(0.000764804 4.78596e-05 0)
(0.000892197 6.09738e-05 0)
(0.00119206 0.000162551 0)
(0.00160421 0.000371413 0)
(0.0017501 0.000372476 0)
(0.00182296 0.000339666 0)
(0.0018845 0.000329661 0)
(0.00190832 0.000330877 0)
(0.00187359 0.000334278 0)
(0.00177902 0.000339128 0)
(0.00163723 0.000343482 0)
(0.00146184 0.000349124 0)
(0.00126678 0.000350269 0)
(0.00105587 0.000259698 0)
(0.00105587 0.000259698 0)
(0.000827073 0.000267599 0)
(0.000608298 0.000282218 0)
(0.000458825 0.000285199 0)
(0.000404473 0.000265282 0)
(0.000429662 0.000228941 0)
(0.000486103 0.00019009 0)
(0.00054353 0.000162932 0)
(0.000627528 0.000135634 0)
(0.000700047 0.000106406 0)
(0.000742881 6.82172e-05 0)
(0.000782178 3.9521e-05 0)
(0.000790186 1.08007e-06 0)
(0.000584224 1.2992e-06 0)
(0.000220704 4.19176e-06 0)
)
;
    }
}


// ************************************************************************* //
