/*--------------------------------*- C++ -*----------------------------------*\
| =========                 |                                                 |
| \\      /  F ield         | OpenFOAM: The Open Source CFD Toolbox           |
|  \\    /   O peration     | Version:  2312                                  |
|   \\  /    A nd           | Website:  www.openfoam.com                      |
|    \\/     M anipulation  |                                                 |
\*---------------------------------------------------------------------------*/
FoamFile
{
    version     2.0;
    format      ascii;
    arch        "LSB;label=32;scalar=64";
    class       surfaceScalarField;
    location    "86000";
    object      phi;
}
// * * * * * * * * * * * * * * * * * * * * * * * * * * * * * * * * * * * * * //

dimensions      [0 3 -1 0 0 0 0];

oriented        oriented;

internalField   nonuniform List<scalar> 
5309
(
0.000664974
1.69224e-06
0.000661072
3.90237e-06
0.000655751
5.32082e-06
0.000649515
6.23633e-06
0.00064264
6.87502e-06
0.000635268
7.37157e-06
0.000627492
7.77645e-06
0.000619389
8.10273e-06
0.000611033
8.3564e-06
0.000602486
8.54646e-06
0.000593801
8.6852e-06
0.000585016
8.78492e-06
0.000576161
8.85526e-06
0.000567258
8.90252e-06
0.000558328
8.93054e-06
0.000549386
8.94176e-06
0.000540448
8.93801e-06
0.000531527
8.92087e-06
0.000522636
8.89165e-06
0.000513784
8.85144e-06
0.000504983
8.80103e-06
0.000496242
8.74104e-06
0.00048757
8.67186e-06
0.000478976
8.59381e-06
0.000470469
8.5071e-06
0.000462057
8.41185e-06
0.000453749
8.30819e-06
0.000445553
8.19613e-06
0.000437477
8.0758e-06
0.00042953
7.94704e-06
0.00042172
7.81008e-06
0.000414056
7.66456e-06
0.000406545
7.51099e-06
0.000399196
7.3486e-06
0.000392018
7.17848e-06
0.000385018
6.9991e-06
0.000378206
6.81265e-06
0.00037159
6.61616e-06
0.000365176
6.41387e-06
0.000358976
6.20011e-06
0.000352993
5.98286e-06
0.000347241
5.75141e-06
0.000341721
5.52067e-06
0.00033645
5.27053e-06
0.000331422
5.02859e-06
0.000326664
4.75746e-06
0.000322156
4.5079e-06
0.000317946
4.21062e-06
0.000313986
3.95921e-06
0.000310362
3.62439e-06
0.000306981
3.38144e-06
0.000303998
2.98271e-06
0.000301227
2.77115e-06
0.000298986
2.24076e-06
0.000296865
2.12076e-06
0.00029562
1.24567e-06
0.000294141
1.47825e-06
0.000294352
-2.10805e-07
0.000293192
1.1603e-06
-3.20309e-06
0.000296395
0.000667556
8.02948e-07
0.00066912
2.33785e-06
0.000670854
3.58738e-06
0.000672525
4.56534e-06
0.000674054
5.34615e-06
0.000675427
5.99859e-06
0.000676639
6.56428e-06
0.00067768
7.06163e-06
0.000678539
7.4977e-06
0.000679208
7.87692e-06
0.000679689
8.20492e-06
0.000679985
8.48861e-06
0.000680105
8.73503e-06
0.000680058
8.95e-06
0.00067985
9.13788e-06
0.00067949
9.30157e-06
0.000678985
9.44324e-06
0.000678342
9.56443e-06
0.000677567
9.66662e-06
0.000676667
9.75084e-06
0.00067565
9.81824e-06
0.000674522
9.86934e-06
0.000673289
9.90499e-06
0.000671957
9.92524e-06
0.000670534
9.93082e-06
0.000669024
9.92134e-06
0.000667435
9.89767e-06
0.000665772
9.85887e-06
0.000664041
9.80624e-06
0.00066225
9.73807e-06
0.000660404
9.65645e-06
0.00065851
9.55851e-06
0.000656573
9.44775e-06
0.000654602
9.3194e-06
0.000652602
9.17936e-06
0.000650581
9.01977e-06
0.000648543
8.85051e-06
0.000646501
8.65864e-06
0.000644454
8.46062e-06
0.000642419
8.23509e-06
0.000640392
8.00941e-06
0.000638395
7.74827e-06
0.000636419
7.49705e-06
0.000634492
7.1973e-06
0.000632597
6.92419e-06
0.000630773
6.58101e-06
0.000628989
6.29211e-06
0.000627302
5.89756e-06
0.000625658
5.6029e-06
0.000624139
5.14406e-06
0.00062266
4.86005e-06
0.000621326
4.31636e-06
0.000620028
4.06952e-06
0.000618859
3.41012e-06
0.000617738
3.2415e-06
0.000616557
2.42667e-06
0.000615644
2.39158e-06
0.00061403
1.40294e-06
0.000613639
1.55132e-06
4.5723e-07
0.000609978
0.000666951
5.18653e-07
0.000667819
1.47017e-06
0.000669059
2.34735e-06
0.000670484
3.14028e-06
0.000671985
3.84481e-06
0.000673515
4.46857e-06
0.000675056
5.0238e-06
0.000676596
5.52161e-06
0.000678123
5.9698e-06
0.000679627
6.37328e-06
0.000681096
6.7356e-06
0.000682525
7.06e-06
0.00068391
7.35003e-06
0.000685251
7.60915e-06
0.000686548
7.84064e-06
0.000687803
8.04711e-06
0.000689015
8.23082e-06
0.000690186
8.39328e-06
0.000691317
8.53601e-06
0.000692408
8.65988e-06
0.00069346
8.76608e-06
0.000694474
8.85501e-06
0.000695452
8.92767e-06
0.000696393
8.98399e-06
0.000697299
9.02493e-06
0.00069817
9.04988e-06
0.000699008
9.05996e-06
0.000699813
9.05395e-06
0.000700586
9.03341e-06
0.000701327
8.99627e-06
0.000702039
8.94488e-06
0.000702721
8.87603e-06
0.000703376
8.79329e-06
0.000704003
8.69183e-06
0.000704606
8.57713e-06
0.000705184
8.44193e-06
0.000705739
8.29462e-06
0.000706274
8.1244e-06
0.00070679
7.94394e-06
0.000707288
7.73731e-06
0.000707774
7.52339e-06
0.000708244
7.27886e-06
0.000708709
7.03151e-06
0.000709159
6.74759e-06
0.000709616
6.46728e-06
0.000710054
6.14262e-06
0.000710516
5.83042e-06
0.000710949
5.46405e-06
0.000711431
5.12161e-06
0.000711861
4.71351e-06
0.000712378
4.34279e-06
0.0007128
3.89503e-06
0.000713371
3.49788e-06
0.000713764
3.0178e-06
0.00071441
2.59554e-06
0.000714733
2.10354e-06
0.000715468
1.65615e-06
0.000715669
1.20236e-06
0.000716502
7.18358e-07
4.04596e-07
0.000716554
0.000666854
3.31491e-07
0.000667309
1.01537e-06
0.000667972
1.68397e-06
0.000668796
2.31659e-06
0.000669736
2.90401e-06
0.000670762
3.44334e-06
0.000671849
3.93614e-06
0.000672985
4.38606e-06
0.000674158
4.79701e-06
0.000675359
5.17221e-06
0.00067658
5.51419e-06
0.000677815
5.82499e-06
0.000679059
6.10659e-06
0.000680307
6.36097e-06
0.000681557
6.59015e-06
0.000682808
6.79595e-06
0.000684059
6.98005e-06
0.000685309
7.14378e-06
0.000686556
7.28834e-06
0.000687802
7.41458e-06
0.000689044
7.52338e-06
0.000690284
7.61526e-06
0.000691521
7.69089e-06
0.000692754
7.75051e-06
0.000693985
7.79464e-06
0.000695211
7.82325e-06
0.000696435
7.83674e-06
0.000697654
7.83486e-06
0.000698869
7.81796e-06
0.00070008
7.78558e-06
0.000701287
7.73803e-06
0.000702488
7.67472e-06
0.000703685
7.59589e-06
0.000704876
7.50094e-06
0.000706063
7.3899e-06
0.000707243
7.26239e-06
0.00070842
7.11798e-06
0.000709587
6.95694e-06
0.000710753
6.77779e-06
0.000711908
6.58227e-06
0.000713065
6.36679e-06
0.000714208
6.13607e-06
0.000715357
5.88241e-06
0.000716488
5.61619e-06
0.000717633
5.32207e-06
0.000718755
5.02081e-06
0.000719902
4.68333e-06
0.000721017
4.34892e-06
0.000722175
3.9644e-06
0.000723287
3.6015e-06
0.000724464
3.16543e-06
0.000725576
2.78351e-06
0.000726783
2.29005e-06
0.000727895
1.906e-06
0.000729144
1.34646e-06
0.000730259
9.88307e-07
0.000731565
3.51087e-07
0.0007327
6.70902e-08
0.00073414
-7.22233e-07
-8.89432e-07
0.000735434
0.000666738
2.59738e-07
0.00066697
7.84061e-07
0.000667356
1.29758e-06
0.000667879
1.79329e-06
0.000668518
2.2653e-06
0.000669251
2.71001e-06
0.000670062
3.12597e-06
0.000670934
3.51325e-06
0.000671859
3.87275e-06
0.000672825
4.20559e-06
0.000673827
4.51284e-06
0.000674856
4.79548e-06
0.000675908
5.05447e-06
0.000676979
5.29077e-06
0.000678063
5.5054e-06
0.00067916
5.69941e-06
0.000680266
5.87377e-06
0.00068138
6.0294e-06
0.000682502
6.16706e-06
0.000683629
6.28747e-06
0.000684761
6.39116e-06
0.000685898
6.47867e-06
0.000687038
6.55031e-06
0.000688182
6.60653e-06
0.000689329
6.64743e-06
0.000690479
6.67338e-06
0.000691632
6.68422e-06
0.000692786
6.68039e-06
0.000693943
6.66136e-06
0.000695101
6.62775e-06
0.00069626
6.57858e-06
0.00069742
6.51486e-06
0.000698581
6.43488e-06
0.000699742
6.34042e-06
0.000700903
6.22863e-06
0.000702063
6.1026e-06
0.000703223
5.95767e-06
0.000704381
5.79913e-06
0.000705539
5.61941e-06
0.000706694
5.42745e-06
0.00070785
5.21093e-06
0.000709001
4.9848e-06
0.000710154
4.72908e-06
0.000711302
4.46847e-06
0.000712454
4.17064e-06
0.000713598
3.87604e-06
0.000714749
3.53243e-06
0.000715893
3.20538e-06
0.000717047
2.81062e-06
0.000718194
2.45375e-06
0.00071936
1.9994e-06
0.000720527
1.61719e-06
0.000721726
1.09047e-06
0.000722941
6.90874e-07
0.000724221
6.71359e-08
0.000725523
-3.13849e-07
0.000726891
-1.01697e-06
0.000728336
-1.3778e-06
0.000729853
-2.23926e-06
-2.55112e-06
0.000731514
0.000666724
2.02397e-07
0.000666899
6.08986e-07
0.000667184
1.01286e-06
0.00066757
1.4075e-06
0.000668046
1.78919e-06
0.000668601
2.15501e-06
0.000669224
2.50289e-06
0.000669905
2.83161e-06
0.000670638
3.1406e-06
0.000671413
3.42974e-06
0.000672227
3.6991e-06
0.000673074
3.94895e-06
0.000673949
4.17965e-06
0.000674848
4.39163e-06
0.000675768
4.58536e-06
0.000676706
4.76137e-06
0.000677659
4.92016e-06
0.000678626
5.06228e-06
0.000679605
5.18815e-06
0.000680595
5.29827e-06
0.000681593
5.39292e-06
0.000682599
5.47255e-06
0.000683612
5.53726e-06
0.000684631
5.58747e-06
0.000685655
5.62308e-06
0.000686684
5.64452e-06
0.000687717
5.65146e-06
0.000688753
5.6444e-06
0.000689792
5.62267e-06
0.000690832
5.58701e-06
0.000691875
5.53625e-06
0.000692918
5.47154e-06
0.000693962
5.39103e-06
0.000695006
5.29657e-06
0.000696049
5.18522e-06
0.000697092
5.06006e-06
0.000698133
4.91646e-06
0.000699173
4.75945e-06
0.00070021
4.58183e-06
0.000701246
4.39171e-06
0.000702279
4.17785e-06
0.00070331
3.95332e-06
0.000704339
3.70047e-06
0.000705367
3.44018e-06
0.000706393
3.14481e-06
0.000707422
2.84753e-06
0.000708449
2.50523e-06
0.000709484
2.17056e-06
0.000710518
1.77648e-06
0.000711565
1.40617e-06
0.00071261
9.55239e-07
0.000713673
5.54209e-07
0.000714718
4.50235e-08
0.00071581
-4.00921e-07
0.000716892
-1.01512e-06
0.000718053
-1.47463e-06
0.000719226
-2.19056e-06
0.000720507
-2.65853e-06
0.000721783
-3.51468e-06
-3.9702e-06
0.000723202
0.000666708
1.60659e-07
0.000666834
4.83738e-07
0.000667041
8.05959e-07
0.000667325
1.12276e-06
0.000667683
1.4316e-06
0.000668108
1.73035e-06
0.000668593
2.01729e-06
0.000669134
2.29118e-06
0.000669723
2.55125e-06
0.000670355
2.79717e-06
0.000671027
3.02757e-06
0.000671733
3.24255e-06
0.000672471
3.44225e-06
0.000673236
3.62678e-06
0.000674025
3.79624e-06
0.000674835
3.95084e-06
0.000675665
4.09077e-06
0.000676511
4.21629e-06
0.000677371
4.32759e-06
0.000678245
4.42494e-06
0.000679129
4.50848e-06
0.000680023
4.57845e-06
0.000680926
4.63487e-06
0.000681835
4.67799e-06
0.00068275
4.70769e-06
0.000683671
4.72423e-06
0.000684595
4.7273e-06
0.000685522
4.71725e-06
0.000686451
4.69351e-06
0.000687382
4.65656e-06
0.000688312
4.60548e-06
0.000689243
4.54104e-06
0.000690172
4.4618e-06
0.0006911
4.36899e-06
0.000692024
4.26043e-06
0.000692946
4.13812e-06
0.000693864
3.99872e-06
0.000694778
3.84552e-06
0.000695687
3.6734e-06
0.000696591
3.48766e-06
0.000697488
3.28049e-06
0.000698381
3.06041e-06
0.000699266
2.81539e-06
0.000700147
2.55911e-06
0.000701019
2.27301e-06
0.000701888
1.97871e-06
0.000702746
1.64716e-06
0.000703604
1.31213e-06
0.000704453
9.27975e-07
0.000705311
5.47691e-07
0.000706167
9.8978e-08
0.000707043
-3.21828e-07
0.00070792
-8.32074e-07
0.000708822
-1.30202e-06
0.000709706
-1.89988e-06
0.000710649
-2.41722e-06
0.000711578
-3.11945e-06
0.0007126
-3.68032e-06
0.000713599
-4.51414e-06
-5.10793e-06
0.000714737
0.000666699
1.28615e-07
0.000666796
3.86887e-07
0.000666957
6.44852e-07
0.00066718
8.99314e-07
0.000667463
1.14853e-06
0.000667803
1.39098e-06
0.000668195
1.62532e-06
0.000668635
1.85047e-06
0.000669121
2.06555e-06
0.000669648
2.26983e-06
0.000670213
2.46269e-06
0.000670812
2.64373e-06
0.000671441
2.81273e-06
0.000672099
2.96957e-06
0.000672781
3.1142e-06
0.000673485
3.24658e-06
0.000674209
3.36671e-06
0.000674951
3.47465e-06
0.000675708
3.57043e-06
0.000676479
3.65413e-06
0.000677261
3.72577e-06
0.000678054
3.78544e-06
0.000678856
3.83311e-06
0.000679665
3.86888e-06
0.00068048
3.89261e-06
0.0006813
3.9044e-06
0.000682123
3.90403e-06
0.000682949
3.89161e-06
0.000683776
3.86674e-06
0.000684603
3.8296e-06
0.000685429
3.77959e-06
0.000686253
3.71699e-06
0.000687074
3.64091e-06
0.000687891
3.55183e-06
0.000688703
3.44845e-06
0.000689509
3.33158e-06
0.000690309
3.19931e-06
0.000691101
3.05305e-06
0.000691885
2.88994e-06
0.00069266
2.71233e-06
0.000693424
2.51597e-06
0.00069418
2.30471e-06
0.000694923
2.07212e-06
0.000695658
1.82444e-06
0.000696379
1.55198e-06
0.000697093
1.26479e-06
0.000697792
9.4831e-07
0.000698485
6.18828e-07
0.000699158
2.54867e-07
0.000699827
-1.20824e-07
0.000700476
-5.49682e-07
0.000701136
-9.81952e-07
0.000701777
-1.47372e-06
0.000702438
-1.9628e-06
0.000703072
-2.5338e-06
0.000703742
-3.08736e-06
0.000704377
-3.75391e-06
0.000705072
-4.37603e-06
0.000705716
-5.15741e-06
-5.84828e-06
0.000706456
0.000666693
1.02432e-07
0.000666772
3.07998e-07
0.000666903
5.13479e-07
0.000667086
7.16546e-07
0.000667318
9.15969e-07
0.000667599
1.11063e-06
0.000667925
1.29952e-06
0.000668293
1.48175e-06
0.000668702
1.65656e-06
0.000669149
1.8233e-06
0.00066963
1.98145e-06
0.000670143
2.13058e-06
0.000670686
2.27037e-06
0.000671255
2.40054e-06
0.000671848
2.52093e-06
0.000672463
2.63139e-06
0.000673098
2.73181e-06
0.000673751
2.82211e-06
0.000674419
2.90224e-06
0.000675101
2.97214e-06
0.000675795
3.03178e-06
0.000676499
3.08114e-06
0.000677212
3.12013e-06
0.000677932
3.14874e-06
0.000678658
3.16685e-06
0.000679388
3.17443e-06
0.000680121
3.17131e-06
0.000680855
3.15743e-06
0.000681589
3.13256e-06
0.000682322
3.09659e-06
0.000683052
3.04921e-06
0.000683779
2.99031e-06
0.0006845
2.91945e-06
0.000685216
2.83651e-06
0.000685923
2.74088e-06
0.000686622
2.6325e-06
0.000687311
2.51053e-06
0.000687989
2.37497e-06
0.000688655
2.22468e-06
0.000689307
2.05981e-06
0.000689944
1.87883e-06
0.000690567
1.68211e-06
0.000691171
1.46755e-06
0.00069176
1.23595e-06
0.000692327
9.84382e-07
0.000692878
7.14241e-07
0.000693405
4.21447e-07
0.000693915
1.08792e-07
0.000694403
-2.32801e-07
0.00069488
-5.97919e-07
0.000695324
-9.94223e-07
0.000695758
-1.41564e-06
0.000696158
-1.87416e-06
0.000696556
-2.35995e-06
0.000696913
-2.89098e-06
0.000697277
-3.45161e-06
0.000697591
-4.06834e-06
0.000697931
-4.71568e-06
0.000698207
-5.43324e-06
-6.17844e-06
0.000698537
0.000666689
8.03551e-08
0.000666755
2.41561e-07
0.000666866
4.02781e-07
0.00066702
5.62288e-07
0.000667217
7.19194e-07
0.000667455
8.72679e-07
0.000667732
1.02199e-06
0.000668048
1.16644e-06
0.000668399
1.30543e-06
0.000668784
1.43842e-06
0.0006692
1.56495e-06
0.000669646
1.68463e-06
0.000670119
1.79713e-06
0.000670618
1.90216e-06
0.000671139
1.99949e-06
0.000671682
2.08893e-06
0.000672243
2.17032e-06
0.000672822
2.24353e-06
0.000673416
2.30845e-06
0.000674023
2.36497e-06
0.000674641
2.41301e-06
0.00067527
2.45246e-06
0.000675907
2.48326e-06
0.00067655
2.5053e-06
0.000677199
2.51847e-06
0.000677851
2.52266e-06
0.000678504
2.51776e-06
0.000679158
2.50358e-06
0.000679811
2.47999e-06
0.00068046
2.44675e-06
0.000681106
2.40371e-06
0.000681746
2.35053e-06
0.000682378
2.28706e-06
0.000683002
2.21282e-06
0.000683615
2.12768e-06
0.000684217
2.03098e-06
0.000684804
1.92264e-06
0.000685378
1.80173e-06
0.000685934
1.66832e-06
0.000686473
1.52106e-06
0.000686991
1.36032e-06
0.000687489
1.18408e-06
0.000687964
9.93283e-07
0.000688415
7.84933e-07
0.000688838
5.60977e-07
0.000689235
3.17046e-07
0.000689599
5.76717e-08
0.000689938
-2.30758e-07
0.000690243
-5.37371e-07
0.000690518
-8.73201e-07
0.000690752
-1.22789e-06
0.000690956
-1.61973e-06
0.000691112
-2.03043e-06
0.000691241
-2.48871e-06
0.000691314
-2.96385e-06
0.000691364
-3.50154e-06
0.000691346
-4.05079e-06
0.000691315
-4.68416e-06
0.000691199
-5.31724e-06
-6.06441e-06
0.000691085
0.000666686
6.12193e-08
0.000666743
1.84015e-07
0.000666839
3.06867e-07
0.000666973
4.28507e-07
0.000667144
5.48296e-07
0.000667351
6.6564e-07
0.000667593
7.79987e-07
0.000667869
8.90825e-07
0.000668176
9.97689e-07
0.000668515
1.10016e-06
0.000668882
1.19786e-06
0.000669276
1.29046e-06
0.000669695
1.37767e-06
0.000670138
1.45922e-06
0.000670603
1.53491e-06
0.000671087
1.60452e-06
0.00067159
1.66791e-06
0.000672108
1.72492e-06
0.000672641
1.77542e-06
0.000673187
1.81929e-06
0.000673744
1.85643e-06
0.000674309
1.88671e-06
0.000674883
1.91006e-06
0.000675461
1.92633e-06
0.000676045
1.93545e-06
0.00067663
1.93725e-06
0.000677216
1.93165e-06
0.000677801
1.91843e-06
0.000678384
1.89753e-06
0.000678962
1.86862e-06
0.000679534
1.83168e-06
0.000680098
1.78625e-06
0.000680653
1.73237e-06
0.000681196
1.66938e-06
0.000681726
1.59743e-06
0.000682242
1.51557e-06
0.00068274
1.42419e-06
0.00068322
1.32186e-06
0.000683679
1.20938e-06
0.000684116
1.08461e-06
0.000684527
9.49021e-07
0.000684912
7.99387e-07
0.000685267
6.38343e-07
0.000685591
4.60935e-07
0.00068588
2.71812e-07
0.000686133
6.37863e-08
0.00068635
-1.5932e-07
0.000686527
-4.07778e-07
0.000686657
-6.67784e-07
0.000686743
-9.59212e-07
0.000686776
-1.26086e-06
0.000686761
-1.60393e-06
0.000686683
-1.95335e-06
0.000686554
-2.35882e-06
0.000686352
-2.76271e-06
0.000686095
-3.2445e-06
0.000685754
-3.70986e-06
0.000685356
-4.28616e-06
0.000684858
-4.81884e-06
-5.51173e-06
0.000684305
0.000666684
4.41896e-08
0.000666735
1.32826e-07
0.00066682
2.21533e-07
0.000666939
3.09417e-07
0.000667092
3.96033e-07
0.000667276
4.80965e-07
0.000667492
5.63824e-07
0.000667739
6.44247e-07
0.000668015
7.21895e-07
0.000668318
7.96458e-07
0.000668649
8.67656e-07
0.000669004
9.35231e-07
0.000669383
9.98955e-07
0.000669783
1.05862e-06
0.000670204
1.11404e-06
0.000670644
1.16506e-06
0.0006711
1.21152e-06
0.000671572
1.2533e-06
0.000672057
1.29028e-06
0.000672554
1.32233e-06
0.000673061
1.34938e-06
0.000673576
1.3713e-06
0.000674098
1.38802e-06
0.000674625
1.39939e-06
0.000675155
1.40537e-06
0.000675687
1.40578e-06
0.000676218
1.40058e-06
0.000676747
1.38954e-06
0.000677271
1.37265e-06
0.000677791
1.34958e-06
0.000678302
1.32037e-06
0.000678804
1.28456e-06
0.000679294
1.24228e-06
0.00067977
1.19286e-06
0.000680231
1.13658e-06
0.000680674
1.07246e-06
0.000681097
1.00105e-06
0.000681498
9.20893e-07
0.000681875
8.33007e-07
0.000682224
7.35158e-07
0.000682544
6.29167e-07
0.000682832
5.11601e-07
0.000683084
3.85615e-07
0.000683299
2.4593e-07
0.000683473
9.80853e-08
0.000683604
-6.74837e-08
0.000683688
-2.43369e-07
0.000683721
-4.40615e-07
0.000683698
-6.44978e-07
0.000683617
-8.779e-07
0.000683472
-1.11539e-06
0.000683259
-1.39147e-06
0.000682973
-1.66672e-06
0.000682609
-1.9956e-06
0.00068216
-2.31353e-06
0.000681624
-2.70808e-06
0.000680987
-3.07349e-06
0.000680252
-3.55089e-06
0.0006794
-3.96678e-06
-4.54877e-06
0.000678437
0.000666682
2.86201e-08
0.000666729
8.60407e-08
0.000666807
1.43531e-07
0.000666916
2.0052e-07
0.000667055
2.56726e-07
0.000667224
3.11884e-07
0.000667422
3.65746e-07
0.000667649
4.18076e-07
0.000667902
4.68655e-07
0.000668181
5.17278e-07
0.000668485
5.63758e-07
0.000668812
6.07922e-07
0.000669162
6.49614e-07
0.000669531
6.88687e-07
0.00066992
7.25015e-07
0.000670327
7.58476e-07
0.00067075
7.88968e-07
0.000671187
8.16387e-07
0.000671636
8.40653e-07
0.000672097
8.61668e-07
0.000672567
8.7937e-07
0.000673044
8.9366e-07
0.000673528
9.04489e-07
0.000674016
9.11746e-07
0.000674506
9.15392e-07
0.000674996
9.15293e-07
0.000675485
9.11424e-07
0.000675971
9.03606e-07
0.000676452
8.91841e-07
0.000676926
8.75878e-07
0.00067739
8.55763e-07
0.000677844
8.31139e-07
0.000678284
8.02129e-07
0.000678709
7.6821e-07
0.000679115
7.29644e-07
0.000679502
6.8565e-07
0.000679867
6.36727e-07
0.000680206
5.81694e-07
0.000680517
5.21449e-07
0.000680798
4.54189e-07
0.000681046
3.8148e-07
0.000681257
3.00546e-07
0.000681429
2.14069e-07
0.000681557
1.17787e-07
0.000681638
1.65799e-08
0.00068167
-9.92888e-08
0.000681647
-2.20172e-07
0.000681563
-3.57123e-07
0.000681416
-4.98033e-07
0.000681199
-6.60492e-07
0.000680908
-8.24432e-07
0.000680535
-1.01791e-06
0.000680076
-1.20801e-06
0.00067952
-1.4398e-06
0.000678866
-1.65933e-06
0.000678097
-1.93928e-06
0.000677215
-2.1912e-06
0.000676197
-2.53273e-06
0.000675048
-2.81833e-06
-3.23877e-06
0.000673738
0.000666681
1.39747e-08
0.000666725
4.20393e-08
0.000666799
7.01663e-08
0.000666901
9.80775e-08
0.000667032
1.25635e-07
0.000667191
1.52711e-07
0.000667378
1.79182e-07
0.000667591
2.04933e-07
0.00066783
2.29856e-07
0.000668093
2.53848e-07
0.00066838
2.76816e-07
0.00066869
2.98672e-07
0.00066902
3.19335e-07
0.00066937
3.3873e-07
0.000669738
3.56792e-07
0.000670123
3.73457e-07
0.000670523
3.88669e-07
0.000670937
4.02374e-07
0.000671363
4.14527e-07
0.0006718
4.25076e-07
0.000672245
4.33985e-07
0.000672698
4.41202e-07
0.000673156
4.46698e-07
0.000673617
4.50412e-07
0.00067408
4.52325e-07
0.000674543
4.52361e-07
0.000675004
4.50509e-07
0.000675461
4.4667e-07
0.000675912
4.40847e-07
0.000676355
4.32904e-07
0.000676788
4.2287e-07
0.000677208
4.10549e-07
0.000677614
3.96015e-07
0.000678004
3.7898e-07
0.000678374
3.596e-07
0.000678722
3.37442e-07
0.000679046
3.12796e-07
0.000679342
2.8501e-07
0.000679609
2.54599e-07
0.000679843
2.20564e-07
0.000680041
1.83794e-07
0.000680198
1.42744e-07
0.000680314
9.89326e-08
0.000680381
5.00019e-08
0.000680399
-1.11018e-09
0.00068036
-6.05557e-08
0.000680262
-1.21967e-07
0.000680097
-1.91954e-07
0.000679863
-2.6367e-07
0.000679549
-3.4695e-07
0.000679155
-4.30482e-07
0.000678667
-5.29988e-07
0.000678086
-6.2692e-07
0.000677393
-7.46572e-07
0.000676592
-8.58531e-07
0.000675656
-1.00368e-06
0.000674597
-1.13207e-06
0.000673375
-1.31004e-06
0.000672012
-1.45527e-06
-1.67565e-06
0.000670448
0.000666681
-2.20558e-10
0.000666724
-6.08735e-10
0.000666795
-9.43482e-10
0.000666894
-1.22595e-09
0.000667021
-1.45639e-09
0.000667175
-1.63581e-09
0.000667356
-1.76487e-09
0.000667563
-1.84453e-09
0.000667795
-1.8765e-09
0.000668051
-1.86158e-09
0.000668329
-1.80156e-09
0.00066863
-1.69783e-09
0.00066895
-1.55215e-09
0.000669291
-1.36633e-09
0.000669648
-1.14192e-09
0.000670023
-8.81137e-10
0.000670412
-5.85142e-10
0.000670815
-2.57058e-10
0.000671229
9.906e-11
0.000671654
4.8506e-10
0.000672087
8.97388e-10
0.000672527
1.33375e-09
0.000672972
1.79201e-09
0.00067342
2.27005e-09
0.000673869
2.76579e-09
0.000674318
3.27715e-09
0.000674765
3.80219e-09
0.000675207
4.3389e-09
0.000675643
4.88545e-09
0.000676071
5.43995e-09
0.000676488
6.0007e-09
0.000676892
6.56589e-09
0.000677281
7.13407e-09
0.000677652
7.70343e-09
0.000678003
8.27278e-09
0.000678332
8.84015e-09
0.000678635
9.4045e-09
0.00067891
9.96357e-09
0.000679154
1.05171e-08
0.000679364
1.10641e-08
0.000679536
1.16079e-08
0.000679667
1.21521e-08
0.000679753
1.27107e-08
0.000679789
1.33017e-08
0.000679774
1.38672e-08
0.0006797
1.43712e-08
0.000679563
1.48709e-08
0.000679355
1.53649e-08
0.000679076
1.58566e-08
0.000678713
1.63361e-08
0.000678265
1.68168e-08
0.000677718
1.72865e-08
0.000677073
1.77594e-08
0.000676309
1.82196e-08
0.000675431
1.86841e-08
0.000674409
1.9137e-08
0.000673257
1.95945e-08
0.000671927
2.00435e-08
0.000670451
2.04912e-08
2.09396e-08
0.000668754
0.000666681
-1.44136e-08
0.000666723
-4.32475e-08
0.000666795
-7.20406e-08
0.000666894
-1.00513e-07
0.000667021
-1.28529e-07
0.000667175
-1.55961e-07
0.000667356
-1.82689e-07
0.000667563
-2.08598e-07
0.000667795
-2.33584e-07
0.00066805
-2.57546e-07
0.000668329
-2.80394e-07
0.000668629
-3.02042e-07
0.00066895
-3.22415e-07
0.00066929
-3.4144e-07
0.000669648
-3.59055e-07
0.000670022
-3.752e-07
0.000670412
-3.89824e-07
0.000670814
-4.02877e-07
0.000671229
-4.14317e-07
0.000671653
-4.24097e-07
0.000672086
-4.32186e-07
0.000672526
-4.38534e-07
0.000672971
-4.43117e-07
0.000673419
-4.4588e-07
0.000673869
-4.46806e-07
0.000674318
-4.45824e-07
0.000674765
-4.42927e-07
0.000675207
-4.38019e-07
0.000675643
-4.31109e-07
0.000676071
-4.22062e-07
0.000676487
-4.10912e-07
0.000676892
-3.97465e-07
0.00067728
-3.818e-07
0.000677652
-3.63632e-07
0.000678003
-3.43118e-07
0.000678332
-3.19829e-07
0.000678635
-2.94058e-07
0.00067891
-2.65155e-07
0.000679155
-2.33637e-07
0.000679364
-1.98509e-07
0.000679536
-1.60667e-07
0.000679667
-1.18577e-07
0.000679754
-7.37649e-08
0.000679791
-2.39202e-08
0.000679776
2.91336e-08
0.000679701
8.91849e-08
0.000679564
1.51575e-07
0.000679357
2.22537e-07
0.000679078
2.95235e-07
0.000678714
3.7947e-07
0.000678267
4.63964e-07
0.00067772
5.64402e-07
0.000677076
6.62278e-07
0.000676311
7.82839e-07
0.000675434
8.95728e-07
0.000674411
1.04177e-06
0.00067326
1.17109e-06
0.00067193
1.34994e-06
0.000670454
1.4961e-06
1.7174e-06
0.000668758
0.000666681
-2.90506e-08
0.000666725
-8.72262e-08
0.000666799
-1.4537e-07
0.000666901
-2.02911e-07
0.000667032
-2.59566e-07
0.000667191
-3.15073e-07
0.000667378
-3.69185e-07
0.000667591
-4.21668e-07
0.000667829
-4.72307e-07
0.000668093
-5.20898e-07
0.00066838
-5.67259e-07
0.000668689
-6.11217e-07
0.000669019
-6.5262e-07
0.000669369
-6.91326e-07
0.000669737
-7.27212e-07
0.000670122
-7.6016e-07
0.000670522
-7.90071e-07
0.000670936
-8.16846e-07
0.000671362
-8.40408e-07
0.000671799
-8.60664e-07
0.000672244
-8.77556e-07
0.000672697
-8.9099e-07
0.000673155
-9.00918e-07
0.000673616
-9.07237e-07
0.000674079
-9.0991e-07
0.000674542
-9.08807e-07
0.000675003
-9.03908e-07
0.00067546
-8.95037e-07
0.000675911
-8.82199e-07
0.000676354
-8.65149e-07
0.000676787
-8.43934e-07
0.000677208
-8.18201e-07
0.000677614
-7.88077e-07
0.000678004
-7.53041e-07
0.000678374
-7.13358e-07
0.000678722
-6.6825e-07
0.000679046
-6.18217e-07
0.000679343
-5.62085e-07
0.00067961
-5.00747e-07
0.000679844
-4.3241e-07
0.000680042
-3.58631e-07
0.0006802
-2.76647e-07
0.000680316
-1.89138e-07
0.000680384
-9.19007e-08
0.000680403
1.03667e-08
0.000680364
1.27653e-07
0.000680266
2.49435e-07
0.000680101
3.87309e-07
0.000679867
5.29175e-07
0.000679554
6.92568e-07
0.000679161
8.57461e-07
0.000678673
1.05185e-06
0.000678093
1.24289e-06
0.0006774
1.47556e-06
0.0006766
1.69602e-06
0.000675665
1.97684e-06
0.000674606
2.22969e-06
0.000673384
2.57208e-06
0.000672021
2.85862e-06
3.27993e-06
0.000670459
0.000666682
-4.4607e-08
0.000666729
-1.33975e-07
0.000666807
-2.23316e-07
0.000666916
-3.11733e-07
0.000667055
-3.98782e-07
0.000667224
-4.8405e-07
0.000667422
-5.6715e-07
0.000667648
-6.47719e-07
0.000667901
-7.25422e-07
0.00066818
-7.99951e-07
0.000668484
-8.71028e-07
0.000668811
-9.38399e-07
0.00066916
-1.00184e-06
0.00066953
-1.06114e-06
0.000669919
-1.11613e-06
0.000670326
-1.16664e-06
0.000670748
-1.21254e-06
0.000671185
-1.25368e-06
0.000671634
-1.28997e-06
0.000672095
-1.32129e-06
0.000672565
-1.34754e-06
0.000673043
-1.36862e-06
0.000673526
-1.38446e-06
0.000674014
-1.39492e-06
0.000674504
-1.39995e-06
0.000674994
-1.39938e-06
0.000675484
-1.39318e-06
0.00067597
-1.38111e-06
0.000676451
-1.36317e-06
0.000676925
-1.33904e-06
0.000677389
-1.30876e-06
0.000677843
-1.27187e-06
0.000678284
-1.2285e-06
0.000678709
-1.17799e-06
0.000679116
-1.12062e-06
0.000679503
-1.05541e-06
0.000679868
-9.82924e-07
0.000680207
-9.01693e-07
0.000680519
-8.12742e-07
0.000680801
-7.13845e-07
0.000681049
-6.06817e-07
0.00068126
-4.88242e-07
0.000681433
-3.61263e-07
0.000681561
-2.20634e-07
0.000681644
-7.19333e-08
0.000681676
9.52768e-08
0.000681653
2.71968e-07
0.000681571
4.70106e-07
0.000681424
6.7541e-07
0.000681208
9.09231e-07
0.000680918
1.14766e-06
0.000680545
1.42461e-06
0.000680087
1.70078e-06
0.000679532
2.03051e-06
0.000678879
2.34937e-06
0.000678111
2.74474e-06
0.000677229
3.1111e-06
0.000676212
3.58931e-06
0.000675065
4.00616e-06
4.58896e-06
0.000673756
0.000666684
-6.16187e-08
0.000666735
-1.85114e-07
0.00066682
-3.08571e-07
0.000666939
-4.30719e-07
0.000667091
-5.50921e-07
0.000667276
-6.68585e-07
0.000667492
-7.83158e-07
0.000667738
-8.94132e-07
0.000668014
-1.00104e-06
0.000668317
-1.10348e-06
0.000668647
-1.20106e-06
0.000669002
-1.29345e-06
0.000669381
-1.38038e-06
0.000669781
-1.46159e-06
0.000670202
-1.53685e-06
0.000670641
-1.60597e-06
0.000671098
-1.66881e-06
0.000671569
-1.7252e-06
0.000672054
-1.77504e-06
0.000672551
-1.81819e-06
0.000673058
-1.85456e-06
0.000673574
-1.88403e-06
0.000674096
-1.90652e-06
0.000674623
-1.92191e-06
0.000675153
-1.93011e-06
0.000675684
-1.93096e-06
0.000676216
-1.9244e-06
0.000676745
-1.91018e-06
0.00067727
-1.88827e-06
0.000677789
-1.85834e-06
0.000678301
-1.82036e-06
0.000678803
-1.77389e-06
0.000679293
-1.71896e-06
0.00067977
-1.65491e-06
0.000680231
-1.58192e-06
0.000680675
-1.49901e-06
0.000681099
-1.40659e-06
0.0006815
-1.30323e-06
0.000681877
-1.18972e-06
0.000682227
-1.06393e-06
0.000682548
-9.27339e-07
0.000682836
-7.76721e-07
0.00068309
-6.14699e-07
0.000683305
-4.36353e-07
0.00068348
-2.46323e-07
0.000683613
-3.76723e-08
0.000683698
1.8711e-07
0.000683731
4.36349e-07
0.00068371
6.97243e-07
0.000683629
9.89509e-07
0.000683485
1.29207e-06
0.000683274
1.63595e-06
0.000682988
1.9863e-06
0.000682626
2.39254e-06
0.000682178
2.79737e-06
0.000681643
3.27991e-06
0.000681008
3.74624e-06
0.000680274
4.32325e-06
0.000679423
4.85695e-06
5.55055e-06
0.000678461
0.000666686
-8.07318e-08
0.000666743
-2.42596e-07
0.000666839
-4.04386e-07
0.000666973
-5.64371e-07
0.000667143
-7.21663e-07
0.00066735
-8.75445e-07
0.000667592
-1.02497e-06
0.000667868
-1.16954e-06
0.000668175
-1.30857e-06
0.000668513
-1.44151e-06
0.00066888
-1.56792e-06
0.000669274
-1.68741e-06
0.000669693
-1.79963e-06
0.000670136
-1.90432e-06
0.0006706
-2.00124e-06
0.000671085
-2.09021e-06
0.000671587
-2.17107e-06
0.000672105
-2.24369e-06
0.000672638
-2.30797e-06
0.000673184
-2.3638e-06
0.00067374
-2.4111e-06
0.000674306
-2.44978e-06
0.000674879
-2.47976e-06
0.000675458
-2.50095e-06
0.000676042
-2.51324e-06
0.000676627
-2.51653e-06
0.000677213
-2.51069e-06
0.000677799
-2.49556e-06
0.000678382
-2.47101e-06
0.00067896
-2.43679e-06
0.000679532
-2.39276e-06
0.000680097
-2.33859e-06
0.000680652
-2.27412e-06
0.000681196
-2.19888e-06
0.000681727
-2.11274e-06
0.000682243
-2.01504e-06
0.000682742
-1.9057e-06
0.000683223
-1.78381e-06
0.000683682
-1.64942e-06
0.00068412
-1.5012e-06
0.000684532
-1.33949e-06
0.000684917
-1.16232e-06
0.000685273
-9.70586e-07
0.000685598
-7.6134e-07
0.000685889
-5.36486e-07
0.000686143
-2.9175e-07
0.000686362
-3.18981e-08
0.00068654
2.5825e-07
0.000686671
5.65639e-07
0.000686759
9.02198e-07
0.000686793
1.25776e-06
0.000686779
1.65033e-06
0.000686703
2.06194e-06
0.000686575
2.52092e-06
0.000686375
2.997e-06
0.000686119
3.53535e-06
0.00068578
4.08559e-06
0.000685384
4.71957e-06
0.000684887
5.3537e-06
6.10147e-06
0.000684336
0.000666689
-1.02782e-07
0.000666755
-3.08958e-07
0.000666866
-5.14967e-07
0.00066702
-7.18475e-07
0.000667216
-9.18253e-07
0.000667454
-1.11319e-06
0.000667731
-1.30226e-06
0.000668046
-1.4846e-06
0.000668397
-1.65944e-06
0.000668782
-1.82613e-06
0.000669198
-1.98416e-06
0.000669644
-2.1331e-06
0.000670117
-2.27262e-06
0.000670615
-2.40247e-06
0.000671136
-2.52246e-06
0.000671678
-2.63247e-06
0.00067224
-2.73238e-06
0.000672818
-2.82213e-06
0.000673412
-2.90164e-06
0.000674019
-2.97089e-06
0.000674638
-3.02983e-06
0.000675266
-3.07844e-06
0.000675903
-3.11666e-06
0.000676547
-3.14447e-06
0.000677195
-3.16175e-06
0.000677847
-3.16847e-06
0.000678501
-3.16448e-06
0.000679155
-3.1497e-06
0.000679808
-3.12391e-06
0.000680458
-3.08702e-06
0.000681104
-3.0387e-06
0.000681745
-2.97887e-06
0.000682377
-2.90706e-06
0.000683002
-2.82318e-06
0.000683616
-2.72661e-06
0.000684218
-2.61729e-06
0.000684807
-2.49438e-06
0.000685381
-2.3579e-06
0.000685938
-2.20669e-06
0.000686478
-2.04093e-06
0.000686997
-1.85904e-06
0.000687496
-1.66146e-06
0.000687972
-1.44603e-06
0.000688424
-1.2136e-06
0.000688849
-9.61176e-07
0.000689247
-6.90246e-07
0.000689612
-3.96609e-07
0.000689953
-8.33257e-08
0.00069026
2.59565e-07
0.000690536
6.25345e-07
0.000690772
1.02249e-06
0.000690977
1.44455e-06
0.000691135
1.90394e-06
0.000691266
2.39031e-06
0.000691341
2.92227e-06
0.000691393
3.48345e-06
0.000691377
4.10121e-06
0.000691348
4.74904e-06
0.000691234
5.46771e-06
6.21335e-06
0.000691122
0.000666693
-1.28933e-07
0.000666772
-3.87761e-07
0.000666903
-6.46205e-07
0.000667085
-9.01066e-07
0.000667318
-1.15061e-06
0.000667598
-1.39329e-06
0.000667923
-1.6278e-06
0.000668292
-1.85304e-06
0.000668701
-2.06814e-06
0.000669147
-2.27237e-06
0.000669628
-2.46511e-06
0.000670141
-2.64596e-06
0.000670683
-2.8147e-06
0.000671251
-2.97123e-06
0.000671844
-3.11548e-06
0.000672459
-3.24743e-06
0.000673094
-3.36709e-06
0.000673747
-3.4745e-06
0.000674415
-3.5697e-06
0.000675096
-3.65278e-06
0.00067579
-3.72376e-06
0.000676495
-3.78275e-06
0.000677208
-3.82969e-06
0.000677928
-3.8647e-06
0.000678654
-3.88765e-06
0.000679384
-3.89864e-06
0.000680117
-3.89745e-06
0.000680852
-3.88418e-06
0.000681586
-3.85847e-06
0.00068232
-3.82046e-06
0.00068305
-3.76958e-06
0.000683778
-3.70611e-06
0.0006845
-3.62915e-06
0.000685216
-3.5392e-06
0.000685924
-3.43493e-06
0.000686624
-3.3172e-06
0.000687314
-3.18406e-06
0.000687993
-3.03695e-06
0.000688659
-2.87298e-06
0.000689313
-2.69455e-06
0.000689951
-2.49735e-06
0.000690575
-2.2853e-06
0.000691181
-2.05189e-06
0.000691771
-1.80346e-06
0.00069234
-1.5302e-06
0.000692892
-1.24229e-06
0.00069342
-9.25056e-07
0.000693932
-5.9498e-07
0.000694422
-2.30414e-07
0.0006949
1.4676e-07
0.000695347
5.76125e-07
0.000695782
1.00885e-06
0.000696185
1.50143e-06
0.000696584
1.99098e-06
0.000696943
2.56294e-06
0.00069731
3.11694e-06
0.000697627
3.78454e-06
0.000697969
4.40698e-06
0.000698247
5.18949e-06
5.88061e-06
0.00069858
0.000666699
-1.60943e-07
0.000666795
-4.84517e-07
0.000666956
-8.07163e-07
0.00066718
-1.12432e-06
0.000667462
-1.43344e-06
0.000667802
-1.7324e-06
0.000668193
-2.01948e-06
0.000668634
-2.29344e-06
0.000669119
-2.55352e-06
0.000669646
-2.79939e-06
0.000670211
-3.02966e-06
0.000670809
-3.24446e-06
0.000671438
-3.44392e-06
0.000672095
-3.62814e-06
0.000672777
-3.79726e-06
0.000673481
-3.95145e-06
0.000674205
-4.09093e-06
0.000674946
-4.21596e-06
0.000675703
-4.32672e-06
0.000676474
-4.4235e-06
0.000677257
-4.50643e-06
0.00067805
-4.57575e-06
0.000678852
-4.6315e-06
0.000679661
-4.67392e-06
0.000680476
-4.70289e-06
0.000681296
-4.71869e-06
0.00068212
-4.72101e-06
0.000682946
-4.71018e-06
0.000683773
-4.68565e-06
0.0006846
-4.6479e-06
0.000685427
-4.59602e-06
0.000686251
-4.53077e-06
0.000687073
-4.45072e-06
0.000687891
-4.35711e-06
0.000688704
-4.24775e-06
0.000689511
-4.12465e-06
0.000690311
-3.98446e-06
0.000691105
-3.83048e-06
0.00069189
-3.65758e-06
0.000692666
-3.4711e-06
0.000693432
-3.26316e-06
0.000694189
-3.04237e-06
0.000694934
-2.79662e-06
0.00069567
-2.53969e-06
0.000696393
-2.25288e-06
0.000697108
-1.95798e-06
0.000697809
-1.62572e-06
0.000698504
-1.2901e-06
0.000699179
-9.05124e-07
0.00069985
-5.24206e-07
0.0007005
-7.42133e-08
0.000701163
3.46107e-07
0.000701807
8.57334e-07
0.00070247
1.32775e-06
0.000703107
1.92666e-06
0.000703779
2.44433e-06
0.000704416
3.14762e-06
0.000705115
3.70852e-06
0.000705761
4.54349e-06
5.13733e-06
0.000706504
0.000666708
-2.02644e-07
0.000666834
-6.09664e-07
0.00066704
-1.01391e-06
0.000667325
-1.40885e-06
0.000667682
-1.79078e-06
0.000668107
-2.15677e-06
0.000668592
-2.50476e-06
0.000669132
-2.83354e-06
0.000669721
-3.14252e-06
0.000670353
-3.4316e-06
0.000671024
-3.70083e-06
0.00067173
-3.95051e-06
0.000672467
-4.18098e-06
0.000673232
-4.39268e-06
0.000674021
-4.58609e-06
0.000674831
-4.76173e-06
0.00067566
-4.9201e-06
0.000676506
-5.06176e-06
0.000677366
-5.18714e-06
0.00067824
-5.29673e-06
0.000679124
-5.39083e-06
0.000680018
-5.46986e-06
0.000680921
-5.53396e-06
0.00068183
-5.58352e-06
0.000682746
-5.61847e-06
0.000683666
-5.63923e-06
0.000684591
-5.64546e-06
0.000685518
-5.6377e-06
0.000686448
-5.61525e-06
0.000687379
-5.57886e-06
0.00068831
-5.52737e-06
0.000689241
-5.46194e-06
0.000690171
-5.38068e-06
0.0006911
-5.2855e-06
0.000692025
-5.17342e-06
0.000692948
-5.04755e-06
0.000693867
-4.90323e-06
0.000694782
-4.74554e-06
0.000695692
-4.56721e-06
0.000696597
-4.37644e-06
0.000697496
-4.1619e-06
0.00069839
-3.93675e-06
0.000699277
-3.68323e-06
0.00070016
-3.42235e-06
0.000701033
-3.12631e-06
0.000701903
-2.82849e-06
0.000702763
-2.4855e-06
0.000703623
-2.15036e-06
0.000704474
-1.7556e-06
0.000705335
-1.38494e-06
0.000706194
-9.33384e-07
0.000707072
-5.32226e-07
0.000707953
-2.36032e-08
0.000708856
4.24651e-07
0.000709743
1.03946e-06
0.000710689
1.49884e-06
0.000711621
2.21569e-06
0.000712646
2.68355e-06
0.000713648
3.54096e-06
3.9963e-06
0.000714789
0.000666724
-2.5994e-07
0.000666899
-7.84627e-07
0.000667183
-1.29846e-06
0.000667569
-1.79442e-06
0.000668045
-2.26662e-06
0.0006686
-2.71147e-06
0.000669222
-3.12752e-06
0.000669904
-3.51484e-06
0.000670635
-3.87432e-06
0.000671411
-4.20708e-06
0.000672224
-4.51422e-06
0.000673071
-4.7967e-06
0.000673945
-5.05547e-06
0.000674844
-5.29151e-06
0.000675764
-5.50584e-06
0.000676701
-5.69951e-06
0.000677655
-5.87349e-06
0.000678622
-6.0287e-06
0.0006796
-6.16592e-06
0.00068059
-6.28585e-06
0.000681588
-6.38902e-06
0.000682594
-6.47599e-06
0.000683607
-6.54707e-06
0.000684626
-6.60271e-06
0.000685651
-6.643e-06
0.00068668
-6.66834e-06
0.000687713
-6.67855e-06
0.000688749
-6.67407e-06
0.000689788
-6.65439e-06
0.00069083
-6.62013e-06
0.000691873
-6.5703e-06
0.000692917
-6.50592e-06
0.000693961
-6.42529e-06
0.000695006
-6.33018e-06
0.00069605
-6.21774e-06
0.000697094
-6.09108e-06
0.000698136
-5.94552e-06
0.000699177
-5.78638e-06
0.000700216
-5.60605e-06
0.000701253
-5.41352e-06
0.000702287
-5.19641e-06
0.00070332
-4.96977e-06
0.000704351
-4.71346e-06
0.000705381
-4.45241e-06
0.000706408
-4.15403e-06
0.000707439
-3.85906e-06
0.000708468
-3.5149e-06
0.000709506
-3.18757e-06
0.000710542
-2.79223e-06
0.000711592
-2.43514e-06
0.000712639
-1.98011e-06
0.000713705
-1.59774e-06
0.000714751
-1.07017e-06
0.000715846
-6.70461e-07
0.00071693
-4.45841e-08
0.000718095
3.34091e-07
0.000719272
1.03861e-06
0.000720556
1.39927e-06
0.000721835
2.26217e-06
2.57375e-06
0.000723258
0.000666738
-3.31657e-07
0.00066697
-1.01583e-06
0.000667356
-1.68467e-06
0.000667879
-2.31748e-06
0.000668517
-2.90506e-06
0.00066925
-3.4445e-06
0.00067006
-3.93735e-06
0.000670933
-4.38729e-06
0.000671856
-4.79821e-06
0.000672823
-5.17335e-06
0.000673824
-5.51521e-06
0.000674853
-5.82585e-06
0.000675905
-6.10726e-06
0.000676975
-6.36141e-06
0.000678059
-6.59031e-06
0.000679155
-6.7958e-06
0.000680261
-6.97957e-06
0.000681376
-7.14292e-06
0.000682497
-7.28708e-06
0.000683624
-7.41288e-06
0.000684756
-7.52122e-06
0.000685893
-7.61262e-06
0.000687033
-7.68775e-06
0.000688178
-7.74684e-06
0.000689325
-7.79043e-06
0.000690475
-7.81848e-06
0.000691628
-7.8314e-06
0.000692783
-7.82895e-06
0.00069394
-7.81147e-06
0.000695098
-7.77851e-06
0.000696258
-7.73036e-06
0.000697419
-7.66648e-06
0.000698581
-7.58706e-06
0.000699742
-7.49154e-06
0.000700904
-7.37993e-06
0.000702065
-7.25188e-06
0.000703226
-7.10692e-06
0.000704385
-6.94537e-06
0.000705545
-6.76569e-06
0.000706701
-6.56972e-06
0.000707859
-6.35374e-06
0.000709011
-6.12261e-06
0.000710166
-5.86847e-06
0.000711316
-5.60191e-06
0.000712469
-5.30731e-06
0.000713616
-5.00578e-06
0.000714769
-4.66781e-06
0.000715914
-4.33323e-06
0.00071707
-3.94818e-06
0.000718221
-3.58523e-06
0.000719389
-3.14858e-06
0.000720558
-2.76678e-06
0.000721761
-2.27267e-06
0.000722979
-1.88894e-06
0.000724263
-1.32862e-06
0.000725568
-9.71006e-07
0.00072694
-3.32978e-07
0.000728389
-5.04377e-08
0.00072991
7.42048e-07
9.0815e-07
0.000731575
0.000666854
-5.1878e-07
0.000667308
-1.47052e-06
0.000667972
-2.34788e-06
0.000668795
-3.14095e-06
0.000669736
-3.84559e-06
0.000670761
-4.46942e-06
0.000671848
-5.02469e-06
0.000672983
-5.5225e-06
0.000674156
-5.97065e-06
0.000675356
-6.37406e-06
0.000676577
-6.73627e-06
0.000677812
-7.06053e-06
0.000679055
-7.35039e-06
0.000680303
-7.6093e-06
0.000681553
-7.84055e-06
0.000682804
-8.04675e-06
0.000684055
-8.23015e-06
0.000685304
-8.39229e-06
0.000686552
-8.53466e-06
0.000687797
-8.65815e-06
0.00068904
-8.76394e-06
0.00069028
-8.85244e-06
0.000691516
-8.92466e-06
0.00069275
-8.98052e-06
0.000693981
-9.02098e-06
0.000695208
-9.04544e-06
0.000696431
-9.05503e-06
0.000697651
-9.04851e-06
0.000698867
-9.02746e-06
0.000700078
-8.98981e-06
0.000701286
-8.93791e-06
0.000702488
-8.86856e-06
0.000703686
-8.78533e-06
0.000704878
-8.68339e-06
0.000706066
-8.56821e-06
0.000707247
-8.43257e-06
0.000708425
-8.28481e-06
0.000709594
-8.11419e-06
0.000710761
-7.93332e-06
0.000711918
-7.72633e-06
0.000713076
-7.51204e-06
0.000714221
-7.26723e-06
0.000715372
-7.01953e-06
0.000716505
-6.73541e-06
0.000717653
-6.45477e-06
0.000718777
-6.13e-06
0.000719927
-5.81748e-06
0.000721045
-5.45113e-06
0.000722205
-5.10833e-06
0.00072332
-4.70039e-06
0.000724501
-4.32923e-06
0.000725616
-3.8818e-06
0.000726827
-3.48406e-06
0.000727943
-3.00453e-06
0.000729195
-2.58143e-06
0.000730315
-2.09026e-06
0.000731623
-1.64171e-06
0.000732762
-1.18911e-06
0.000734208
-7.03481e-07
-3.91212e-07
0.000735507
0.000666951
-8.03029e-07
0.000667818
-2.33807e-06
0.000669058
-3.58772e-06
0.000670483
-4.56579e-06
0.000671984
-5.34667e-06
0.000673514
-5.99914e-06
0.000675054
-6.56485e-06
0.000676594
-7.06219e-06
0.000678121
-7.49822e-06
0.000679625
-7.87738e-06
0.000681094
-8.20528e-06
0.000682522
-8.48886e-06
0.000683907
-8.73513e-06
0.000685247
-8.94993e-06
0.000686544
-9.13761e-06
0.000687799
-9.30108e-06
0.000689011
-9.4425e-06
0.000690182
-9.56342e-06
0.000691313
-9.66531e-06
0.000692404
-9.74923e-06
0.000693456
-9.81629e-06
0.000694471
-9.86704e-06
0.000695449
-9.90233e-06
0.00069639
-9.9222e-06
0.000697297
-9.9274e-06
0.000698169
-9.91752e-06
0.000699007
-9.89345e-06
0.000699813
-9.85425e-06
0.000700587
-9.80122e-06
0.00070133
-9.73265e-06
0.000702042
-9.65065e-06
0.000702726
-9.55233e-06
0.000703382
-9.44119e-06
0.000704011
-9.3125e-06
0.000704615
-9.17211e-06
0.000705195
-9.01222e-06
0.000705752
-8.84266e-06
0.000706289
-8.65052e-06
0.000706808
-8.45225e-06
0.000707308
-8.22651e-06
0.000707796
-8.00063e-06
0.000708269
-7.73933e-06
0.000708737
-7.48795e-06
0.00070919
-7.18811e-06
0.00070965
-6.91488e-06
0.000710091
-6.57168e-06
0.000710557
-6.28268e-06
0.000710994
-5.8882e-06
0.000711479
-5.59345e-06
0.000711913
-5.13479e-06
0.000712435
-4.85064e-06
0.00071286
-4.30731e-06
0.000713436
-4.06022e-06
0.000713833
-3.40143e-06
0.000714484
-3.23237e-06
0.000714812
-2.41854e-06
0.000715553
-2.38263e-06
0.00071576
-1.39552e-06
0.000716599
-1.5424e-06
-4.50247e-07
0.000716658
0.000667556
-1.69229e-06
0.00066912
-3.90249e-06
0.000670854
-5.32099e-06
0.000672524
-6.23655e-06
0.000674053
-6.87527e-06
0.000675426
-7.37184e-06
0.000676638
-7.77672e-06
0.000677678
-8.10299e-06
0.000678537
-8.35664e-06
0.000679206
-8.54665e-06
0.000679686
-8.68533e-06
0.000679982
-8.78498e-06
0.000680102
-8.85523e-06
0.000680055
-8.90239e-06
0.000679847
-8.93028e-06
0.000679488
-8.94137e-06
0.000678983
-8.93747e-06
0.000678339
-8.92017e-06
0.000677565
-8.89077e-06
0.000676666
-8.85037e-06
0.00067565
-8.79977e-06
0.000674522
-8.73957e-06
0.00067329
-8.67019e-06
0.00067196
-8.59192e-06
0.000670537
-8.50498e-06
0.000669029
-8.40951e-06
0.000667441
-8.30563e-06
0.000665781
-8.19336e-06
0.000664052
-8.07281e-06
0.000662263
-7.94384e-06
0.000660419
-7.80669e-06
0.000658528
-7.66098e-06
0.000656594
-7.50724e-06
0.000654626
-7.34469e-06
0.000652629
-7.17442e-06
0.000650611
-6.99492e-06
0.000648577
-6.80837e-06
0.000646538
-6.6118e-06
0.000644495
-6.40944e-06
0.000642465
-6.19563e-06
0.000640442
-5.97836e-06
0.00063845
-5.7469e-06
0.000636478
-5.51618e-06
0.000634556
-5.26607e-06
0.000632665
-5.02418e-06
0.000630847
-4.75312e-06
0.000629068
-4.50364e-06
0.000627386
-4.20647e-06
0.000625748
-3.95515e-06
0.000624233
-3.62047e-06
0.00062276
-3.37764e-06
0.000621432
-2.97908e-06
0.00062014
-2.76768e-06
0.000618976
-2.23749e-06
0.000617861
-2.11786e-06
0.000616686
-1.24293e-06
0.000615779
-1.47588e-06
0.00061417
2.1295e-07
0.000613787
-1.15858e-06
3.20289e-06
0.000610133
0.000664974
0.000661072
0.000655751
0.000649514
0.000642639
0.000635267
0.000627491
0.000619388
0.000611031
0.000602484
0.000593799
0.000585014
0.000576159
0.000567256
0.000558326
0.000549385
0.000540447
0.000531527
0.000522636
0.000513786
0.000504986
0.000496247
0.000487576
0.000478984
0.000470479
0.00046207
0.000453764
0.000445571
0.000437498
0.000429554
0.000421748
0.000414087
0.000406579
0.000399235
0.00039206
0.000385065
0.000378257
0.000371645
0.000365236
0.00035904
0.000353062
0.000347315
0.000341799
0.000336533
0.000331508
0.000326755
0.000322252
0.000318045
0.00031409
0.00031047
0.000307092
0.000304113
0.000301345
0.000299108
0.00029699
0.000295747
0.000294271
0.000294484
0.000293325
0.000296528
0.000390208
-0.000196138
0.000459987
-0.000224309
0.000512722
-0.000248457
0.000550903
-0.000268315
0.000576269
-0.000284119
0.000590059
-0.000296093
0.000593365
-0.000304403
0.000587338
-0.000309323
0.000573332
-0.000311347
0.000552892
-0.000311059
0.000527807
-0.000309357
0.00050015
-0.000307271
0.000471971
-0.000305939
0.000444944
-0.000306553
-0.000309785
0.000655334
-0.000241493
0.000685325
-0.0002543
0.000701514
-0.000264647
0.000705448
-0.000272249
0.000698197
-0.000276867
0.000680856
-0.000278752
0.000654939
-0.000278486
0.000622385
-0.000276769
0.000585904
-0.000274866
0.000548388
-0.000273542
0.000512632
-0.000273601
0.000480868
-0.000275507
0.000454411
-0.000279482
0.000432904
-0.000285046
0.000414423
-0.000291304
0.000396095
-0.000296887
0.000374949
-0.000300087
0.00035006
-0.000301323
0.00032216
-0.00030146
0.000295022
-0.000303236
0.00027121
-0.000310048
0.000247239
-0.000317577
0.000220781
-0.000322292
0.000193537
-0.00032803
0.000165827
-0.000337026
0.000136947
-0.000347013
0.000107448
-0.000361915
7.33242e-05
-0.00037725
3.85589e-05
-0.000409618
-0.000381636
0.000714291
-0.000239229
0.000702777
-0.000242786
0.000683123
-0.000244993
0.000657114
-0.00024624
0.000627043
-0.000246796
0.000595332
-0.000247041
0.000564453
-0.000247607
0.000536734
-0.00024905
0.000513574
-0.000251706
0.000495333
-0.000255301
0.000481242
-0.000259511
0.000469618
-0.000263883
0.000458029
-0.000267893
0.000443847
-0.000270865
0.000425026
-0.000272483
0.00040072
-0.000272581
0.000372508
-0.000271875
0.000343213
-0.000272028
0.000316449
-0.000274697
0.000294145
-0.000280931
0.000272481
-0.000288384
0.000247075
-0.000292171
0.000219862
-0.000295079
0.000193182
-0.00030135
0.000165872
-0.000309716
0.00013747
-0.000318611
0.000107047
-0.000331492
7.42059e-05
-0.000344409
3.8699e-05
-0.000374111
-0.000342937
0.000717658
-0.000221453
0.000697692
-0.00022282
0.000676692
-0.000223993
0.000655691
-0.000225239
0.000635644
-0.000226749
0.000617155
-0.000228552
0.000600205
-0.000230658
0.000584157
-0.000233002
0.000567803
-0.000235352
0.000549926
-0.000237424
0.000529341
-0.000238925
0.000505201
-0.000239742
0.000477332
-0.000240024
0.000446517
-0.00024005
0.000414379
-0.000240345
0.000383359
-0.000241561
0.000355985
-0.000244502
0.000333206
-0.000249248
0.000313828
-0.000255319
0.000293824
-0.000260928
0.000269056
-0.000263616
0.000241416
-0.000264531
0.00021493
-0.000268593
0.000189155
-0.000275575
0.000162113
-0.000282674
0.000133754
-0.000290252
0.000103532
-0.00030127
7.18492e-05
-0.000312726
3.658e-05
-0.000338841
-0.000306357
0.00071082
-0.000200758
0.000689919
-0.000201919
0.00066893
-0.000203005
0.000647833
-0.000204141
0.000626465
-0.000205381
0.0006046
-0.000206687
0.000581928
-0.000207985
0.000558131
-0.000209205
0.000533095
-0.000210317
0.000507026
-0.000211355
0.000480561
-0.000212461
0.000454635
-0.000213816
0.000430324
-0.000215714
0.000408522
-0.000218248
0.000389523
-0.000221345
0.000372877
-0.000224915
0.000356986
-0.00022861
0.000339541
-0.000231803
0.000318203
-0.000233981
0.000292059
-0.000234784
0.000263567
-0.000235124
0.000237039
-0.000238002
0.00021269
-0.000244244
0.000187398
-0.000250283
0.000160217
-0.000255493
0.000132004
-0.000262039
0.000102235
-0.000271501
7.10054e-05
-0.000281496
3.57985e-05
-0.000303635
-0.000270559
0.00070249
-0.000180047
0.000681696
-0.000181126
0.000660857
-0.000182165
0.000639939
-0.000183223
0.000618895
-0.000184338
0.000597733
-0.000185524
0.000576524
-0.000186777
0.000555414
-0.000188095
0.000534597
-0.0001895
0.00051427
-0.000191028
0.000494531
-0.000192721
0.000475278
-0.000194563
0.000456077
-0.000196514
0.000436275
-0.000198446
0.00041513
-0.0002002
0.000391788
-0.000201573
0.000365816
-0.000202639
0.000337532
-0.000203519
0.000308145
-0.000204594
0.000279892
-0.00020653
0.000254951
-0.000210183
0.0002326
-0.000215652
0.000209219
-0.000220863
0.000183083
-0.000224147
0.000155715
-0.000228126
0.000127872
-0.000234196
9.86918e-05
-0.000242321
6.80872e-05
-0.000250892
3.36568e-05
-0.000269204
-0.000236902
0.000694259
-0.000159569
0.000673705
-0.000160571
0.000653069
-0.000161529
0.000632336
-0.00016249
0.000611486
-0.000163488
0.000590498
-0.000164537
0.000569361
-0.000165639
0.000548053
-0.000166787
0.000526527
-0.000167974
0.000504691
-0.000169193
0.000482401
-0.000170431
0.00045951
-0.000171672
0.000435897
-0.000172901
0.000411573
-0.000174122
0.000386775
-0.000175402
0.000362025
-0.000176823
0.000338005
-0.000178618
0.000315369
-0.000180883
0.000294424
-0.000183649
0.000274741
-0.000186847
0.000254769
-0.000190211
0.000232169
-0.000193052
0.000206162
-0.000194856
0.000178893
-0.000196878
0.000152055
-0.000201288
0.000124898
-0.000207039
9.62412e-05
-0.000213665
6.60832e-05
-0.000220734
3.23457e-05
-0.000235467
-0.000204556
0.000686196
-0.000139309
0.000665816
-0.000140191
0.000645329
-0.000141043
0.000624735
-0.000141896
0.000604022
-0.000142775
0.000583177
-0.000143692
0.000562193
-0.000144654
0.000541063
-0.000145657
0.000519789
-0.0001467
0.000498378
-0.000147781
0.000476851
-0.000148904
0.000455259
-0.00015008
0.000433684
-0.000151325
0.000412226
-0.000152663
0.000390945
-0.000154121
0.000369828
-0.000155706
0.000348626
-0.000157416
0.000326929
-0.000159186
0.000304213
-0.000160933
0.000279846
-0.00016248
0.000253558
-0.000163923
0.000225901
-0.000165395
0.000198556
-0.000167512
0.000172794
-0.000171115
0.000147482
-0.000175976
0.000120837
-0.000180393
9.25324e-05
-0.00018536
6.29498e-05
-0.000191151
3.03202e-05
-0.000202837
-0.000174236
0.000678418
-0.00011919
0.000658177
-0.00011995
0.000637821
-0.000120687
0.00061735
-0.000121425
0.000596758
-0.000122182
0.000576035
-0.00012297
0.000555173
-0.000123792
0.000534163
-0.000124648
0.000513
-0.000125536
0.000491674
-0.000126455
0.000470178
-0.000127408
0.000448494
-0.000128397
0.000426597
-0.000129428
0.000404433
-0.0001305
0.000381931
-0.000131618
0.000358998
-0.000132774
0.000335553
-0.00013397
0.000311576
-0.00013521
0.000287185
-0.000136542
0.000262748
-0.000138043
0.000238707
-0.000139882
0.000215432
-0.000142119
0.000192804
-0.000144884
0.000169631
-0.000147942
0.000144441
-0.000150786
0.000117423
-0.000153375
8.93848e-05
-0.000157322
6.04264e-05
-0.000162193
2.88123e-05
-0.000171223
-0.000145424
0.000671078
-9.91833e-05
0.000650942
-9.98128e-05
0.000630686
-0.000100431
0.000610311
-0.000101051
0.000589813
-0.000101684
0.000569184
-0.00010234
0.000548414
-0.000103022
0.000527497
-0.000103731
0.000506427
-0.000104466
0.000485198
-0.000105227
0.000463807
-0.000106017
0.000442247
-0.000106837
0.000420512
-0.000107693
0.000398598
-0.000108587
0.00037651
-0.00010953
0.000354262
-0.000110526
0.000331886
-0.000111594
0.000309422
-0.000112745
0.00028689
-0.000114011
0.000264243
-0.000115396
0.000241281
-0.000116921
0.000217705
-0.000118543
0.000193068
-0.000120247
0.000167016
-0.00012189
0.000139982
-0.000123751
0.000112893
-0.000126287
8.56627e-05
-0.000130091
5.75327e-05
-0.000134063
2.70723e-05
-0.000140763
-0.000118351
0.000664379
-7.92568e-05
0.000644323
-7.97567e-05
0.000624145
-8.02532e-05
0.000603846
-8.07518e-05
0.000583421
-8.12601e-05
0.000562865
-8.17839e-05
0.00054217
-8.23269e-05
0.000521329
-8.28901e-05
0.000500337
-8.34743e-05
0.00047919
-8.40796e-05
0.000457881
-8.47075e-05
0.000436404
-8.53593e-05
0.00041475
-8.60387e-05
0.000392911
-8.67481e-05
0.000370874
-8.74932e-05
0.000348625
-8.8277e-05
0.000326139
-8.9108e-05
0.000303381
-8.99878e-05
0.000280298
-9.0928e-05
0.000256829
-9.19267e-05
0.000232916
-9.30073e-05
0.00020855
-9.41762e-05
0.000183805
-9.55031e-05
0.000158928
-9.70129e-05
0.000134093
-9.8916e-05
0.000109009
-0.000101204
8.28423e-05
-0.000103925
5.52775e-05
-0.000106498
2.56993e-05
-0.000111184
-9.26522e-05
0.00065857
-5.93899e-05
0.000638575
-5.97611e-05
0.000618456
-6.01343e-05
0.000598214
-6.05101e-05
0.000577846
-6.08921e-05
0.000557346
-6.12842e-05
0.000536709
-6.16895e-05
0.000515928
-6.21095e-05
0.000494999
-6.25451e-05
0.000473916
-6.29964e-05
0.000452673
-6.34646e-05
0.000431264
-6.39506e-05
0.000409682
-6.44567e-05
0.000387919
-6.49848e-05
0.000365965
-6.55391e-05
0.000343809
-6.61215e-05
0.00032144
-6.67384e-05
0.000298844
-6.73924e-05
0.000276011
-6.80948e-05
0.000252934
-6.88497e-05
0.000229606
-6.96788e-05
0.000206016
-7.05862e-05
0.000182122
-7.16098e-05
0.000157854
-7.27445e-05
0.000133007
-7.40686e-05
0.000107304
-7.55013e-05
8.05823e-05
-7.72025e-05
5.30931e-05
-7.90086e-05
2.43024e-05
-8.23938e-05
-6.83498e-05
0.000653912
-3.95642e-05
0.000633961
-3.98095e-05
0.000613885
-4.00586e-05
0.000593685
-4.03099e-05
0.000573358
-4.05649e-05
0.000552899
-4.08257e-05
0.000532305
-4.10948e-05
0.000511568
-4.13734e-05
0.000490686
-4.16623e-05
0.000469651
-4.19617e-05
0.000448459
-4.22723e-05
0.000427103
-4.25945e-05
0.000405576
-4.29301e-05
0.000383871
-4.32799e-05
0.000361979
-4.36468e-05
0.000339889
-4.40318e-05
0.00031759
-4.44394e-05
0.000295069
-4.48711e-05
0.000272308
-4.53339e-05
0.000249288
-4.58295e-05
0.000225979
-4.63698e-05
0.000202348
-4.6955e-05
0.000178346
-4.76082e-05
0.000153929
-4.8327e-05
0.000129023
-4.91628e-05
0.000103605
-5.00833e-05
7.76301e-05
-5.12279e-05
5.10772e-05
-5.24557e-05
2.32596e-05
-5.45762e-05
-4.50901e-05
0.000650649
-1.9765e-05
0.000630726
-1.98867e-05
0.000610679
-2.00111e-05
0.000590506
-2.01369e-05
0.000570205
-2.02643e-05
0.000549774
-2.03943e-05
0.000529207
-2.05283e-05
0.000508501
-2.0667e-05
0.000487649
-2.08107e-05
0.000466647
-2.09597e-05
0.00044549
-2.11143e-05
0.00042417
-2.12747e-05
0.000402681
-2.14416e-05
0.000381017
-2.16156e-05
0.000359168
-2.1798e-05
0.000337126
-2.19893e-05
0.000314878
-2.21918e-05
0.000292413
-2.2406e-05
0.000269714
-2.26354e-05
0.000246765
-2.28807e-05
0.000223543
-2.31477e-05
0.000200025
-2.3437e-05
0.000176177
-2.37602e-05
0.000151966
-2.41155e-05
0.000127329
-2.45255e-05
0.00010222
-2.49751e-05
7.65249e-05
-2.55324e-05
5.01899e-05
-2.61207e-05
2.27353e-05
-2.71216e-05
-2.23548e-05
0.000648968
2.13819e-08
0.00062906
2.18125e-08
0.000609026
2.2261e-08
0.000588867
2.27331e-08
0.000568579
2.32209e-08
0.000548161
2.3715e-08
0.000527608
2.42117e-08
0.000506917
2.47127e-08
0.000486081
2.52229e-08
0.000465095
2.57459e-08
0.000443955
2.62842e-08
0.000422653
2.68374e-08
0.000401184
2.74064e-08
0.000379541
2.79902e-08
0.000357714
2.85921e-08
0.000335695
2.92114e-08
0.000313474
2.98545e-08
0.000291037
3.05187e-08
0.000268371
3.12158e-08
0.000245458
3.19399e-08
0.000222278
3.27169e-08
0.000198807
3.35347e-08
0.000175012
3.44479e-08
0.000150861
3.54218e-08
0.000126299
3.65893e-08
0.000101286
3.78666e-08
7.57144e-05
3.96642e-08
4.95521e-05
4.15309e-08
2.23853e-05
4.51985e-08
3.04822e-08
0.000648971
1.98077e-05
0.000629063
1.99303e-05
0.00060903
2.00557e-05
0.00058887
2.01824e-05
0.000568582
2.03108e-05
0.000548164
2.04419e-05
0.000527611
2.05768e-05
0.00050692
2.07165e-05
0.000486084
2.08613e-05
0.000465098
2.10113e-05
0.000443957
2.1167e-05
0.000422656
2.13285e-05
0.000401186
2.14966e-05
0.000379543
2.16718e-05
0.000357716
2.18553e-05
0.000335697
2.20479e-05
0.000313475
2.22516e-05
0.000291039
2.24672e-05
0.000268372
2.2698e-05
0.000245459
2.29447e-05
0.000222279
2.32133e-05
0.000198808
2.35042e-05
0.000175013
2.38293e-05
0.000150862
2.41865e-05
0.0001263
2.45988e-05
0.000101287
2.50509e-05
7.57147e-05
2.56117e-05
4.95524e-05
2.62038e-05
2.23853e-05
2.72123e-05
2.24158e-05
0.00065066
3.9607e-05
0.000630737
3.98532e-05
0.000610689
4.01033e-05
0.000590516
4.03557e-05
0.000570215
4.06116e-05
0.000549783
4.08735e-05
0.000529217
4.11437e-05
0.00050851
4.14233e-05
0.000487658
4.17132e-05
0.000466655
4.20137e-05
0.000445497
4.23254e-05
0.000424177
4.26488e-05
0.000402688
4.29856e-05
0.000381023
4.33366e-05
0.000359174
4.37046e-05
0.000337131
4.4091e-05
0.000314882
4.44998e-05
0.000292417
4.49328e-05
0.000269718
4.5397e-05
0.000246768
4.58941e-05
0.000223546
4.64359e-05
0.000200027
4.70227e-05
0.000176179
4.76776e-05
0.000151967
4.83982e-05
0.00012733
4.92362e-05
0.000102222
5.01589e-05
7.65266e-05
5.1307e-05
5.01915e-05
5.2539e-05
2.27359e-05
5.46678e-05
4.51517e-05
0.00065393
5.94328e-05
0.000633978
5.9805e-05
0.000613902
6.01793e-05
0.000593702
6.05562e-05
0.000573374
6.09392e-05
0.000552915
6.13324e-05
0.00053232
6.17389e-05
0.000511583
6.216e-05
0.0004907
6.25967e-05
0.000469664
6.30491e-05
0.000448471
6.35185e-05
0.000427114
6.40056e-05
0.000405587
6.4513e-05
0.000383881
6.50424e-05
0.000361988
6.55978e-05
0.000339897
6.61815e-05
0.000317598
6.67997e-05
0.000295075
6.7455e-05
0.000272314
6.81587e-05
0.000249293
6.89151e-05
0.000225983
6.97458e-05
0.000202351
7.06549e-05
0.000178348
7.16803e-05
0.000153929
7.2817e-05
0.000129022
7.41434e-05
0.000103603
7.55778e-05
7.76291e-05
7.72809e-05
5.10776e-05
7.90905e-05
2.32599e-05
8.24855e-05
6.84117e-05
0.000658594
7.92998e-05
0.000638599
7.98007e-05
0.000618479
8.02984e-05
0.000598237
8.07983e-05
0.000577869
8.13078e-05
0.000557368
8.18328e-05
0.00053673
8.23769e-05
0.000515949
8.29414e-05
0.000495019
8.35268e-05
0.000473935
8.41333e-05
0.000452691
8.47624e-05
0.000431281
8.54155e-05
0.000409698
8.60961e-05
0.000387933
8.68068e-05
0.000365978
8.75532e-05
0.000343821
8.83383e-05
0.00032145
8.91706e-05
0.000298854
9.00516e-05
0.000276019
9.09931e-05
0.000252941
9.1993e-05
0.000229612
9.30747e-05
0.000206022
9.42449e-05
0.000182129
9.55733e-05
0.000157861
9.70852e-05
0.000133013
9.89919e-05
0.000107307
0.000101283
8.0582e-05
0.000104006
5.30925e-05
0.00010658
2.4303e-05
0.000111275
9.27147e-05
0.00066441
9.92264e-05
0.000644353
9.98571e-05
0.000624175
0.000100477
0.000603875
0.000101098
0.00058345
0.000101733
0.000562893
0.00010239
0.000542197
0.000103073
0.000521355
0.000103783
0.000500363
0.000104519
0.000479214
0.000105282
0.000457904
0.000106073
0.000436425
0.000106894
0.00041477
0.000107751
0.000392929
0.000108647
0.000370891
0.000109592
0.00034864
0.000110589
0.000326152
0.000111658
0.000303392
0.000112811
0.000280307
0.000114078
0.000256835
0.000115465
0.000232919
0.000116991
0.000208549
0.000118614
0.000183803
0.00012032
0.000158927
0.000121961
0.000134095
0.000123823
0.000109014
0.000126365
8.28453e-05
0.000130175
5.52783e-05
0.000134147
2.56995e-05
0.000140854
0.000118414
0.000671115
0.000119233
0.000650978
0.000119994
0.000630722
0.000120733
0.000610347
0.000121473
0.000589848
0.000122231
0.000569218
0.00012302
0.000548447
0.000123844
0.000527529
0.000124701
0.000506457
0.000125591
0.000485228
0.000126511
0.000463835
0.000127466
0.000442273
0.000128456
0.000420536
0.000129488
0.000398621
0.000130563
0.000376531
0.000131682
0.000354281
0.000132839
0.000331904
0.000134036
0.000309439
0.000135276
0.000286907
0.000136609
0.00026426
0.000138112
0.000241298
0.000139953
0.000217719
0.000142194
0.000193076
0.000144962
0.000167016
0.000148021
0.000139978
0.000150861
0.000112892
0.00015345
8.56639e-05
0.000157403
5.75331e-05
0.000162278
2.70718e-05
0.000171315
0.000145486
0.00067846
0.000139352
0.000658219
0.000140235
0.000637863
0.000141089
0.000617392
0.000141944
0.000596799
0.000142824
0.000576076
0.000143744
0.000555212
0.000144707
0.000534201
0.000145712
0.000513036
0.000146756
0.000491709
0.000147839
0.000470211
0.000148964
0.000448525
0.000150142
0.000426625
0.000151389
0.000404459
0.000152728
0.000381953
0.000154188
0.000359017
0.000155775
0.000335566
0.000157486
0.000311585
0.000159258
0.000287189
0.000161005
0.00026275
0.000162551
0.00023871
0.000163993
0.00021544
0.000165465
0.000192817
0.000167585
0.000169642
0.000171197
0.000144443
0.00017606
0.000117422
0.000180472
8.93846e-05
0.000185441
6.04265e-05
0.000191236
2.88116e-05
0.00020293
0.000174298
0.000686244
0.000159612
0.000665864
0.000160615
0.000645378
0.000161576
0.000624783
0.000162539
0.000604069
0.000163538
0.000583224
0.000164589
0.000562238
0.000165693
0.000541107
0.000166843
0.000519831
0.000168032
0.000498418
0.000169252
0.000476889
0.000170493
0.000455296
0.000171735
0.000433719
0.000172965
0.00041226
0.000174187
0.000390979
0.000175469
0.000369863
0.000176892
0.00034866
0.000178689
0.00032696
0.000180958
0.000304239
0.000183727
0.000279862
0.000186928
0.000253562
0.000190292
0.000225897
0.00019313
0.000198555
0.000194927
0.000172799
0.000196953
0.000147487
0.000201372
0.000120837
0.000207122
9.25308e-05
0.000213747
6.29485e-05
0.000220818
3.03186e-05
0.00023556
0.000204616
0.000694312
0.000180089
0.000673758
0.000181169
0.000653123
0.000182211
0.00063239
0.000183272
0.000611539
0.000184389
0.000590551
0.000185578
0.000569412
0.000186832
0.000548102
0.000188152
0.000526574
0.00018956
0.000504736
0.000191091
0.000482443
0.000192786
0.000459547
0.00019463
0.000435928
0.000196584
0.000411598
0.000198517
0.000386794
0.000200273
0.00036204
0.000201646
0.000338019
0.00020271
0.000315386
0.00020359
0.000294446
0.000204667
0.000274768
0.000206607
0.000254793
0.000210266
0.00023218
0.000215743
0.000206161
0.000220947
0.000178892
0.000224222
0.000152057
0.000228206
0.000124898
0.000234281
9.62397e-05
0.000242405
6.60814e-05
0.000250976
3.23436e-05
0.000269298
0.00023696
0.000702547
0.000200799
0.000681754
0.000201962
0.000660915
0.000203051
0.000639997
0.00020419
0.000618953
0.000205433
0.00059779
0.000206741
0.00057658
0.000208041
0.00055547
0.000209263
0.000534653
0.000210377
0.000514326
0.000211417
0.000494588
0.000212525
0.000475336
0.000213882
0.000456135
0.000215784
0.00043633
0.000218322
0.000415179
0.000221424
0.000391827
0.000224998
0.000365842
0.000228695
0.000337545
0.000231887
0.00030815
0.000234062
0.000279898
0.000234859
0.000254966
0.000235198
0.000232619
0.00023809
0.000209227
0.000244339
0.000183081
0.000250368
0.000155713
0.000255575
0.00012787
0.000262124
9.86884e-05
0.000271586
6.8084e-05
0.000281581
3.36534e-05
0.000303728
0.000270613
0.000710881
0.000221493
0.000689981
0.000222863
0.000668993
0.000224039
0.000647895
0.000225287
0.000626528
0.0002268
0.000604661
0.000228607
0.000581986
0.000230717
0.000558184
0.000233065
0.000533143
0.000235418
0.000507067
0.000237493
0.000480598
0.000238995
0.000454668
0.000239812
0.000430358
0.000240095
0.000408559
0.000240121
0.000389566
0.000240418
0.000372925
0.000241638
0.000357034
0.000244586
0.000339582
0.000249339
0.000318229
0.000255415
0.000292068
0.000261021
0.000263569
0.000263697
0.000237049
0.00026461
0.000212701
0.000268686
0.0001874
0.000275668
0.000160215
0.00028276
0.000132
0.000290338
0.000102231
0.000301356
7.10012e-05
0.00031281
3.57939e-05
0.000338936
0.000306407
0.000717726
0.000239274
0.000697758
0.000242831
0.000676758
0.000245039
0.000655759
0.000246287
0.000635714
0.000246845
0.000617229
0.000247092
0.000600284
0.000247662
0.000584239
0.00024911
0.000567886
0.000251772
0.000550006
0.000255372
0.000529414
0.000259587
0.000505263
0.000263963
0.000477381
0.000267976
0.000446554
0.000270948
0.000414407
0.000272565
0.000383385
0.00027266
0.000356015
0.000271955
0.000333243
0.000272112
0.000313868
0.000274789
0.000293853
0.000281036
0.000269065
0.000288485
0.000241419
0.000292255
0.000214937
0.000295169
0.000189157
0.000301448
0.000162109
0.000309809
0.000133747
0.0003187
0.000103525
0.000331578
7.18436e-05
0.000344492
3.65736e-05
0.000374206
0.000342981
0.000714384
0.000241548
0.000702859
0.000254355
0.000683195
0.000264703
0.000657175
0.000272307
0.000627095
0.000276924
0.000595378
0.000278809
0.000564498
0.000278542
0.000536782
0.000276826
0.000513629
0.000274925
0.000495395
0.000273605
0.000481312
0.00027367
0.000469692
0.000275583
0.000458103
0.000279565
0.000443914
0.000285137
0.00042508
0.000291399
0.000400758
0.000296983
0.000372534
0.000300179
0.000343233
0.000301413
0.000316476
0.000301547
0.000294178
0.000303334
0.000272503
0.00031016
0.000247081
0.000317678
0.000219866
0.000322384
0.000193184
0.000328129
0.000165869
0.000337123
0.000137463
0.000347106
0.000107036
0.000362005
7.41989e-05
0.000377329
3.86906e-05
0.000409714
0.000381671
0.000655484
0.000196197
0.000685468
0.000224372
0.000701648
0.000248523
0.000705572
0.000268383
0.000698309
0.000284188
0.000680954
0.000296163
0.000655023
0.000304474
0.000622455
0.000309393
0.000585964
0.000311416
0.000548442
0.000311128
0.000512684
0.000309427
0.000480924
0.000307343
0.000454473
0.000306017
0.00043297
0.000306639
0.00041449
0.000309879
0.000396156
0.000315318
0.000374997
0.000321338
0.000350093
0.000326317
0.000322181
0.000329459
0.000295045
0.000330469
0.000271235
0.000333971
0.000247251
0.000341661
0.000220783
0.000348853
0.000193536
0.000355377
0.000165821
0.000364838
0.000136937
0.00037599
0.000107433
0.000391509
7.33161e-05
0.000411446
3.85479e-05
0.000444482
0.000420219
0.000390352
0.000102373
0.000460131
0.000154594
0.00051286
0.000195793
0.000551035
0.000230207
0.000576394
0.000258829
0.000590176
0.000282381
0.000593472
0.000301178
0.000587434
0.000315431
0.000573417
0.000325434
0.000552965
0.000331579
0.000527871
0.000334522
0.000500207
0.000335007
0.000472025
0.000334199
0.000444998
0.000333666
0.000420279
0.000334597
0.000397722
0.000337875
0.000375876
0.000343184
0.000353198
0.000348995
0.00032834
0.000354316
0.000301664
0.000357146
0.00027573
0.000359904
0.000250767
0.000366624
0.000224731
0.000374889
0.0001976
0.000382507
0.000169865
0.000392573
0.000140016
0.000405839
0.000111375
0.000420149
7.513e-05
0.000447691
4.03994e-05
0.000479213
0.000460619
2.80654e-06
3.17273e-07
7.82264e-08
-2.49506e-06
-3.70473e-06
-4.61954e-06
-5.46348e-06
-5.98825e-06
-6.54095e-06
-7.15874e-06
-7.48163e-06
-7.55475e-06
-7.70681e-06
-8.04351e-06
-8.67086e-06
-9.4746e-06
-1.02425e-05
-1.08308e-05
-1.11806e-05
-1.14406e-05
-1.19743e-05
-1.31035e-05
-1.50924e-05
-1.80904e-05
-2.21118e-05
-2.68856e-05
-3.15193e-05
-3.36267e-05
-2.77425e-05
)
;

boundaryField
{
    inlet
    {
        type            calculated;
        value           nonuniform List<scalar> 
30
(
-0.000666667
-0.000666667
-0.000666667
-0.000666667
-0.000666667
-0.000666667
-0.000666667
-0.000666667
-0.000666667
-0.000666667
-0.000666667
-0.000666667
-0.000666667
-0.000666667
-0.000666667
-0.000666667
-0.000666667
-0.000666667
-0.000666667
-0.000666667
-0.000666667
-0.000666667
-0.000666667
-0.000666667
-0.000666667
-0.000666667
-0.000666667
-0.000666667
-0.000666667
-0.000666667
)
;
    }
    outlet
    {
        type            calculated;
        value           nonuniform List<scalar> 0();
    }
    wall
    {
        type            calculated;
        value           uniform 0;
    }
    obstacle
    {
        type            calculated;
        value           uniform 0;
    }
    frontAndBack
    {
        type            empty;
        value           nonuniform List<scalar> 0();
    }
    procBoundary0to1
    {
        type            processor;
        value           nonuniform List<scalar> 
61
(
0.000102325
0.00015453
0.000195723
0.000230133
0.000258753
0.000282302
0.000301098
0.00031535
0.000325353
0.000331499
0.000334442
0.000334927
0.000334118
0.00033358
0.000334505
0.000420224
0.000315215
0.000321234
0.000326212
0.00032936
0.000330374
0.00033386
0.000341547
0.00034875
0.000355274
0.000364736
0.000375893
0.000391414
0.000411374
0.000444383
0.000420195
0.000457812
0.000481702
0.00044793
0.000422723
0.000407049
0.000393487
0.000383351
0.000375414
0.000367177
0.000360522
0.000357469
0.000354389
0.000349147
0.000343521
0.000338502
0.000335401
0.000334434
0.000334788
0.000335357
0.000334782
0.000332113
0.000326563
0.000317419
0.000304176
0.000286402
0.000263603
0.000234841
0.000197901
0.00014871
7.46302e-05
)
;
    }
}


// ************************************************************************* //
