/*--------------------------------*- C++ -*----------------------------------*\
| =========                 |                                                 |
| \\      /  F ield         | OpenFOAM: The Open Source CFD Toolbox           |
|  \\    /   O peration     | Version:  2312                                  |
|   \\  /    A nd           | Website:  www.openfoam.com                      |
|    \\/     M anipulation  |                                                 |
\*---------------------------------------------------------------------------*/
FoamFile
{
    version     2.0;
    format      ascii;
    arch        "LSB;label=32;scalar=64";
    class       volVectorField;
    location    "193000";
    object      U;
}
// * * * * * * * * * * * * * * * * * * * * * * * * * * * * * * * * * * * * * //

dimensions      [0 1 -1 0 0 0 0];

internalField   nonuniform List<vector> 
2685
(
(0.000424763 -2.95233e-05 0)
(0.000428569 -1.531e-05 0)
(0.000420182 -1.34866e-06 0)
(0.000410321 1.24e-05 0)
(0.00039834 2.2795e-05 0)
(0.000382747 2.72275e-05 0)
(0.00036447 2.5026e-05 0)
(0.000345488 1.77304e-05 0)
(0.000327345 8.01777e-06 0)
(0.000310704 -1.81364e-06 0)
(0.000295641 -1.04626e-05 0)
(0.00028212 -1.73259e-05 0)
(0.000269881 -2.21416e-05 0)
(0.000258548 -2.46565e-05 0)
(0.000247609 -2.47994e-05 0)
(0.000236713 -2.27549e-05 0)
(0.000225767 -1.89319e-05 0)
(0.000214922 -1.3923e-05 0)
(0.000204417 -8.36944e-06 0)
(0.000194401 -2.85146e-06 0)
(0.000184877 2.16448e-06 0)
(0.000175766 6.34487e-06 0)
(0.000166984 9.48779e-06 0)
(0.000158462 1.15224e-05 0)
(0.000150297 1.25772e-05 0)
(0.000142736 1.28006e-05 0)
(0.000136013 1.23366e-05 0)
(0.000130322 1.13644e-05 0)
(0.000125812 1.00801e-05 0)
(0.00012256 8.66023e-06 0)
(0.000120566 7.22836e-06 0)
(0.000119798 5.84172e-06 0)
(0.000120101 4.47923e-06 0)
(0.000121321 3.20006e-06 0)
(0.000123388 1.99874e-06 0)
(0.000126226 8.67956e-07 0)
(0.000129739 -1.91529e-07 0)
(0.000133821 -1.17163e-06 0)
(0.000138367 -2.06216e-06 0)
(0.000143276 -2.85499e-06 0)
(0.000148469 -3.54635e-06 0)
(0.000153884 -4.13892e-06 0)
(0.000159486 -4.64229e-06 0)
(0.000165252 -5.06879e-06 0)
(0.000171174 -5.42981e-06 0)
(0.000177245 -5.73508e-06 0)
(0.000183458 -5.99327e-06 0)
(0.000189795 -6.21269e-06 0)
(0.00019623 -6.40277e-06 0)
(0.000202734 -6.57587e-06 0)
(0.000209271 -6.74873e-06 0)
(0.000215809 -6.94257e-06 0)
(0.000222319 -7.18117e-06 0)
(0.000228778 -7.48744e-06 0)
(0.000235171 -7.88004e-06 0)
(0.000241484 -8.37192e-06 0)
(0.000247698 -8.97173e-06 0)
(0.000253774 -9.68504e-06 0)
(0.000259636 -1.05123e-05 0)
(0.000265169 -1.14443e-05 0)
(0.000270224 -1.24577e-05 0)
(0.000274639 -1.35081e-05 0)
(0.000278248 -1.45274e-05 0)
(0.000280895 -1.54121e-05 0)
(0.000282475 -1.60232e-05 0)
(0.000282978 -1.62085e-05 0)
(0.000282608 -1.58004e-05 0)
(0.0002817 -1.47458e-05 0)
(0.000280596 -1.30733e-05 0)
(0.000279664 -1.08568e-05 0)
(0.000279192 -8.20883e-06 0)
(0.000279421 -5.24163e-06 0)
(0.000280397 -2.13391e-06 0)
(0.000281971 9.32752e-07 0)
(0.000283868 3.7777e-06 0)
(0.000285791 6.24143e-06 0)
(0.000287454 8.23933e-06 0)
(0.000288587 9.79204e-06 0)
(0.000288967 1.09024e-05 0)
(0.000288448 1.14266e-05 0)
(0.00028705 1.11034e-05 0)
(0.00028503 9.67672e-06 0)
(0.000282841 7.09042e-06 0)
(0.000281007 3.61244e-06 0)
(0.000279922 -2.04212e-07 0)
(0.000279646 -3.72632e-06 0)
(0.000279785 -6.35064e-06 0)
(0.000279715 -7.64414e-06 0)
(0.000278941 -7.60676e-06 0)
(0.000277232 -6.49552e-06 0)
(0.000979877 3.08654e-06 0)
(0.000980811 1.12255e-05 0)
(0.000984878 1.988e-05 0)
(0.000989149 2.90596e-05 0)
(0.000993212 3.8105e-05 0)
(0.000996709 4.65219e-05 0)
(0.000998677 5.39445e-05 0)
(0.000997857 6.00745e-05 0)
(0.000993374 6.47997e-05 0)
(0.000984721 6.8309e-05 0)
(0.000971625 7.10146e-05 0)
(0.000953906 7.31156e-05 0)
(0.000931463 7.44253e-05 0)
(0.000904678 7.49838e-05 0)
(0.00087408 7.49324e-05 0)
(0.000840455 7.36937e-05 0)
(0.000804822 7.02741e-05 0)
(0.00076815 6.43446e-05 0)
(0.00073139 5.66555e-05 0)
(0.000695413 4.85285e-05 0)
(0.000660928 4.10913e-05 0)
(0.000628468 3.48213e-05 0)
(0.000598444 2.96001e-05 0)
(0.000571338 2.50925e-05 0)
(0.000547406 2.10416e-05 0)
(0.000526565 1.72219e-05 0)
(0.000508853 1.34195e-05 0)
(0.000494486 9.5228e-06 0)
(0.000483618 5.57075e-06 0)
(0.000476213 1.70189e-06 0)
(0.000471999 -1.9425e-06 0)
(0.000470506 -5.2912e-06 0)
(0.000471371 -8.33278e-06 0)
(0.000474239 -1.10476e-05 0)
(0.000478597 -1.33988e-05 0)
(0.000484088 -1.53826e-05 0)
(0.000490421 -1.69956e-05 0)
(0.000497347 -1.82289e-05 0)
(0.000504643 -1.91091e-05 0)
(0.000512115 -1.96974e-05 0)
(0.000519609 -2.00839e-05 0)
(0.00052701 -2.03668e-05 0)
(0.000534268 -2.06246e-05 0)
(0.000541392 -2.09059e-05 0)
(0.00054844 -2.12291e-05 0)
(0.000555496 -2.15833e-05 0)
(0.000562646 -2.19317e-05 0)
(0.000569965 -2.22249e-05 0)
(0.000577506 -2.24183e-05 0)
(0.000585296 -2.24814e-05 0)
(0.000593347 -2.23962e-05 0)
(0.000601662 -2.21535e-05 0)
(0.000610252 -2.17526e-05 0)
(0.000619141 -2.1201e-05 0)
(0.000628362 -2.05047e-05 0)
(0.000637942 -1.96475e-05 0)
(0.000647876 -1.85638e-05 0)
(0.000658102 -1.71243e-05 0)
(0.000668484 -1.51473e-05 0)
(0.0006788 -1.24422e-05 0)
(0.000688756 -8.87153e-06 0)
(0.000697991 -4.4188e-06 0)
(0.000706113 7.53185e-07 0)
(0.000712772 6.28685e-06 0)
(0.000717722 1.16558e-05 0)
(0.000720907 1.62066e-05 0)
(0.000722273 1.92515e-05 0)
(0.000721718 2.01573e-05 0)
(0.000719383 1.86424e-05 0)
(0.000715615 1.48612e-05 0)
(0.000710844 9.43291e-06 0)
(0.000705305 3.2985e-06 0)
(0.000698952 -2.6248e-06 0)
(0.000691804 -7.65281e-06 0)
(0.000683958 -1.13449e-05 0)
(0.000675686 -1.34818e-05 0)
(0.000667397 -1.40253e-05 0)
(0.000659143 -1.30782e-05 0)
(0.000650328 -1.08534e-05 0)
(0.00064014 -7.74552e-06 0)
(0.000628343 -4.34946e-06 0)
(0.000615759 -1.33745e-06 0)
(0.000604176 7.59236e-07 0)
(0.000595578 1.83367e-06 0)
(0.000591215 2.36148e-06 0)
(0.000591315 3.27278e-06 0)
(0.000594964 5.4039e-06 0)
(0.00060007 9.02527e-06 0)
(0.000604188 1.34438e-05 0)
(0.000605608 1.71125e-05 0)
(0.00119677 -2.04023e-05 0)
(0.00120586 -1.27083e-05 0)
(0.00121916 -4.70266e-06 0)
(0.0012339 3.36481e-06 0)
(0.00124899 1.15121e-05 0)
(0.00126375 1.98238e-05 0)
(0.00127744 2.83475e-05 0)
(0.00128951 3.70672e-05 0)
(0.00129965 4.59734e-05 0)
(0.00130743 5.52407e-05 0)
(0.0013124 6.50462e-05 0)
(0.00131407 7.54232e-05 0)
(0.00131174 8.63977e-05 0)
(0.00130537 9.78647e-05 0)
(0.00129581 0.000109523 0)
(0.00128312 0.000120614 0)
(0.00126671 0.000130046 0)
(0.00124607 0.000136948 0)
(0.00122097 0.000140898 0)
(0.00119159 0.000141896 0)
(0.00115863 0.000140153 0)
(0.00112315 0.000135947 0)
(0.00108623 0.000129679 0)
(0.00104864 0.000121753 0)
(0.00101085 0.000112145 0)
(0.000973668 0.000100489 0)
(0.000938092 8.65336e-05 0)
(0.000904926 7.0524e-05 0)
(0.000874581 5.34032e-05 0)
(0.000847156 3.65164e-05 0)
(0.000822652 2.10428e-05 0)
(0.000801126 7.65253e-06 0)
(0.000782587 -3.46955e-06 0)
(0.000767106 -1.25207e-05 0)
(0.000754707 -1.97579e-05 0)
(0.000745291 -2.54218e-05 0)
(0.000738692 -2.97056e-05 0)
(0.000734557 -3.27387e-05 0)
(0.000732339 -3.46238e-05 0)
(0.000731441 -3.553e-05 0)
(0.000731303 -3.57223e-05 0)
(0.000731504 -3.55165e-05 0)
(0.000731795 -3.52141e-05 0)
(0.000732044 -3.50522e-05 0)
(0.000732209 -3.51659e-05 0)
(0.000732345 -3.56097e-05 0)
(0.000732569 -3.63724e-05 0)
(0.000732997 -3.7383e-05 0)
(0.000733697 -3.85383e-05 0)
(0.000734686 -3.97477e-05 0)
(0.000735984 -4.09711e-05 0)
(0.000737666 -4.22344e-05 0)
(0.000739894 -4.36135e-05 0)
(0.000742916 -4.51903e-05 0)
(0.000747042 -4.6998e-05 0)
(0.000752589 -4.89718e-05 0)
(0.000759841 -5.09334e-05 0)
(0.000769005 -5.26061e-05 0)
(0.000780201 -5.36609e-05 0)
(0.000793455 -5.37742e-05 0)
(0.000808716 -5.26791e-05 0)
(0.000825871 -5.01978e-05 0)
(0.000844771 -4.62584e-05 0)
(0.000865212 -4.09084e-05 0)
(0.00088685 -3.43046e-05 0)
(0.000909124 -2.66921e-05 0)
(0.000931341 -1.84374e-05 0)
(0.000952899 -9.99261e-06 0)
(0.000973137 -1.86002e-06 0)
(0.00099129 5.50429e-06 0)
(0.00100677 1.19923e-05 0)
(0.00101919 1.79933e-05 0)
(0.00102835 2.41059e-05 0)
(0.00103427 3.04044e-05 0)
(0.00103733 3.60561e-05 0)
(0.00103783 4.01223e-05 0)
(0.00103572 4.30234e-05 0)
(0.00103087 4.68133e-05 0)
(0.00102341 5.34993e-05 0)
(0.00101343 6.2496e-05 0)
(0.00100108 6.96917e-05 0)
(0.000986714 6.9465e-05 0)
(0.000970597 5.83204e-05 0)
(0.000952917 3.73674e-05 0)
(0.000934403 1.19474e-05 0)
(0.000916015 -1.0891e-05 0)
(0.000898014 -2.53277e-05 0)
(0.000879725 -2.87022e-05 0)
(0.000859399 -2.17038e-05 0)
(0.000836635 -8.1642e-06 0)
(0.00129028 -4.18354e-05 0)
(0.00130403 -3.96433e-05 0)
(0.00131904 -3.61811e-05 0)
(0.0013361 -3.1571e-05 0)
(0.0013555 -2.55864e-05 0)
(0.00137666 -1.79828e-05 0)
(0.00139851 -8.57521e-06 0)
(0.00141999 2.79913e-06 0)
(0.00144039 1.61609e-05 0)
(0.00145945 3.1329e-05 0)
(0.0014769 4.80141e-05 0)
(0.00149233 6.5938e-05 0)
(0.00150533 8.47687e-05 0)
(0.00151565 0.000104316 0)
(0.00152266 0.000124074 0)
(0.00152539 0.000143206 0)
(0.00152346 0.000160864 0)
(0.00151695 0.000176298 0)
(0.00150571 0.000188803 0)
(0.00148941 0.000197867 0)
(0.00146789 0.000203251 0)
(0.00144139 0.000204822 0)
(0.00141043 0.000202572 0)
(0.00137581 0.000196714 0)
(0.00133877 0.000187468 0)
(0.0013007 0.000175035 0)
(0.00126232 0.000159987 0)
(0.00122388 0.000143461 0)
(0.00118579 0.000126761 0)
(0.00114865 0.000110759 0)
(0.0011131 9.55889e-05 0)
(0.00107967 8.08027e-05 0)
(0.00104853 6.58355e-05 0)
(0.00101965 5.05399e-05 0)
(0.000992967 3.53136e-05 0)
(0.000968391 2.08896e-05 0)
(0.00094575 7.96863e-06 0)
(0.000925029 -2.85296e-06 0)
(0.000906257 -1.11121e-05 0)
(0.000889287 -1.67173e-05 0)
(0.000873857 -2.00338e-05 0)
(0.000859666 -2.16844e-05 0)
(0.000846432 -2.22958e-05 0)
(0.000834005 -2.24307e-05 0)
(0.000822331 -2.26216e-05 0)
(0.00081135 -2.32466e-05 0)
(0.000801024 -2.43857e-05 0)
(0.000791316 -2.58436e-05 0)
(0.000782111 -2.73525e-05 0)
(0.00077321 -2.88009e-05 0)
(0.000764425 -3.03172e-05 0)
(0.00075578 -3.21995e-05 0)
(0.000747653 -3.4807e-05 0)
(0.000740785 -3.84676e-05 0)
(0.000736089 -4.33657e-05 0)
(0.000734408 -4.94432e-05 0)
(0.000736326 -5.64129e-05 0)
(0.000742135 -6.37732e-05 0)
(0.000751859 -7.09093e-05 0)
(0.000765318 -7.72093e-05 0)
(0.000782187 -8.21537e-05 0)
(0.000802031 -8.53675e-05 0)
(0.000824325 -8.66421e-05 0)
(0.00084848 -8.59478e-05 0)
(0.000873914 -8.34304e-05 0)
(0.00090011 -7.93504e-05 0)
(0.000926614 -7.40179e-05 0)
(0.000953015 -6.77633e-05 0)
(0.000978913 -6.09685e-05 0)
(0.00100392 -5.39729e-05 0)
(0.0010277 -4.69711e-05 0)
(0.00105007 -3.98902e-05 0)
(0.00107112 -3.24301e-05 0)
(0.00109104 -2.43313e-05 0)
(0.00110978 -1.57287e-05 0)
(0.00112722 -7.04392e-06 0)
(0.00114344 1.71611e-06 0)
(0.00115874 1.13006e-05 0)
(0.00117373 2.2379e-05 0)
(0.00118933 3.44117e-05 0)
(0.00120614 4.59485e-05 0)
(0.00122353 5.61432e-05 0)
(0.00123941 6.51941e-05 0)
(0.00125086 7.25405e-05 0)
(0.00125551 7.62126e-05 0)
(0.00125259 7.65886e-05 0)
(0.00124237 7.97843e-05 0)
(0.00122537 9.26377e-05 0)
(0.00120213 0.000112554 0)
(0.00117308 0.000125318 0)
(0.00128523 -6.99425e-05 0)
(0.00130022 -7.42622e-05 0)
(0.00131749 -7.63911e-05 0)
(0.00133763 -7.6176e-05 0)
(0.00136073 -7.35757e-05 0)
(0.00138623 -6.85098e-05 0)
(0.00141331 -6.08366e-05 0)
(0.00144111 -5.04854e-05 0)
(0.00146863 -3.73866e-05 0)
(0.00149501 -2.14569e-05 0)
(0.00151976 -2.7715e-06 0)
(0.00154243 1.83631e-05 0)
(0.00156294 4.15787e-05 0)
(0.00158119 6.6152e-05 0)
(0.0015966 9.13362e-05 0)
(0.00160871 0.000116775 0)
(0.00161731 0.000142264 0)
(0.00162244 0.000167172 0)
(0.00162402 0.000190875 0)
(0.00162194 0.000213121 0)
(0.00161634 0.000233185 0)
(0.00160723 0.00024997 0)
(0.00159404 0.000262968 0)
(0.00157606 0.000271549 0)
(0.00155269 0.000274419 0)
(0.00152328 0.000270996 0)
(0.00148783 0.000261641 0)
(0.0014472 0.000246726 0)
(0.00140263 0.000226953 0)
(0.00135594 0.000203696 0)
(0.00130916 0.000178578 0)
(0.00126364 0.000153539 0)
(0.00122033 0.000130553 0)
(0.00118031 0.000110591 0)
(0.00114394 9.34688e-05 0)
(0.00111041 7.85564e-05 0)
(0.00107891 6.5309e-05 0)
(0.0010492 5.35247e-05 0)
(0.00102091 4.34046e-05 0)
(0.000993377 3.52934e-05 0)
(0.0009665 2.92235e-05 0)
(0.000940797 2.47469e-05 0)
(0.000916557 2.12262e-05 0)
(0.000893334 1.81495e-05 0)
(0.000870669 1.51476e-05 0)
(0.000848852 1.1973e-05 0)
(0.00082842 8.58979e-06 0)
(0.000809137 5.273e-06 0)
(0.000789805 2.49849e-06 0)
(0.000769164 5.48134e-07 0)
(0.000747048 -9.91347e-07 0)
(0.00072476 -3.41444e-06 0)
(0.000704461 -8.43267e-06 0)
(0.000688274 -1.73044e-05 0)
(0.00067772 -3.0276e-05 0)
(0.00067344 -4.65577e-05 0)
(0.00067537 -6.47505e-05 0)
(0.000683062 -8.33372e-05 0)
(0.000695819 -0.000100967 0)
(0.000712857 -0.000116585 0)
(0.000733405 -0.00012945 0)
(0.000756759 -0.000139099 0)
(0.000782307 -0.0001453 0)
(0.000809524 -0.000148001 0)
(0.00083793 -0.000147307 0)
(0.000867026 -0.000143475 0)
(0.000896258 -0.000136895 0)
(0.000925089 -0.000128059 0)
(0.00095304 -0.000117524 0)
(0.000979708 -0.000105879 0)
(0.00100479 -9.36706e-05 0)
(0.00102813 -8.13272e-05 0)
(0.00104977 -6.91553e-05 0)
(0.00106998 -5.74555e-05 0)
(0.00108915 -4.65158e-05 0)
(0.00110762 -3.65042e-05 0)
(0.00112572 -2.73906e-05 0)
(0.00114376 -1.8963e-05 0)
(0.00116223 -1.10211e-05 0)
(0.00118166 -3.70859e-06 0)
(0.00120239 2.41362e-06 0)
(0.00122433 7.02371e-06 0)
(0.00124725 1.07192e-05 0)
(0.00127084 1.46458e-05 0)
(0.00129437 1.94069e-05 0)
(0.00131644 2.51519e-05 0)
(0.00133666 3.39264e-05 0)
(0.00135689 5.09829e-05 0)
(0.00137883 7.93465e-05 0)
(0.00140135 0.000112591 0)
(0.00124783 -0.000100691 0)
(0.00127235 -0.000113282 0)
(0.00129987 -0.000123126 0)
(0.00133052 -0.000129639 0)
(0.00136403 -0.000132177 0)
(0.00139963 -0.000130358 0)
(0.00143622 -0.000124098 0)
(0.00147271 -0.000113355 0)
(0.00150835 -9.811e-05 0)
(0.00154265 -7.86224e-05 0)
(0.00157493 -5.52958e-05 0)
(0.0016043 -2.84078e-05 0)
(0.0016295 1.58185e-06 0)
(0.00164984 3.37124e-05 0)
(0.00166529 6.72937e-05 0)
(0.00167564 0.0001014 0)
(0.00168103 0.0001341 0)
(0.00168178 0.00016441 0)
(0.00167818 0.000192317 0)
(0.00167101 0.000217134 0)
(0.00166125 0.000238439 0)
(0.00164936 0.000257316 0)
(0.00163584 0.000274285 0)
(0.00162144 0.000288954 0)
(0.00160648 0.000301867 0)
(0.00159066 0.00031283 0)
(0.0015729 0.0003199 0)
(0.00155119 0.000322099 0)
(0.00152393 0.000318983 0)
(0.00149052 0.000309195 0)
(0.00145047 0.000293234 0)
(0.00140439 0.000272893 0)
(0.00135499 0.000247648 0)
(0.00130474 0.000218034 0)
(0.00125482 0.000188931 0)
(0.001207 0.00016405 0)
(0.00116319 0.000142692 0)
(0.00112301 0.000124526 0)
(0.00108495 0.000111314 0)
(0.00104905 0.000102714 0)
(0.00101602 9.55484e-05 0)
(0.000984699 8.82221e-05 0)
(0.000952999 8.22736e-05 0)
(0.000920928 7.86284e-05 0)
(0.00089066 7.5126e-05 0)
(0.000863332 6.93695e-05 0)
(0.000836964 6.2499e-05 0)
(0.000807989 5.85691e-05 0)
(0.000774447 6.01422e-05 0)
(0.000737714 6.48879e-05 0)
(0.00070168 6.67973e-05 0)
(0.000670578 6.04245e-05 0)
(0.000647333 4.38402e-05 0)
(0.000633085 1.84739e-05 0)
(0.000627647 -1.26163e-05 0)
(0.000630141 -4.61415e-05 0)
(0.000639313 -7.9371e-05 0)
(0.000653854 -0.000110358 0)
(0.000672602 -0.000137832 0)
(0.000694563 -0.000161056 0)
(0.000718913 -0.000179673 0)
(0.000744989 -0.000193578 0)
(0.000772288 -0.00020282 0)
(0.000800447 -0.000207546 0)
(0.000829182 -0.000207988 0)
(0.000858232 -0.000204472 0)
(0.000887315 -0.000197432 0)
(0.000916107 -0.00018743 0)
(0.000944251 -0.000175146 0)
(0.00097138 -0.000161334 0)
(0.000997165 -0.000146765 0)
(0.00102138 -0.000132154 0)
(0.00104395 -0.00011809 0)
(0.00106498 -0.000105026 0)
(0.00108474 -9.32905e-05 0)
(0.00110356 -8.30606e-05 0)
(0.0011219 -7.43243e-05 0)
(0.00114035 -6.69218e-05 0)
(0.00115961 -6.06461e-05 0)
(0.00118021 -5.5302e-05 0)
(0.00120237 -5.07021e-05 0)
(0.00122603 -4.65232e-05 0)
(0.00125097 -4.20963e-05 0)
(0.00127697 -3.65353e-05 0)
(0.00130365 -2.94546e-05 0)
(0.00133051 -2.12828e-05 0)
(0.0013572 -1.16172e-05 0)
(0.00138369 2.51586e-06 0)
(0.00141088 2.42198e-05 0)
(0.00143971 5.11194e-05 0)
(0.00124985 -0.00017488 0)
(0.00128249 -0.000196258 0)
(0.00131596 -0.00021271 0)
(0.00135155 -0.000223934 0)
(0.00138988 -0.00022971 0)
(0.00143052 -0.000229869 0)
(0.00147275 -0.000224108 0)
(0.00151599 -0.000212168 0)
(0.00155966 -0.00019402 0)
(0.00160308 -0.000169559 0)
(0.00164544 -0.000138627 0)
(0.00168592 -0.000101739 0)
(0.00172349 -5.99959e-05 0)
(0.00175671 -1.4016e-05 0)
(0.00178391 3.50706e-05 0)
(0.0018031 8.50345e-05 0)
(0.00181295 0.000134461 0)
(0.0018132 0.000181933 0)
(0.00180427 0.000225063 0)
(0.00178721 0.000261603 0)
(0.00176268 0.000291187 0)
(0.00173221 0.000313504 0)
(0.0016986 0.000327834 0)
(0.00166394 0.000335607 0)
(0.00162984 0.000339589 0)
(0.00159875 0.000342312 0)
(0.00157214 0.000346641 0)
(0.00154943 0.00035311 0)
(0.00152926 0.000359017 0)
(0.00150903 0.000363317 0)
(0.00148516 0.000365393 0)
(0.00145598 0.000360514 0)
(0.00142111 0.000346423 0)
(0.00137926 0.000327658 0)
(0.00133088 0.000305846 0)
(0.00127979 0.000278149 0)
(0.00122921 0.00024834 0)
(0.00117992 0.00022425 0)
(0.00113314 0.000205304 0)
(0.00109047 0.000186417 0)
(0.00105104 0.000170132 0)
(0.00101224 0.000162603 0)
(0.000973585 0.000160943 0)
(0.000937292 0.000155113 0)
(0.000904106 0.000141992 0)
(0.000870705 0.000130384 0)
(0.000832287 0.000130634 0)
(0.000787307 0.000142835 0)
(0.000739345 0.000156454 0)
(0.000694666 0.000159317 0)
(0.000658384 0.000145282 0)
(0.000632627 0.00011519 0)
(0.000617024 7.37217e-05 0)
(0.000610002 2.62029e-05 0)
(0.000610076 -2.29446e-05 0)
(0.000616141 -7.06577e-05 0)
(0.00062717 -0.000114961 0)
(0.00064233 -0.000154588 0)
(0.000660923 -0.00018877 0)
(0.000682285 -0.000217134 0)
(0.000705782 -0.000239619 0)
(0.000730856 -0.000256415 0)
(0.000757054 -0.000267847 0)
(0.000784057 -0.000274283 0)
(0.0008117 -0.000276054 0)
(0.000839948 -0.000273431 0)
(0.000868822 -0.000266679 0)
(0.000898325 -0.000256144 0)
(0.000928386 -0.000242315 0)
(0.000958807 -0.000225842 0)
(0.000989233 -0.000207531 0)
(0.00101923 -0.000188314 0)
(0.00104838 -0.000169205 0)
(0.00107639 -0.000151188 0)
(0.00110314 -0.000135094 0)
(0.0011287 -0.000121509 0)
(0.00115328 -0.000110759 0)
(0.0011772 -0.000102943 0)
(0.00120093 -9.79355e-05 0)
(0.00122503 -9.53705e-05 0)
(0.00125 -9.46759e-05 0)
(0.00127609 -9.51529e-05 0)
(0.00130337 -9.59114e-05 0)
(0.00133184 -9.56951e-05 0)
(0.00136147 -9.31449e-05 0)
(0.0013919 -8.74812e-05 0)
(0.0014224 -7.84925e-05 0)
(0.00145241 -6.52297e-05 0)
(0.0014823 -4.56716e-05 0)
(0.00151273 -1.9557e-05 0)
(0.0011673 -0.000238751 0)
(0.00118187 -0.000260932 0)
(0.00119868 -0.000279106 0)
(0.00122026 -0.000293264 0)
(0.00124823 -0.000303395 0)
(0.00128288 -0.000309146 0)
(0.00132374 -0.000309847 0)
(0.00137018 -0.000304683 0)
(0.00142157 -0.000292669 0)
(0.00147704 -0.000272643 0)
(0.00153546 -0.00024364 0)
(0.00159532 -0.000205325 0)
(0.0016547 -0.000157749 0)
(0.0017111 -0.000101517 0)
(0.00176219 -3.84547e-05 0)
(0.00180718 2.90053e-05 0)
(0.00184392 9.91713e-05 0)
(0.00186972 0.00016945 0)
(0.00188391 0.000236118 0)
(0.00188554 0.000297334 0)
(0.00187405 0.000351321 0)
(0.00185046 0.00039427 0)
(0.001816 0.000425115 0)
(0.00177197 0.000445098 0)
(0.00172105 0.000452249 0)
(0.00166652 0.00044604 0)
(0.00161209 0.000432385 0)
(0.00156268 0.000417867 0)
(0.00152177 0.000406992 0)
(0.0014892 0.000403359 0)
(0.00146318 0.000405611 0)
(0.00144082 0.000408654 0)
(0.00141698 0.000410898 0)
(0.00138777 0.000411091 0)
(0.00135356 0.000403009 0)
(0.00131489 0.000383765 0)
(0.00127064 0.000358969 0)
(0.0012226 0.000333075 0)
(0.00117513 0.000305991 0)
(0.00112912 0.000281531 0)
(0.00108233 0.000266114 0)
(0.00103538 0.000257628 0)
(0.000992226 0.0002467 0)
(0.000953866 0.000230977 0)
(0.000915364 0.000220284 0)
(0.000870635 0.000224805 0)
(0.00081877 0.000242381 0)
(0.00076481 0.000259389 0)
(0.000715444 0.000261534 0)
(0.000674824 0.00024242 0)
(0.000643575 0.000204133 0)
(0.000620288 0.000152914 0)
(0.00060333 9.49727e-05 0)
(0.000591822 3.47816e-05 0)
(0.000585538 -2.47918e-05 0)
(0.000584575 -8.19345e-05 0)
(0.000589143 -0.000135251 0)
(0.000599285 -0.000183325 0)
(0.000614704 -0.00022498 0)
(0.000634748 -0.000259451 0)
(0.000658473 -0.000286483 0)
(0.000684784 -0.000306336 0)
(0.000712604 -0.000319678 0)
(0.000741057 -0.000327392 0)
(0.000769584 -0.000330352 0)
(0.000797994 -0.000329263 0)
(0.000826405 -0.000324593 0)
(0.000855109 -0.000316631 0)
(0.000884414 -0.000305596 0)
(0.000914543 -0.000291763 0)
(0.000945584 -0.000275559 0)
(0.000977457 -0.000257618 0)
(0.00100993 -0.000238815 0)
(0.00104272 -0.000220226 0)
(0.00107555 -0.000202958 0)
(0.00110833 -0.00018797 0)
(0.0011411 -0.000175949 0)
(0.00117407 -0.000167334 0)
(0.00120756 -0.000162275 0)
(0.00124195 -0.000160491 0)
(0.00127757 -0.000161153 0)
(0.00131461 -0.000163076 0)
(0.00135301 -0.000165015 0)
(0.00139248 -0.00016565 0)
(0.00143264 -0.000163497 0)
(0.00147297 -0.000157258 0)
(0.00151265 -0.000146261 0)
(0.00155074 -0.000129987 0)
(0.00158665 -0.000107564 0)
(0.00162032 -7.88017e-05 0)
(0.000871281 -0.000222686 0)
(0.000865578 -0.000257569 0)
(0.000870186 -0.00029171 0)
(0.00088583 -0.000324044 0)
(0.000912405 -0.000353427 0)
(0.000949176 -0.0003787 0)
(0.000995213 -0.000398555 0)
(0.00104976 -0.000411426 0)
(0.0011122 -0.000415547 0)
(0.00118182 -0.000408998 0)
(0.0012575 -0.000389835 0)
(0.00133744 -0.000356548 0)
(0.00141928 -0.00030863 0)
(0.00150037 -0.000246926 0)
(0.00157781 -0.000173024 0)
(0.0016486 -8.90859e-05 0)
(0.0017115 1.31327e-06 0)
(0.00176546 9.41014e-05 0)
(0.00180783 0.000186078 0)
(0.00183709 0.000274822 0)
(0.00185364 0.000356709 0)
(0.00185731 0.000428095 0)
(0.00184663 0.000487263 0)
(0.00182224 0.00053248 0)
(0.00178646 0.000562036 0)
(0.0017395 0.000575815 0)
(0.00168212 0.000572365 0)
(0.00161916 0.000551444 0)
(0.0015567 0.000521175 0)
(0.00150025 0.000492817 0)
(0.00145425 0.000472106 0)
(0.00141894 0.000461677 0)
(0.00139053 0.000461481 0)
(0.00136568 0.000464371 0)
(0.00134163 0.000462637 0)
(0.00131351 0.000456532 0)
(0.00127788 0.000447349 0)
(0.00123646 0.000431074 0)
(0.00119223 0.000408008 0)
(0.0011455 0.00038706 0)
(0.00109706 0.000372445 0)
(0.00105053 0.000357247 0)
(0.00100814 0.000336945 0)
(0.00096676 0.000320452 0)
(0.00092089 0.000320767 0)
(0.000868516 0.000338847 0)
(0.000812964 0.000360899 0)
(0.000759699 0.000369527 0)
(0.000712333 0.000355199 0)
(0.000671428 0.000318704 0)
(0.000635972 0.000266286 0)
(0.000605195 0.000204156 0)
(0.00057931 0.000136311 0)
(0.000559259 6.50915e-05 0)
(0.000545892 -7.57184e-06 0)
(0.000539539 -7.93445e-05 0)
(0.000540627 -0.000147742 0)
(0.000549423 -0.000210352 0)
(0.000565482 -0.000265084 0)
(0.000588026 -0.000310412 0)
(0.000615982 -0.000345543 0)
(0.000648001 -0.000370499 0)
(0.000682559 -0.0003861 0)
(0.000718143 -0.000393791 0)
(0.000753471 -0.000395347 0)
(0.000787712 -0.000392495 0)
(0.000820579 -0.000386594 0)
(0.000852298 -0.000378469 0)
(0.000883427 -0.00036845 0)
(0.000914608 -0.000356569 0)
(0.000946349 -0.000342828 0)
(0.000978917 -0.000327447 0)
(0.00101234 -0.000310992 0)
(0.0010465 -0.00029441 0)
(0.00108125 -0.000278892 0)
(0.00111656 -0.000265664 0)
(0.00115255 -0.000255725 0)
(0.00118954 -0.000249686 0)
(0.00122789 -0.000247715 0)
(0.00126789 -0.00024947 0)
(0.00130972 -0.000253954 0)
(0.00135337 -0.000259557 0)
(0.00139859 -0.00026445 0)
(0.00144483 -0.000266959 0)
(0.00149137 -0.000265497 0)
(0.00153753 -0.000258493 0)
(0.00158251 -0.000244855 0)
(0.00162552 -0.000224193 0)
(0.00166592 -0.000196184 0)
(0.00170342 -0.000160588 0)
(0.000493218 -0.000200232 0)
(0.000507754 -0.000266483 0)
(0.000532804 -0.000330598 0)
(0.000567033 -0.000389931 0)
(0.000609207 -0.000442849 0)
(0.000657806 -0.000488578 0)
(0.000711867 -0.000526722 0)
(0.000771408 -0.000556591 0)
(0.00083704 -0.000576736 0)
(0.000909425 -0.000584687 0)
(0.000988714 -0.000577334 0)
(0.00107422 -0.000551755 0)
(0.00116416 -0.000506264 0)
(0.00125589 -0.000440872 0)
(0.0013463 -0.000357413 0)
(0.00143232 -0.000259369 0)
(0.00151152 -0.000150785 0)
(0.00158265 -3.55423e-05 0)
(0.00164426 8.2344e-05 0)
(0.00169435 0.000197476 0)
(0.0017325 0.000305643 0)
(0.00175846 0.000406035 0)
(0.00177146 0.000495965 0)
(0.00177157 0.000569261 0)
(0.00175868 0.000624871 0)
(0.00173268 0.000665534 0)
(0.00169502 0.000687731 0)
(0.0016466 0.000686498 0)
(0.00158809 0.000664156 0)
(0.00152471 0.000626905 0)
(0.0014647 0.000584084 0)
(0.0014132 0.000548833 0)
(0.00137163 0.00052793 0)
(0.00133916 0.000518043 0)
(0.00131172 0.000516124 0)
(0.00128381 0.000520819 0)
(0.00125325 0.000523969 0)
(0.00122074 0.000516217 0)
(0.00118559 0.000500247 0)
(0.00114645 0.000485025 0)
(0.00110498 0.000470295 0)
(0.00106421 0.000449874 0)
(0.00102384 0.000427762 0)
(0.000980111 0.000418698 0)
(0.000930387 0.000431252 0)
(0.000876152 0.000456898 0)
(0.000821541 0.00047687 0)
(0.000770016 0.000476279 0)
(0.000722726 0.000451111 0)
(0.000679411 0.000405264 0)
(0.000639946 0.000344337 0)
(0.000604947 0.000272372 0)
(0.000575412 0.000191982 0)
(0.000552241 0.000105565 0)
(0.000536078 1.59041e-05 0)
(0.000526974 -7.37913e-05 0)
(0.00052482 -0.000160152 0)
(0.000529922 -0.000240278 0)
(0.000542575 -0.00031157 0)
(0.000562791 -0.00037185 0)
(0.000590191 -0.000419541 0)
(0.000623897 -0.000453886 0)
(0.000662516 -0.000475165 0)
(0.000704253 -0.000484775 0)
(0.000747181 -0.000485071 0)
(0.000789616 -0.000478923 0)
(0.000830476 -0.000469095 0)
(0.000869443 -0.000457655 0)
(0.000906868 -0.000445678 0)
(0.000943467 -0.000433307 0)
(0.000979957 -0.000420152 0)
(0.00101679 -0.000405812 0)
(0.00105406 -0.000390337 0)
(0.00109163 -0.000374449 0)
(0.00112932 -0.000359467 0)
(0.00116713 -0.000347004 0)
(0.00120531 -0.000338549 0)
(0.00124437 -0.000335059 0)
(0.00128492 -0.000336705 0)
(0.00132744 -0.000342788 0)
(0.0013721 -0.000351803 0)
(0.00141873 -0.000361586 0)
(0.00146685 -0.000369664 0)
(0.00151572 -0.000373743 0)
(0.00156438 -0.000371903 0)
(0.00161185 -0.000362564 0)
(0.00165725 -0.000344634 0)
(0.00169976 -0.000317884 0)
(0.00173877 -0.00028265 0)
(0.00177399 -0.000239175 0)
(0.000278537 -0.000260056 0)
(0.000328699 -0.000354886 0)
(0.000381969 -0.000438555 0)
(0.000437145 -0.000509868 0)
(0.000491774 -0.000569703 0)
(0.000543983 -0.000620088 0)
(0.000593314 -0.000663289 0)
(0.000641133 -0.000700641 0)
(0.000690197 -0.000731658 0)
(0.000744014 -0.00075334 0)
(0.000805575 -0.000760655 0)
(0.000876409 -0.000747878 0)
(0.000955906 -0.000710566 0)
(0.00104175 -0.000646905 0)
(0.00113041 -0.00055852 0)
(0.00121813 -0.000449758 0)
(0.00130171 -0.00032599 0)
(0.00137868 -0.000192091 0)
(0.00144799 -5.31775e-05 0)
(0.0015089 8.50231e-05 0)
(0.00155971 0.00021817 0)
(0.00159975 0.000343301 0)
(0.00162956 0.000457067 0)
(0.00164864 0.000556919 0)
(0.00165556 0.000641898 0)
(0.00165065 0.000708761 0)
(0.00163493 0.000753982 0)
(0.00160692 0.000778653 0)
(0.00156593 0.000781672 0)
(0.00151563 0.000757913 0)
(0.00146089 0.000712641 0)
(0.0014061 0.000662926 0)
(0.00135657 0.00062168 0)
(0.00131577 0.00059382 0)
(0.00128278 0.000581974 0)
(0.0012552 0.000582438 0)
(0.00123153 0.000583365 0)
(0.00120902 0.000577496 0)
(0.00118326 0.000569152 0)
(0.00115218 0.000562166 0)
(0.00111775 0.00055119 0)
(0.00108194 0.000532871 0)
(0.00104347 0.000517363 0)
(0.000999927 0.000519659 0)
(0.000951231 0.000542316 0)
(0.000900026 0.000571548 0)
(0.000849433 0.000588578 0)
(0.000801168 0.000581867 0)
(0.000755674 0.000549889 0)
(0.000713201 0.000496551 0)
(0.000674304 0.00042646 0)
(0.000639617 0.000343333 0)
(0.000609597 0.000250336 0)
(0.000584518 0.000150611 0)
(0.000564607 4.72852e-05 0)
(0.000550268 -5.66628e-05 0)
(0.000541884 -0.000158186 0)
(0.000540015 -0.000254515 0)
(0.00054557 -0.000342883 0)
(0.000559216 -0.000420502 0)
(0.000581218 -0.000484765 0)
(0.000611288 -0.000533618 0)
(0.000648484 -0.000566027 0)
(0.000691191 -0.000582404 0)
(0.00073724 -0.000584855 0)
(0.000784257 -0.000576987 0)
(0.000830221 -0.00056315 0)
(0.000873969 -0.000547306 0)
(0.000915385 -0.000532028 0)
(0.000955142 -0.000518093 0)
(0.000994172 -0.000504843 0)
(0.00103316 -0.000491076 0)
(0.00107234 -0.000476057 0)
(0.00111155 -0.000460158 0)
(0.00115061 -0.000444915 0)
(0.00118957 -0.000432558 0)
(0.00122886 -0.000425261 0)
(0.00126918 -0.000424406 0)
(0.00131129 -0.000430094 0)
(0.00135567 -0.000441023 0)
(0.00140232 -0.000454756 0)
(0.00145074 -0.000468231 0)
(0.00150007 -0.00047831 0)
(0.00154929 -0.000482231 0)
(0.00159727 -0.000477867 0)
(0.00164296 -0.000463793 0)
(0.00168554 -0.00043939 0)
(0.00172449 -0.000404903 0)
(0.00175954 -0.000361083 0)
(0.00179053 -0.000308621 0)
(0.000265013 -0.000400021 0)
(0.00034203 -0.000500725 0)
(0.000415803 -0.000580611 0)
(0.000485599 -0.000641416 0)
(0.000548765 -0.000686569 0)
(0.000602442 -0.000720958 0)
(0.000644679 -0.000750605 0)
(0.000675559 -0.000781188 0)
(0.000698228 -0.000815369 0)
(0.000718792 -0.000850434 0)
(0.000744269 -0.000878576 0)
(0.000780266 -0.000889246 0)
(0.000829274 -0.000872856 0)
(0.000890476 -0.000823818 0)
(0.000960625 -0.00074189 0)
(0.0010355 -0.000631397 0)
(0.0011109 -0.000499289 0)
(0.00118357 -0.000352825 0)
(0.00125129 -0.0001984 0)
(0.00131313 -4.20887e-05 0)
(0.00136839 0.000110546 0)
(0.00141613 0.000255485 0)
(0.00145568 0.000390097 0)
(0.0014862 0.000512414 0)
(0.0015074 0.000619369 0)
(0.00151972 0.000708156 0)
(0.00152221 0.000779447 0)
(0.00151339 0.000832451 0)
(0.00149381 0.000858889 0)
(0.00146423 0.000852858 0)
(0.00142476 0.000821328 0)
(0.00137933 0.000775924 0)
(0.00133549 0.000725211 0)
(0.00129814 0.000679432 0)
(0.00126788 0.00064861 0)
(0.00124408 0.000632797 0)
(0.001225 0.000624557 0)
(0.0012064 0.000620835 0)
(0.00118402 0.000622885 0)
(0.00115734 0.000626117 0)
(0.00112843 0.000621489 0)
(0.00109783 0.000609268 0)
(0.00106371 0.000602978 0)
(0.00102476 0.000615579 0)
(0.000982002 0.000645246 0)
(0.000937876 0.000676318 0)
(0.000894363 0.000691262 0)
(0.000852439 0.000680418 0)
(0.000812576 0.000643004 0)
(0.000775192 0.000582964 0)
(0.000740646 0.000505159 0)
(0.000709145 0.00041379 0)
(0.000680814 0.000312289 0)
(0.000655766 0.00020364 0)
(0.000634234 9.06081e-05 0)
(0.000616919 -2.42979e-05 0)
(0.00060455 -0.000138618 0)
(0.000597768 -0.000250001 0)
(0.00059768 -0.000355648 0)
(0.000605271 -0.000452185 0)
(0.000621204 -0.000535938 0)
(0.000645641 -0.000603446 0)
(0.000678162 -0.000652048 0)
(0.000717696 -0.000680477 0)
(0.00076245 -0.000689534 0)
(0.000809966 -0.000682553 0)
(0.000857596 -0.000665082 0)
(0.00090326 -0.000643439 0)
(0.000946084 -0.000622702 0)
(0.000986384 -0.000605239 0)
(0.00102513 -0.000590602 0)
(0.00106317 -0.000576773 0)
(0.00110089 -0.000561982 0)
(0.00113823 -0.000546089 0)
(0.00117512 -0.000530887 0)
(0.00121182 -0.000519352 0)
(0.00124903 -0.000514366 0)
(0.00128764 -0.000517509 0)
(0.00132838 -0.000528369 0)
(0.00137145 -0.000544583 0)
(0.0014164 -0.000562478 0)
(0.00146226 -0.000578003 0)
(0.00150777 -0.000587525 0)
(0.00155166 -0.000588229 0)
(0.00159295 -0.000578242 0)
(0.00163091 -0.000556672 0)
(0.00166518 -0.000523656 0)
(0.00169566 -0.000480135 0)
(0.00172243 -0.000427252 0)
(0.00174564 -0.000365958 0)
(0.000337353 -0.000575016 0)
(0.000418742 -0.000673931 0)
(0.000496619 -0.000745451 0)
(0.00057 -0.000790687 0)
(0.000637436 -0.000813056 0)
(0.000697102 -0.000817532 0)
(0.000745775 -0.000811854 0)
(0.000778711 -0.000808102 0)
(0.000792993 -0.000819008 0)
(0.000791641 -0.000849801 0)
(0.000783602 -0.000893443 0)
(0.00077976 -0.000933263 0)
(0.000788351 -0.000950496 0)
(0.000812769 -0.000931502 0)
(0.000851896 -0.000871328 0)
(0.000901921 -0.000772986 0)
(0.000958333 -0.000644192 0)
(0.00101706 -0.000494277 0)
(0.00107519 -0.000332343 0)
(0.0011308 -0.00016621 0)
(0.00118302 -1.9186e-06 0)
(0.00123099 0.00015683 0)
(0.00127379 0.000307408 0)
(0.00131091 0.00044626 0)
(0.00134181 0.00056969 0)
(0.00136534 0.000676515 0)
(0.0013804 0.0007672 0)
(0.001387 0.000839105 0)
(0.00138494 0.000886749 0)
(0.00137227 0.000906768 0)
(0.001349 0.000897559 0)
(0.00131979 0.000859315 0)
(0.00128959 0.000801832 0)
(0.00126024 0.00074464 0)
(0.00123298 0.000702668 0)
(0.00120978 0.000677754 0)
(0.00119067 0.000666258 0)
(0.00117301 0.000666606 0)
(0.00115465 0.000675189 0)
(0.00113593 0.000682306 0)
(0.00111746 0.000680055 0)
(0.00109775 0.000672908 0)
(0.00107436 0.000674956 0)
(0.00104641 0.000695645 0)
(0.00101518 0.000730009 0)
(0.000982602 0.00076202 0)
(0.000950031 0.000775436 0)
(0.000918088 0.000761613 0)
(0.000887119 0.000720195 0)
(0.000857338 0.000655473 0)
(0.000828932 0.000572663 0)
(0.000802074 0.000476013 0)
(0.000776993 0.00036873 0)
(0.000753955 0.000253625 0)
(0.000733191 0.000133313 0)
(0.000715337 1.00368e-05 0)
(0.000700886 -0.000114544 0)
(0.000690358 -0.00023849 0)
(0.00068511 -0.000359205 0)
(0.000686506 -0.000472969 0)
(0.000695608 -0.000575229 0)
(0.000712941 -0.000661362 0)
(0.000738382 -0.000727461 0)
(0.000771244 -0.000770828 0)
(0.000810303 -0.000790544 0)
(0.000853636 -0.000788478 0)
(0.000898666 -0.000770045 0)
(0.000942832 -0.000743297 0)
(0.000984561 -0.000716143 0)
(0.00102366 -0.000693331 0)
(0.00106084 -0.000675234 0)
(0.00109686 -0.000659218 0)
(0.00113191 -0.000642488 0)
(0.0011658 -0.000624509 0)
(0.00119851 -0.000607613 0)
(0.00123055 -0.000595783 0)
(0.00126295 -0.000592599 0)
(0.00129681 -0.000599479 0)
(0.00133269 -0.00061495 0)
(0.00137036 -0.000635114 0)
(0.00140887 -0.0006549 0)
(0.00144688 -0.000669454 0)
(0.00148306 -0.000675106 0)
(0.00151642 -0.000669636 0)
(0.00154646 -0.000652058 0)
(0.0015731 -0.000622342 0)
(0.00159652 -0.000581224 0)
(0.00161694 -0.000529943 0)
(0.00163461 -0.000469798 0)
(0.00164977 -0.000401895 0)
(0.000439188 -0.000759735 0)
(0.000502594 -0.000854993 0)
(0.000562312 -0.000920559 0)
(0.000618299 -0.000956698 0)
(0.000669354 -0.000967273 0)
(0.000716214 -0.000955678 0)
(0.000761214 -0.000923235 0)
(0.000802561 -0.000876743 0)
(0.000831841 -0.00083532 0)
(0.00084076 -0.00082201 0)
(0.000829494 -0.000846012 0)
(0.000807469 -0.00089457 0)
(0.000787406 -0.000940798 0)
(0.000779078 -0.000958172 0)
(0.000786507 -0.000931177 0)
(0.000808638 -0.000857587 0)
(0.000841978 -0.000744357 0)
(0.000882483 -0.000602327 0)
(0.000926809 -0.000442407 0)
(0.00097237 -0.000273993 0)
(0.00101736 -0.0001043 0)
(0.00106073 6.14203e-05 0)
(0.00110179 0.000219636 0)
(0.00113983 0.000367865 0)
(0.00117393 0.000504224 0)
(0.00120309 0.000627003 0)
(0.00122683 0.000733842 0)
(0.00124462 0.0008219 0)
(0.00125474 0.000888077 0)
(0.00125568 0.000926886 0)
(0.00124852 0.000931255 0)
(0.00123523 0.000901719 0)
(0.00121633 0.000852236 0)
(0.00119315 0.000800694 0)
(0.00117001 0.000756944 0)
(0.00115121 0.000723887 0)
(0.00113754 0.000704226 0)
(0.00112719 0.000699451 0)
(0.00111881 0.000704227 0)
(0.00111216 0.000708199 0)
(0.00110631 0.000706219 0)
(0.00109897 0.000704734 0)
(0.00108808 0.000715768 0)
(0.00107332 0.000744799 0)
(0.00105583 0.000784549 0)
(0.00103684 0.000819169 0)
(0.00101707 0.000833526 0)
(0.000996681 0.000819708 0)
(0.00097577 0.00077768 0)
(0.000954501 0.000711872 0)
(0.000933236 0.000627449 0)
(0.000912349 0.00052847 0)
(0.000892246 0.000418191 0)
(0.000873139 0.000299593 0)
(0.000855203 0.000175335 0)
(0.000838649 4.72827e-05 0)
(0.000824244 -8.36207e-05 0)
(0.0008128 -0.00021627 0)
(0.000804915 -0.000348684 0)
(0.000801652 -0.000477168 0)
(0.000804291 -0.000596317 0)
(0.000813933 -0.000699978 0)
(0.00083095 -0.000782728 0)
(0.000854878 -0.000840809 0)
(0.000884739 -0.00087225 0)
(0.000919157 -0.000877463 0)
(0.000956103 -0.000860832 0)
(0.000993127 -0.000831195 0)
(0.00102834 -0.000799023 0)
(0.00106121 -0.000771666 0)
(0.00109228 -0.00075046 0)
(0.00112213 -0.000732031 0)
(0.00115075 -0.000712547 0)
(0.00117774 -0.000691467 0)
(0.00120311 -0.00067229 0)
(0.00122765 -0.000660367 0)
(0.00125262 -0.000659703 0)
(0.00127902 -0.000670733 0)
(0.001307 -0.000690072 0)
(0.00133566 -0.00071194 0)
(0.00136361 -0.00073024 0)
(0.00138944 -0.000740181 0)
(0.00141226 -0.000738971 0)
(0.0014318 -0.000725663 0)
(0.00144828 -0.000700467 0)
(0.00146231 -0.000664073 0)
(0.00147453 -0.000617351 0)
(0.00148544 -0.000561331 0)
(0.00149531 -0.000497168 0)
(0.00150416 -0.000425808 0)
(0.000652951 -0.000859563 0)
(0.0006935 -0.000947548 0)
(0.000727244 -0.00100478 0)
(0.000754558 -0.00102994 0)
(0.000773416 -0.00103105 0)
(0.000781908 -0.00102072 0)
(0.000785735 -0.00100014 0)
(0.00079535 -0.000959147 0)
(0.000812914 -0.000898217 0)
(0.000828031 -0.000841106 0)
(0.000828116 -0.000818071 0)
(0.000810009 -0.000839232 0)
(0.000781427 -0.000886466 0)
(0.000754479 -0.000926911 0)
(0.000738534 -0.000932221 0)
(0.000737229 -0.000889405 0)
(0.000749539 -0.000800182 0)
(0.000772275 -0.000674501 0)
(0.000802153 -0.000524306 0)
(0.000836386 -0.00036045 0)
(0.00087281 -0.000191606 0)
(0.000909951 -2.41157e-05 0)
(0.000947102 0.000137715 0)
(0.000983595 0.000291005 0)
(0.0010186 0.000433418 0)
(0.0010515 0.000562922 0)
(0.00108139 0.00067862 0)
(0.0011067 0.000780111 0)
(0.001126 0.000863754 0)
(0.00113933 0.000920544 2.6762e-38)
(0.00114729 0.000942257 0)
(0.00114926 0.00093047 0)
(0.0011448 0.000895617 0)
(0.00113635 0.000848422 0)
(0.00112815 0.000797208 0)
(0.00112254 0.0007515 0)
(0.00111917 0.000721142 0)
(0.00111718 0.000709292 0)
(0.00111672 0.000709104 0)
(0.00111798 0.000710243 0)
(0.00111991 0.000709195 0)
(0.00112052 0.000712555 0)
(0.0011185 0.000730129 0)
(0.00111399 0.000764972 0)
(0.00110788 0.00080906 0)
(0.00110082 0.000847192 0)
(0.00109277 0.000864911 0)
(0.00108336 0.000854362 0)
(0.00107241 0.000815126 0)
(0.0010601 0.000751203 0)
(0.00104682 0.000667493 0)
(0.00103299 0.000568214 0)
(0.00101895 0.000456939 0)
(0.00100483 0.000336812 0)
(0.000991054 0.000210445 0)
(0.000978264 7.94817e-05 0)
(0.00096719 -5.5139e-05 -3.76522e-38)
(0.0009581 -0.00019252 0)
(0.000950811 -0.000331223 0)
(0.000945409 -0.000468733 0)
(0.000942742 -0.000600471 0)
(0.000944469 -0.000719456 0)
(0.000952079 -0.00081795 2.5128e-38)
(0.000965872 -0.000890079 0)
(0.000985069 -0.000932861 0)
(0.00100852 -0.000945841 -1.25031e-38)
(0.00103472 -0.000932227 0)
(0.00106162 -0.000900793 -5.83943e-39)
(0.00108725 -0.000864083 0)
(0.00111077 -0.000832224 0)
(0.00113255 -0.000807734 1.02317e-40)
(0.00115305 -0.000786401 0)
(0.00117211 -0.00076325 0)
(0.00118924 -0.000738005 0)
(0.00120453 -0.000715753 0)
(0.00121897 -0.00070327 0)
(0.00123386 -0.000704469 -1.18875e-39)
(0.00124986 -0.000718072 0)
(0.0012665 -0.000738409 0)
(0.00128244 -0.000758208 0)
(0.00129623 -0.000771353 0)
(0.00130692 -0.000774249 0)
(0.00131441 -0.000765704 0)
(0.00131923 -0.000746023 0)
(0.0013222 -0.000716089 0)
(0.00132412 -0.000676765 0)
(0.00132563 -0.000628636 0)
(0.0013271 -0.00057205 2.76581e-38)
(0.00132866 -0.000507338 0)
(0.00133025 -0.000434994 0)
(0.000895639 -0.000922907 0)
(0.000919017 -0.000992458 0)
(0.000932665 -0.00103225 0)
(0.000937815 -0.00103756 0)
(0.000937209 -0.00100807 0)
(0.000926538 -0.000966137 0)
(0.00090004 -0.000939866 0)
(0.000865945 -0.000926484 0)
(0.00084085 -0.000899588 0)
(0.000830177 -0.00085067 0)
(0.000823334 -0.000804272 0)
(0.000806521 -0.000791301 0)
(0.000775638 -0.000818073 0)
(0.000737719 -0.000862005 0)
(0.000703912 -0.000889624 0)
(0.000682215 -0.000876522 0)
(0.00067506 -0.000815401 0)
(0.000680928 -0.000712173 0)
(0.000696922 -0.00057821 0)
(0.000720191 -0.000425136 0)
(0.000748314 -0.000262697 0)
(0.000779243 -9.84051e-05 0)
(0.000811591 6.2317e-05 0)
(0.000844827 0.000215594 0)
(0.000878343 0.000359374 0)
(0.000911207 0.000492918 0)
(0.000942462 0.000616043 0)
(0.000971476 0.000726639 0)
(0.000998411 0.000818169 0)
(0.00102353 0.000881692 -2.6762e-38)
(0.00104578 0.000912211 0)
(0.00106325 0.000911846 0)
(0.0010755 0.000886604 0)
(0.00108412 0.000843704 0)
(0.00109062 0.000793392 0)
(0.00109518 0.000748907 0)
(0.00109794 0.00072036 0)
(0.00110036 0.000708455 0)
(0.00110462 0.000705623 0)
(0.00111166 0.000704083 0)
(0.00112055 0.000703226 0)
(0.00112948 0.000709715 0)
(0.00113739 0.000731046 0)
(0.00114438 0.000768332 0)
(0.00115102 0.000813648 0)
(0.00115739 0.000853193 0)
(0.00116293 0.000873496 0)
(0.00116676 0.000866536 0)
(0.00116828 0.00083103 0)
(0.00116726 0.000770277 0)
(0.00116387 0.00068905 0)
(0.00115855 0.000591715 0)
(0.00115168 0.000481795 0)
(0.00114377 0.000362081 0)
(0.00113539 0.000234593 0)
(0.00112679 0.000100811 0)
(0.0011185 -3.76516e-05 3.76522e-38)
(0.00111116 -0.000178409 0)
(0.00110465 -0.000319012 0)
(0.00109868 -0.000457873 0)
(0.00109337 -0.000593178 0)
(0.00108984 -0.000720041 0)
(0.00108988 -0.000829661 -2.5128e-38)
(0.00109447 -0.000913043 0)
(0.00110313 -0.000965114 0)
(0.00111476 -0.00098481 1.25031e-38)
(0.00112844 -0.000974544 0)
(0.00114283 -0.000942415 5.83943e-39)
(0.00115624 -0.000902169 0)
(0.00116757 -0.000866438 0)
(0.0011769 -0.000838989 -1.02317e-40)
(0.0011846 -0.000814733 0)
(0.00119054 -0.000787607 0)
(0.00119436 -0.000757961 0)
(0.00119642 -0.000732808 0)
(0.00119785 -0.000720126 0)
(0.00119975 -0.000722969 1.18875e-39)
(0.00120223 -0.000737721 0)
(0.00120431 -0.000756621 0)
(0.00120458 -0.000771846 0)
(0.00120209 -0.00077836 0)
(0.00119671 -0.000774452 0)
(0.0011891 -0.000760582 0)
(0.00118023 -0.000737802 0)
(0.00117104 -0.000706802 0)
(0.00116216 -0.000667716 0)
(0.00115391 -0.000620426 0)
(0.00114643 -0.000564866 -2.76581e-38)
(0.00113979 -0.000501158 0)
(0.00107799 -0.000983928 0)
(0.00107664 -0.00103372 0)
(0.00106508 -0.00105041 0)
(0.00104112 -0.00104413 0)
(0.00101181 -0.00100975 0)
(0.000987961 -0.000941717 0)
(0.000964598 -0.000869074 0)
(0.000930223 -0.00082909 0)
(0.000888738 -0.00081752 0)
(0.00085468 -0.00080064 0)
(0.00083276 -0.000765821 0)
(0.000812521 -0.000735778 0)
(0.000781462 -0.000737173 0)
(0.000737682 -0.000770262 0)
(0.000689944 -0.00080911 0)
(0.000649374 -0.000822488 0)
(0.000622608 -0.000792164 0)
(0.000610756 -0.000716741 0)
(0.000611784 -0.000605038 0)
(0.000622955 -0.000468569 0)
(0.000641837 -0.000317676 0)
(0.000666257 -0.000160618 0)
(0.000693954 -3.6764e-06 0)
(0.000723626 0.000148568 0)
(0.000754517 0.00029302 0)
(0.000785677 0.000427964 0)
(0.000816817 0.000551715 0)
(0.000848213 0.000661069 0)
(0.000880099 0.000750893 0)
(0.000911795 0.000816068 0)
(0.000941707 0.00085384 0)
(0.000968619 0.000864082 0)
(0.000992506 0.000849063 0)
(0.0010136 0.000815137 0)
(0.00103139 0.000773563 0)
(0.00104547 0.000736609 0)
(0.00105691 0.000711212 0)
(0.00106824 0.000696326 0)
(0.00108177 0.000686474 0)
(0.00109813 0.00067816 0)
(0.00111637 0.00067365 0)
(0.00113515 0.000679416 0)
(0.00115395 0.000701035 0)
(0.00117304 0.00073832 0)
(0.00119285 0.000783699 0)
(0.00121309 0.000824601 0)
(0.00123273 0.000848455 0)
(0.00125032 0.00084718 0)
(0.0012647 0.000818724 0)
(0.00127531 0.000765323 0)
(0.00128237 0.000690733 0)
(0.00128644 0.000598589 0)
(0.00128804 0.000492283 0)
(0.00128764 0.000375113 0)
(0.00128555 0.000249767 0)
(0.00128205 0.000118105 0)
(0.0012777 -1.84604e-05 0)
(0.00127295 -0.000158356 0)
(0.00126775 -0.000299155 0)
(0.00126213 -0.000438606 0)
(0.0012562 -0.000575479 0)
(0.00125023 -0.000706855 0)
(0.00124523 -0.000824278 0)
(0.00124221 -0.000916042 0)
(0.00124088 -0.000974398 0)
(0.00124025 -0.000998042 0)
(0.00123992 -0.000989596 0)
(0.00123986 -0.000956302 0)
(0.00123932 -0.00091194 0)
(0.00123726 -0.000871114 0)
(0.00123319 -0.000839261 0)
(0.00122699 -0.000811028 0)
(0.00121842 -0.000779632 0)
(0.00120733 -0.000746162 0)
(0.00119438 -0.000719221 0)
(0.0011808 -0.000707088 0)
(0.00116744 -0.000711043 0)
(0.00115398 -0.000725025 0)
(0.00113934 -0.000740131 0)
(0.00112245 -0.00074936 0)
(0.00110299 -0.000749609 0)
(0.00108143 -0.000740876 0)
(0.00105871 -0.000724354 0)
(0.00103577 -0.000700954 0)
(0.00101337 -0.000670797 0)
(0.000992022 -0.00063349 0)
(0.000972128 -0.000588594 0)
(0.000954021 -0.00053593 0)
(0.000937987 -0.000475636 0)
(0.00128443 -0.000948635 0)
(0.00125538 -0.000969603 0)
(0.00121678 -0.000954245 0)
(0.00116991 -0.000915946 0)
(0.00110965 -0.000885178 0)
(0.00104706 -0.000857076 0)
(0.000998473 -0.000810744 0)
(0.000960818 -0.00076018 0)
(0.0009215 -0.0007339 0)
(0.000880459 -0.000727432 0)
(0.000847479 -0.000712286 0)
(0.000823711 -0.000680786 0)
(0.000797106 -0.000656898 0)
(0.000756267 -0.000663976 0)
(0.000702309 -0.000696931 0)
(0.000646435 -0.000727432 0)
(0.000600169 -0.000727237 0)
(0.000569178 -0.000683906 0)
(0.000553553 -0.000600444 0)
(0.000550825 -0.000486975 0)
(0.000558341 -0.000354142 0)
(0.000573851 -0.000210654 0)
(0.000595361 -6.31846e-05 0)
(0.000621157 8.33398e-05 0)
(0.000650073 0.000224873 0)
(0.000681078 0.000358582 0)
(0.000713457 0.000481675 0)
(0.00074706 0.000590669 0)
(0.000781811 0.00068125 0)
(0.000817432 0.000748941 0)
(0.00085359 0.000790124 0)
(0.000890003 0.000803402 0)
(0.000925908 0.000791562 0)
(0.000959609 0.000762719 0)
(0.000989221 0.000728161 0)
(0.0010142 0.000697371 0)
(0.00103602 0.000674129 0)
(0.00105716 0.000656789 0)
(0.00107953 0.000642197 0)
(0.00110357 0.000629868 0)
(0.00112866 0.000623348 0)
(0.00115418 0.000628255 0)
(0.00118021 0.000648646 0)
(0.0012074 0.000683865 0)
(0.00123626 0.000727446 0)
(0.00126653 0.000768719 0)
(0.00129693 0.000796414 0)
(0.00132569 0.000802296 0)
(0.00135122 0.000782802 0)
(0.00137273 0.000738325 0)
(0.00139021 0.000671533 0)
(0.00140405 0.000586064 0)
(0.00141465 0.000485645 0)
(0.00142229 0.000373299 0)
(0.00142717 0.000251317 0)
(0.00142971 0.000122031 0)
(0.00143019 -1.20977e-05 0)
(0.00142852 -0.000149176 0)
(0.00142474 -0.000287554 0)
(0.00141923 -0.000425183 0)
(0.00141249 -0.000560439 0)
(0.00140449 -0.000691104 0)
(0.00139522 -0.000809671 0)
(0.00138505 -0.000903043 0)
(0.00137379 -0.000961167 0)
(0.00136059 -0.00098312 0)
(0.00134531 -0.000973558 0)
(0.00132904 -0.000939843 0)
(0.00131281 -0.000894248 0)
(0.00129676 -0.000850703 0)
(0.00128038 -0.000814787 0)
(0.00126277 -0.000781031 0)
(0.0012427 -0.000742967 0)
(0.00121949 -0.000703325 0)
(0.00119367 -0.000672522 0)
(0.00116651 -0.000658906 0)
(0.00113882 -0.000661933 0)
(0.00111035 -0.000673582 0)
(0.00108026 -0.000684466 0)
(0.00104789 -0.000688672 0)
(0.00101327 -0.000684665 0)
(0.000977059 -0.00067346 0)
(0.000940197 -0.000656415 0)
(0.000903586 -0.000634068 0)
(0.000867944 -0.000606142 0)
(0.00083382 -0.000572044 0)
(0.000801682 -0.000531293 0)
(0.000771949 -0.000483681 0)
(0.000745014 -0.000429245 0)
(0.00140883 -0.000895456 0)
(0.00135555 -0.000888848 0)
(0.00129038 -0.000869299 0)
(0.0012273 -0.000817264 0)
(0.00117022 -0.000746638 0)
(0.00111131 -0.000700032 0)
(0.00105432 -0.000680192 0)
(0.00100833 -0.000660572 0)
(0.000969225 -0.000640917 0)
(0.000927134 -0.000637468 0)
(0.000883833 -0.000641294 0)
(0.000848939 -0.0006267 0)
(0.000822239 -0.000592221 0)
(0.000790502 -0.000566249 0)
(0.000742467 -0.000571569 0)
(0.000680594 -0.00059967 0)
(0.000617583 -0.000621081 0)
(0.00056567 -0.000610516 0)
(0.000530399 -0.000559684 0)
(0.000511354 -0.000473915 0)
(0.000505657 -0.000363505 0)
(0.000510442 -0.000238173 0)
(0.000523521 -0.000105332 0)
(0.000542856 2.96518e-05 0)
(0.000567597 0.00016258 0)
(0.000597328 0.0002896 0)
(0.000631197 0.000406964 0)
(0.00066878 0.000510468 0)
(0.000709804 0.00059548 0)
(0.000753876 0.000657651 0)
(0.000800145 0.000694299 0)
(0.000846919 0.000706127 0)
(0.000891555 0.00069827 0)
(0.000931281 0.000679161 0)
(0.0009646 0.000657184 0)
(0.000992218 0.000637262 0)
(0.00101659 0.00061997 0)
(0.0010405 0.000603581 0)
(0.00106577 0.00058722 0)
(0.00109293 0.000572817 0)
(0.00112176 0.000564788 0)
(0.00115203 0.000568043 0)
(0.00118398 0.000585513 0)
(0.00121815 0.000616301 0)
(0.00125496 0.000655106 0)
(0.00129409 0.000693295 0)
(0.00133436 0.000721373 0)
(0.00137404 0.000731642 0)
(0.00141141 0.000719686 0)
(0.00144524 0.000684256 0)
(0.0014748 0.000626455 0)
(0.00150002 0.000549083 0)
(0.00152112 0.000455962 0)
(0.00153828 0.000350724 0)
(0.00155139 0.000235905 0)
(0.00156021 0.000113553 0)
(0.00156505 -1.37194e-05 0)
(0.00156635 -0.00014369 0)
(0.0015644 -0.00027569 0)
(0.00155973 -0.00040863 0)
(0.0015531 -0.000540085 0)
(0.00154431 -0.000666664 0)
(0.00153218 -0.000780951 0)
(0.00151581 -0.000869608 0)
(0.00149493 -0.000921245 0)
(0.00146955 -0.000935274 0)
(0.00144032 -0.000919262 0)
(0.00140884 -0.000882973 0)
(0.00137691 -0.000838462 0)
(0.0013455 -0.000797599 0)
(0.00131457 -0.000763175 0)
(0.00128311 -0.000727374 0)
(0.00124971 -0.0006837 0)
(0.00121366 -0.000637532 0)
(0.0011757 -0.000602144 0)
(0.00113721 -0.000586351 0)
(0.00109888 -0.000587832 0)
(0.00106021 -0.000596739 0)
(0.00102025 -0.000603364 0)
(0.000978345 -0.000602761 0)
(0.000934468 -0.000594669 0)
(0.000889093 -0.00058099 0)
(0.000842968 -0.000563385 0)
(0.000796938 -0.000542269 0)
(0.00075181 -0.000517044 0)
(0.000708268 -0.000486819 0)
(0.000666881 -0.000450935 0)
(0.00062813 -0.000409092 0)
(0.000592448 -0.000361278 0)
(0.00143583 -0.000754425 0)
(0.00135951 -0.000717217 0)
(0.00128245 -0.000679325 0)
(0.00120754 -0.000660753 0)
(0.0011476 -0.000641517 0)
(0.00110404 -0.000614551 0)
(0.00106638 -0.000595773 0)
(0.0010312 -0.000583175 0)
(0.00100146 -0.000563662 0)
(0.000972174 -0.000545989 0)
(0.000934279 -0.000545368 0)
(0.000890392 -0.000549627 0)
(0.000852491 -0.000532802 0)
(0.000823673 -0.000494324 0)
(0.000791986 -0.000462274 0)
(0.000743934 -0.000459641 0)
(0.000679413 -0.000479496 0)
(0.000611431 -0.000494388 0)
(0.000554393 -0.000480732 0)
(0.000515485 -0.000430872 0)
(0.000494592 -0.000349668 0)
(0.000488286 -0.000246848 0)
(0.000493137 -0.000131888 0)
(0.000506516 -1.2059e-05 0)
(0.000526591 0.000107548 0)
(0.000552689 0.000222189 0)
(0.000584692 0.000327604 0)
(0.000622314 0.000419667 0)
(0.000664909 0.000494583 0)
(0.000711204 0.000549685 0)
(0.000759094 0.000584512 0)
(0.000805794 0.000601486 0)
(0.000848533 0.000605396 0)
(0.000885615 0.000601508 0)
(0.000917161 0.000593417 0)
(0.000944944 0.000582177 0)
(0.000971455 0.000567257 0)
(0.000998771 0.000548495 0)
(0.00102802 0.000527632 0)
(0.00105949 0.000508533 0)
(0.00109312 0.000496146 0)
(0.00112894 0.000494859 0)
(0.00116729 0.000506922 0)
(0.00120865 0.000531396 0)
(0.00125329 0.000563939 0)
(0.0013009 0.000597533 0)
(0.00135039 0.000624141 0)
(0.00140011 0.000636635 0)
(0.00144834 0.000630277 0)
(0.00149354 0.000603129 0)
(0.00153449 0.000555357 0)
(0.00157031 0.000488529 0)
(0.00160056 0.000405606 0)
(0.00162525 0.000310527 0)
(0.00164437 0.000206319 0)
(0.00165799 9.43588e-05 0)
(0.00166691 -2.35555e-05 0)
(0.00167188 -0.000145288 0)
(0.00167333 -0.000270219 0)
(0.00167171 -0.0003976 0)
(0.00166726 -0.000523947 0)
(0.00165925 -0.00064337 0)
(0.00164558 -0.000747166 0)
(0.00162408 -0.000823037 0)
(0.00159401 -0.000861657 0)
(0.00155662 -0.000864485 0)
(0.00151465 -0.000840581 0)
(0.00147116 -0.000799901 0)
(0.00142804 -0.000753574 0)
(0.00138535 -0.000712164 0)
(0.00134211 -0.000676814 0)
(0.00129724 -0.000638351 0)
(0.00125026 -0.000590805 0)
(0.00120168 -0.000541933 0)
(0.00115297 -0.000506701 0)
(0.0011055 -0.000492934 0)
(0.00105963 -0.000495755 0)
(0.00101457 -0.00050368 0)
(0.000969307 -0.000507255 0)
(0.000923188 -0.00050281 0)
(0.0008761 -0.000491262 0)
(0.000828228 -0.000475222 0)
(0.000779899 -0.000456757 0)
(0.00073157 -0.000436491 0)
(0.000683852 -0.000413843 0)
(0.000637446 -0.000387755 0)
(0.000593043 -0.000357309 0)
(0.000551268 -0.000322003 0)
(0.000512685 -0.000281715 0)
(0.00138842 -0.000580503 0)
(0.0013226 -0.000564535 0)
(0.00127059 -0.000542186 0)
(0.00122693 -0.000522207 0)
(0.00118545 -0.000516954 0)
(0.00114875 -0.000517829 0)
(0.00111656 -0.000516399 0)
(0.00108269 -0.000515484 0)
(0.00104759 -0.00051015 0)
(0.00101727 -0.000490413 0)
(0.000988787 -0.000464184 0)
(0.000951644 -0.00045057 0)
(0.000905331 -0.00044899 0)
(0.000862591 -0.00043693 0)
(0.000831742 -0.00040149 0)
(0.000804083 -0.000358705 0)
(0.000762643 -0.00033629 0)
(0.000701296 -0.000341413 0)
(0.00063118 -0.000353613 0)
(0.000569375 -0.000346558 0)
(0.000526743 -0.000307194 0)
(0.0005053 -0.000237491 0)
(0.000501887 -0.000147005 0)
(0.000512367 -4.60946e-05 0)
(0.000532757 5.71913e-05 0)
(0.000560246 0.000157144 0)
(0.000593632 0.000249507 0)
(0.000631978 0.000330642 0)
(0.000674148 0.000397812 0)
(0.000718564 0.000449665 0)
(0.000763248 0.000486573 0)
(0.000806264 0.000510454 0)
(0.000846361 0.000523876 0)
(0.000883374 0.000528897 0)
(0.000918179 0.000526384 0)
(0.00095212 0.000516327 0)
(0.000986296 0.000498889 0)
(0.00102115 0.000475513 0)
(0.00105652 0.000449383 0)
(0.00109201 0.000425028 0)
(0.00112751 0.000407299 0)
(0.00116341 0.000400105 0)
(0.00120053 0.000405369 0)
(0.00123988 0.000422364 0)
(0.00128225 0.000447689 0)
(0.00132788 0.000475831 0)
(0.00137622 0.000500199 0)
(0.00142592 0.000514368 0)
(0.00147529 0.00051345 0)
(0.00152264 0.000495023 0)
(0.0015665 0.000458807 0)
(0.00160564 0.000405472 0)
(0.00163933 0.000336829 0)
(0.00166755 0.000256012 0)
(0.00169061 0.000165466 0)
(0.00170927 6.56182e-05 0)
(0.00172447 -4.25956e-05 0)
(0.00173641 -0.000156753 0)
(0.00174518 -0.000274918 0)
(0.00175057 -0.000395441 0)
(0.00175128 -0.000513486 0)
(0.00174493 -0.000620839 0)
(0.00172859 -0.000707187 0)
(0.0017003 -0.000761349 0)
(0.00166052 -0.000778334 0)
(0.00161213 -0.000765441 0)
(0.00155937 -0.000735202 0)
(0.00150613 -0.000695705 0)
(0.00145431 -0.000652503 0)
(0.00140333 -0.000611474 0)
(0.00135142 -0.000572681 0)
(0.00129737 -0.000528865 0)
(0.00124135 -0.000477052 0)
(0.00118468 -0.000427279 0)
(0.00112927 -0.000394799 0)
(0.00107654 -0.000385725 0)
(0.00102688 -0.000392883 0)
(0.000979631 -0.000403479 0)
(0.000933769 -0.000408144 0)
(0.000888443 -0.000403947 0)
(0.000843237 -0.000392355 0)
(0.000798061 -0.00037616 0)
(0.000752991 -0.000357609 0)
(0.000708217 -0.000337755 0)
(0.000664078 -0.000316566 0)
(0.000621099 -0.000293386 0)
(0.000579921 -0.000267424 0)
(0.000541207 -0.00023809 0)
(0.000505596 -0.000205111 0)
(0.00135597 -0.00045553 0)
(0.00132013 -0.00045798 0)
(0.00128881 -0.000467463 0)
(0.00126238 -0.000472339 0)
(0.00123778 -0.00047014 0)
(0.00121001 -0.000466016 0)
(0.00117885 -0.000454993 0)
(0.00114582 -0.000435636 0)
(0.00110973 -0.000421977 0)
(0.00107091 -0.000417557 0)
(0.00103351 -0.000402859 0)
(0.000999058 -0.00036922 0)
(0.000963086 -0.000339904 0)
(0.000922003 -0.000335984 0)
(0.00087987 -0.000340125 0)
(0.00084414 -0.000317876 0)
(0.000815237 -0.000264667 0)
(0.000784635 -0.000212269 0)
(0.000743175 -0.000191159 0)
(0.00068931 -0.000198528 0)
(0.000631048 -0.000206485 0)
(0.000580787 -0.000191322 0)
(0.000547618 -0.000147317 0)
(0.000534364 -8.08616e-05 0)
(0.000539765 -1.7771e-06 0)
(0.000560976 8.13784e-05 0)
(0.00059398 0.000161983 0)
(0.000634621 0.00023541 0)
(0.0006799 0.000298721 0)
(0.000727519 0.00035045 0)
(0.000775651 0.000390395 0)
(0.000823025 0.000419172 0)
(0.000869038 0.000437617 0)
(0.000913683 0.000446319 0)
(0.000957251 0.000445614 0)
(0.00099992 0.000436021 0)
(0.00104147 0.000418859 0)
(0.00108126 0.000396629 0)
(0.00111851 0.000372904 0)
(0.00115271 0.000351698 0)
(0.00118393 0.000336694 0)
(0.00121298 0.00033053 0)
(0.00124122 0.00033433 0)
(0.00127019 0.000347257 0)
(0.00130133 0.000366506 0)
(0.00133567 0.000387857 0)
(0.00137355 0.00040651 0)
(0.0014144 0.000417641 0)
(0.00145698 0.000417137 0)
(0.00149997 0.000402506 0)
(0.00154216 0.000372963 0)
(0.00158256 0.000328359 0)
(0.00162049 0.000269196 0)
(0.00165567 0.000197288 0)
(0.00168836 0.000114413 0)
(0.00171908 2.10114e-05 0)
(0.00174717 -8.16501e-05 0)
(0.00177131 -0.000190076 0)
(0.00179059 -0.000301072 0)
(0.00180341 -0.000411212 0)
(0.00180712 -0.000513022 0)
(0.00179838 -0.000596722 0)
(0.00177436 -0.0006541 0)
(0.0017348 -0.000679488 0)
(0.00168325 -0.00067368 0)
(0.00162542 -0.000647126 0)
(0.00156616 -0.000612025 0)
(0.00150769 -0.000573317 0)
(0.00144992 -0.000532165 0)
(0.00139163 -0.000491012 0)
(0.0013316 -0.000449221 0)
(0.00126973 -0.000401557 0)
(0.00120738 -0.000347968 0)
(0.00114662 -0.000300277 0)
(0.00108912 -0.000273499 0)
(0.00103556 -0.000272013 0)
(0.00098589 -0.000286569 0)
(0.000939766 -0.000302881 0)
(0.000896614 -0.000311079 0)
(0.000855673 -0.000308691 0)
(0.000816175 -0.000298117 0)
(0.000777566 -0.000282939 0)
(0.000739579 -0.000265782 0)
(0.000702211 -0.000247855 0)
(0.000665647 -0.000229313 0)
(0.000630218 -0.000209735 0)
(0.000596384 -0.000188537 0)
(0.000564675 -0.000165219 0)
(0.000535636 -0.000139488 0)
(0.00139519 -0.000404157 0)
(0.00137065 -0.000410192 0)
(0.00134415 -0.000408589 0)
(0.00131354 -0.000406089 0)
(0.00127985 -0.000401396 0)
(0.00124364 -0.000390674 0)
(0.00120555 -0.000378955 0)
(0.00116848 -0.000367738 0)
(0.0011336 -0.000349887 0)
(0.00109779 -0.000326876 0)
(0.00105998 -0.000310196 0)
(0.00102486 -0.000300354 0)
(0.00099537 -0.000284105 0)
(0.000966356 -0.000256389 0)
(0.000930961 -0.000229527 0)
(0.000891274 -0.000214758 0)
(0.000856704 -0.000206115 0)
(0.00083256 -0.000188943 0)
(0.000814196 -0.00015594 0)
(0.000792007 -0.000113662 0)
(0.000760192 -7.68338e-05 0)
(0.000720582 -5.42638e-05 0)
(0.000680258 -4.09239e-05 0)
(0.000646571 -2.45383e-05 0)
(0.000624237 3.5708e-06 0)
(0.000615165 4.43064e-05 0)
(0.000619823 9.31897e-05 0)
(0.000637322 0.000144607 0)
(0.000665159 0.000193872 0)
(0.000700414 0.000237773 0)
(0.000740497 0.000274391 0)
(0.000783354 0.000302754 0)
(0.00082749 0.000322455 0)
(0.000871821 0.000333485 0)
(0.000915441 0.000336248 0)
(0.000957458 0.000331793 0)
(0.00099698 0.000321945 0)
(0.00103325 0.000309267 0)
(0.00106586 0.000296579 0)
(0.0010949 0.000286412 0)
(0.00112105 0.000280608 0)
(0.00114553 0.0002803 0)
(0.00116994 0.000285745 0)
(0.00119591 0.000295961 0)
(0.00122491 0.000308628 0)
(0.001258 0.000320778 0)
(0.0012957 0.000329511 0)
(0.0013379 0.000331918 0)
(0.00138394 0.000324992 0)
(0.00143286 0.000306427 0)
(0.00148369 0.00027526 0)
(0.00153532 0.000231191 0)
(0.00158664 0.000174281 0)
(0.00163682 0.000105538 0)
(0.00168516 2.63814e-05 0)
(0.00173034 -6.20772e-05 0)
(0.00177033 -0.000157146 0)
(0.00180292 -0.000253725 0)
(0.00182566 -0.000347439 0)
(0.00183561 -0.000433845 0)
(0.00182996 -0.000505118 0)
(0.00180707 -0.000552857 0)
(0.00176762 -0.000573256 0)
(0.00171502 -0.000568057 0)
(0.00165475 -0.000544596 0)
(0.00159213 -0.000513517 0)
(0.00152993 -0.000480696 0)
(0.00146781 -0.000444122 0)
(0.00140422 -0.000401777 0)
(0.00133849 -0.000356401 0)
(0.00127154 -0.00030998 0)
(0.00120557 -0.000261158 0)
(0.00114316 -0.00021229 0)
(0.00108606 -0.000173867 0)
(0.00103438 -0.000157341 0)
(0.000986927 -0.000164783 0)
(0.000942602 -0.000187109 0)
(0.000901185 -0.000210916 0)
(0.00086302 -0.000226204 0)
(0.000828187 -0.000229533 0)
(0.000796157 -0.000222655 0)
(0.00076603 -0.00020939 0)
(0.000736955 -0.000193185 0)
(0.000708406 -0.000176111 0)
(0.000680241 -0.000158937 0)
(0.000652637 -0.00014161 0)
(0.00062598 -0.000123718 0)
(0.00060077 -0.000104827 0)
(0.00057755 -8.46374e-05 0)
(0.00141672 -0.000347336 0)
(0.0013831 -0.000344115 0)
(0.00134867 -0.000339299 0)
(0.00131367 -0.000329979 0)
(0.00127763 -0.000317708 0)
(0.00124182 -0.000305677 0)
(0.0012071 -0.000293423 0)
(0.00117249 -0.000280661 0)
(0.00113839 -0.00026883 0)
(0.00110695 -0.00025696 0)
(0.00107781 -0.000242593 0)
(0.00104801 -0.000226437 0)
(0.00101696 -0.000211107 0)
(0.000987843 -0.000196108 0)
(0.000962757 -0.000178271 0)
(0.00093937 -0.000156695 0)
(0.000913937 -0.000134471 0)
(0.00088615 -0.000114904 0)
(0.000859669 -9.70385e-05 0)
(0.000838371 -7.65727e-05 0)
(0.000822898 -5.08336e-05 0)
(0.00081032 -2.10481e-05 0)
(0.000796689 9.39196e-06 0)
(0.000780574 3.75818e-05 0)
(0.000764139 6.28155e-05 0)
(0.000750646 8.64288e-05 0)
(0.000742584 0.000110323 0)
(0.000741424 0.000135271 0)
(0.000747673 0.000160743 0)
(0.000761016 0.000185449 0)
(0.000780562 0.000207831 0)
(0.000805083 0.000226512 0)
(0.00083326 0.000240486 0)
(0.000863745 0.000249294 0)
(0.000895261 0.000252996 0)
(0.000926655 0.000252203 0)
(0.000957021 0.00024794 0)
(0.000985791 0.000241626 0)
(0.0010129 0.000234776 0)
(0.00103876 0.000228763 0)
(0.00106419 0.000224534 0)
(0.00109024 0.000222641 0)
(0.00111815 0.000223172 0)
(0.00114916 0.000225527 0)
(0.00118434 0.000228254 0)
(0.00122436 0.000229414 0)
(0.00126948 0.000227101 0)
(0.00131958 0.000219381 0)
(0.00137404 0.000204047 0)
(0.00143181 0.000179317 0)
(0.00149154 0.000144727 0)
(0.00155172 0.000100307 0)
(0.00161059 4.59587e-05 0)
(0.00166624 -1.73728e-05 0)
(0.0017166 -8.7321e-05 0)
(0.00175949 -0.000161447 0)
(0.00179306 -0.000236885 0)
(0.00181569 -0.000309448 0)
(0.00182476 -0.000374378 0)
(0.00181696 -0.000426008 0)
(0.00179073 -0.000457807 0)
(0.00174791 -0.000467075 0)
(0.00169312 -0.000457786 0)
(0.0016323 -0.000436604 0)
(0.0015704 -0.000409345 0)
(0.00150871 -0.000379666 0)
(0.0014451 -0.00034612 0)
(0.00137754 -0.000304142 0)
(0.00130685 -0.000254585 0)
(0.00123634 -0.000205128 0)
(0.00116981 -0.000161326 0)
(0.00111019 -0.000122408 0)
(0.00105886 -8.80841e-05 0)
(0.00101515 -6.4144e-05 0)
(0.000976479 -5.82623e-05 0)
(0.000939714 -7.2097e-05 0)
(0.000903054 -9.8991e-05 0)
(0.000866792 -0.000128265 0)
(0.000832515 -0.000150844 0)
(0.000801756 -0.000162254 0)
(0.000775137 -0.000162506 0)
(0.000752304 -0.000154253 0)
(0.000732324 -0.000140806 0)
(0.000714161 -0.000124906 0)
(0.000697006 -0.000108276 0)
(0.000680405 -9.17276e-05 0)
(0.000664254 -7.54508e-05 0)
(0.000648722 -5.93238e-05 0)
(0.000634158 -4.31449e-05 0)
(0.00138678 -0.000269432 0)
(0.00135613 -0.000264292 0)
(0.00132604 -0.000257595 0)
(0.00129642 -0.000251203 0)
(0.00126767 -0.000244893 0)
(0.0012394 -0.000237149 0)
(0.00121128 -0.000227629 0)
(0.00118352 -0.000216832 0)
(0.00115591 -0.000205113 0)
(0.00112788 -0.000192787 0)
(0.00109962 -0.000180041 0)
(0.0010719 -0.000166669 0)
(0.00104488 -0.00015251 0)
(0.00101821 -0.00013783 0)
(0.000992188 -0.000122838 0)
(0.000967958 -0.000107157 0)
(0.000946337 -9.02242e-05 0)
(0.000926934 -7.20207e-05 0)
(0.00090877 -5.30284e-05 0)
(0.000891642 -3.36686e-05 0)
(0.000876474 -1.41109e-05 0)
(0.000864208 5.74151e-06 0)
(0.000855287 2.62309e-05 0)
(0.000849699 4.75517e-05 0)
(0.000846967 6.93641e-05 0)
(0.000846631 9.08947e-05 0)
(0.000848634 0.000111438 0)
(0.000853277 0.000130544 0)
(0.000860979 0.000147926 0)
(0.000872028 0.000163315 0)
(0.000886483 0.000176356 0)
(0.000904133 0.000186684 0)
(0.000924561 0.000193981 0)
(0.000947197 0.000198054 0)
(0.000971407 0.000198888 0)
(0.00099654 0.000196755 0)
(0.00102202 0.000192219 0)
(0.0010475 0.000186039 0)
(0.00107301 0.000178991 0)
(0.00109888 0.000171806 0)
(0.00112568 0.000165049 0)
(0.00115408 0.000158962 0)
(0.00118479 0.000153414 0)
(0.00121852 0.000147919 0)
(0.00125586 0.00014158 0)
(0.0012971 0.000133086 0)
(0.0013422 0.000121044 0)
(0.00139089 0.00010437 0)
(0.00144242 8.19393e-05 0)
(0.00149557 5.2848e-05 0)
(0.00154888 1.70125e-05 0)
(0.00160066 -2.53663e-05 0)
(0.00164893 -7.384e-05 0)
(0.00169141 -0.000126498 0)
(0.00172563 -0.000180428 0)
(0.00174912 -0.000233597 0)
(0.00175974 -0.000283297 0)
(0.00175581 -0.000323552 0)
(0.00173611 -0.000348665 0)
(0.00170116 -0.00035846 0)
(0.00165533 -0.000356491 0)
(0.00160443 -0.000346118 0)
(0.00155023 -0.000329951 0)
(0.00149036 -0.000308888 0)
(0.00142307 -0.000280715 0)
(0.00134992 -0.000242521 0)
(0.0012749 -0.000194705 0)
(0.00120284 -0.00014252 0)
(0.00113789 -9.46448e-05 0)
(0.00108217 -5.84216e-05 0)
(0.00103566 -3.46485e-05 0)
(0.000997458 -1.81401e-05 0)
(0.000966775 -4.30924e-06 0)
(0.00094232 5.66075e-06 0)
(0.0009213 6.55679e-06 0)
(0.000900109 -5.26095e-06 0)
(0.000875965 -2.83393e-05 0)
(0.000848257 -5.67821e-05 0)
(0.000818671 -8.34561e-05 0)
(0.000789863 -0.000103053 0)
(0.000764048 -0.000113286 0)
(0.000742367 -0.000114523 0)
(0.000724926 -0.000108645 0)
(0.00071116 -9.7932e-05 0)
(0.000700248 -8.43833e-05 0)
(0.000691404 -6.94507e-05 0)
(0.000684042 -5.40583e-05 0)
(0.00067783 -3.87389e-05 0)
(0.000672657 -2.37866e-05 0)
(0.00136959 -0.000213918 0)
(0.00134678 -0.000211503 0)
(0.00132361 -0.000207257 0)
(0.0012995 -0.000200525 0)
(0.00127389 -0.000191587 0)
(0.00124693 -0.000181453 0)
(0.00121918 -0.000170622 0)
(0.00119108 -0.000158931 0)
(0.00116298 -0.000146222 0)
(0.00113515 -0.00013271 0)
(0.00110771 -0.000118889 0)
(0.00108078 -0.000105264 0)
(0.00105463 -9.21496e-05 0)
(0.00102958 -7.96061e-05 0)
(0.0010059 -6.75007e-05 0)
(0.000983874 -5.55918e-05 0)
(0.000963842 -4.35917e-05 0)
(0.000946184 -3.12465e-05 0)
(0.000931193 -1.83605e-05 0)
(0.000918876 -4.82219e-06 0)
(0.000909028 9.3777e-06 0)
(0.000901741 2.41377e-05 0)
(0.000897193 3.93471e-05 0)
(0.000895419 5.47765e-05 0)
(0.000896474 7.01221e-05 0)
(0.000900324 8.50665e-05 0)
(0.000906876 9.92815e-05 0)
(0.000916048 0.000112427 0)
(0.000927768 0.000124169 0)
(0.000941936 0.00013419 0)
(0.000958416 0.000142186 0)
(0.000977009 0.000147905 0)
(0.000997448 0.000151187 0)
(0.00101944 0.000151992 0)
(0.00104273 0.000150387 0)
(0.00106713 0.000146517 0)
(0.00109254 0.00014059 0)
(0.00111883 0.000132929 0)
(0.00114592 0.000123932 0)
(0.00117382 0.000113947 0)
(0.00120265 0.00010324 0)
(0.00123256 9.20239e-05 0)
(0.00126375 8.03988e-05 0)
(0.00129646 6.80143e-05 0)
(0.00133083 5.42504e-05 0)
(0.0013667 3.84878e-05 0)
(0.00140405 2.0248e-05 0)
(0.00144258 -9.61306e-07 0)
(0.00148119 -2.54178e-05 0)
(0.00151856 -5.29428e-05 0)
(0.00155325 -8.28604e-05 0)
(0.00158349 -0.000114253 0)
(0.00160717 -0.000146335 0)
(0.00162189 -0.000178197 0)
(0.00162657 -0.000208431 0)
(0.00162197 -0.000235506 0)
(0.00160843 -0.00025701 0)
(0.00158487 -0.000268925 0)
(0.00154955 -0.000269274 0)
(0.0015008 -0.000261759 0)
(0.00143901 -0.000250333 0)
(0.00136839 -0.000231322 0)
(0.00129478 -0.000197523 0)
(0.0012225 -0.00014974 0)
(0.00115423 -9.87701e-05 0)
(0.00109228 -5.58672e-05 0)
(0.00103895 -2.5108e-05 0)
(0.000995707 -4.23866e-06 0)
(0.000962487 1.01505e-05 0)
(0.000937474 1.98953e-05 0)
(0.000918011 2.61319e-05 0)
(0.000902257 3.03275e-05 0)
(0.000889704 3.36113e-05 0)
(0.000880176 3.55518e-05 0)
(0.00087266 3.42904e-05 0)
(0.000865024 2.78371e-05 0)
(0.000854987 1.53452e-05 0)
(0.000841197 -2.24598e-06 0)
(0.000823466 -2.24144e-05 0)
(0.000802864 -4.18094e-05 0)
(0.000781351 -5.73548e-05 0)
(0.000760876 -6.71996e-05 0)
(0.000742867 -7.09551e-05 0)
(0.000728077 -6.93269e-05 0)
(0.000716685 -6.35465e-05 0)
(0.000708497 -5.49211e-05 0)
(0.00070313 -4.4592e-05 0)
(0.000700152 -3.34587e-05 0)
(0.000699174 -2.21916e-05 0)
(0.00131732 -0.000167617 0)
(0.00129242 -0.000162317 0)
(0.00126636 -0.000154367 0)
(0.00123869 -0.000144839 0)
(0.00121003 -0.000134245 0)
(0.00118125 -0.000122659 0)
(0.00115296 -0.000110432 0)
(0.00112547 -9.81844e-05 0)
(0.00109902 -8.63622e-05 0)
(0.00107384 -7.50324e-05 0)
(0.00105011 -6.40603e-05 0)
(0.00102794 -5.33688e-05 0)
(0.00100738 -4.30531e-05 0)
(0.000988452 -3.33278e-05 0)
(0.000971168 -2.43213e-05 0)
(0.000955618 -1.60075e-05 0)
(0.000941899 -8.22829e-06 0)
(0.00093006 -7.13043e-07 0)
(0.00092019 6.84955e-06 0)
(0.000912519 1.46929e-05 0)
(0.000907341 2.29399e-05 0)
(0.000904738 3.16156e-05 0)
(0.000904627 4.06082e-05 0)
(0.00090696 4.97646e-05 0)
(0.000911717 5.88633e-05 0)
(0.000918845 6.76393e-05 0)
(0.000928262 7.58129e-05 0)
(0.000939871 8.30994e-05 0)
(0.00095355 8.9225e-05 0)
(0.000969165 9.39546e-05 0)
(0.00098657 9.70917e-05 0)
(0.00100559 9.84761e-05 0)
(0.00102604 9.80087e-05 0)
(0.00104774 9.56836e-05 0)
(0.00107045 9.16006e-05 0)
(0.00109385 8.59751e-05 0)
(0.00111761 7.90731e-05 0)
(0.00114167 7.10965e-05 0)
(0.00116611 6.21976e-05 0)
(0.00119096 5.25859e-05 0)
(0.00121625 4.24994e-05 0)
(0.00124212 3.19157e-05 0)
(0.00126833 2.04754e-05 0)
(0.00129446 7.85785e-06 0)
(0.0013204 -6.24413e-06 0)
(0.00134577 -2.22317e-05 0)
(0.00136972 -4.03949e-05 0)
(0.00139191 -6.10228e-05 0)
(0.00141218 -8.38877e-05 0)
(0.00142946 -0.00010795 0)
(0.00144179 -0.000131857 0)
(0.00144676 -0.000153637 0)
(0.00144186 -0.000170661 0)
(0.00142491 -0.000181584 0)
(0.00139421 -0.000187951 0)
(0.00135035 -0.000191507 0)
(0.00129675 -0.00018938 0)
(0.00123774 -0.000174789 0)
(0.00117728 -0.000144589 0)
(0.00111822 -0.000104612 0)
(0.0010618 -6.61454e-05 0)
(0.00100898 -3.75326e-05 0)
(0.000961681 -1.96014e-05 0)
(0.000922324 -8.03356e-06 0)
(0.000892573 1.43658e-06 0)
(0.000871781 1.04982e-05 0)
(0.0008574 1.92836e-05 0)
(0.000847146 2.7412e-05 0)
(0.000839695 3.42939e-05 0)
(0.000834319 3.93691e-05 0)
(0.000830485 4.25103e-05 0)
(0.00082784 4.40501e-05 0)
(0.000826324 4.42436e-05 0)
(0.000825992 4.28696e-05 0)
(0.000826634 3.92971e-05 0)
(0.000827551 3.29791e-05 0)
(0.000827659 2.39392e-05 0)
(0.000825769 1.28037e-05 0)
(0.000821066 5.75325e-07 0)
(0.000813449 -1.15768e-05 0)
(0.000803382 -2.2659e-05 0)
(0.000791707 -3.18123e-05 0)
(0.000779512 -3.83562e-05 0)
(0.000767875 -4.19065e-05 0)
(0.000757649 -4.24332e-05 0)
(0.000749367 -4.02203e-05 0)
(0.000743281 -3.57655e-05 0)
(0.000739443 -2.96816e-05 0)
(0.000737803 -2.26006e-05 0)
(0.00111864 -9.54842e-05 0)
(0.00109343 -8.74579e-05 0)
(0.00106876 -7.92289e-05 0)
(0.00104311 -7.1145e-05 0)
(0.00101715 -6.32802e-05 0)
(0.000992089 -5.53548e-05 0)
(0.000968882 -4.7222e-05 0)
(0.000947805 -3.90597e-05 0)
(0.000928795 -3.12096e-05 0)
(0.000911715 -2.38864e-05 0)
(0.000896491 -1.71122e-05 0)
(0.000883119 -1.08364e-05 0)
(0.000871564 -5.03154e-06 0)
(0.000861862 2.86886e-07 0)
(0.000854058 5.04549e-06 0)
(0.00084802 9.23399e-06 0)
(0.000843633 1.29307e-05 0)
(0.000840898 1.63329e-05 0)
(0.000839899 1.97103e-05 0)
(0.000840511 2.33248e-05 0)
(0.000842571 2.73515e-05 0)
(0.000846156 3.18371e-05 0)
(0.000851374 3.67459e-05 0)
(0.000858236 4.19694e-05 0)
(0.000866711 4.73122e-05 0)
(0.000876763 5.25185e-05 0)
(0.000888336 5.73199e-05 0)
(0.000901347 6.14506e-05 0)
(0.000915691 6.46377e-05 0)
(0.000931251 6.66282e-05 0)
(0.000947877 6.72311e-05 0)
(0.000965367 6.62835e-05 0)
(0.000983518 6.3615e-05 0)
(0.00100216 5.9105e-05 0)
(0.00102122 5.27622e-05 0)
(0.00104074 4.47157e-05 0)
(0.00106057 3.51302e-05 0)
(0.00108029 2.41851e-05 0)
(0.00109943 1.21641e-05 0)
(0.00111772 -4.78477e-07 0)
(0.0011346 -1.33135e-05 0)
(0.00114904 -2.61062e-05 0)
(0.00116045 -3.8951e-05 0)
(0.00116855 -5.1774e-05 0)
(0.00117287 -6.39743e-05 0)
(0.00117287 -7.4966e-05 0)
(0.00116746 -8.48576e-05 0)
(0.00115545 -9.40036e-05 0)
(0.001137 -0.000102077 0)
(0.00111285 -0.000106942 0)
(0.00108357 -0.000105469 0)
(0.00104988 -9.59137e-05 0)
(0.00101285 -7.9557e-05 0)
(0.000974129 -6.02873e-05 0)
(0.000935371 -4.27698e-05 0)
(0.000897469 -3.04374e-05 0)
(0.000860717 -2.42757e-05 0)
(0.000826135 -2.23163e-05 0)
(0.000796096 -2.11548e-05 0)
(0.000772806 -1.84587e-05 0)
(0.000756642 -1.38625e-05 0)
(0.000745934 -7.84576e-06 0)
(0.000738488 -7.01484e-07 0)
(0.000733001 7.34718e-06 0)
(0.000728794 1.57379e-05 0)
(0.000725793 2.3531e-05 0)
(0.000724404 3.00506e-05 0)
(0.000724775 3.50307e-05 0)
(0.00072678 3.8456e-05 0)
(0.000730146 4.04171e-05 0)
(0.000734548 4.10562e-05 0)
(0.000739708 4.05277e-05 0)
(0.000745443 3.89119e-05 0)
(0.000751586 3.61569e-05 0)
(0.000757846 3.21292e-05 0)
(0.000763771 2.67738e-05 0)
(0.000768822 2.02595e-05 0)
(0.00077251 1.30052e-05 0)
(0.000774549 5.57862e-06 0)
(0.000774695 -1.50064e-06 0)
(0.000772943 -7.85208e-06 0)
(0.000769692 -1.3241e-05 0)
(0.00076547 -1.75446e-05 0)
(0.000760833 -2.0706e-05 0)
(0.000756325 -2.27068e-05 0)
(0.000752452 -2.35651e-05 0)
(0.000749578 -2.3369e-05 0)
(0.000747877 -2.22965e-05 0)
(0.00074738 -2.05972e-05 0)
(0.000763778 -5.51658e-05 0)
(0.000743196 -4.66046e-05 0)
(0.000722677 -3.9287e-05 0)
(0.000701697 -3.26264e-05 0)
(0.000682008 -2.62413e-05 0)
(0.00066477 -2.00852e-05 0)
(0.000650246 -1.44078e-05 0)
(0.000638285 -9.50112e-06 0)
(0.000628611 -5.48896e-06 0)
(0.000621001 -2.28163e-06 0)
(0.000615287 3.10099e-07 0)
(0.000611328 2.46998e-06 0)
(0.000609044 4.30727e-06 0)
(0.000608285 5.83102e-06 0)
(0.000608933 6.97879e-06 0)
(0.000610972 7.78942e-06 0)
(0.000614428 8.37211e-06 0)
(0.000619179 8.77757e-06 0)
(0.00062514 9.05973e-06 0)
(0.000632255 9.36844e-06 0)
(0.000640392 9.90477e-06 0)
(0.00064931 1.0777e-05 0)
(0.000658849 1.19758e-05 0)
(0.000668969 1.34175e-05 0)
(0.000679666 1.49779e-05 0)
(0.000690898 1.65004e-05 0)
(0.000702571 1.78052e-05 0)
(0.000714568 1.87101e-05 0)
(0.000726727 1.90524e-05 0)
(0.000738816 1.87255e-05 0)
(0.000750546 1.76768e-05 0)
(0.000761603 1.58305e-05 0)
(0.000771604 1.30759e-05 0)
(0.000780048 9.39716e-06 0)
(0.000786476 4.90992e-06 0)
(0.000790554 -2.60311e-07 0)
(0.000792115 -5.91389e-06 0)
(0.000791189 -1.15848e-05 0)
(0.000787781 -1.64969e-05 0)
(0.000781846 -1.97251e-05 0)
(0.000773526 -2.06131e-05 0)
(0.000763251 -1.91082e-05 0)
(0.000751138 -1.57499e-05 0)
(0.000737243 -1.13977e-05 0)
(0.000721826 -6.86632e-06 0)
(0.000705197 -2.85981e-06 0)
(0.00068784 -1.11591e-07 0)
(0.000670007 7.63908e-07 0)
(0.000651681 -6.29469e-07 0)
(0.000632869 -4.23387e-06 0)
(0.000614153 -9.27628e-06 0)
(0.00059671 -1.46181e-05 0)
(0.000581768 -1.92276e-05 0)
(0.000570069 -2.25085e-05 0)
(0.000561523 -2.43696e-05 0)
(0.000555024 -2.49341e-05 0)
(0.000549252 -2.40217e-05 0)
(0.000543571 -2.12169e-05 0)
(0.000537923 -1.64472e-05 0)
(0.000532701 -1.02926e-05 0)
(0.000528509 -3.76538e-06 0)
(0.000525793 2.23937e-06 0)
(0.000524795 7.3654e-06 0)
(0.000525683 1.1591e-05 0)
(0.000528474 1.49781e-05 0)
(0.000532984 1.76921e-05 0)
(0.000538911 1.97741e-05 0)
(0.000545952 2.1195e-05 0)
(0.000553833 2.1916e-05 0)
(0.000562277 2.19134e-05 0)
(0.000571016 2.11894e-05 0)
(0.00057981 1.9767e-05 0)
(0.00058845 1.76803e-05 0)
(0.000596718 1.49712e-05 0)
(0.000604354 1.17004e-05 0)
(0.00061105 7.96145e-06 0)
(0.000616498 3.88792e-06 0)
(0.00062044 -3.59227e-07 0)
(0.000622713 -4.62209e-06 0)
(0.00062334 -8.79433e-06 0)
(0.000622436 -1.27431e-05 0)
(0.000620143 -1.6359e-05 0)
(0.000616666 -1.9522e-05 0)
(0.000612236 -2.2087e-05 0)
(0.000607062 -2.38866e-05 0)
(0.00060138 -2.47631e-05 0)
(0.000595456 -2.46172e-05 0)
(0.000589555 -2.34393e-05 0)
(0.000583892 -2.13383e-05 0)
(0.000189989 4.35201e-05 0)
(0.0001802 3.57706e-05 0)
(0.000176172 2.6599e-05 0)
(0.000173629 1.96197e-05 0)
(0.000171047 1.50819e-05 0)
(0.00016889 1.20586e-05 0)
(0.000167467 9.80673e-06 0)
(0.000166776 7.92321e-06 0)
(0.000166682 6.25952e-06 0)
(0.000167054 4.79637e-06 0)
(0.000167787 3.52289e-06 0)
(0.000168804 2.36517e-06 0)
(0.000170026 1.17341e-06 0)
(0.000171331 -2.46385e-07 0)
(0.000172563 -2.00734e-06 0)
(0.000173566 -4.07489e-06 0)
(0.000174233 -6.2068e-06 0)
(0.000174532 -8.01809e-06 0)
(0.000174558 -9.12451e-06 0)
(0.000174512 -9.26189e-06 0)
(0.000174673 -8.35676e-06 0)
(0.000175264 -6.49513e-06 0)
(0.000176576 -3.87138e-06 0)
(0.000178815 -7.46465e-07 0)
(0.000182105 2.62731e-06 0)
(0.000186496 6.05866e-06 0)
(0.000191959 9.42051e-06 0)
(0.000198406 1.26417e-05 0)
(0.000205699 1.56957e-05 0)
(0.00021367 1.85751e-05 0)
(0.000222128 2.12667e-05 0)
(0.000230872 2.37464e-05 0)
(0.000239708 2.59819e-05 0)
(0.000248433 2.7939e-05 0)
(0.000256787 2.95649e-05 0)
(0.000264457 3.07362e-05 0)
(0.000271149 3.1285e-05 0)
(0.000276609 3.09978e-05 0)
(0.000280677 2.96478e-05 0)
(0.000283335 2.70717e-05 0)
(0.000284716 2.32685e-05 0)
(0.00028507 1.83569e-05 0)
(0.000284745 1.25756e-05 0)
(0.000284015 6.36905e-06 0)
(0.000282936 2.02046e-07 0)
(0.000281499 -5.46288e-06 0)
(0.000279636 -1.02246e-05 0)
(0.000277133 -1.38508e-05 0)
(0.00027365 -1.61615e-05 0)
(0.000268944 -1.70411e-05 0)
(0.000263027 -1.64246e-05 0)
(0.000256086 -1.44693e-05 0)
(0.00024851 -1.16025e-05 0)
(0.000240758 -8.43448e-06 0)
(0.000233226 -5.58239e-06 0)
(0.000226237 -3.48652e-06 0)
(0.000219996 -2.17493e-06 0)
(0.000214625 -1.47446e-06 0)
(0.000210297 -1.15056e-06 0)
(0.000207255 -9.54054e-07 0)
(0.000205637 -7.12494e-07 0)
(0.000205444 -3.47378e-07 0)
(0.00020654 1.66941e-07 0)
(0.000208752 7.81159e-07 0)
(0.000211934 1.40265e-06 0)
(0.000215935 1.93675e-06 0)
(0.000220596 2.32098e-06 0)
(0.000225743 2.5303e-06 0)
(0.000231188 2.55949e-06 0)
(0.000236736 2.42065e-06 0)
(0.00024219 2.14254e-06 0)
(0.000247353 1.76406e-06 0)
(0.000252038 1.32154e-06 0)
(0.000256075 8.49451e-07 0)
(0.000259316 3.86231e-07 0)
(0.000261643 -2.68291e-08 0)
(0.000262974 -3.5413e-07 0)
(0.000263275 -5.71013e-07 0)
(0.00026255 -6.54749e-07 0)
(0.00026084 -5.87656e-07 0)
(0.000258217 -3.81909e-07 0)
(0.000254776 -5.66486e-08 0)
(0.000250638 3.55154e-07 0)
(0.000245958 8.12931e-07 0)
(0.000240912 1.27798e-06 0)
(0.000235695 1.7084e-06 0)
(0.000230514 2.06441e-06 0)
(0.00022558 2.31583e-06 0)
(0.00022109 2.44771e-06 0)
)
;

boundaryField
{
    inlet
    {
        type            fixedValue;
        value           nonuniform List<vector> 0();
    }
    outlet
    {
        type            zeroGradient;
    }
    wall
    {
        type            noSlip;
    }
    obstacle
    {
        type            noSlip;
    }
    frontAndBack
    {
        type            empty;
    }
    procBoundary2to1
    {
        type            processor;
        value           nonuniform List<vector> 
30
(
(0.000368392 -5.51787e-05 0)
(0.000991988 -7.69488e-06 0)
(0.0011946 -2.63915e-05 0)
(0.00127706 -4.16647e-05 0)
(0.00127157 -6.3541e-05 0)
(0.00122586 -8.59e-05 0)
(0.00121699 -0.000148901 0)
(0.00115187 -0.000212714 0)
(0.000884782 -0.000187887 0)
(0.000494805 -0.000134565 0)
(0.000229872 -0.000157586 0)
(0.000180375 -0.000279466 0)
(0.000252853 -0.000450423 0)
(0.000372264 -0.000637716 0)
(0.000605823 -0.000745492 0)
(0.000863436 -0.000826232 0)
(0.00106889 -0.000902114 0)
(0.00129684 -0.000902681 0)
(0.00145101 -0.000883021 0)
(0.00151242 -0.000764249 0)
(0.00146247 -0.000599903 0)
(0.00139922 -0.000457809 0)
(0.00142102 -0.000392322 0)
(0.00144847 -0.000347851 0)
(0.00141888 -0.00027268 0)
(0.00139236 -0.000214534 0)
(0.00134245 -0.00016996 0)
(0.00115047 -0.000103146 0)
(0.000799771 -6.48511e-05 0)
(0.000165372 4.77573e-05 0)
)
;
    }
    procBoundary2to3
    {
        type            processor;
        value           nonuniform List<vector> 
31
(
(0.000274693 -4.72844e-06 0)
(0.000603614 1.87305e-05 0)
(0.000814651 6.50394e-06 0)
(0.00114003 0.000116021 0)
(0.00142049 0.000138127 0)
(0.00146857 7.57564e-05 0)
(0.00154279 1.01382e-05 0)
(0.0016516 -4.50371e-05 0)
(0.0017377 -0.000118167 0)
(0.00180525 -0.000188071 0)
(0.0018175 -0.000248346 0)
(0.00176549 -0.000297353 0)
(0.00166274 -0.000327444 0)
(0.00151194 -0.000347924 0)
(0.00133169 -0.000355736 0)
(0.00113406 -0.000429714 0)
(0.00113406 -0.000429714 0)
(0.000924277 -0.000408122 0)
(0.000721248 -0.000368217 0)
(0.000560242 -0.000307654 0)
(0.000477813 -0.00023658 0)
(0.000473684 -0.000168514 0)
(0.000509785 -0.000111294 0)
(0.000556846 -6.30449e-05 0)
(0.000621012 -2.67713e-05 0)
(0.000668592 -9.387e-06 0)
(0.000699872 -1.12787e-05 0)
(0.000738257 -1.51038e-05 0)
(0.000748043 -1.85582e-05 0)
(0.000578621 -1.85384e-05 0)
(0.000217196 2.46112e-06 0)
)
;
    }
}


// ************************************************************************* //
