/*--------------------------------*- C++ -*----------------------------------*\
| =========                 |                                                 |
| \\      /  F ield         | OpenFOAM: The Open Source CFD Toolbox           |
|  \\    /   O peration     | Version:  2312                                  |
|   \\  /    A nd           | Website:  www.openfoam.com                      |
|    \\/     M anipulation  |                                                 |
\*---------------------------------------------------------------------------*/
FoamFile
{
    version     2.0;
    format      ascii;
    arch        "LSB;label=32;scalar=64";
    class       volVectorField;
    location    "154000";
    object      U;
}
// * * * * * * * * * * * * * * * * * * * * * * * * * * * * * * * * * * * * * //

dimensions      [0 1 -1 0 0 0 0];

internalField   nonuniform List<vector> 
2685
(
(0.000779553 -3.66929e-05 0)
(0.000804639 -2.31822e-05 0)
(0.000803493 -1.41821e-05 0)
(0.000796566 -6.19292e-06 0)
(0.000789243 8.64605e-07 0)
(0.000781268 6.84609e-06 0)
(0.000771675 1.18335e-05 0)
(0.000759717 1.60737e-05 0)
(0.000745096 1.98249e-05 0)
(0.00072779 2.33442e-05 0)
(0.00070794 2.68142e-05 0)
(0.00068566 3.02954e-05 0)
(0.000660952 3.37602e-05 0)
(0.000633706 3.71442e-05 0)
(0.000603784 4.03544e-05 0)
(0.000571107 4.32503e-05 0)
(0.000535709 4.56368e-05 0)
(0.00049774 4.727e-05 0)
(0.000457466 4.78333e-05 0)
(0.00041532 4.68788e-05 0)
(0.000371969 4.3894e-05 0)
(0.000328304 3.85648e-05 0)
(0.000285358 3.10795e-05 0)
(0.000244069 2.21934e-05 0)
(0.000205148 1.31168e-05 0)
(0.000169454 5.10293e-06 0)
(0.000136909 -1.28283e-06 0)
(0.000107451 -5.78029e-06 0)
(8.0865e-05 -8.28358e-06 0)
(5.69277e-05 -9.13117e-06 0)
(3.54148e-05 -8.92464e-06 0)
(1.6115e-05 -8.20746e-06 0)
(-1.15456e-06 -7.40063e-06 0)
(-1.661e-05 -6.77426e-06 0)
(-3.04516e-05 -6.45946e-06 0)
(-4.28657e-05 -6.4894e-06 0)
(-5.39855e-05 -6.8223e-06 0)
(-6.38395e-05 -7.36731e-06 0)
(-7.23768e-05 -8.07697e-06 0)
(-7.95619e-05 -8.92275e-06 0)
(-8.53718e-05 -9.87628e-06 0)
(-8.97979e-05 -1.0895e-05 0)
(-9.28502e-05 -1.19342e-05 0)
(-9.45563e-05 -1.2955e-05 0)
(-9.49729e-05 -1.39194e-05 0)
(-9.42202e-05 -1.47867e-05 0)
(-9.24497e-05 -1.54753e-05 0)
(-8.97856e-05 -1.5929e-05 0)
(-8.63908e-05 -1.61065e-05 0)
(-8.24358e-05 -1.5982e-05 0)
(-7.80727e-05 -1.55429e-05 0)
(-7.34558e-05 -1.47995e-05 0)
(-6.87465e-05 -1.37743e-05 0)
(-6.40654e-05 -1.25261e-05 0)
(-5.94607e-05 -1.11128e-05 0)
(-5.49234e-05 -9.59648e-06 0)
(-5.04099e-05 -8.04152e-06 0)
(-4.58564e-05 -6.50949e-06 0)
(-4.11902e-05 -5.05679e-06 0)
(-3.63312e-05 -3.72909e-06 0)
(-3.11864e-05 -2.5603e-06 0)
(-2.56705e-05 -1.57476e-06 0)
(-1.97615e-05 -7.82614e-07 0)
(-1.34538e-05 -1.77605e-07 0)
(-6.74017e-06 2.60348e-07 0)
(4.05571e-07 5.62586e-07 0)
(7.90242e-06 7.41526e-07 0)
(1.56075e-05 8.1517e-07 0)
(2.34193e-05 7.81724e-07 0)
(3.12079e-05 6.31837e-07 0)
(3.8847e-05 3.52226e-07 0)
(4.62189e-05 -6.96531e-08 0)
(5.32202e-05 -6.38302e-07 0)
(5.97652e-05 -1.34256e-06 0)
(6.57806e-05 -2.14442e-06 0)
(7.11946e-05 -2.97308e-06 0)
(7.5928e-05 -3.73602e-06 0)
(7.98961e-05 -4.3461e-06 0)
(8.30231e-05 -4.74846e-06 0)
(8.52616e-05 -4.93025e-06 0)
(8.66073e-05 -4.91288e-06 0)
(8.70996e-05 -4.71705e-06 0)
(8.68079e-05 -4.33126e-06 0)
(8.58066e-05 -3.78362e-06 0)
(8.41672e-05 -3.09482e-06 0)
(8.19607e-05 -2.27766e-06 0)
(7.92487e-05 -1.35112e-06 0)
(7.60842e-05 -3.4023e-07 0)
(7.25118e-05 7.22935e-07 0)
(6.85669e-05 1.80334e-06 0)
(0.00131826 -4.4943e-06 0)
(0.00131641 4.32588e-06 0)
(0.00131838 1.07711e-05 0)
(0.0013204 1.71081e-05 0)
(0.00132157 2.35646e-05 0)
(0.00132193 3.01302e-05 0)
(0.00132146 3.66773e-05 0)
(0.00132002 4.31373e-05 0)
(0.00131745 4.96103e-05 0)
(0.00131361 5.62913e-05 0)
(0.00130837 6.33293e-05 0)
(0.00130154 7.07833e-05 0)
(0.00129297 7.86381e-05 0)
(0.00128254 8.68369e-05 0)
(0.00127015 9.53015e-05 0)
(0.00125569 0.000103922 0)
(0.00123906 0.000112568 0)
(0.00122021 0.000121063 0)
(0.00119921 0.000129116 0)
(0.00117598 0.000136337 0)
(0.00115029 0.000142323 0)
(0.00112189 0.00014673 0)
(0.00109034 0.000149222 0)
(0.00105548 0.000149649 0)
(0.00101685 0.000147873 0)
(0.000974942 0.000144003 0)
(0.000929841 0.000138225 0)
(0.000882031 0.000130751 0)
(0.000832363 0.000121823 0)
(0.000781842 0.00011186 0)
(0.000731436 0.000101449 0)
(0.000681964 9.11942e-05 0)
(0.000634033 8.16096e-05 0)
(0.000588098 7.30145e-05 0)
(0.000544507 6.54479e-05 0)
(0.000503561 5.87032e-05 0)
(0.000465546 5.25616e-05 0)
(0.000430487 4.68881e-05 0)
(0.000398313 4.15309e-05 0)
(0.000368976 3.63551e-05 0)
(0.000342349 3.13089e-05 0)
(0.000318326 2.64177e-05 0)
(0.00029683 2.17107e-05 0)
(0.000277724 1.7197e-05 0)
(0.000260834 1.28834e-05 0)
(0.000246088 8.81972e-06 0)
(0.000233366 5.14188e-06 0)
(0.000222467 1.97804e-06 0)
(0.00021324 -6.15369e-07 0)
(0.000205552 -2.67333e-06 0)
(0.000199231 -4.28181e-06 0)
(0.000194115 -5.51921e-06 0)
(0.000190082 -6.48079e-06 0)
(0.000187005 -7.32866e-06 0)
(0.000184814 -8.28148e-06 0)
(0.00018342 -9.51528e-06 0)
(0.000182717 -1.10672e-05 0)
(0.000182604 -1.29077e-05 0)
(0.000182988 -1.50017e-05 0)
(0.00018378 -1.73479e-05 0)
(0.000184897 -1.99489e-05 0)
(0.000186268 -2.27438e-05 0)
(0.000187811 -2.5602e-05 0)
(0.000189574 -2.83646e-05 0)
(0.00019157 -3.08923e-05 0)
(0.000193735 -3.30555e-05 0)
(0.000196002 -3.47167e-05 0)
(0.000198261 -3.5747e-05 0)
(0.000200431 -3.6079e-05 0)
(0.000202441 -3.56946e-05 0)
(0.000204234 -3.46093e-05 0)
(0.000205782 -3.28585e-05 0)
(0.00020709 -3.04923e-05 0)
(0.000208207 -2.76097e-05 0)
(0.000209217 -2.42788e-05 0)
(0.000210187 -2.05492e-05 0)
(0.000211097 -1.64762e-05 0)
(0.000211815 -1.21499e-05 0)
(0.000212135 -7.7174e-06 0)
(0.000211859 -3.37348e-06 0)
(0.000210919 6.84771e-07 0)
(0.000209386 4.30165e-06 0)
(0.000207299 7.3956e-06 0)
(0.00020466 9.98572e-06 0)
(0.000201548 1.20945e-05 0)
(0.000198026 1.37611e-05 0)
(0.000194124 1.504e-05 0)
(0.00018986 1.59941e-05 0)
(0.000185254 1.66877e-05 0)
(0.000180328 1.71854e-05 0)
(0.00150228 -2.33079e-05 0)
(0.00150207 -1.64341e-05 0)
(0.00150566 -9.52504e-06 0)
(0.00151142 -2.74784e-06 0)
(0.00151788 4.12806e-06 0)
(0.0015242 1.12375e-05 0)
(0.00152972 1.86399e-05 0)
(0.00153447 2.64375e-05 0)
(0.0015388 3.47979e-05 0)
(0.00154283 4.38024e-05 0)
(0.00154645 5.34315e-05 0)
(0.00154951 6.36458e-05 0)
(0.00155185 7.44262e-05 0)
(0.00155333 8.57466e-05 0)
(0.00155385 9.75473e-05 0)
(0.00155327 0.000109719 0)
(0.00155149 0.000122092 0)
(0.00154832 0.000134476 0)
(0.00154347 0.000146621 0)
(0.0015367 0.000158203 0)
(0.00152784 0.00016889 0)
(0.00151673 0.000178422 0)
(0.00150305 0.000186604 0)
(0.00148663 0.000193359 0)
(0.00146719 0.00019867 0)
(0.00144468 0.000202597 0)
(0.00141898 0.000205155 0)
(0.00139022 0.000206419 0)
(0.00135842 0.000206348 0)
(0.00132395 0.000204826 0)
(0.00128725 0.000201777 0)
(0.00124849 0.000197124 0)
(0.00120779 0.000190842 0)
(0.00116549 0.000182989 0)
(0.00112219 0.000173677 0)
(0.00107855 0.000163096 0)
(0.00103516 0.000151501 0)
(0.000992564 0.000139173 0)
(0.000951331 0.000126395 0)
(0.00091193 0.000113431 0)
(0.000874709 0.000100557 0)
(0.000839928 8.80261e-05 0)
(0.000807818 7.60114e-05 0)
(0.000778523 6.46305e-05 0)
(0.00075208 5.39935e-05 0)
(0.00072844 4.41948e-05 0)
(0.000707528 3.52793e-05 0)
(0.000689268 2.72969e-05 0)
(0.00067356 2.02383e-05 0)
(0.000660353 1.40532e-05 0)
(0.00064946 8.74471e-06 0)
(0.000640589 4.29713e-06 0)
(0.000633721 5.95058e-07 0)
(0.00062877 -2.45631e-06 0)
(0.00062535 -4.90236e-06 0)
(0.000623208 -6.75974e-06 0)
(0.00062209 -8.10849e-06 0)
(0.000621696 -9.03254e-06 0)
(0.00062175 -9.57576e-06 0)
(0.000622042 -9.82119e-06 0)
(0.00062234 -9.85024e-06 0)
(0.0006224 -9.70499e-06 0)
(0.000621964 -9.42176e-06 0)
(0.000620946 -9.02743e-06 0)
(0.000619162 -8.52875e-06 0)
(0.000616277 -7.9447e-06 0)
(0.00061224 -7.27321e-06 0)
(0.000607135 -6.45134e-06 0)
(0.000601042 -5.46875e-06 0)
(0.000594036 -4.39546e-06 0)
(0.000586216 -3.33533e-06 0)
(0.000577672 -2.43224e-06 0)
(0.000568401 -1.91897e-06 0)
(0.000558434 -1.96623e-06 0)
(0.000547921 -2.62767e-06 0)
(0.000536986 -3.62454e-06 0)
(0.000525771 -4.36431e-06 0)
(0.000514447 -4.26641e-06 0)
(0.000503171 -3.11478e-06 0)
(0.00049209 -1.13439e-06 0)
(0.00048133 1.23501e-06 0)
(0.000470956 3.61322e-06 0)
(0.000461177 5.78695e-06 0)
(0.000452154 7.79572e-06 0)
(0.00044379 9.78353e-06 0)
(0.000436041 1.1839e-05 0)
(0.000428892 1.39942e-05 0)
(0.000422324 1.62425e-05 0)
(0.000416311 1.855e-05 0)
(0.000410814 2.08673e-05 0)
(0.00157443 -2.25072e-05 0)
(0.00157577 -1.74225e-05 0)
(0.00157809 -1.17299e-05 0)
(0.00158158 -5.95953e-06 0)
(0.0015861 -1.02851e-07 0)
(0.00159132 5.9191e-06 0)
(0.00159719 1.23882e-05 0)
(0.00160385 1.96624e-05 0)
(0.00161115 2.78537e-05 0)
(0.00161867 3.68928e-05 0)
(0.00162617 4.67372e-05 0)
(0.00163363 5.73986e-05 0)
(0.00164105 6.88376e-05 0)
(0.00164839 8.09927e-05 0)
(0.0016555 9.38086e-05 0)
(0.00166218 0.000107206 0)
(0.00166829 0.000121057 0)
(0.00167369 0.000135184 0)
(0.00167817 0.000149419 0)
(0.00168153 0.00016362 0)
(0.00168362 0.000177627 0)
(0.00168431 0.00019125 0)
(0.0016834 0.000204299 0)
(0.00168068 0.000216604 0)
(0.00167592 0.000228004 0)
(0.00166895 0.000238356 0)
(0.00165959 0.000247516 0)
(0.00164773 0.000255349 0)
(0.0016333 0.000261724 0)
(0.00161625 0.000266481 0)
(0.00159665 0.000269439 0)
(0.00157449 0.000270407 0)
(0.00154983 0.000269256 0)
(0.00152281 0.000265946 0)
(0.00149366 0.000260503 0)
(0.00146266 0.000252972 0)
(0.00143006 0.000243434 0)
(0.00139617 0.000232049 0)
(0.0013613 0.000219049 0)
(0.00132587 0.000204703 0)
(0.0012903 0.0001893 0)
(0.00125502 0.000173153 0)
(0.00122042 0.000156568 0)
(0.00118691 0.000139842 0)
(0.00115485 0.000123271 0)
(0.00112453 0.000107121 0)
(0.00109618 9.16393e-05 0)
(0.00106996 7.702e-05 0)
(0.00104597 6.33954e-05 0)
(0.00102429 5.08631e-05 0)
(0.00100498 3.94512e-05 0)
(0.000987989 2.91577e-05 0)
(0.000973169 2.00167e-05 0)
(0.000960449 1.20176e-05 0)
(0.000949774 5.09146e-06 0)
(0.000941079 -8.21355e-07 0)
(0.000934082 -5.8174e-06 0)
(0.000928659 -9.96777e-06 0)
(0.000924589 -1.33552e-05 0)
(0.000921651 -1.6019e-05 0)
(0.000919658 -1.79961e-05 0)
(0.00091845 -1.93065e-05 0)
(0.000917869 -1.99683e-05 0)
(0.000917811 -1.99886e-05 0)
(0.00091816 -1.93641e-05 0)
(0.000918743 -1.80909e-05 0)
(0.000919585 -1.614e-05 0)
(0.000920726 -1.34785e-05 0)
(0.000922011 -1.01724e-05 0)
(0.000923273 -6.29113e-06 0)
(0.000924364 -1.87414e-06 0)
(0.00092507 2.96399e-06 0)
(0.000925492 8.03809e-06 0)
(0.000925691 1.32053e-05 0)
(0.00092537 1.83917e-05 0)
(0.000924245 2.35156e-05 0)
(0.000922166 2.84303e-05 0)
(0.000919163 3.31007e-05 0)
(0.000915398 3.75233e-05 0)
(0.000911042 4.15271e-05 0)
(0.000906182 4.48342e-05 0)
(0.000900592 4.73141e-05 0)
(0.000893867 4.90021e-05 0)
(0.000886028 4.993e-05 0)
(0.000877295 5.01857e-05 0)
(0.000867772 4.98899e-05 0)
(0.000857561 4.91304e-05 0)
(0.000846792 4.79925e-05 0)
(0.000835597 4.65785e-05 0)
(0.000824103 4.50165e-05 0)
(0.00154103 -2.19882e-05 0)
(0.00154367 -2.14207e-05 0)
(0.00154757 -2.01375e-05 0)
(0.00155301 -1.80566e-05 0)
(0.00155988 -1.51257e-05 0)
(0.001568 -1.12094e-05 0)
(0.00157739 -6.17748e-06 0)
(0.00158765 -4.53361e-08 0)
(0.00159819 7.08244e-06 0)
(0.00160883 1.52368e-05 0)
(0.00161968 2.45058e-05 0)
(0.00163065 3.49165e-05 0)
(0.00164149 4.64671e-05 0)
(0.00165213 5.90962e-05 0)
(0.00166253 7.26759e-05 0)
(0.0016725 8.70591e-05 0)
(0.00168188 0.000102101 0)
(0.00169052 0.000117649 0)
(0.00169837 0.000133544 0)
(0.00170538 0.000149641 0)
(0.00171145 0.000165788 0)
(0.00171646 0.0001818 0)
(0.00172032 0.000197489 0)
(0.00172295 0.000212677 0)
(0.00172428 0.000227206 0)
(0.00172422 0.000240924 0)
(0.00172274 0.000253687 0)
(0.0017198 0.000265357 0)
(0.00171533 0.000275793 0)
(0.00170928 0.000284861 0)
(0.00170154 0.000292422 0)
(0.00169199 0.000298338 0)
(0.00168059 0.000302469 0)
(0.00166737 0.000304679 0)
(0.00165236 0.000304846 0)
(0.00163553 0.000302859 0)
(0.0016169 0.000298644 0)
(0.00159659 0.000292166 0)
(0.0015747 0.00028344 0)
(0.00155132 0.000272556 0)
(0.00152658 0.000259685 0)
(0.00150064 0.000245076 0)
(0.00147376 0.000229039 0)
(0.00144623 0.00021191 0)
(0.0014184 0.000194035 0)
(0.00139059 0.000175754 0)
(0.00136315 0.000157388 0)
(0.00133637 0.000139233 0)
(0.00131051 0.000121556 0)
(0.00128584 0.000104597 0)
(0.00126252 8.85518e-05 0)
(0.00124072 7.35681e-05 0)
(0.00122064 5.97705e-05 0)
(0.00120234 4.72593e-05 0)
(0.00118572 3.60804e-05 0)
(0.00117069 2.62036e-05 0)
(0.0011572 1.76033e-05 0)
(0.00114518 1.02593e-05 0)
(0.00113451 4.09493e-06 0)
(0.00112516 -9.6282e-07 0)
(0.00111706 -4.98355e-06 0)
(0.00111007 -8.05329e-06 0)
(0.00110407 -1.0243e-05 0)
(0.00109901 -1.16253e-05 0)
(0.00109484 -1.23084e-05 0)
(0.00109152 -1.23872e-05 0)
(0.00108906 -1.1914e-05 0)
(0.00108731 -1.09772e-05 0)
(0.00108621 -9.67903e-06 0)
(0.00108596 -8.06425e-06 0)
(0.00108669 -6.15373e-06 0)
(0.0010885 -3.96482e-06 0)
(0.00109128 -1.48188e-06 0)
(0.00109489 1.23481e-06 0)
(0.00109939 4.16507e-06 0)
(0.00110463 7.30457e-06 0)
(0.00111041 1.07277e-05 0)
(0.00111666 1.45026e-05 0)
(0.00112334 1.86204e-05 0)
(0.00113037 2.30036e-05 0)
(0.00113759 2.75508e-05 0)
(0.00114484 3.21359e-05 0)
(0.00115209 3.67006e-05 0)
(0.00115928 4.12591e-05 0)
(0.00116626 4.57469e-05 0)
(0.00117286 5.00748e-05 0)
(0.00117884 5.41959e-05 0)
(0.00118408 5.80715e-05 0)
(0.0011885 6.16322e-05 0)
(0.00119202 6.4809e-05 0)
(0.0015414 -3.42847e-05 0)
(0.00154984 -3.59422e-05 0)
(0.00155953 -3.6799e-05 0)
(0.00157056 -3.67448e-05 0)
(0.00158284 -3.56611e-05 0)
(0.00159616 -3.3364e-05 0)
(0.00161012 -2.97638e-05 0)
(0.00162429 -2.48479e-05 0)
(0.00163861 -1.85416e-05 0)
(0.0016531 -1.07399e-05 0)
(0.00166752 -1.4174e-06 0)
(0.00168168 9.34514e-06 0)
(0.00169543 2.14926e-05 0)
(0.00170851 3.50183e-05 0)
(0.00172064 4.99445e-05 0)
(0.00173164 6.62048e-05 0)
(0.00174143 8.3534e-05 0)
(0.00174989 0.000101728 0)
(0.00175693 0.000120574 0)
(0.00176245 0.000139802 0)
(0.00176633 0.000159138 0)
(0.00176848 0.000178322 0)
(0.00176885 0.000197108 0)
(0.00176746 0.000215253 0)
(0.00176435 0.000232532 0)
(0.00175958 0.000248742 0)
(0.00175326 0.000263702 0)
(0.00174554 0.000277253 0)
(0.00173661 0.000289261 0)
(0.00172668 0.00029962 0)
(0.00171595 0.000308261 0)
(0.00170457 0.000315182 0)
(0.00169266 0.000320417 0)
(0.00168032 0.000323978 0)
(0.00166761 0.000325843 0)
(0.00165453 0.000325976 0)
(0.001641 0.000324341 0)
(0.00162688 0.000320887 0)
(0.00161204 0.000315563 0)
(0.00159644 0.000308339 0)
(0.00158009 0.000299214 0)
(0.00156297 0.000288227 0)
(0.00154506 0.000275479 0)
(0.00152634 0.000261144 0)
(0.00150684 0.00024545 0)
(0.00148661 0.000228678 0)
(0.00146575 0.000211139 0)
(0.00144441 0.000193155 0)
(0.00142278 0.000175049 0)
(0.00140107 0.000157111 0)
(0.00137949 0.000139601 0)
(0.00135826 0.000122741 0)
(0.00133756 0.000106686 0)
(0.00131755 9.15357e-05 0)
(0.0012983 7.7376e-05 0)
(0.00127991 6.42906e-05 0)
(0.00126245 5.23557e-05 0)
(0.00124598 4.16053e-05 0)
(0.00123048 3.20813e-05 0)
(0.00121596 2.37742e-05 0)
(0.00120247 1.66491e-05 0)
(0.00119004 1.06363e-05 0)
(0.00117876 5.65464e-06 0)
(0.00116868 1.61095e-06 0)
(0.00115986 -1.61307e-06 0)
(0.00115244 -4.12331e-06 0)
(0.00114654 -6.03593e-06 0)
(0.00114223 -7.44539e-06 0)
(0.00113961 -8.34171e-06 0)
(0.00113877 -8.72247e-06 0)
(0.00113963 -8.64492e-06 0)
(0.00114203 -8.18121e-06 0)
(0.00114589 -7.39744e-06 0)
(0.0011511 -6.27973e-06 0)
(0.00115751 -4.82259e-06 0)
(0.00116505 -3.06676e-06 0)
(0.00117368 -1.00489e-06 0)
(0.00118326 1.36855e-06 0)
(0.00119373 4.03189e-06 0)
(0.00120501 6.92769e-06 0)
(0.00121703 1.00012e-05 0)
(0.0012297 1.32197e-05 0)
(0.00124294 1.65199e-05 0)
(0.00125661 1.98333e-05 0)
(0.00127054 2.31041e-05 0)
(0.00128468 2.62741e-05 0)
(0.00129905 2.93339e-05 0)
(0.00131353 3.22915e-05 0)
(0.00132796 3.51815e-05 0)
(0.00134228 3.80383e-05 0)
(0.00161722 -6.11301e-05 0)
(0.00162548 -6.4951e-05 0)
(0.00163456 -6.78837e-05 0)
(0.00164481 -6.98045e-05 0)
(0.00165637 -7.05175e-05 0)
(0.00166912 -6.98012e-05 0)
(0.00168278 -6.74672e-05 0)
(0.00169709 -6.33308e-05 0)
(0.00171189 -5.72602e-05 0)
(0.001727 -4.92327e-05 0)
(0.00174223 -3.92465e-05 0)
(0.00175753 -2.73071e-05 0)
(0.0017729 -1.34877e-05 0)
(0.00178836 2.13808e-06 0)
(0.00180385 1.94253e-05 0)
(0.0018187 3.81674e-05 0)
(0.0018324 5.83516e-05 0)
(0.00184488 7.99242e-05 0)
(0.00185586 0.000102583 0)
(0.00186504 0.000126026 0)
(0.0018722 0.000149963 0)
(0.00187711 0.000174093 0)
(0.00187955 0.000198098 0)
(0.0018793 0.000221646 0)
(0.00187621 0.000244398 0)
(0.00187017 0.000266018 0)
(0.00186112 0.000286182 0)
(0.0018491 0.000304591 0)
(0.00183419 0.000320973 0)
(0.0018166 0.000335095 0)
(0.00179666 0.00034677 0)
(0.0017748 0.00035585 0)
(0.00175141 0.000362237 0)
(0.0017269 0.000365925 0)
(0.00170171 0.000366997 0)
(0.00167626 0.000365604 0)
(0.001651 0.000361944 0)
(0.00162631 0.000356258 0)
(0.00160247 0.000348813 0)
(0.00157963 0.000339869 0)
(0.00155774 0.000329647 0)
(0.00153674 0.000318321 0)
(0.00151654 0.000306008 0)
(0.00149704 0.00029278 0)
(0.00147811 0.000278689 0)
(0.00145961 0.000263795 0)
(0.00144139 0.000248185 0)
(0.00142332 0.000231983 0)
(0.0014053 0.000215348 0)
(0.00138722 0.000198467 0)
(0.00136903 0.000181548 0)
(0.00135068 0.000164812 0)
(0.00133215 0.000148484 0)
(0.00131347 0.000132783 0)
(0.00129472 0.000117909 0)
(0.00127604 0.00010403 0)
(0.00125757 9.1251e-05 0)
(0.00123952 7.96022e-05 0)
(0.00122214 6.90633e-05 0)
(0.00120569 5.95695e-05 0)
(0.00119041 5.09943e-05 0)
(0.00117651 4.31839e-05 0)
(0.00116421 3.59572e-05 0)
(0.00115372 2.91268e-05 0)
(0.00114521 2.2558e-05 0)
(0.00113877 1.61669e-05 0)
(0.00113446 9.93086e-06 0)
(0.00113238 3.92589e-06 0)
(0.00113253 -1.77263e-06 0)
(0.00113474 -7.09143e-06 0)
(0.00113877 -1.19351e-05 0)
(0.00114445 -1.61779e-05 0)
(0.00115166 -1.9738e-05 0)
(0.00116026 -2.25926e-05 0)
(0.00117007 -2.47355e-05 0)
(0.00118094 -2.6149e-05 0)
(0.00119272 -2.68792e-05 0)
(0.00120528 -2.69819e-05 0)
(0.00121852 -2.65147e-05 0)
(0.00123237 -2.5547e-05 0)
(0.00124678 -2.41559e-05 0)
(0.00126173 -2.24139e-05 0)
(0.00127722 -2.03928e-05 0)
(0.00129321 -1.81522e-05 0)
(0.00130963 -1.57056e-05 0)
(0.00132646 -1.30553e-05 0)
(0.00134368 -1.02272e-05 0)
(0.0013613 -7.2516e-06 0)
(0.00137931 -4.124e-06 0)
(0.00139762 -8.37824e-07 0)
(0.0015791 -6.9295e-05 0)
(0.00157801 -7.59665e-05 0)
(0.00157783 -8.17036e-05 0)
(0.00157933 -8.62684e-05 0)
(0.00158295 -8.94586e-05 0)
(0.00158879 -9.10976e-05 0)
(0.00159669 -9.1041e-05 0)
(0.00160639 -8.91695e-05 0)
(0.0016178 -8.53576e-05 0)
(0.00163087 -7.948e-05 0)
(0.00164557 -7.14345e-05 0)
(0.00166177 -6.11309e-05 0)
(0.00167939 -4.85006e-05 0)
(0.00169808 -3.35656e-05 0)
(0.00171741 -1.64734e-05 0)
(0.00173758 2.65894e-06 0)
(0.0017588 2.38541e-05 0)
(0.00178029 4.69056e-05 0)
(0.00180128 7.16652e-05 0)
(0.00182154 9.79416e-05 0)
(0.00184076 0.000125475 0)
(0.0018585 0.000153995 0)
(0.00187436 0.000183162 0)
(0.00188791 0.000212611 0)
(0.00189874 0.000241946 0)
(0.00190646 0.00027075 0)
(0.00191073 0.000298587 0)
(0.00191124 0.000325008 0)
(0.00190774 0.000349566 0)
(0.00190007 0.000371825 0)
(0.00188809 0.000391366 0)
(0.00187174 0.000407792 0)
(0.00185113 0.000420748 0)
(0.00182657 0.00042998 0)
(0.00179848 0.000435344 0)
(0.00176734 0.000436807 0)
(0.00173374 0.000434463 0)
(0.00169834 0.000428537 0)
(0.00166188 0.000419368 0)
(0.00162516 0.000407385 0)
(0.00158895 0.00039309 0)
(0.00155387 0.000377016 0)
(0.00152035 0.000359673 0)
(0.00148864 0.000341521 0)
(0.00145885 0.00032295 0)
(0.00143093 0.00030428 0)
(0.00140475 0.000285744 0)
(0.00138006 0.000267507 0)
(0.0013566 0.000249692 0)
(0.00133416 0.000232396 0)
(0.00131255 0.000215708 0)
(0.00129172 0.000199695 0)
(0.00127166 0.000184386 0)
(0.00125246 0.00016976 0)
(0.00123421 0.000155742 0)
(0.00121701 0.000142225 0)
(0.00120094 0.000129114 0)
(0.00118608 0.000116332 0)
(0.00117252 0.000103802 0)
(0.00116037 9.14446e-05 0)
(0.00114981 7.91825e-05 0)
(0.00114105 6.6965e-05 0)
(0.00113431 5.47863e-05 0)
(0.00112976 4.26915e-05 0)
(0.00112754 3.07654e-05 0)
(0.00112774 1.91046e-05 0)
(0.00113039 7.80662e-06 0)
(0.00113529 -2.99238e-06 0)
(0.00114207 -1.30698e-05 0)
(0.00115046 -2.22439e-05 0)
(0.00116017 -3.04178e-05 0)
(0.00117082 -3.75482e-05 0)
(0.00118199 -4.36003e-05 0)
(0.0011934 -4.85453e-05 0)
(0.0012049 -5.23664e-05 0)
(0.00121643 -5.50724e-05 0)
(0.00122792 -5.67142e-05 0)
(0.0012394 -5.74217e-05 0)
(0.00125095 -5.73877e-05 0)
(0.00126268 -5.6818e-05 0)
(0.0012747 -5.58924e-05 0)
(0.00128711 -5.47464e-05 0)
(0.00130004 -5.34738e-05 0)
(0.00131359 -5.21373e-05 0)
(0.00132782 -5.07485e-05 0)
(0.00134281 -4.92862e-05 0)
(0.00135863 -4.77177e-05 0)
(0.00137531 -4.59954e-05 0)
(0.00139284 -4.40832e-05 0)
(0.00141121 -4.19399e-05 0)
(0.00130444 -4.82307e-05 0)
(0.00129307 -5.98576e-05 0)
(0.0012837 -7.03906e-05 0)
(0.00127729 -7.9639e-05 0)
(0.00127426 -8.75934e-05 0)
(0.00127467 -9.42107e-05 0)
(0.0012784 -9.93928e-05 0)
(0.00128538 -0.000103032 0)
(0.00129558 -0.000104931 0)
(0.00130901 -0.000104795 0)
(0.00132556 -0.000102385 0)
(0.00134516 -9.7568e-05 0)
(0.00136767 -9.01753e-05 0)
(0.0013929 -7.99554e-05 0)
(0.00142052 -6.67108e-05 0)
(0.00145005 -5.04409e-05 0)
(0.00148093 -3.13568e-05 0)
(0.00151295 -9.63268e-06 0)
(0.0015459 1.4689e-05 0)
(0.00157922 4.14685e-05 0)
(0.00161254 7.0496e-05 0)
(0.00164544 0.000101472 0)
(0.00167742 0.000134086 0)
(0.00170805 0.000167981 0)
(0.00173686 0.000202756 0)
(0.00176339 0.000237967 0)
(0.00178718 0.000273129 0)
(0.00180773 0.000307723 0)
(0.00182461 0.00034121 0)
(0.00183737 0.000373027 0)
(0.0018456 0.000402604 0)
(0.00184898 0.000429404 0)
(0.00184728 0.000452933 0)
(0.00184039 0.000472723 0)
(0.00182826 0.000488352 0)
(0.00181096 0.00049948 0)
(0.00178874 0.000505874 0)
(0.00176196 0.000507437 0)
(0.00173114 0.000504216 0)
(0.00169683 0.000496409 0)
(0.00165968 0.000484372 0)
(0.00162041 0.00046861 0)
(0.00157987 0.000449772 0)
(0.00153892 0.000428616 0)
(0.00149843 0.00040593 0)
(0.00145916 0.000382469 0)
(0.0014218 0.000358892 0)
(0.00138687 0.000335706 0)
(0.00135476 0.000313227 0)
(0.00132562 0.000291594 0)
(0.00129946 0.000270777 0)
(0.0012761 0.000250638 0)
(0.00125526 0.000231024 0)
(0.00123652 0.000211866 0)
(0.00121944 0.000193207 0)
(0.00120368 0.000175147 0)
(0.00118914 0.000157756 0)
(0.001176 0.000141012 0)
(0.00116466 0.000124779 0)
(0.00115559 0.000108842 0)
(0.00114918 9.29548e-05 0)
(0.00114566 7.68945e-05 0)
(0.00114505 6.05171e-05 0)
(0.00114719 4.38044e-05 0)
(0.00115165 2.68594e-05 0)
(0.00115781 9.89146e-06 0)
(0.00116512 -6.72897e-06 0)
(0.00117333 -2.24099e-05 0)
(0.00118212 -3.63138e-05 0)
(0.00119079 -4.76994e-05 0)
(0.00119874 -5.62773e-05 0)
(0.0012057 -6.23991e-05 0)
(0.00121167 -6.67378e-05 0)
(0.00121665 -6.99055e-05 0)
(0.00122073 -7.22844e-05 0)
(0.00122402 -7.40701e-05 0)
(0.00122663 -7.53849e-05 0)
(0.00122859 -7.63101e-05 0)
(0.00123005 -7.69234e-05 0)
(0.00123135 -7.73231e-05 0)
(0.00123292 -7.76191e-05 0)
(0.0012352 -7.79106e-05 0)
(0.00123861 -7.82744e-05 0)
(0.00124347 -7.87586e-05 0)
(0.00125003 -7.93742e-05 0)
(0.00125849 -8.00942e-05 0)
(0.00126893 -8.08614e-05 0)
(0.00128143 -8.15969e-05 0)
(0.00129596 -8.22029e-05 0)
(0.00131249 -8.25691e-05 0)
(0.000874213 -1.65539e-05 0)
(0.000862262 -3.42209e-05 0)
(0.000853637 -5.12541e-05 0)
(0.000848558 -6.76188e-05 0)
(0.000847386 -8.33099e-05 0)
(0.000850364 -9.81784e-05 0)
(0.000857547 -0.00011193 0)
(0.000868879 -0.000124192 0)
(0.000884245 -0.000134559 0)
(0.000903495 -0.000142596 0)
(0.000926442 -0.000147891 0)
(0.000952847 -0.00015013 0)
(0.000982407 -0.000149118 0)
(0.0010148 -0.000144724 0)
(0.00104971 -0.000136823 0)
(0.00108686 -0.000125303 0)
(0.0011259 -0.000110091 0)
(0.00116648 -9.11728e-05 0)
(0.00120824 -6.87489e-05 0)
(0.00125081 -4.30337e-05 0)
(0.00129379 -1.42422e-05 0)
(0.00133684 1.73405e-05 0)
(0.00137968 5.14253e-05 0)
(0.00142194 8.76662e-05 0)
(0.00146321 0.000125698 0)
(0.00150313 0.000165152 0)
(0.00154129 0.000205558 0)
(0.0015773 0.000246402 0)
(0.00161074 0.000287152 0)
(0.00164114 0.000327229 0)
(0.00166808 0.000366029 0)
(0.00169111 0.000402934 0)
(0.00170983 0.000437308 0)
(0.00172384 0.000468508 0)
(0.00173281 0.000495914 0)
(0.00173649 0.000518964 0)
(0.00173474 0.000537174 0)
(0.00172751 0.000550156 0)
(0.00171494 0.000557652 0)
(0.00169732 0.000559561 0)
(0.00167513 0.000555962 0)
(0.00164901 0.000547121 0)
(0.00161968 0.000533473 0)
(0.00158791 0.000515585 0)
(0.00155448 0.000494122 0)
(0.00152012 0.000469796 0)
(0.00148542 0.000443328 0)
(0.00145087 0.000415406 0)
(0.00141688 0.000386664 0)
(0.00138383 0.000357676 0)
(0.00135208 0.000329034 0)
(0.00132184 0.000301401 0)
(0.00129338 0.000275441 0)
(0.00126707 0.000251626 0)
(0.00124349 0.000229962 0)
(0.00122334 0.000209843 0)
(0.00120733 0.000190183 0)
(0.00119589 0.000169846 0)
(0.00118891 0.000148089 0)
(0.00118573 0.00012478 0)
(0.00118525 0.000100292 0)
(0.00118625 7.53093e-05 0)
(0.00118777 5.0783e-05 0)
(0.00118926 2.7869e-05 0)
(0.00119052 7.56288e-06 0)
(0.00119162 -9.79379e-06 0)
(0.00119287 -2.4627e-05 0)
(0.00119453 -3.7488e-05 0)
(0.00119644 -4.84779e-05 0)
(0.00119766 -5.73805e-05 0)
(0.00119634 -6.41266e-05 0)
(0.00119054 -6.88376e-05 0)
(0.00117941 -7.16973e-05 0)
(0.00116336 -7.27038e-05 0)
(0.00114362 -7.17964e-05 0)
(0.00112169 -6.92444e-05 0)
(0.00109916 -6.57685e-05 0)
(0.00107746 -6.23254e-05 0)
(0.0010577 -5.98057e-05 0)
(0.00104063 -5.88122e-05 0)
(0.00102678 -5.96855e-05 0)
(0.00101649 -6.24462e-05 0)
(0.00100995 -6.68774e-05 0)
(0.00100722 -7.26395e-05 0)
(0.00100826 -7.93485e-05 0)
(0.00101294 -8.66292e-05 0)
(0.0010211 -9.41431e-05 0)
(0.00103254 -0.000101595 0)
(0.00104704 -0.000108732 0)
(0.00106441 -0.000115339 0)
(0.000435613 7.66629e-06 0)
(0.000429135 -1.65091e-05 0)
(0.00042531 -4.16163e-05 0)
(0.000424853 -6.7008e-05 0)
(0.000428249 -9.21189e-05 0)
(0.000435741 -0.000116427 0)
(0.0004473 -0.000139446 0)
(0.000462909 -0.000160679 0)
(0.000482489 -0.000179654 0)
(0.000505973 -0.000195889 0)
(0.000533238 -0.000208947 0)
(0.000564131 -0.000218441 0)
(0.000598437 -0.000224055 0)
(0.000635878 -0.000225554 0)
(0.000676132 -0.000222772 0)
(0.000718841 -0.000215611 0)
(0.00076363 -0.000204047 0)
(0.000810122 -0.000188126 0)
(0.000857939 -0.00016796 0)
(0.000906698 -0.000143745 0)
(0.000956025 -0.000115748 0)
(0.00100558 -8.42442e-05 0)
(0.00105509 -4.95443e-05 0)
(0.00110429 -1.19763e-05 0)
(0.001153 2.81002e-05 0)
(0.00120086 7.02243e-05 0)
(0.00124744 0.000113958 0)
(0.00129256 0.0001589 0)
(0.00133595 0.000204618 0)
(0.0013773 0.000250543 0)
(0.00141626 0.000296111 0)
(0.00145247 0.000340719 0)
(0.00148554 0.00038371 0)
(0.00151506 0.000424393 0)
(0.00154064 0.000462061 0)
(0.00156191 0.00049602 0)
(0.00157857 0.000525608 0)
(0.00159035 0.000550226 0)
(0.00159709 0.000569372 0)
(0.0015987 0.000582664 0)
(0.00159519 0.000589855 0)
(0.00158665 0.000590854 0)
(0.00157327 0.000585743 0)
(0.00155537 0.000574803 0)
(0.00153344 0.000558564 0)
(0.00150819 0.000537802 0)
(0.00148045 0.000513467 0)
(0.00145127 0.000486632 0)
(0.00142166 0.000458392 0)
(0.00139259 0.000429715 0)
(0.00136501 0.000401267 0)
(0.00133981 0.000373225 0)
(0.0013179 0.000345175 0)
(0.00129992 0.000316254 0)
(0.00128599 0.000285555 0)
(0.00127537 0.000252634 0)
(0.00126659 0.000217929 0)
(0.00125788 0.000182884 0)
(0.00124798 0.000149631 0)
(0.00123666 0.000120211 0)
(0.00122481 9.56417e-05 0)
(0.00121415 7.53918e-05 0)
(0.0012066 5.77637e-05 0)
(0.00120305 4.09143e-05 0)
(0.00120232 2.3453e-05 0)
(0.00120072 4.4515e-06 0)
(0.00119327 -1.58825e-05 0)
(0.00117623 -3.46216e-05 0)
(0.00114845 -4.64883e-05 0)
(0.00111116 -4.72185e-05 0)
(0.00106708 -3.67831e-05 0)
(0.0010189 -1.93228e-05 0)
(0.000969003 -5.37367e-07 0)
(0.000920015 1.47658e-05 0)
(0.000874244 2.39317e-05 0)
(0.000833378 2.64125e-05 0)
(0.000798567 2.2962e-05 0)
(0.000770425 1.48075e-05 0)
(0.000749128 3.19493e-06 0)
(0.000734313 -1.07634e-05 0)
(0.000725352 -2.63446e-05 0)
(0.000721704 -4.28977e-05 0)
(0.000722737 -5.98898e-05 0)
(0.000727814 -7.68914e-05 0)
(0.000736363 -9.35641e-05 0)
(0.000747897 -0.000109645 0)
(0.000762015 -0.000124936 0)
(0.000778399 -0.000139292 0)
(0.000796806 -0.000152607 0)
(0.000817066 -0.000164799 0)
(2.67366e-05 2.42726e-05 0)
(2.10278e-05 -7.73409e-06 0)
(1.75197e-05 -4.0371e-05 0)
(1.76416e-05 -7.32259e-05 0)
(2.1212e-05 -0.000106025 0)
(2.87651e-05 -0.000138351 0)
(4.03066e-05 -0.000169696 0)
(5.61603e-05 -0.000199458 0)
(7.62902e-05 -0.000227067 0)
(0.000100816 -0.000251908 0)
(0.000129635 -0.000273447 0)
(0.000162688 -0.000291133 0)
(0.00019977 -0.000304502 0)
(0.00024065 -0.000313174 0)
(0.000285025 -0.000316848 0)
(0.000332504 -0.000315296 0)
(0.000382663 -0.000308446 0)
(0.000435058 -0.000296366 0)
(0.00048924 -0.000279108 0)
(0.000544707 -0.00025688 0)
(0.000600964 -0.00022998 0)
(0.000657543 -0.000198773 0)
(0.00071399 -0.00016369 0)
(0.000769922 -0.000125157 0)
(0.000825016 -8.3604e-05 0)
(0.000879087 -3.94999e-05 0)
(0.000932104 6.73102e-06 0)
(0.000983949 5.46447e-05 0)
(0.00103425 0.000103726 0)
(0.0010828 0.000153544 0)
(0.0011296 0.000203568 0)
(0.00117443 0.000253335 0)
(0.00121705 0.000302288 0)
(0.00125717 0.000349808 0)
(0.00129448 0.000395233 0)
(0.00132864 0.00043786 0)
(0.00135931 0.000476963 0)
(0.00138612 0.000511825 0)
(0.00140878 0.000541772 0)
(0.00142705 0.000566221 0)
(0.0014408 0.000584719 0)
(0.00145004 0.000596969 0)
(0.00145497 0.000602859 0)
(0.00145595 0.000602462 0)
(0.00145345 0.000596013 0)
(0.00144793 0.000583868 0)
(0.00143987 0.000566473 0)
(0.00142974 0.000544279 0)
(0.00141797 0.000517672 0)
(0.00140487 0.000486971 0)
(0.00139058 0.000452445 0)
(0.00137502 0.000414503 0)
(0.00135787 0.000374152 0)
(0.0013387 0.000333451 0)
(0.00131727 0.000295417 0)
(0.00129387 0.000263028 0)
(0.00126966 0.000237604 0)
(0.00124684 0.000217644 0)
(0.00122813 0.000199155 0)
(0.0012157 0.000177357 0)
(0.00120938 0.000148616 0)
(0.00120563 0.000111928 0)
(0.00119832 7.05956e-05 0)
(0.00118136 3.32281e-05 0)
(0.00115104 1.09873e-05 0)
(0.00110627 1.12636e-05 0)
(0.00104804 3.27687e-05 0)
(0.000979478 6.59896e-05 0)
(0.000905199 9.91642e-05 0)
(0.000830704 0.000124304 0)
(0.000761393 0.000138686 0)
(0.000701406 0.000142881 0)
(0.000652781 0.000138577 0)
(0.00061554 0.000127391 0)
(0.000588625 0.00011078 0)
(0.000570681 9.01444e-05 0)
(0.000560343 6.67816e-05 0)
(0.000556406 4.18227e-05 0)
(0.00055792 1.60483e-05 0)
(0.00056364 -1.00447e-05 0)
(0.00057254 -3.57688e-05 0)
(0.00058413 -6.06957e-05 0)
(0.000597807 -8.45434e-05 0)
(0.000613026 -0.000107121 0)
(0.000629315 -0.000128315 0)
(0.000646278 -0.000148079 0)
(0.000663601 -0.000166417 0)
(0.000681057 -0.000183371 0)
(0.000698514 -0.000199007 0)
(0.000715931 -0.000213402 0)
(-0.000341877 4.22297e-05 0)
(-0.000346614 3.83474e-06 0)
(-0.000350552 -3.60128e-05 0)
(-0.000350151 -7.73071e-05 0)
(-0.000347038 -0.000119184 0)
(-0.000339553 -0.000161142 0)
(-0.000328439 -0.000202359 0)
(-0.000312951 -0.000242122 0)
(-0.000293493 -0.000279745 0)
(-0.000269656 -0.000314447 0)
(-0.000241642 -0.000345601 0)
(-0.000209334 -0.000372526 0)
(-0.000172892 -0.000394663 0)
(-0.000132318 -0.000411494 0)
(-8.77729e-05 -0.000422613 0)
(-3.95353e-05 -0.000427702 0)
(1.19633e-05 -0.000426551 0)
(6.64867e-05 -0.000419083 0)
(0.000123707 -0.000405331 0)
(0.000182989 -0.000385479 0)
(0.000243796 -0.000359815 0)
(0.000305518 -0.000328741 0)
(0.000367601 -0.000292871 0)
(0.000429546 -0.000252733 0)
(0.000490873 -0.000208904 0)
(0.000551104 -0.000162 0)
(0.000609919 -0.000112657 0)
(0.000667005 -6.15062e-05 0)
(0.000722304 -9.12265e-06 0)
(0.000775769 4.40808e-05 0)
(0.000827453 9.77115e-05 0)
(0.000877477 0.000151262 0)
(0.000925679 0.000204209 0)
(0.000972005 0.000255969 0)
(0.00101637 0.000305977 0)
(0.00105861 0.000353619 0)
(0.00109854 0.000398253 0)
(0.00113594 0.000439223 0)
(0.00117056 0.000475876 0)
(0.00120214 0.000507587 0)
(0.00123038 0.000533787 0)
(0.001255 0.000553985 0)
(0.00127571 0.000567797 0)
(0.00129225 0.000574968 0)
(0.00130439 0.000575403 0)
(0.00131201 0.000569255 0)
(0.0013151 0.000556982 0)
(0.00131375 0.000539379 0)
(0.00130814 0.000517629 0)
(0.00129863 0.00049325 0)
(0.00128578 0.00046788 0)
(0.00127043 0.000442957 0)
(0.00125376 0.000419275 0)
(0.00123733 0.000396441 0)
(0.00122297 0.000372517 0)
(0.00121243 0.000344251 0)
(0.00120661 0.00030815 0)
(0.00120434 0.0002624 0)
(0.00120172 0.000209316 0)
(0.00119265 0.000157104 0)
(0.00117051 0.000118552 0)
(0.00113035 0.000105217 0)
(0.00107075 0.000119911 0)
(0.000994121 0.0001544 0)
(0.000906603 0.000194976 0)
(0.000817279 0.000230194 0)
(0.000734865 0.000254304 0)
(0.000664762 0.000265751 0)
(0.000608911 0.000265198 0)
(0.000566992 0.000254518 0)
(0.000537528 0.000236078 0)
(0.000518839 0.00021209 0)
(0.000509442 0.000184174 0)
(0.000508039 0.000153466 0)
(0.000513407 0.000120872 0)
(0.000524389 8.71704e-05 0)
(0.000539939 5.31284e-05 0)
(0.000558817 1.94318e-05 0)
(0.000579752 -1.32803e-05 0)
(0.000602459 -4.45476e-05 0)
(0.000626651 -7.39023e-05 0)
(0.000651383 -0.000101087 0)
(0.000675964 -0.000125966 0)
(0.000699794 -0.000148512 0)
(0.000722334 -0.000168794 0)
(0.000743123 -0.000186964 0)
(0.00076178 -0.000203243 0)
(0.000778018 -0.000217905 0)
(0.000791657 -0.000231249 0)
(0.000802629 -0.00024358 0)
(-0.000576617 5.49182e-05 0)
(-0.000578892 9.63609e-06 0)
(-0.00057692 -3.77283e-05 0)
(-0.000573849 -8.69185e-05 0)
(-0.000568342 -0.000136951 0)
(-0.00056042 -0.000187185 0)
(-0.000550354 -0.000236842 0)
(-0.000537486 -0.000285154 0)
(-0.00052223 -0.000331469 0)
(-0.000503989 -0.000374946 0)
(-0.000482927 -0.000414969 0)
(-0.000458606 -0.000450771 0)
(-0.000430961 -0.000481736 0)
(-0.000399698 -0.000507237 0)
(-0.000364682 -0.000526744 0)
(-0.000325737 -0.000539788 0)
(-0.000282827 -0.000545984 0)
(-0.000235977 -0.000545037 0)
(-0.000185334 -0.000536866 0)
(-0.000131183 -0.000521492 0)
(-7.39187e-05 -0.000499093 0)
(-1.42845e-05 -0.000470008 0)
(4.71963e-05 -0.00043471 0)
(0.000110056 -0.000393805 0)
(0.000173548 -0.000347971 0)
(0.000236979 -0.000297964 0)
(0.000299729 -0.000244575 0)
(0.000361326 -0.00018876 0)
(0.000421398 -0.000131183 0)
(0.00047968 -7.26115e-05 0)
(0.000535788 -1.36667e-05 0)
(0.000589492 4.49901e-05 0)
(0.00064076 0.000102807 0)
(0.000689705 0.00015939 0)
(0.000736459 0.000214351 0)
(0.000781021 0.000267042 0)
(0.000823415 0.000316857 0)
(0.000863614 0.000363226 0)
(0.000901518 0.000405594 0)
(0.00093697 0.000443431 0)
(0.000969778 0.00047626 0)
(0.000999737 0.000503689 0)
(0.00102666 0.000525448 0)
(0.00105042 0.000541407 0)
(0.00107097 0.000551596 0)
(0.00108838 0.000556196 0)
(0.00110288 0.000555482 0)
(0.00111488 0.000549742 0)
(0.00112491 0.000539157 0)
(0.0011336 0.000523644 0)
(0.00114159 0.000502764 0)
(0.00114941 0.000475774 0)
(0.00115715 0.000441918 0)
(0.00116401 0.000401059 0)
(0.0011679 0.000354736 0)
(0.00116535 0.000307372 0)
(0.00115186 0.000266616 0)
(0.0011229 0.000241449 0)
(0.00107523 0.000237998 0)
(0.00100867 0.000255625 0)
(0.00092761 0.000286854 0)
(0.000840302 0.000321509 0)
(0.000755758 0.000351089 0)
(0.000681025 0.000370601 0)
(0.000620021 0.000378416 0)
(0.00057375 0.000375185 0)
(0.000541502 0.000362422 0)
(0.000521911 0.000341638 0)
(0.000513486 0.000314147 0)
(0.000514713 0.000281129 0)
(0.000524142 0.000243789 0)
(0.000540436 0.000203385 0)
(0.000562394 0.00016111 0)
(0.000588891 0.000118036 0)
(0.000618854 7.51476e-05 0)
(0.000651406 3.33107e-05 0)
(0.000685743 -6.77448e-06 0)
(0.000721256 -4.45793e-05 0)
(0.000757441 -7.95423e-05 0)
(0.000793551 -0.000111125 0)
(0.00082894 -0.00013922 0)
(0.000863104 -0.000163733 0)
(0.00089559 -0.000184645 0)
(0.000925982 -0.000202022 0)
(0.000953885 -0.000216023 0)
(0.000978907 -0.000226901 0)
(0.00100065 -0.000235011 0)
(0.0010187 -0.00024082 0)
(0.00103266 -0.000244901 0)
(0.00104213 -0.000247929 0)
(-0.000575226 5.10584e-05 0)
(-0.000569945 2.36258e-06 0)
(-0.000562062 -4.86084e-05 0)
(-0.000554335 -0.000101199 0)
(-0.000545969 -0.000154751 0)
(-0.000537309 -0.00020838 0)
(-0.000528669 -0.000261665 0)
(-0.000519882 -0.000313704 0)
(-0.000511141 -0.000364094 0)
(-0.000502244 -0.000412053 0)
(-0.00049308 -0.00045707 0)
(-0.000483333 -0.000498492 0)
(-0.000472632 -0.000535734 0)
(-0.000460482 -0.000568195 0)
(-0.000446323 -0.00059528 0)
(-0.000429552 -0.000616433 0)
(-0.000409541 -0.000631136 0)
(-0.00038572 -0.000638925 0)
(-0.000357627 -0.000639458 0)
(-0.000324944 -0.000632498 0)
(-0.000287558 -0.000617956 0)
(-0.000245524 -0.0005959 0)
(-0.000199085 -0.000566486 0)
(-0.000148635 -0.000530172 0)
(-9.47009e-05 -0.000487516 0)
(-3.79033e-05 -0.000439224 0)
(2.0673e-05 -0.000386117 0)
(8.04187e-05 -0.000329084 0)
(0.000140897 -0.00026903 0)
(0.000201258 -0.000206882 5.22836e-38)
(0.000260902 -0.000143548 0)
(0.000319386 -7.9903e-05 0)
(0.000376469 -1.67228e-05 0)
(0.000432064 4.52914e-05 0)
(0.000485525 0.000105329 0)
(0.000536395 0.000162839 0)
(0.000584937 0.000217313 0)
(0.000631305 0.000268394 0)
(0.000675584 0.00031557 0)
(0.000717848 0.000358334 0)
(0.000758148 0.000396212 0)
(0.000796517 0.00042876 0)
(0.00083296 0.000455577 0)
(0.000867446 0.000476312 0)
(0.000899906 0.000490671 0)
(0.000930211 0.000498434 0)
(0.000958122 0.000499483 0)
(0.000983231 0.000493848 0)
(0.00100491 0.000481818 0)
(0.00102223 0.000464115 0)
(0.0010339 0.000442152 0)
(0.00103815 0.000418291 0)
(0.00103282 0.000395948 0)
(0.00101566 0.000379248 0)
(0.000984941 0.000371999 0)
(0.000940187 0.000376216 0)
(0.000882993 0.000390979 -1.69963e-39)
(0.000817353 0.000412485 0)
(0.000749109 0.000435464 0)
(0.000684437 0.000455018 0)
(0.000628274 0.000467807 0)
(0.000583558 0.000472163 0)
(0.000551389 0.000467629 5.25425e-39)
(0.000531664 0.000454409 0)
(0.000523603 0.000432961 0)
(0.000526026 0.000403974 -8.46753e-39)
(0.00053756 0.000368408 0)
(0.000556802 0.000327424 -1.05505e-38)
(0.000582401 0.000282269 0)
(0.000613069 0.0002342 0)
(0.000647631 0.000184441 1.27842e-38)
(0.000685029 0.000134129 0)
(0.000724333 8.42544e-05 0)
(0.000764881 3.56874e-05 0)
(0.000806126 -1.08515e-05 0)
(0.000847383 -5.47235e-05 0)
(0.000887978 -9.54114e-05 1.24722e-38)
(0.000927543 -0.000132516 0)
(0.00096584 -0.000165833 0)
(0.00100264 -0.000195225 0)
(0.00103776 -0.000220571 0)
(0.00107104 -0.000241802 0)
(0.00110236 -0.000258903 0)
(0.00113161 -0.000271908 0)
(0.00115872 -0.000280896 0)
(0.0011836 -0.000285995 0)
(0.00120615 -0.000287373 0)
(0.00122625 -0.000285234 4.33201e-39)
(0.00124375 -0.000279836 0)
(0.00125839 -0.000271511 0)
(-0.000320872 2.75139e-05 0)
(-0.000303361 -1.98525e-05 0)
(-0.000289232 -6.9794e-05 0)
(-0.000273393 -0.000120034 0)
(-0.000259618 -0.000170777 0)
(-0.000246594 -0.000221144 0)
(-0.000235639 -0.000270696 0)
(-0.00022665 -0.000319016 0)
(-0.000220177 -0.00036561 0)
(-0.000216413 -0.000410198 0)
(-0.000215622 -0.000452419 0)
(-0.000217857 -0.000492024 0)
(-0.00022306 -0.000528722 0)
(-0.000230945 -0.000562244 0)
(-0.000240969 -0.000592202 0)
(-0.000252403 -0.000618168 0)
(-0.000264255 -0.000639618 0)
(-0.000275386 -0.000655934 0)
(-0.000284561 -0.000666508 0)
(-0.000290532 -0.000670735 0)
(-0.00029216 -0.000668089 0)
(-0.000288509 -0.000658197 0)
(-0.000278905 -0.000640827 0)
(-0.000262971 -0.000615953 0)
(-0.000240624 -0.000583789 0)
(-0.000212034 -0.000544753 0)
(-0.000177644 -0.000499483 0)
(-0.000138058 -0.000448619 0)
(-9.39746e-05 -0.000393122 0)
(-4.61688e-05 -0.000333943 -5.22836e-38)
(4.34413e-06 -0.000272081 0)
(5.67508e-05 -0.00020852 0)
(0.000110366 -0.00014426 0)
(0.000164281 -8.02845e-05 0)
(0.000218165 -1.75673e-05 0)
(0.000271682 4.31956e-05 0)
(0.000324588 0.000101281 0)
(0.00037647 0.000155823 0)
(0.000426664 0.000206278 0)
(0.0004749 0.000252324 0)
(0.000520908 0.000293608 0)
(0.00056437 0.00032982 0)
(0.000604897 0.000360735 0)
(0.000642013 0.000386268 0)
(0.000675136 0.000406515 0)
(0.000703571 0.000421806 0)
(0.000726509 0.000432763 0)
(0.00074307 0.000440345 0)
(0.000752366 0.000445831 0)
(0.000753611 0.00045071 0)
(0.000746269 0.000456466 0)
(0.000730274 0.000464282 0)
(0.000706264 0.000474715 0)
(0.000675766 0.000487463 0)
(0.000641212 0.000501373 0)
(0.000605694 0.000514696 0)
(0.000572448 0.000525508 1.69963e-39)
(0.000544344 0.000532107 0)
(0.000523561 0.000533182 0)
(0.000511495 0.000527777 0)
(0.000508722 0.000515254 0)
(0.00051512 0.000495321 0)
(0.000530028 0.000468115 -5.25425e-39)
(0.000552471 0.000434167 0)
(0.000581332 0.000394296 0)
(0.000615451 0.000349496 8.46753e-39)
(0.000653693 0.000300855 0)
(0.000694993 0.000249497 1.05505e-38)
(0.000738372 0.000196523 0)
(0.000782991 0.000142947 0)
(0.000828102 8.97271e-05 -1.27842e-38)
(0.00087302 3.76952e-05 0)
(0.000917225 -1.24032e-05 0)
(0.000960249 -5.99255e-05 0)
(0.00100172 -0.000104413 0)
(0.00104144 -0.000145527 0)
(0.00107924 -0.000182944 -1.24722e-38)
(0.00111495 -0.000216386 0)
(0.00114846 -0.000245672 0)
(0.00117966 -0.000270694 0)
(0.00120845 -0.000291417 0)
(0.00123477 -0.000307878 0)
(0.00125856 -0.000320186 0)
(0.00127981 -0.000328513 0)
(0.00129853 -0.000333089 0)
(0.00131478 -0.00033419 0)
(0.00132867 -0.000332127 0)
(0.00134035 -0.000327224 -4.33201e-39)
(0.00135003 -0.000319773 0)
(4.45814e-05 -1.1929e-05 0)
(6.7448e-05 -5.87499e-05 0)
(8.76678e-05 -0.000105869 0)
(0.000107734 -0.000153081 0)
(0.000127296 -0.000199705 0)
(0.000145656 -0.000245246 0)
(0.000162753 -0.000289039 0)
(0.000178111 -0.000330464 0)
(0.000191326 -0.000369 0)
(0.000201838 -0.000404265 0)
(0.000208965 -0.000436095 0)
(0.000212011 -0.000464493 0)
(0.00021018 -0.000489704 0)
(0.0002027 -0.000512117 0)
(0.000189052 -0.000532236 0)
(0.000168895 -0.000550546 0)
(0.000142333 -0.000567359 0)
(0.000109977 -0.000582701 0)
(7.29171e-05 -0.000596215 0)
(3.28353e-05 -0.000607194 0)
(-8.32957e-06 -0.000614682 0)
(-4.84651e-05 -0.000617625 0)
(-8.54758e-05 -0.000615021 0)
(-0.000117593 -0.000606043 0)
(-0.000143441 -0.000590177 0)
(-0.000162053 -0.000567205 0)
(-0.000172914 -0.000537213 0)
(-0.00017591 -0.000500564 0)
(-0.000171246 -0.000457873 0)
(-0.000159396 -0.000409881 0)
(-0.000141007 -0.000357555 0)
(-0.000116838 -0.000301688 0)
(-8.77476e-05 -0.000243305 0)
(-5.46339e-05 -0.000183354 0)
(-1.83335e-05 -0.000122707 0)
(2.01514e-05 -6.23709e-05 0)
(5.96422e-05 -3.13322e-06 0)
(9.95473e-05 5.41715e-05 0)
(0.000139907 0.000108788 0)
(0.000180074 0.00016017 0)
(0.000219107 0.000208015 0)
(0.000256258 0.00025208 0)
(0.000290858 0.000292249 0)
(0.0003223 0.000328546 0)
(0.000350044 0.000361133 0)
(0.000373645 0.000390295 0)
(0.000392793 0.000416406 0)
(0.000407368 0.000439878 0)
(0.000417506 0.000461077 0)
(0.00042364 0.000480252 0)
(0.000426548 0.000497462 0)
(0.000427333 0.000512554 0)
(0.000427382 0.000525153 0)
(0.000428255 0.000534724 0)
(0.00043154 0.000540604 0)
(0.000438665 0.000542074 0)
(0.00045075 0.000538414 0)
(0.000468502 0.000529009 0)
(0.000492184 0.000513448 0)
(0.000521682 0.00049156 0)
(0.00055657 0.000463439 0)
(0.000596205 0.000429436 0)
(0.00063979 0.000390135 0)
(0.00068649 0.000346297 0)
(0.000735431 0.000298806 0)
(0.00078579 0.000248582 0)
(0.000836811 0.000196572 0)
(0.000887824 0.000143657 0)
(0.000938236 9.07348e-05 0)
(0.000987583 3.85881e-05 0)
(0.00103548 -1.21164e-05 0)
(0.00108163 -6.08035e-05 0)
(0.00112585 -0.000106962 0)
(0.0011679 -0.000150153 0)
(0.00120761 -0.000189963 0)
(0.00124483 -0.000226054 0)
(0.00127943 -0.000258153 0)
(0.00131129 -0.000286044 0)
(0.00134029 -0.000309572 0)
(0.00136633 -0.000328641 0)
(0.00138934 -0.000343217 0)
(0.00140924 -0.000353326 0)
(0.00142602 -0.000359064 0)
(0.00143968 -0.000360601 0)
(0.00145027 -0.00035819 0)
(0.00145789 -0.000352153 0)
(0.00146265 -0.00034289 0)
(0.0014647 -0.000330887 0)
(0.00146419 -0.000316703 0)
(0.000402987 -5.94666e-05 0)
(0.000422096 -0.000108334 0)
(0.000441195 -0.00015758 0)
(0.000459807 -0.000205676 0)
(0.000477763 -0.000252064 0)
(0.000495146 -0.000296556 0)
(0.000511811 -0.000338799 0)
(0.000527562 -0.000378112 0)
(0.000542172 -0.000413667 0)
(0.00055541 -0.000444681 0)
(0.000567048 -0.000470532 0)
(0.000576746 -0.000490753 0)
(0.000584069 -0.000505143 0)
(0.000588411 -0.000513786 0)
(0.000588935 -0.000517094 0)
(0.000584649 -0.000515892 0)
(0.000574377 -0.000511359 0)
(0.000556907 -0.000505017 0)
(0.000531191 -0.000498474 0)
(0.000496594 -0.000493115 0)
(0.000453193 -0.000489744 0)
(0.000401939 -0.00048833 0)
(0.000344661 -0.00048804 0)
(0.000283893 -0.000487427 0)
(0.000222381 -0.000484718 0)
(0.000162903 -0.000478194 0)
(0.00010789 -0.000466511 0)
(5.91021e-05 -0.000448851 0)
(1.7794e-05 -0.000424915 0)
(-1.55166e-05 -0.000394837 0)
(-4.05624e-05 -0.000359075 0)
(-5.73356e-05 -0.000318302 0)
(-6.63927e-05 -0.000273309 0)
(-6.83196e-05 -0.000224953 0)
(-6.3808e-05 -0.000174103 0)
(-5.36048e-05 -0.000121646 0)
(-3.84594e-05 -6.83475e-05 0)
(-1.96723e-05 -1.48155e-05 0)
(1.74608e-06 3.82836e-05 0)
(2.54597e-05 9.00487e-05 0)
(5.09207e-05 0.000139795 0)
(7.73871e-05 0.000187031 0)
(0.00010432 0.00023139 0)
(0.000131272 0.00027261 0)
(0.000157916 0.000310513 0)
(0.000184056 0.000344987 0)
(0.000209654 0.000375954 0)
(0.000234826 0.000403352 0)
(0.000259849 0.000427106 0)
(0.000285153 0.0004471 0)
(0.000311282 0.000463169 0)
(0.000338862 0.000475088 0)
(0.00036854 0.000482584 0)
(0.000400928 0.000485342 0)
(0.00043653 0.000483038 0)
(0.000475671 0.000475385 0)
(0.000518476 0.000462164 0)
(0.00056484 0.000443289 0)
(0.000614476 0.000418826 0)
(0.000666931 0.000389028 0)
(0.000721643 0.000354312 0)
(0.000777995 0.00031523 0)
(0.000835337 0.000272439 0)
(0.000893035 0.000226663 0)
(0.00095045 0.000178666 0)
(0.00100706 0.000129236 0)
(0.00106235 7.91535e-05 0)
(0.00111601 2.91625e-05 0)
(0.00116781 -2.01035e-05 0)
(0.00121732 -6.80261e-05 0)
(0.00126426 -0.000114043 0)
(0.00130841 -0.000157632 0)
(0.00134958 -0.000198349 0)
(0.00138758 -0.000235789 0)
(0.00142221 -0.000269587 0)
(0.00145333 -0.000299438 0)
(0.00148081 -0.000325099 0)
(0.00150456 -0.000346392 0)
(0.00152456 -0.000363214 0)
(0.0015408 -0.00037554 0)
(0.00155337 -0.000383424 0)
(0.00156239 -0.000387 0)
(0.00156803 -0.000386473 0)
(0.00157054 -0.000382113 0)
(0.00157016 -0.000374248 0)
(0.0015672 -0.000363242 0)
(0.00156201 -0.00034947 0)
(0.00155494 -0.000333308 0)
(0.00154635 -0.000315127 0)
(0.000778418 -9.90943e-05 0)
(0.000800839 -0.000145441 0)
(0.00082299 -0.00019208 0)
(0.00084388 -0.000237974 0)
(0.000862973 -0.000282446 0)
(0.000880162 -0.000324957 0)
(0.000895429 -0.000364871 0)
(0.000908648 -0.000401472 0)
(0.000919588 -0.000434105 0)
(0.000927985 -0.000462246 0)
(0.000933587 -0.000485434 0)
(0.000936236 -0.000503253 0)
(0.000935912 -0.000515362 0)
(0.000932745 -0.000521583 0)
(0.000926972 -0.00052192 0)
(0.00091881 -0.000516467 0)
(0.000908356 -0.000505429 0)
(0.000895541 -0.000489234 0)
(0.000880011 -0.000468656 0)
(0.000861067 -0.000444894 0)
(0.000837623 -0.000419536 0)
(0.000808348 -0.000394479 0)
(0.000771943 -0.000371653 0)
(0.000727634 -0.000352606 0)
(0.000675588 -0.00033806 0)
(0.000616908 -0.000327563 0)
(0.000553527 -0.000319593 0)
(0.000487974 -0.000312032 0)
(0.000422976 -0.000302701 0)
(0.000361062 -0.000289896 0)
(0.000304313 -0.000272487 0)
(0.000254206 -0.000250148 0)
(0.000211606 -0.000222975 0)
(0.0001769 -0.000191396 0)
(0.000150117 -0.000156043 0)
(0.000131032 -0.00011767 0)
(0.000119262 -7.70743e-05 0)
(0.000114442 -3.50499e-05 0)
(0.00011562 7.7651e-06 0)
(0.000121698 5.07439e-05 0)
(0.000132262 9.31011e-05 0)
(0.000146977 0.000134197 0)
(0.00016542 0.000173472 0)
(0.000187202 0.000210444 0)
(0.000212008 0.000244688 0)
(0.000239605 0.00027584 0)
(0.00026985 0.000303576 0)
(0.000302679 0.000327612 0)
(0.0003381 0.000347684 0)
(0.000376176 0.000363542 0)
(0.000416982 0.000374962 0)
(0.000460615 0.00038172 0)
(0.000507106 0.000383637 0)
(0.000556456 0.000380548 0)
(0.000608566 0.000372352 0)
(0.000663247 0.000359017 0)
(0.000720219 0.000340594 0)
(0.000779098 0.000317248 0)
(0.000839433 0.000289254 0)
(0.000900724 0.000256994 0)
(0.000962431 0.000220952 0)
(0.00102399 0.000181679 0)
(0.00108487 0.000139812 0)
(0.00114453 9.60183e-05 0)
(0.0012026 5.098e-05 0)
(0.00125877 5.36532e-06 0)
(0.00131266 -4.01653e-05 0)
(0.00136374 -8.49233e-05 0)
(0.00141158 -0.000128337 0)
(0.001456 -0.000169868 0)
(0.00149674 -0.000208982 0)
(0.00153355 -0.000245197 0)
(0.00156622 -0.000278086 0)
(0.00159455 -0.000307278 0)
(0.00161841 -0.000332459 0)
(0.00163771 -0.000353387 0)
(0.0016524 -0.000369891 0)
(0.0016625 -0.000381884 0)
(0.0016681 -0.000389369 0)
(0.00166935 -0.000392437 0)
(0.00166651 -0.000391278 0)
(0.00165987 -0.000386174 0)
(0.00164981 -0.000377499 0)
(0.00163677 -0.000365697 0)
(0.00162124 -0.000351269 0)
(0.00160372 -0.000334747 0)
(0.00158473 -0.000316678 0)
(0.0015648 -0.000297592 0)
(0.00154444 -0.000277972 0)
(0.00115422 -0.000155507 0)
(0.00117775 -0.000198541 0)
(0.00120063 -0.000241793 0)
(0.00122173 -0.000284158 0)
(0.00124023 -0.000324701 0)
(0.00125574 -0.000362647 0)
(0.00126824 -0.00039732 0)
(0.0012778 -0.000428088 0)
(0.00128445 -0.000454337 0)
(0.00128812 -0.000475458 0)
(0.00128875 -0.000490968 0)
(0.0012863 -0.000500645 0)
(0.00128074 -0.000504511 0)
(0.00127193 -0.000502711 0)
(0.00125983 -0.000495517 0)
(0.00124466 -0.000483408 0)
(0.00122673 -0.000467009 0)
(0.0012064 -0.000446965 0)
(0.00118409 -0.000423863 0)
(0.00116019 -0.000398202 0)
(0.00113506 -0.000370434 0)
(0.00110887 -0.000341029 0)
(0.00108151 -0.000310539 0)
(0.00105243 -0.000279689 0)
(0.00102061 -0.000249502 0)
(0.000984924 -0.000221328 0)
(0.000944525 -0.000196593 0)
(0.000899115 -0.000176294 0)
(0.000849124 -0.0001605 0)
(0.00079566 -0.000148215 0)
(0.000740358 -0.000137755 0)
(0.000685209 -0.0001273 0)
(0.00063227 -0.000115216 0)
(0.000583375 -0.000100499 0)
(0.000539945 -8.25406e-05 0)
(0.000502952 -6.12296e-05 0)
(0.000472948 -3.69152e-05 0)
(0.000449963 -1.02622e-05 0)
(0.000433891 1.79574e-05 0)
(0.000424692 4.71209e-05 0)
(0.000421943 7.66471e-05 0)
(0.000425281 0.000105891 0)
(0.000434377 0.00013423 0)
(0.000448894 0.000161088 0)
(0.000468518 0.000185945 0)
(0.000492936 0.000208339 0)
(0.00052188 0.000227851 0)
(0.00055508 0.000244117 0)
(0.000592297 0.000256808 0)
(0.000633296 0.000265644 0)
(0.000677824 0.000270392 0)
(0.000725643 0.000270859 0)
(0.000776449 0.000266924 0)
(0.000829936 0.000258512 0)
(0.000885739 0.000245635 0)
(0.000943447 0.000228377 0)
(0.0010026 0.000206915 0)
(0.00106271 0.000181499 0)
(0.00112325 0.000152467 0)
(0.00118366 0.000120266 0)
(0.00124339 8.5384e-05 0)
(0.00130197 4.83776e-05 0)
(0.00135898 9.80858e-06 0)
(0.00141393 -2.97182e-05 0)
(0.00146628 -6.95378e-05 0)
(0.00151548 -0.000109031 0)
(0.00156116 -0.000147628 0)
(0.00160298 -0.00018479 0)
(0.0016406 -0.000219924 0)
(0.00167371 -0.000252507 0)
(0.00170208 -0.000282081 0)
(0.00172549 -0.000308243 0)
(0.0017438 -0.000330659 0)
(0.00175695 -0.000349068 0)
(0.00176494 -0.000363294 0)
(0.00176786 -0.000373252 0)
(0.0017659 -0.000378947 0)
(0.00175932 -0.000380484 0)
(0.00174845 -0.000378055 0)
(0.0017337 -0.000371938 0)
(0.00171552 -0.000362489 0)
(0.00169441 -0.00035012 0)
(0.00167089 -0.000335296 0)
(0.0016455 -0.000318506 0)
(0.00161879 -0.000300252 0)
(0.00159128 -0.000281013 0)
(0.00156349 -0.000261249 0)
(0.0015359 -0.000241377 0)
(0.0015089 -0.000221769 0)
(0.00151252 -0.000208082 0)
(0.00152846 -0.000245749 0)
(0.00154321 -0.000283112 0)
(0.00155549 -0.000319183 0)
(0.00156425 -0.000353134 0)
(0.00156891 -0.000384271 0)
(0.00156941 -0.000412029 0)
(0.001566 -0.0004359 0)
(0.00155894 -0.000455396 0)
(0.00154848 -0.000470136 0)
(0.00153476 -0.000479868 0)
(0.00151789 -0.000484389 0)
(0.00149833 -0.000483615 0)
(0.00147686 -0.000477667 0)
(0.00145422 -0.000466782 0)
(0.00143091 -0.000451272 0)
(0.00140736 -0.000431558 0)
(0.00138396 -0.000408163 0)
(0.00136099 -0.000381689 0)
(0.00133859 -0.000352807 0)
(0.00131685 -0.000322231 0)
(0.00129583 -0.000290615 0)
(0.0012755 -0.00025848 0)
(0.0012558 -0.000226298 0)
(0.0012366 -0.000194485 0)
(0.00121757 -0.000163287 0)
(0.00119819 -0.000132995 0)
(0.00117777 -0.000104218 0)
(0.00115544 -7.75941e-05 0)
(0.00113041 -5.35782e-05 0)
(0.00110247 -3.27171e-05 0)
(0.001072 -1.55525e-05 0)
(0.00103913 -2.04218e-06 0)
(0.00100439 8.88574e-06 0)
(0.000969272 1.84883e-05 0)
(0.000935169 2.78171e-05 0)
(0.000903304 3.75814e-05 0)
(0.000875279 4.82209e-05 0)
(0.000852242 6.00694e-05 0)
(0.000834673 7.30484e-05 0)
(0.000823002 8.687e-05 0)
(0.00081747 0.000101125 0)
(0.000818115 0.000115326 0)
(0.000824828 0.000128952 0)
(0.0008374 0.000141484 0)
(0.000855552 0.000152428 0)
(0.00087896 0.000161336 0)
(0.000907275 0.000167802 0)
(0.000940118 0.000171485 0)
(0.000977108 0.000172091 0)
(0.00101782 0.000169401 0)
(0.00106184 0.000163246 0)
(0.0011087 0.000153548 0)
(0.00115793 0.000140283 0)
(0.00120901 0.000123488 0)
(0.0012614 0.000103363 0)
(0.00131451 8.01609e-05 0)
(0.00136776 5.41756e-05 0)
(0.00142062 2.57881e-05 0)
(0.00147258 -4.59861e-06 0)
(0.0015231 -3.65082e-05 0)
(0.00157159 -6.93881e-05 0)
(0.00161742 -0.000102692 0)
(0.00166012 -0.000135885 0)
(0.00169926 -0.000168436 0)
(0.00173441 -0.000199785 0)
(0.0017652 -0.000229388 0)
(0.00179132 -0.000256751 0)
(0.0018125 -0.000281428 0)
(0.00182854 -0.000303033 0)
(0.00183935 -0.000321244 0)
(0.00184488 -0.00033581 0)
(0.0018452 -0.000346564 0)
(0.00184044 -0.000353424 0)
(0.00183084 -0.0003564 0)
(0.0018167 -0.000355594 0)
(0.0017984 -0.000351201 0)
(0.00177639 -0.000343501 0)
(0.0017512 -0.00033285 0)
(0.00172337 -0.000319666 0)
(0.00169349 -0.000304417 0)
(0.00166215 -0.000287592 0)
(0.00162995 -0.00026969 0)
(0.00159745 -0.000251194 0)
(0.00156518 -0.000232557 0)
(0.0015336 -0.000214182 0)
(0.00150311 -0.000196402 0)
(0.00147403 -0.000179479 0)
(0.00144658 -0.000163585 0)
(0.00178387 -0.000232525 0)
(0.00178409 -0.000264127 0)
(0.00178275 -0.000294443 0)
(0.00177854 -0.000322798 0)
(0.00177044 -0.000348648 0)
(0.00175796 -0.000371523 0)
(0.00174117 -0.000390994 0)
(0.00172056 -0.000406684 0)
(0.00169669 -0.000418298 0)
(0.00167005 -0.000425642 0)
(0.00164129 -0.000428629 0)
(0.00161107 -0.000427276 0)
(0.00157984 -0.000421719 0)
(0.00154795 -0.000412273 0)
(0.0015159 -0.000399398 0)
(0.00148429 -0.000383567 0)
(0.00145368 -0.000365229 0)
(0.00142462 -0.000344799 0)
(0.00139758 -0.000322609 0)
(0.00137296 -0.000298928 0)
(0.001351 -0.000273969 0)
(0.00133184 -0.000247893 0)
(0.0013155 -0.000220902 0)
(0.00130193 -0.000193268 0)
(0.00129092 -0.000165232 0)
(0.00128221 -0.000137093 0)
(0.00127555 -0.000109245 0)
(0.00127059 -8.19969e-05 0)
(0.00126688 -5.56211e-05 0)
(0.00126405 -3.04785e-05 0)
(0.00126164 -6.87689e-06 0)
(0.0012586 1.48757e-05 0)
(0.00125468 3.44415e-05 0)
(0.00125004 5.17892e-05 0)
(0.00124431 6.68031e-05 0)
(0.00123757 7.94112e-05 0)
(0.00123026 8.97405e-05 0)
(0.00122294 9.80839e-05 0)
(0.00121626 0.000104652 0)
(0.00121093 0.000109755 0)
(0.00120762 0.000113695 0)
(0.00120696 0.000116691 0)
(0.00120948 0.000118833 0)
(0.00121559 0.000120091 0)
(0.00122554 0.000120332 0)
(0.00123949 0.00011935 0)
(0.00125745 0.000116905 0)
(0.00127929 0.000112742 0)
(0.0013048 0.000106627 0)
(0.00133367 9.83579e-05 0)
(0.0013655 8.77985e-05 0)
(0.00139988 7.48428e-05 0)
(0.00143627 5.9548e-05 0)
(0.00147405 4.19765e-05 0)
(0.00151285 2.22791e-05 0)
(0.00155233 5.92975e-07 0)
(0.00159188 -2.28669e-05 0)
(0.00163091 -4.7789e-05 0)
(0.00166877 -7.38025e-05 0)
(0.00170486 -0.000100546 0)
(0.00173872 -0.000127611 0)
(0.00176986 -0.00015457 0)
(0.0017978 -0.000180938 0)
(0.00182216 -0.000206227 0)
(0.00184258 -0.000229969 0)
(0.00185876 -0.000251724 0)
(0.00187047 -0.000271088 0)
(0.00187757 -0.000287713 0)
(0.00188 -0.000301313 0)
(0.0018778 -0.000311674 0)
(0.00187107 -0.000318662 0)
(0.00186003 -0.000322226 0)
(0.00184494 -0.0003224 0)
(0.00182615 -0.0003193 0)
(0.00180404 -0.000313126 0)
(0.00177907 -0.000304148 0)
(0.00175172 -0.000292697 0)
(0.00172249 -0.000279156 0)
(0.00169188 -0.00026394 0)
(0.00166038 -0.000247485 0)
(0.00162845 -0.000230227 0)
(0.0015965 -0.00021259 0)
(0.00156488 -0.000194963 0)
(0.0015339 -0.000177694 0)
(0.00150379 -0.000161083 0)
(0.00147474 -0.00014538 0)
(0.00144691 -0.000130773 0)
(0.00142042 -0.000117394 0)
(0.00139535 -0.000105333 0)
(0.0018617 -0.000218207 0)
(0.00184615 -0.000242802 0)
(0.0018292 -0.000265609 0)
(0.0018094 -0.000286337 0)
(0.00178592 -0.000304709 0)
(0.00175859 -0.000320402 0)
(0.00172787 -0.000333091 0)
(0.00169453 -0.000342551 0)
(0.00165939 -0.000348685 0)
(0.00162321 -0.000351497 0)
(0.00158661 -0.000351105 0)
(0.00155009 -0.000347779 0)
(0.00151408 -0.00034185 0)
(0.00147912 -0.000333585 0)
(0.00144575 -0.000323216 0)
(0.00141448 -0.000310988 0)
(0.00138563 -0.000297134 0)
(0.00135944 -0.000281854 0)
(0.00133603 -0.000265321 0)
(0.00131549 -0.000247694 0)
(0.00129782 -0.000229111 0)
(0.00128304 -0.000209693 0)
(0.00127115 -0.000189552 0)
(0.0012621 -0.000168801 0)
(0.00125585 -0.000147546 0)
(0.00125234 -0.000125924 0)
(0.0012514 -0.000104113 0)
(0.00125287 -8.23127e-05 0)
(0.00125655 -6.07503e-05 0)
(0.00126213 -3.97151e-05 0)
(0.00126924 -1.95002e-05 0)
(0.00127777 -3.39852e-07 0)
(0.00128766 1.76459e-05 0)
(0.00129847 3.41708e-05 0)
(0.0013098 4.90532e-05 0)
(0.00132155 6.21571e-05 0)
(0.00133363 7.34021e-05 0)
(0.00134594 8.27321e-05 0)
(0.00135847 9.00973e-05 0)
(0.0013713 9.54726e-05 0)
(0.00138458 9.88616e-05 0)
(0.00139849 0.000100288 0)
(0.00141323 9.97854e-05 0)
(0.00142901 9.73878e-05 0)
(0.00144601 9.31264e-05 0)
(0.00146432 8.70286e-05 0)
(0.00148401 7.91218e-05 0)
(0.00150506 6.94448e-05 0)
(0.00152741 5.8013e-05 0)
(0.00155089 4.48249e-05 0)
(0.00157522 2.99414e-05 0)
(0.00160037 1.34908e-05 0)
(0.0016263 -4.48469e-06 0)
(0.00165271 -2.38614e-05 0)
(0.00167903 -4.43617e-05 0)
(0.00170462 -6.57645e-05 0)
(0.00172915 -8.78405e-05 0)
(0.00175225 -0.000110309 0)
(0.00177348 -0.000132849 0)
(0.00179247 -0.000155074 0)
(0.00180895 -0.00017662 0)
(0.00182267 -0.000197125 0)
(0.00183342 -0.000216223 0)
(0.00184103 -0.00023357 0)
(0.00184539 -0.00024885 0)
(0.00184646 -0.000261789 0)
(0.00184425 -0.00027215 0)
(0.00183884 -0.000279753 0)
(0.00183032 -0.000284482 0)
(0.00181885 -0.000286295 0)
(0.00180465 -0.000285227 0)
(0.00178795 -0.00028139 0)
(0.00176904 -0.000274966 0)
(0.0017482 -0.000266194 0)
(0.00172572 -0.000255358 0)
(0.00170189 -0.000242776 0)
(0.00167698 -0.000228783 0)
(0.00165128 -0.000213722 0)
(0.00162501 -0.000197925 0)
(0.00159842 -0.000181717 0)
(0.00157173 -0.000165401 0)
(0.00154513 -0.000149251 0)
(0.00151884 -0.00013352 0)
(0.00149303 -0.000118435 0)
(0.00146783 -0.000104177 0)
(0.00144335 -9.08998e-05 0)
(0.00141971 -7.87391e-05 0)
(0.00139696 -6.77698e-05 0)
(0.00137513 -5.80365e-05 0)
(0.00174621 -0.000181591 0)
(0.00172541 -0.000198387 0)
(0.00170397 -0.000214068 0)
(0.00168073 -0.000228477 0)
(0.00165535 -0.000241331 0)
(0.00162807 -0.000252308 0)
(0.00159942 -0.000261164 0)
(0.00157005 -0.000267785 0)
(0.00154054 -0.00027217 0)
(0.00151136 -0.000274409 0)
(0.00148284 -0.000274654 0)
(0.00145523 -0.00027305 0)
(0.00142879 -0.000269728 0)
(0.0014037 -0.000264833 0)
(0.00138 -0.000258513 0)
(0.0013577 -0.000250905 0)
(0.00133687 -0.000242129 0)
(0.0013176 -0.000232276 0)
(0.00129997 -0.000221422 0)
(0.00128404 -0.000209628 0)
(0.00126987 -0.000196949 0)
(0.00125752 -0.00018344 0)
(0.00124707 -0.000169171 0)
(0.0012386 -0.000154214 0)
(0.00123219 -0.000138663 0)
(0.00122792 -0.000122634 0)
(0.00122585 -0.000106254 0)
(0.00122599 -8.96655e-05 0)
(0.00122835 -7.30378e-05 0)
(0.00123293 -5.65552e-05 0)
(0.00123966 -4.03875e-05 0)
(0.00124829 -2.47158e-05 0)
(0.00125866 -9.80247e-06 0)
(0.00127071 4.0851e-06 0)
(0.00128416 1.67715e-05 0)
(0.00129883 2.80939e-05 0)
(0.00131461 3.78312e-05 0)
(0.00133129 4.57986e-05 0)
(0.00134865 5.18656e-05 0)
(0.00136656 5.59875e-05 0)
(0.00138498 5.81357e-05 0)
(0.00140386 5.82927e-05 0)
(0.00142315 5.64628e-05 0)
(0.00144281 5.27056e-05 0)
(0.00146281 4.70884e-05 0)
(0.00148314 3.96983e-05 0)
(0.0015038 3.06272e-05 0)
(0.0015247 1.99225e-05 0)
(0.00154562 7.67703e-06 0)
(0.00156645 -5.95889e-06 0)
(0.00158723 -2.08342e-05 0)
(0.00160761 -3.67494e-05 0)
(0.00162719 -5.36188e-05 0)
(0.0016459 -7.1326e-05 0)
(0.00166362 -8.97099e-05 0)
(0.00168018 -0.000108516 0)
(0.0016954 -0.000127513 0)
(0.0017092 -0.000146397 0)
(0.00172148 -0.000164792 0)
(0.00173209 -0.00018234 0)
(0.00174087 -0.000198743 0)
(0.00174775 -0.000213729 0)
(0.00175267 -0.00022703 0)
(0.00175559 -0.000238411 0)
(0.00175649 -0.00024768 0)
(0.00175537 -0.000254696 0)
(0.00175226 -0.000259364 0)
(0.00174715 -0.00026163 0)
(0.00174005 -0.000261474 0)
(0.00173097 -0.000258908 0)
(0.00171989 -0.000253974 0)
(0.00170685 -0.000246766 0)
(0.0016919 -0.000237421 0)
(0.00167513 -0.000226123 0)
(0.00165666 -0.000213102 0)
(0.00163667 -0.000198622 0)
(0.00161535 -0.000182976 0)
(0.00159291 -0.000166483 0)
(0.00156961 -0.000149472 0)
(0.00154566 -0.000132276 0)
(0.00152131 -0.000115224 0)
(0.00149681 -9.86235e-05 0)
(0.00147234 -8.27492e-05 0)
(0.00144814 -6.78252e-05 0)
(0.00142444 -5.41026e-05 0)
(0.00140141 -4.17572e-05 0)
(0.00137924 -3.08683e-05 0)
(0.00135817 -2.15093e-05 0)
(0.00133816 -1.37088e-05 0)
(0.00163733 -0.000147538 0)
(0.0016238 -0.000159978 0)
(0.00161032 -0.000172106 0)
(0.00159643 -0.000183626 0)
(0.00158179 -0.000194188 0)
(0.00156631 -0.00020353 0)
(0.00155011 -0.000211488 0)
(0.00153346 -0.000217975 0)
(0.00151664 -0.000222952 0)
(0.00149983 -0.000226404 0)
(0.00148314 -0.000228327 0)
(0.00146663 -0.000228718 0)
(0.00145023 -0.0002276 0)
(0.0014339 -0.000225031 0)
(0.00141774 -0.000221074 0)
(0.00140185 -0.000215779 0)
(0.00138633 -0.000209206 0)
(0.00137124 -0.000201448 0)
(0.00135668 -0.000192621 0)
(0.00134271 -0.00018286 0)
(0.00132944 -0.000172307 0)
(0.00131696 -0.000161109 0)
(0.00130539 -0.000149406 0)
(0.00129488 -0.00013733 0)
(0.00128557 -0.000125008 0)
(0.0012776 -0.000112548 0)
(0.0012711 -0.000100051 0)
(0.0012662 -8.76186e-05 0)
(0.001263 -7.53359e-05 0)
(0.00126158 -6.33e-05 0)
(0.00126194 -5.16352e-05 0)
(0.00126416 -4.04695e-05 0)
(0.00126825 -2.99015e-05 0)
(0.00127415 -2.00928e-05 0)
(0.00128186 -1.12221e-05 0)
(0.00129113 -3.42379e-06 0)
(0.00130171 3.1519e-06 0)
(0.00131348 8.36388e-06 0)
(0.00132644 1.21395e-05 0)
(0.00134053 1.44096e-05 0)
(0.00135554 1.50939e-05 0)
(0.00137132 1.41612e-05 0)
(0.00138781 1.16014e-05 0)
(0.00140493 7.36879e-06 0)
(0.00142254 1.5291e-06 0)
(0.00144047 -5.82029e-06 0)
(0.00145845 -1.46041e-05 0)
(0.00147631 -2.47418e-05 0)
(0.00149412 -3.61356e-05 0)
(0.0015118 -4.86797e-05 0)
(0.00152917 -6.2291e-05 0)
(0.00154611 -7.68619e-05 0)
(0.00156245 -9.21602e-05 0)
(0.00157809 -0.000107918 0)
(0.00159289 -0.000123835 0)
(0.00160655 -0.000139763 0)
(0.00161908 -0.000155587 0)
(0.00163065 -0.000171133 0)
(0.00164118 -0.000186164 0)
(0.00165032 -0.000200409 0)
(0.00165781 -0.000213603 0)
(0.00166354 -0.00022544 0)
(0.00166739 -0.000235638 0)
(0.00166917 -0.000243947 0)
(0.00166868 -0.000250053 0)
(0.00166578 -0.000253673 0)
(0.00166036 -0.000254653 0)
(0.00165239 -0.000252953 0)
(0.0016419 -0.000248603 0)
(0.00162898 -0.00024167 0)
(0.00161376 -0.000232254 0)
(0.00159635 -0.000220523 0)
(0.00157695 -0.000206699 0)
(0.00155578 -0.000191055 0)
(0.00153308 -0.000173925 0)
(0.00150915 -0.000155679 0)
(0.00148431 -0.000136699 0)
(0.00145888 -0.000117392 0)
(0.00143318 -9.81609e-05 0)
(0.00140754 -7.93803e-05 0)
(0.00138226 -6.14107e-05 0)
(0.00135766 -4.45791e-05 0)
(0.00133406 -2.91232e-05 0)
(0.00131154 -1.52697e-05 0)
(0.00129014 -3.1525e-06 0)
(0.00127014 7.1733e-06 0)
(0.00125159 1.56838e-05 0)
(0.00123442 2.23564e-05 0)
(0.00121876 2.7244e-05 0)
(0.00165724 -0.000123698 0)
(0.00164694 -0.000135932 0)
(0.00163704 -0.000147548 0)
(0.00162706 -0.000158266 0)
(0.00161643 -0.000167926 0)
(0.00160482 -0.000176404 0)
(0.00159217 -0.000183584 0)
(0.00157862 -0.000189387 0)
(0.00156438 -0.000193757 0)
(0.00154962 -0.000196661 0)
(0.00153445 -0.000198084 0)
(0.00151893 -0.000198045 0)
(0.00150314 -0.000196582 0)
(0.00148719 -0.000193738 0)
(0.00147121 -0.000189582 0)
(0.00145534 -0.000184217 0)
(0.00143972 -0.000177774 0)
(0.00142447 -0.000170386 0)
(0.00140972 -0.000162193 0)
(0.00139558 -0.000153341 0)
(0.00138218 -0.000143973 0)
(0.0013696 -0.00013423 0)
(0.00135797 -0.000124243 0)
(0.00134738 -0.000114134 0)
(0.00133789 -0.000104014 0)
(0.0013296 -9.39825e-05 0)
(0.00132256 -8.41334e-05 0)
(0.00131682 -7.45464e-05 0)
(0.00131243 -6.52883e-05 0)
(0.00130939 -5.64193e-05 0)
(0.00130773 -4.79719e-05 0)
(0.00130739 -3.99794e-05 0)
(0.00130832 -3.25282e-05 0)
(0.00131046 -2.571e-05 0)
(0.00131376 -1.96808e-05 0)
(0.00131824 -1.46296e-05 0)
(0.00132388 -1.0675e-05 0)
(0.00133067 -7.95323e-06 0)
(0.00133857 -6.55954e-06 0)
(0.0013474 -6.57532e-06 0)
(0.00135711 -8.10534e-06 0)
(0.00136767 -1.1122e-05 0)
(0.00137886 -1.55201e-05 0)
(0.00139063 -2.13589e-05 0)
(0.00140308 -2.86984e-05 0)
(0.00141603 -3.74664e-05 0)
(0.00142926 -4.74982e-05 0)
(0.00144261 -5.8515e-05 0)
(0.0014558 -7.03753e-05 0)
(0.00146856 -8.30418e-05 0)
(0.00148074 -9.631e-05 0)
(0.0014922 -0.00011012 0)
(0.00150278 -0.000124358 0)
(0.00151249 -0.000138627 0)
(0.00152095 -0.000152679 0)
(0.00152739 -0.000166251 0)
(0.00153157 -0.000179083 0)
(0.00153355 -0.000191049 0)
(0.00153339 -0.000202105 0)
(0.00153093 -0.000212171 0)
(0.00152595 -0.000221026 0)
(0.00151842 -0.000228365 0)
(0.00150816 -0.000233797 0)
(0.00149527 -0.000237047 0)
(0.00148003 -0.000237927 0)
(0.00146234 -0.000236202 0)
(0.00144203 -0.000231695 0)
(0.00141914 -0.000224354 0)
(0.00139399 -0.000214263 0)
(0.00136707 -0.000201633 0)
(0.00133887 -0.000186728 0)
(0.0013098 -0.000169892 0)
(0.00128036 -0.000151577 0)
(0.00125098 -0.000132229 0)
(0.0012221 -0.000112312 0)
(0.00119415 -9.23267e-05 0)
(0.00116752 -7.27098e-05 0)
(0.00114248 -5.3827e-05 0)
(0.00111925 -3.6037e-05 0)
(0.00109801 -1.96501e-05 0)
(0.00107876 -4.79275e-06 0)
(0.00106142 8.39431e-06 0)
(0.00104599 1.97814e-05 0)
(0.00103251 2.93612e-05 0)
(0.00102094 3.72167e-05 0)
(0.00101107 4.33632e-05 0)
(0.00100274 4.78368e-05 0)
(0.000995868 5.07508e-05 0)
(0.000990332 5.22206e-05 0)
(0.00164417 -0.000100787 0)
(0.00163057 -0.000112699 0)
(0.00161799 -0.000123574 0)
(0.0016053 -0.000133109 0)
(0.00159179 -0.000141335 0)
(0.00157725 -0.000148298 0)
(0.00156171 -0.000154006 0)
(0.00154534 -0.000158434 0)
(0.00152839 -0.000161551 0)
(0.0015111 -0.000163353 0)
(0.00149361 -0.000163867 0)
(0.00147601 -0.00016315 0)
(0.00145839 -0.000161272 0)
(0.00144085 -0.000158324 0)
(0.0014235 -0.000154415 0)
(0.00140651 -0.000149659 0)
(0.00139003 -0.000144181 0)
(0.00137421 -0.000138098 0)
(0.00135919 -0.000131529 0)
(0.00134508 -0.000124585 0)
(0.00133196 -0.000117371 0)
(0.00131994 -0.000109999 0)
(0.0013091 -0.000102558 0)
(0.00129951 -9.51366e-05 0)
(0.00129123 -8.78082e-05 0)
(0.00128428 -8.06184e-05 0)
(0.00127868 -7.36255e-05 0)
(0.00127442 -6.68379e-05 0)
(0.0012715 -6.03028e-05 0)
(0.00126991 -5.41035e-05 0)
(0.00126961 -4.83154e-05 0)
(0.00127047 -4.30229e-05 0)
(0.00127229 -3.82825e-05 0)
(0.00127489 -3.41507e-05 0)
(0.00127802 -3.07349e-05 0)
(0.00128155 -2.81162e-05 0)
(0.00128539 -2.64081e-05 0)
(0.00128945 -2.57445e-05 0)
(0.00129386 -2.6181e-05 0)
(0.00129856 -2.7805e-05 0)
(0.0013035 -3.07154e-05 0)
(0.00130899 -3.48097e-05 0)
(0.00131474 -3.99662e-05 0)
(0.00132009 -4.60144e-05 0)
(0.00132508 -5.28651e-05 0)
(0.00132992 -6.04527e-05 0)
(0.0013346 -6.86305e-05 0)
(0.0013388 -7.731e-05 0)
(0.00134183 -8.65388e-05 0)
(0.00134351 -9.63687e-05 0)
(0.00134361 -0.000106817 0)
(0.00134141 -0.000117707 0)
(0.00133723 -0.00012897 0)
(0.0013312 -0.000140652 0)
(0.00132267 -0.000152524 0)
(0.00131117 -0.000163976 0)
(0.00129626 -0.000174328 0)
(0.00127743 -0.000182912 0)
(0.00125458 -0.000189281 0)
(0.00122783 -0.000193227 0)
(0.00119756 -0.000194474 0)
(0.00116479 -0.000192925 0)
(0.00113 -0.000188726 0)
(0.00109308 -0.000181926 0)
(0.00105499 -0.000172894 0)
(0.00101697 -0.000162174 0)
(0.000979745 -0.00015025 0)
(0.000943791 -0.000137551 0)
(0.000909563 -0.000124433 0)
(0.000877634 -0.000111135 0)
(0.000848456 -9.78448e-05 0)
(0.000822097 -8.46931e-05 0)
(0.000798539 -7.17046e-05 0)
(0.000777764 -5.88385e-05 0)
(0.000759665 -4.61034e-05 0)
(0.000744075 -3.36133e-05 0)
(0.000730829 -2.15468e-05 0)
(0.000719758 -1.00997e-05 0)
(0.000710637 5.90366e-07 0)
(0.000703565 1.04915e-05 0)
(0.000698591 1.94642e-05 0)
(0.000695426 2.73841e-05 0)
(0.000693817 3.41195e-05 0)
(0.00069355 3.95899e-05 0)
(0.000694431 4.37363e-05 0)
(0.000696267 4.65723e-05 0)
(0.000698858 4.8159e-05 0)
(0.00070201 4.85618e-05 0)
(0.000705549 4.78591e-05 0)
(0.00151187 -6.79956e-05 0)
(0.00149575 -7.74835e-05 0)
(0.00148273 -8.61956e-05 0)
(0.00146997 -9.38655e-05 0)
(0.00145606 -0.000100509 0)
(0.00144078 -0.000106136 0)
(0.00142435 -0.000110714 0)
(0.00140714 -0.00011419 0)
(0.00138947 -0.000116546 0)
(0.0013715 -0.000117812 0)
(0.00135335 -0.000118062 0)
(0.00133507 -0.000117388 0)
(0.00131676 -0.000115885 0)
(0.00129851 -0.00011365 0)
(0.00128046 -0.000110771 0)
(0.00126278 -0.000107343 0)
(0.00124559 -0.00010346 0)
(0.00122906 -9.92278e-05 0)
(0.00121333 -9.47602e-05 0)
(0.00119853 -9.01632e-05 0)
(0.00118473 -8.55435e-05 0)
(0.00117201 -8.09774e-05 0)
(0.00116048 -7.6539e-05 0)
(0.00115018 -7.22844e-05 0)
(0.00114121 -6.82364e-05 0)
(0.00113358 -6.44051e-05 0)
(0.00112732 -6.07395e-05 0)
(0.00112243 -5.71722e-05 0)
(0.00111864 -5.35882e-05 0)
(0.00111574 -4.98194e-05 0)
(0.00111367 -4.57771e-05 0)
(0.00111233 -4.14628e-05 0)
(0.00111162 -3.69896e-05 0)
(0.00111132 -3.26242e-05 0)
(0.00111117 -2.86348e-05 0)
(0.00111107 -2.53346e-05 0)
(0.00111081 -2.30617e-05 0)
(0.00111026 -2.19965e-05 0)
(0.00110944 -2.23272e-05 0)
(0.00110785 -2.42521e-05 0)
(0.00110545 -2.77521e-05 0)
(0.00110281 -3.29112e-05 0)
(0.00109971 -3.97627e-05 0)
(0.00109553 -4.79421e-05 0)
(0.00109007 -5.68971e-05 0)
(0.00108312 -6.61322e-05 0)
(0.00107414 -7.52093e-05 0)
(0.00106273 -8.37324e-05 0)
(0.00104785 -9.13176e-05 0)
(0.00102879 -9.75883e-05 0)
(0.00100648 -0.000102218 0)
(0.000980347 -0.000104898 0)
(0.000948956 -0.000105515 0)
(0.000913211 -0.000104289 0)
(0.000874598 -0.000101352 0)
(0.000833909 -9.6837e-05 0)
(0.000791878 -9.10257e-05 0)
(0.000749424 -8.45905e-05 0)
(0.000707414 -7.86188e-05 0)
(0.000666584 -7.42617e-05 0)
(0.000627548 -7.23197e-05 0)
(0.000591081 -7.27908e-05 0)
(0.000558246 -7.48062e-05 0)
(0.000529183 -7.72236e-05 0)
(0.000503303 -7.93011e-05 0)
(0.000480188 -8.06199e-05 0)
(0.000459568 -8.07805e-05 0)
(0.000441162 -7.94894e-05 0)
(0.000424654 -7.67065e-05 0)
(0.000409728 -7.25458e-05 0)
(0.000396198 -6.71161e-05 0)
(0.000384039 -6.04919e-05 0)
(0.00037329 -5.28011e-05 0)
(0.000363972 -4.42797e-05 0)
(0.000356111 -3.52288e-05 0)
(0.000349737 -2.59554e-05 0)
(0.000344858 -1.67514e-05 0)
(0.000341462 -7.88433e-06 0)
(0.000339547 4.18485e-07 0)
(0.000338898 8.01267e-06 0)
(0.000339251 1.47858e-05 0)
(0.000340597 2.06808e-05 0)
(0.00034285 2.56748e-05 0)
(0.000345867 2.97685e-05 0)
(0.000349485 3.29819e-05 0)
(0.000353534 3.53466e-05 0)
(0.000357851 3.68948e-05 0)
(0.000362281 3.76548e-05 0)
(0.000366683 3.76569e-05 0)
(0.00127954 -5.21514e-05 0)
(0.00125973 -6.04173e-05 0)
(0.00124446 -6.74311e-05 0)
(0.00122898 -7.39468e-05 0)
(0.0012118 -7.9559e-05 0)
(0.00119297 -8.38844e-05 0)
(0.00117292 -8.68739e-05 0)
(0.00115206 -8.86417e-05 0)
(0.00113063 -8.93577e-05 0)
(0.0011088 -8.9186e-05 0)
(0.00108671 -8.82666e-05 0)
(0.00106448 -8.67184e-05 0)
(0.00104227 -8.46474e-05 0)
(0.00102022 -8.21418e-05 0)
(0.000998496 -7.92896e-05 0)
(0.00097725 -7.61761e-05 0)
(0.000956626 -7.28893e-05 0)
(0.000936734 -6.9524e-05 0)
(0.000917652 -6.61856e-05 0)
(0.000899464 -6.29828e-05 0)
(0.000882247 -5.999e-05 0)
(0.000866052 -5.72715e-05 0)
(0.000850928 -5.48735e-05 0)
(0.000836874 -5.28267e-05 0)
(0.000823955 -5.11596e-05 0)
(0.000812214 -4.98563e-05 0)
(0.000801669 -4.89023e-05 0)
(0.000792466 -4.82441e-05 0)
(0.000784709 -4.77286e-05 0)
(0.000778303 -4.7117e-05 0)
(0.000772912 -4.60957e-05 0)
(0.00076786 -4.45315e-05 0)
(0.000762474 -4.24456e-05 0)
(0.000756177 -3.98328e-05 0)
(0.000748505 -3.69368e-05 0)
(0.000739082 -3.3941e-05 0)
(0.000728205 -3.09969e-05 0)
(0.000715374 -2.82685e-05 0)
(0.000700931 -2.59684e-05 0)
(0.000684676 -2.39712e-05 0)
(0.000666059 -2.21156e-05 0)
(0.000645072 -2.06474e-05 0)
(0.000621911 -1.96974e-05 0)
(0.000596869 -1.90055e-05 0)
(0.000570273 -1.79588e-05 0)
(0.000542506 -1.59274e-05 0)
(0.000514016 -1.24003e-05 0)
(0.000485296 -7.1768e-06 0)
(0.000456715 -1.08113e-06 0)
(0.000428647 4.22191e-06 0)
(0.000401742 7.86078e-06 0)
(0.000376683 1.01653e-05 0)
(0.000353623 1.12986e-05 0)
(0.00033235 1.04969e-05 0)
(0.000312717 7.17184e-06 0)
(0.000294789 1.43175e-06 0)
(0.000278494 -6.15624e-06 0)
(0.000263712 -1.48906e-05 0)
(0.000250201 -2.40689e-05 0)
(0.000237557 -3.30475e-05 0)
(0.000225168 -4.12588e-05 0)
(0.000212203 -4.81606e-05 0)
(0.000198104 -5.32946e-05 0)
(0.000182918 -5.65551e-05 0)
(0.000167015 -5.79489e-05 0)
(0.000150733 -5.76198e-05 0)
(0.000134409 -5.58191e-05 0)
(0.000118404 -5.28083e-05 0)
(0.000103082 -4.88848e-05 0)
(8.87806e-05 -4.4265e-05 0)
(7.57659e-05 -3.91335e-05 0)
(6.42062e-05 -3.36335e-05 0)
(5.42332e-05 -2.78934e-05 0)
(4.59653e-05 -2.20283e-05 0)
(3.94778e-05 -1.61485e-05 0)
(3.47922e-05 -1.03622e-05 0)
(3.18772e-05 -4.77317e-06 0)
(3.06482e-05 5.24897e-07 0)
(3.09649e-05 5.45297e-06 0)
(3.27459e-05 9.91402e-06 0)
(3.58661e-05 1.38979e-05 0)
(4.01249e-05 1.73738e-05 0)
(4.53365e-05 2.03144e-05 0)
(5.13262e-05 2.27035e-05 0)
(5.79258e-05 2.45352e-05 0)
(6.49736e-05 2.58128e-05 0)
(7.23139e-05 2.65478e-05 0)
(7.97964e-05 2.67609e-05 0)
(8.72755e-05 2.64826e-05 0)
(0.00067252 1.95802e-05 0)
(0.000675604 9.33633e-06 0)
(0.000652327 1.87764e-06 0)
(0.00062929 -5.09809e-06 0)
(0.000607985 -1.09086e-05 0)
(0.000586473 -1.49389e-05 0)
(0.000563414 -1.73036e-05 0)
(0.000538934 -1.8443e-05 0)
(0.000513699 -1.87919e-05 0)
(0.000488372 -1.864e-05 0)
(0.000463366 -1.81649e-05 0)
(0.000438897 -1.74865e-05 0)
(0.000415089 -1.66924e-05 0)
(0.000392034 -1.58544e-05 0)
(0.000369807 -1.50408e-05 0)
(0.00034846 -1.43129e-05 0)
(0.000328018 -1.37129e-05 0)
(0.000308479 -1.32629e-05 0)
(0.000289813 -1.29785e-05 0)
(0.000271963 -1.28821e-05 0)
(0.00025485 -1.29961e-05 0)
(0.00023837 -1.33272e-05 0)
(0.000222393 -1.3876e-05 0)
(0.000206763 -1.46594e-05 0)
(0.00019131 -1.57004e-05 0)
(0.000175846 -1.70111e-05 0)
(0.000160189 -1.85408e-05 0)
(0.000144232 -1.99888e-05 0)
(0.000128021 -2.06536e-05 0)
(0.000111864 -1.95922e-05 0)
(9.6336e-05 -1.61462e-05 0)
(8.21588e-05 -1.02958e-05 0)
(7.00348e-05 -2.56292e-06 0)
(6.04833e-05 6.32227e-06 0)
(5.37435e-05 1.56477e-05 0)
(4.99175e-05 2.47938e-05 0)
(4.91392e-05 3.33744e-05 0)
(5.067e-05 4.12019e-05 0)
(5.45521e-05 4.7748e-05 0)
(6.0457e-05 5.27629e-05 0)
(6.80359e-05 5.62414e-05 0)
(7.67669e-05 5.81167e-05 0)
(8.60888e-05 5.823e-05 0)
(9.54835e-05 5.64594e-05 0)
(0.000104525 5.28015e-05 0)
(0.000112912 4.73887e-05 0)
(0.000120527 4.04897e-05 0)
(0.000127413 3.25023e-05 0)
(0.000133625 2.39163e-05 0)
(0.000139064 1.52691e-05 0)
(0.000143486 7.14016e-06 0)
(0.000146705 6.52951e-08 0)
(0.000148651 -5.70404e-06 0)
(0.000149359 -1.00462e-05 0)
(0.000148655 -1.286e-05 0)
(0.000146248 -1.42691e-05 0)
(0.000141974 -1.45234e-05 0)
(0.000135754 -1.39922e-05 0)
(0.000127589 -1.31141e-05 0)
(0.000117546 -1.23253e-05 0)
(0.000105814 -1.19739e-05 0)
(9.26863e-05 -1.21999e-05 0)
(7.83609e-05 -1.28797e-05 0)
(6.30251e-05 -1.38062e-05 0)
(4.70291e-05 -1.48136e-05 0)
(3.07172e-05 -1.57552e-05 0)
(1.4455e-05 -1.6509e-05 0)
(-1.48585e-06 -1.69623e-05 0)
(-1.67917e-05 -1.70786e-05 0)
(-3.11741e-05 -1.68135e-05 0)
(-4.44914e-05 -1.61937e-05 0)
(-5.65311e-05 -1.52614e-05 0)
(-6.71013e-05 -1.40516e-05 0)
(-7.60668e-05 -1.26087e-05 0)
(-8.33397e-05 -1.09863e-05 0)
(-8.88752e-05 -9.24247e-06 0)
(-9.26689e-05 -7.4336e-06 0)
(-9.47509e-05 -5.60907e-06 0)
(-9.52043e-05 -3.80591e-06 0)
(-9.41944e-05 -2.046e-06 0)
(-9.18827e-05 -3.95064e-07 0)
(-8.83827e-05 1.11142e-06 0)
(-8.3835e-05 2.4551e-06 0)
(-7.83932e-05 3.62712e-06 0)
(-7.22182e-05 4.62436e-06 0)
(-6.54726e-05 5.44712e-06 0)
(-5.83178e-05 6.09829e-06 0)
(-5.09124e-05 6.58279e-06 0)
(-4.34095e-05 6.90656e-06 0)
)
;

boundaryField
{
    inlet
    {
        type            fixedValue;
        value           nonuniform List<vector> 0();
    }
    outlet
    {
        type            zeroGradient;
    }
    wall
    {
        type            noSlip;
    }
    obstacle
    {
        type            noSlip;
    }
    frontAndBack
    {
        type            empty;
    }
    procBoundary2to1
    {
        type            processor;
        value           nonuniform List<vector> 
30
(
(0.000716613 -6.77008e-05 0)
(0.00132772 -2.27209e-05 0)
(0.00150687 -2.88854e-05 0)
(0.00157394 -2.61171e-05 0)
(0.00153948 -2.18766e-05 0)
(0.00153399 -3.18988e-05 0)
(0.00160937 -5.64373e-05 0)
(0.00158019 -6.19029e-05 0)
(0.00131639 -3.60474e-05 0)
(0.000889487 1.47428e-06 0)
(0.000445783 3.05969e-05 0)
(3.86546e-05 5.39442e-05 0)
(-0.000333387 7.63218e-05 0)
(-0.000576435 9.61439e-05 0)
(-0.000584267 9.58822e-05 0)
(-0.000332926 7.39342e-05 0)
(3.03907e-05 3.32122e-05 0)
(0.000383938 -1.30773e-05 0)
(0.00075636 -5.4489e-05 0)
(0.00113111 -0.000113982 0)
(0.00149638 -0.000171223 0)
(0.00178295 -0.000200523 0)
(0.0018772 -0.000192278 0)
(0.00176785 -0.000163583 0)
(0.00165128 -0.000134756 0)
(0.00166802 -0.000111289 0)
(0.0016597 -8.88239e-05 0)
(0.00153351 -5.8996e-05 0)
(0.00130958 -3.48473e-05 0)
(0.000617522 4.91301e-05 0)
)
;
    }
    procBoundary2to3
    {
        type            processor;
        value           nonuniform List<vector> 
31
(
(6.42813e-05 2.86339e-06 0)
(0.00017511 1.75458e-05 0)
(0.000405777 2.3139e-05 0)
(0.000812446 4.34697e-05 0)
(0.00119458 6.75454e-05 0)
(0.00135643 4.08796e-05 0)
(0.00141614 2.5992e-06 0)
(0.00143035 -3.95115e-05 0)
(0.00133095 -8.25776e-05 0)
(0.00108445 -0.00012123 0)
(0.000839071 -0.000175797 0)
(0.000733358 -0.000226626 0)
(0.000811006 -0.000255176 0)
(0.00104673 -0.000250651 0)
(0.00126982 -0.000260728 0)
(0.00135797 -0.000309999 0)
(0.00135797 -0.000309999 0)
(0.0014613 -0.000300942 0)
(0.00153658 -0.000295267 0)
(0.00152415 -0.00025823 0)
(0.00148288 -0.00020273 0)
(0.00142095 -0.000148807 0)
(0.00137175 -9.46207e-05 0)
(0.00135428 -4.96203e-05 0)
(0.00131918 -7.38971e-06 0)
(0.00120466 3.05135e-05 0)
(0.000985973 5.23219e-05 0)
(0.000709318 4.61573e-05 0)
(0.000370932 3.69469e-05 0)
(9.46125e-05 2.57539e-05 0)
(-3.59499e-05 7.07851e-06 0)
)
;
    }
}


// ************************************************************************* //
