/*--------------------------------*- C++ -*----------------------------------*\
| =========                 |                                                 |
| \\      /  F ield         | OpenFOAM: The Open Source CFD Toolbox           |
|  \\    /   O peration     | Version:  2312                                  |
|   \\  /    A nd           | Website:  www.openfoam.com                      |
|    \\/     M anipulation  |                                                 |
\*---------------------------------------------------------------------------*/
FoamFile
{
    version     2.0;
    format      ascii;
    arch        "LSB;label=32;scalar=64";
    class       surfaceScalarField;
    location    "79000";
    object      phi;
}
// * * * * * * * * * * * * * * * * * * * * * * * * * * * * * * * * * * * * * //

dimensions      [0 3 -1 0 0 0 0];

oriented        oriented;

internalField   nonuniform List<scalar> 
5309
(
7.45976e-05
2.77351e-05
6.92046e-05
5.39305e-06
6.29176e-05
6.28695e-06
5.97181e-05
3.19959e-06
5.86215e-05
1.09656e-06
5.93692e-05
-7.47735e-07
6.06009e-05
-1.23162e-06
6.31364e-05
-2.53552e-06
6.55626e-05
-2.42622e-06
6.91089e-05
-3.54629e-06
7.19976e-05
-2.88869e-06
7.59043e-05
-3.90674e-06
7.86039e-05
-2.69957e-06
8.22893e-05
-3.6854e-06
8.42399e-05
-1.95062e-06
8.73628e-05
-3.12294e-06
8.82119e-05
-8.49043e-07
9.05996e-05
-2.38774e-06
9.01478e-05
4.51813e-07
9.18536e-05
-1.70577e-06
9.00487e-05
1.80488e-06
9.11775e-05
-1.12881e-06
8.79484e-05
3.22915e-06
8.85783e-05
-6.29949e-07
8.37258e-05
4.85248e-06
8.40871e-05
-3.61285e-07
7.53147e-05
8.77241e-06
8.32049e-05
-7.89021e-06
3.39045e-05
4.93004e-05
-3.40842e-05
6.79887e-05
0.000148659
3.36214e-05
0.000146361
7.6919e-06
0.00014409
8.55714e-06
0.000142807
4.48312e-06
0.000142622
1.28139e-06
0.000144351
-2.47684e-06
0.000146876
-3.75612e-06
0.00015114
-6.79996e-06
0.000155572
-6.85799e-06
0.000161658
-9.63269e-06
0.000167194
-8.42455e-06
0.000174313
-1.10253e-05
0.000180056
-8.44291e-06
0.000187406
-1.10353e-05
0.000192519
-7.06408e-06
0.000199426
-1.00299e-05
0.000203207
-4.62933e-06
0.000209335
-8.5162e-06
0.000211444
-1.65696e-06
0.000216871
-7.13325e-06
0.000216749
1.92767e-06
0.000221971
-6.35166e-06
0.000218625
6.57598e-06
0.000224758
-6.76296e-06
0.000215718
1.38923e-05
0.000226204
-1.08474e-05
0.000203037
3.19388e-05
0.000222607
-2.74602e-05
0.000200961
7.09468e-05
-3.51975e-05
0.000202074
0.000197847
3.15183e-05
0.000198593
6.94564e-06
0.000200083
7.06764e-06
0.000201012
3.55422e-06
0.00020235
-5.70667e-08
0.000204762
-4.88824e-06
0.000207793
-6.78727e-06
0.000212286
-1.12935e-05
0.000216973
-1.15446e-05
0.000223269
-1.59288e-05
0.000229158
-1.43139e-05
0.000236752
-1.86189e-05
0.000243155
-1.4846e-05
0.000251469
-1.93496e-05
0.000257676
-1.32706e-05
0.000266232
-1.85863e-05
0.000271652
-1.00494e-05
0.000280329
-1.7193e-05
0.000284308
-5.63544e-06
0.0002932
-1.60254e-05
0.000295008
1.19895e-07
0.000304407
-1.57514e-05
0.000303383
7.6006e-06
0.000313915
-1.72955e-05
0.000308785
1.90232e-05
0.000320116
-2.2179e-05
0.000315263
3.67915e-05
0.000319894
-3.20907e-05
0.000334079
5.6762e-05
-1.71851e-05
0.000316066
0.000234785
2.68888e-05
0.00023483
6.90084e-06
0.000236991
4.9061e-06
0.000239109
1.43593e-06
0.000241018
-1.96551e-06
0.000244253
-8.12334e-06
0.000247729
-1.02636e-05
0.000252392
-1.59564e-05
0.000257093
-1.62456e-05
0.00026315
-2.19855e-05
0.000268865
-2.00295e-05
0.00027606
-2.58139e-05
0.000282383
-2.11682e-05
0.000290363
-2.73305e-05
0.000296832
-1.97388e-05
0.00030531
-2.70641e-05
0.000311525
-1.62653e-05
0.000320293
-2.59605e-05
0.000325908
-1.12502e-05
0.000334777
-2.48951e-05
0.000339844
-4.94722e-06
0.000348625
-2.45321e-05
0.000353288
2.93745e-06
0.000361175
-2.51819e-05
0.000367084
1.31141e-05
0.00037178
-2.68754e-05
0.000383449
2.51223e-05
0.000378692
-2.73336e-05
0.000405533
2.99207e-05
-6.16863e-06
0.000394517
0.000263542
2.21174e-05
0.000263157
7.2861e-06
0.000265098
2.96541e-06
0.00026774
-1.20671e-06
0.000270248
-4.47333e-06
0.000273122
-1.09972e-05
0.000276491
-1.36324e-05
0.000280598
-2.00632e-05
0.000285105
-2.07525e-05
0.000290302
-2.71828e-05
0.000295784
-2.55113e-05
0.000301881
-3.19115e-05
0.000308118
-2.74046e-05
0.000314857
-3.40702e-05
0.000321617
-2.64984e-05
0.00032874
-3.41871e-05
0.000335877
-2.34027e-05
0.000343095
-3.31779e-05
0.000350674
-1.88297e-05
0.000357681
-3.19014e-05
0.000366011
-1.32774e-05
0.000372243
-3.07644e-05
0.000381949
-6.7687e-06
0.00038653
-2.97624e-05
0.000399093
5.51101e-07
0.000400041
-2.78232e-05
0.000418355
6.80846e-06
0.000412507
-2.14857e-05
0.000436908
5.519e-06
-4.5332e-06
0.000435273
0.000286334
1.80958e-05
0.000285907
7.71316e-06
0.000287307
1.56542e-06
0.000289429
-3.32871e-06
0.000291817
-6.86083e-06
0.000294299
-1.34792e-05
0.00029754
-1.68735e-05
0.000300964
-2.34874e-05
0.000305278
-2.5067e-05
0.000309488
-3.13921e-05
0.000314752
-3.07756e-05
0.000319616
-3.67752e-05
0.000325748
-3.3537e-05
0.00033108
-3.94021e-05
0.000338008
-3.34259e-05
0.000343588
-3.97679e-05
0.000351316
-3.11303e-05
0.000356889
-3.87507e-05
0.000365587
-2.7528e-05
0.000370819
-3.71339e-05
0.000380817
-2.32748e-05
0.00038523
-3.51776e-05
0.000397151
-1.86901e-05
0.000399962
-3.25735e-05
0.000414775
-1.42616e-05
0.000415008
-2.80561e-05
0.000433215
-1.1398e-05
0.000431443
-1.97144e-05
0.000449286
-1.23239e-05
-9.37714e-06
0.00045413
0.000304099
1.50959e-05
0.000304083
7.72965e-06
0.000304808
8.40659e-07
0.000306343
-4.86412e-06
0.000308605
-9.12242e-06
0.000310629
-1.5503e-05
0.000313603
-1.98475e-05
0.000316294
-2.61789e-05
0.000320249
-2.90224e-05
0.000323561
-3.4704e-05
0.000328435
-3.56496e-05
0.000332255
-4.0595e-05
0.000338034
-3.93164e-05
0.000342238
-4.3606e-05
0.000348928
-4.01153e-05
0.000353348
-4.41884e-05
0.000361019
-3.8801e-05
0.000365465
-4.31967e-05
0.000374278
-3.63409e-05
0.000378513
-4.13689e-05
0.000388715
-3.34767e-05
0.000392469
-3.89313e-05
0.000404388
-3.06097e-05
0.000407359
-3.5544e-05
0.000421155
-2.8058e-05
0.000423495
-3.03961e-05
0.000438297
-2.61998e-05
0.000441782
-2.31992e-05
0.00045419
-2.47325e-05
-1.66314e-05
0.000461445
0.000317337
1.31045e-05
0.000317694
7.37257e-06
0.000318142
3.93248e-07
0.000319155
-5.87722e-06
0.000321145
-1.11126e-05
0.000322804
-1.71618e-05
0.000325415
-2.2459e-05
0.000327554
-2.8317e-05
0.000331018
-3.24869e-05
0.000333673
-3.73588e-05
0.000337983
-3.99599e-05
0.000341067
-4.36793e-05
0.000346247
-4.44956e-05
0.000349694
-4.70533e-05
0.000355787
-4.62085e-05
0.000359503
-4.79046e-05
0.000366593
-4.58905e-05
0.000370481
-4.70853e-05
0.000378676
-4.45352e-05
0.000382648
-4.53408e-05
0.000392057
-4.28863e-05
0.000396081
-4.2955e-05
0.000406732
-4.12613e-05
0.000410919
-3.97303e-05
0.00042252
-3.9659e-05
0.000427493
-3.53697e-05
0.000439031
-3.77379e-05
0.000446055
-3.02226e-05
0.000455894
-3.45717e-05
-2.50533e-05
0.000464316
0.000326478
1.19734e-05
0.000327063
6.78747e-06
0.000327566
-1.09546e-07
0.000328272
-6.5836e-06
0.000329909
-1.2749e-05
0.000331322
-1.85753e-05
0.00033353
-2.4667e-05
0.00033531
-3.00965e-05
0.000338205
-3.53826e-05
0.000340441
-3.95945e-05
0.000344072
-4.35907e-05
0.000346717
-4.63244e-05
0.000351123
-4.89017e-05
0.000354165
-5.0095e-05
0.00035941
-5.14536e-05
0.000362837
-5.13314e-05
0.000368987
-5.20411e-05
0.000372804
-5.0902e-05
0.000379911
-5.16422e-05
0.000384163
-4.95926e-05
0.000392229
-5.09529e-05
0.000397045
-4.7771e-05
0.000405954
-5.01698e-05
0.000411622
-4.53986e-05
0.000421047
-4.90837e-05
0.000428042
-4.23648e-05
0.000437496
-4.71921e-05
0.000445961
-3.86878e-05
0.0004554
-4.40105e-05
-3.39918e-05
0.000464338
0.000332025
1.14396e-05
0.00033276
6.05261e-06
0.000333415
-7.64552e-07
0.000334038
-7.20665e-06
0.000335341
-1.40514e-05
0.000336603
-1.98379e-05
0.000338424
-2.64878e-05
0.000340005
-3.16773e-05
0.000342346
-3.77241e-05
0.000344347
-4.15949e-05
0.000347296
-4.65403e-05
0.000349721
-4.87486e-05
0.000353326
-5.25067e-05
0.000356207
-5.29765e-05
0.000360542
-5.57885e-05
0.000363937
-5.47267e-05
0.000369059
-5.71625e-05
0.000373045
-5.4888e-05
0.000378984
-5.75812e-05
0.000383672
-5.4281e-05
0.000390417
-5.76975e-05
0.000395966
-5.33201e-05
0.000403451
-5.76547e-05
0.000410055
-5.20025e-05
0.000418179
-5.72079e-05
0.000425918
-5.01037e-05
0.000434697
-5.5971e-05
0.00044329
-4.72803e-05
0.000453
-5.3721e-05
-4.29724e-05
0.000461981
0.000334692
1.11824e-05
0.000335424
5.32132e-06
0.000336209
-1.54977e-06
0.00033693
-7.92797e-06
0.000338009
-1.51298e-05
0.000339188
-2.10174e-05
0.000340698
-2.7998e-05
0.000342192
-3.31713e-05
0.000344092
-3.9624e-05
0.000345977
-4.348e-05
0.000348365
-4.89282e-05
0.000350695
-5.10779e-05
0.000353626
-5.54377e-05
0.000356467
-5.58176e-05
0.000360024
-5.93457e-05
0.000363475
-5.81783e-05
0.000367726
-6.14133e-05
0.000371898
-5.90602e-05
0.000376891
-6.25743e-05
0.000381905
-5.92945e-05
0.000387676
-6.34687e-05
0.000393644
-5.92885e-05
0.000400236
-6.42462e-05
0.00040722
-5.89868e-05
0.000414703
-6.46909e-05
0.00042265
-5.80503e-05
0.000431151
-6.44728e-05
0.000439918
-5.60473e-05
0.000449519
-6.33215e-05
-5.24315e-05
0.000458978
0.000335265
1.0837e-05
0.000335987
4.59877e-06
0.000336834
-2.39609e-06
0.000337697
-8.79138e-06
0.00033868
-1.6113e-05
0.000339844
-2.21808e-05
0.000341163
-2.93175e-05
0.000342642
-3.46497e-05
0.000344273
-4.12549e-05
0.000346113
-4.53202e-05
0.00034814
-5.09552e-05
0.000350423
-5.33615e-05
0.000352915
-5.79288e-05
0.000355734
-5.86369e-05
0.000358776
-6.23882e-05
0.000362249
-6.16506e-05
0.000365929
-6.5094e-05
0.000370174
-6.33043e-05
0.000374577
-6.6978e-05
0.000379698
-6.44155e-05
0.000384912
-6.86825e-05
0.000390989
-6.53651e-05
0.000397114
-7.03714e-05
0.000404184
-6.60563e-05
0.00041133
-7.18377e-05
0.000419376
-6.60955e-05
0.000427643
-7.27399e-05
0.000436611
-6.50159e-05
0.00044604
-7.27499e-05
-6.22912e-05
0.000455899
0.000334692
1.02537e-05
0.000335488
3.80275e-06
0.000336369
-3.27687e-06
0.000337356
-9.77771e-06
0.00033835
-1.71071e-05
0.000339562
-2.33937e-05
0.000340822
-3.05772e-05
0.000342337
-3.61648e-05
0.000343867
-4.27848e-05
0.000345713
-4.71662e-05
0.000347575
-5.28174e-05
0.000349838
-5.56242e-05
0.00035211
-6.02011e-05
0.00035489
-6.14163e-05
0.000357667
-6.51655e-05
0.000361086
-6.50699e-05
0.000364475
-6.84823e-05
0.000368654
-6.74836e-05
0.000372757
-7.10815e-05
0.000377804
-6.94621e-05
0.000382727
-7.36052e-05
0.000388732
-7.13701e-05
0.000394582
-7.62215e-05
0.000401615
-7.30893e-05
0.000408495
-7.87176e-05
0.000416596
-7.41966e-05
0.000424579
-8.07232e-05
0.00043375
-7.4187e-05
0.000442879
-8.18782e-05
-7.25049e-05
0.000453092
0.000334333
9.4909e-06
0.000335194
2.94221e-06
0.000336081
-4.16433e-06
0.00033714
-1.08366e-05
0.00033819
-1.8157e-05
0.000339482
-2.46852e-05
0.000340768
-3.18635e-05
0.000342345
-3.77423e-05
0.000343876
-4.4315e-05
0.000345751
-4.90421e-05
0.000347564
-5.46302e-05
0.00034981
-5.78695e-05
0.000351982
-6.23741e-05
0.000354694
-6.41274e-05
0.000357327
-6.77993e-05
0.000360626
-6.83687e-05
0.000363838
-7.16945e-05
0.000367852
-7.14973e-05
0.000371756
-7.49859e-05
0.000376607
-7.43123e-05
0.000381311
-7.83092e-05
0.000387115
-7.71742e-05
0.000392721
-8.18275e-05
0.000399592
-7.99601e-05
0.00040619
-8.53156e-05
0.000414221
-8.22277e-05
0.000421871
-8.83737e-05
0.000431112
-8.34282e-05
0.000439851
-9.06168e-05
-8.29781e-05
0.000450324
0.000335292
8.69079e-06
0.000336155
2.07923e-06
0.000337026
-5.0353e-06
0.000338108
-1.19185e-05
0.000339208
-1.92573e-05
0.000340561
-2.60377e-05
0.000341892
-3.3195e-05
0.000343509
-3.93589e-05
0.000345051
-4.58575e-05
0.000346924
-5.09147e-05
0.000348693
-5.63993e-05
0.00035087
-6.00467e-05
0.000352936
-6.44397e-05
0.000355508
-6.66992e-05
0.000357977
-7.02688e-05
0.000361066
-7.14574e-05
0.00036407
-7.46988e-05
0.000367811
-7.52379e-05
0.000371479
-7.8654e-05
0.000376005
-7.88378e-05
0.000380455
-8.27593e-05
0.0003859
-8.26201e-05
0.000391241
-8.71678e-05
0.000397751
-8.64706e-05
0.000404075
-9.16392e-05
0.000411788
-8.99413e-05
0.000419157
-9.57428e-05
0.000428178
-9.24484e-05
0.000436619
-9.90583e-05
-9.33638e-05
0.000447005
0.000338383
8.06562e-06
-0.000337758
0.000339135
1.3279e-06
0.000339926
-5.82684e-06
0.000340945
-1.29376e-05
0.000342022
-2.0334e-05
0.000343341
-2.73566e-05
0.000344644
-3.44986e-05
0.000346196
-4.091e-05
0.000347664
-4.73257e-05
0.000349415
-5.26663e-05
0.000351042
-5.80256e-05
0.000353026
-6.2031e-05
0.000354873
-6.62863e-05
0.000357181
-6.90074e-05
0.000359366
-7.2454e-05
0.000362131
-7.42221e-05
0.000364804
-7.73726e-05
0.000368171
-7.86044e-05
0.000371483
-8.19665e-05
0.000375591
-8.29454e-05
0.00037968
-8.68487e-05
0.00038467
-8.76097e-05
0.000389666
-9.21637e-05
0.000395695
-9.24996e-05
0.000401711
-9.76554e-05
0.000408949
-9.71795e-05
0.00041606
-0.000102854
0.000424667
-0.000101055
0.000432889
-0.00010728
-0.000103473
0.000442998
0.000343393
7.73005e-06
-0.000343058
0.00034394
7.81691e-07
0.000344597
-6.48423e-06
0.000345465
-1.38059e-05
0.000346417
-2.1286e-05
0.000347569
-2.85084e-05
0.00034872
-3.56492e-05
0.000350052
-4.22423e-05
0.000351309
-4.85824e-05
0.000352774
-5.41316e-05
0.000354117
-5.93686e-05
0.000355748
-6.36619e-05
0.000357242
-6.77804e-05
0.000359148
-7.09134e-05
0.000360929
-7.42345e-05
0.000363266
-7.65599e-05
0.000365503
-7.96094e-05
0.000368435
-8.15363e-05
0.000371296
-8.48278e-05
0.000374965
-8.66135e-05
0.000378608
-9.04924e-05
0.000383144
-9.21457e-05
0.000387729
-9.6748e-05
0.000393276
-9.80466e-05
0.000398955
-0.000103335
0.000405676
-0.000103901
0.000412565
-0.000109742
0.000420636
-0.000109127
0.000428757
-0.000115401
-0.000113073
0.000438358
0.000349012
7.57841e-06
-0.00034886
0.000349391
4.0219e-07
0.000349937
-7.02962e-06
0.00035064
-1.45094e-05
0.000351414
-2.20594e-05
0.000352308
-2.94029e-05
0.000353206
-3.65473e-05
0.0003542
-4.32357e-05
0.000355136
-4.95189e-05
0.000356188
-5.51834e-05
0.000357154
-6.03343e-05
0.00035832
-6.48281e-05
0.000359401
-6.88611e-05
0.000360826
-7.23388e-05
0.000362177
-7.55856e-05
0.000364052
-7.84345e-05
0.000365853
-8.14103e-05
0.00036836
-8.40436e-05
0.000370776
-8.72439e-05
0.000374062
-8.98997e-05
0.000377246
-9.36765e-05
0.000381429
-9.63288e-05
0.000385551
-0.000100869
0.00039074
-0.000103236
0.000395994
-0.000108588
0.000402301
-0.000110208
0.000408873
-0.000116315
0.000416421
-0.000116674
0.000424409
-0.000123389
-0.000122034
0.00043337
0.000354247
7.50578e-06
-0.000354175
0.000354504
1.451e-07
0.000354932
-7.45681e-06
0.000355447
-1.50252e-05
0.000356001
-2.26129e-05
0.000356601
-3.00027e-05
0.000357202
-3.71487e-05
0.000357825
-4.38586e-05
0.000358419
-5.0113e-05
0.000359048
-5.58122e-05
0.000359654
-6.09401e-05
0.000360373
-6.55471e-05
0.000361103
-6.95909e-05
0.000362084
-7.33198e-05
0.000363105
-7.66068e-05
0.000364559
-7.98885e-05
0.000366042
-8.28935e-05
0.000368166
-8.61681e-05
0.000370248
-8.93254e-05
0.000373198
-9.28499e-05
0.000375986
-9.64646e-05
0.000379883
-0.000100225
0.000383507
-0.000104494
0.000388448
-0.000108177
0.000393099
-0.000113239
0.000399139
-0.000116249
0.000405068
-0.000122244
0.00041221
-0.000123816
0.000419667
-0.000130846
-0.000130261
0.000427893
0.000357319
7.183e-06
-0.000356997
0.000357762
-2.97915e-07
0.000358253
-7.94729e-06
0.000358776
-1.55484e-05
0.000359295
-2.31319e-05
0.000359796
-3.05036e-05
0.000360268
-3.76207e-05
0.000360702
-4.42927e-05
0.000361108
-5.05187e-05
0.000361485
-5.61898e-05
0.000361875
-6.13299e-05
0.000362297
-6.59694e-05
0.000362807
-7.01005e-05
0.000363455
-7.39684e-05
0.000364265
-7.74163e-05
0.000365353
-8.0977e-05
0.000366629
-8.41687e-05
0.000368358
-8.78973e-05
0.00037021
-9.11772e-05
0.000372745
-9.53856e-05
0.000375224
-9.8943e-05
0.00037871
-0.000103712
0.000381858
-0.000107642
0.000386437
-0.000112755
0.000390346
-0.000117148
0.000396092
-0.000121995
0.000400938
-0.00012709
0.000407749
-0.000130627
0.000413833
-0.00013693
-0.000137745
0.000421318
0.000360354
6.5651e-06
-0.000359737
0.000361002
-9.45806e-07
0.000361654
-8.5994e-06
0.000362309
-1.62027e-05
0.000362919
-2.37422e-05
0.000363464
-3.10485e-05
0.000363923
-3.80799e-05
0.000364291
-4.46606e-05
0.000364582
-5.08091e-05
0.000364792
-5.64008e-05
0.000364986
-6.15234e-05
0.000365154
-6.6137e-05
0.000365414
-7.03608e-05
0.000365731
-7.42856e-05
0.00036627
-7.79547e-05
0.000366953
-8.16603e-05
0.000367958
-8.51736e-05
0.000369197
-8.91369e-05
0.000370785
-9.27651e-05
0.000372738
-9.73382e-05
0.000374934
-0.000101139
0.000377747
-0.000106524
0.000380501
-0.000110396
0.000384357
-0.000116612
0.000387564
-0.000120355
0.000392614
-0.000127045
0.000396097
-0.000130573
0.000402223
-0.000136752
0.000405819
-0.000140526
-0.000144166
0.000412239
0.000366992
6.01145e-06
-0.000366438
0.000367555
-1.50949e-06
0.00036812
-9.16439e-06
0.000368673
-1.67558e-05
0.000369152
-2.42209e-05
0.00036953
-3.14263e-05
0.000369766
-3.83165e-05
0.000369869
-4.47632e-05
0.000369833
-5.07729e-05
0.000369687
-5.62553e-05
0.000369471
-6.13071e-05
0.000369217
-6.58833e-05
0.00036902
-7.01637e-05
0.000368879
-7.41447e-05
0.000368955
-7.80303e-05
0.000369156
-8.18611e-05
0.000369724
-8.57418e-05
0.000370427
-8.984e-05
0.000371617
-9.39551e-05
0.00037292
-9.86412e-05
0.00037477
-0.00010299
0.000376734
-0.000108488
0.00037913
-0.000112792
0.000381813
-0.000119295
0.000384408
-0.00012295
0.000387858
-0.000130495
0.000389859
-0.000132575
0.000393907
-0.000140799
0.000393868
-0.000140487
-0.000147937
0.000397639
0.000375214
5.48583e-06
-0.000374689
0.000375706
-2.00108e-06
0.000376162
-9.62059e-06
0.000376533
-1.71267e-05
0.000376763
-2.44508e-05
0.00037683
-3.14934e-05
0.000376697
-3.81838e-05
0.000376379
-4.44448e-05
0.000375871
-5.02647e-05
0.000375228
-5.56126e-05
0.000374476
-6.05548e-05
0.000373695
-6.51029e-05
0.00037294
-6.94081e-05
0.000372288
-7.34929e-05
0.000371821
-7.75635e-05
0.000371555
-8.15946e-05
0.000371611
-8.57978e-05
0.000371853
-9.00828e-05
0.000372521
-9.46224e-05
0.000373249
-9.93699e-05
0.000374533
-0.000104273
0.000375622
-0.000109577
0.000377322
-0.000114491
0.000378399
-0.000120371
0.000379867
-0.000124419
0.000380346
-0.000130974
0.000380155
-0.000132385
0.000379265
-0.000139909
0.00037438
-0.000135603
-0.000145026
0.000371469
0.000383132
4.64085e-06
-0.000382287
0.000383815
-2.68379e-06
0.000384337
-1.01424e-05
0.000384657
-1.7447e-05
0.00038474
-2.45338e-05
0.000384558
-3.13121e-05
0.000384094
-3.7719e-05
0.000383366
-4.37172e-05
0.000382398
-4.92965e-05
0.000381251
-5.44654e-05
0.000379967
-5.92714e-05
0.000378642
-6.37781e-05
0.00037733
-6.80957e-05
0.000376146
-7.23091e-05
0.000375134
-7.65507e-05
0.000374385
-8.08458e-05
0.000373897
-8.53102e-05
0.000373671
-8.98565e-05
0.000373665
-9.46165e-05
0.000373717
-9.94225e-05
0.000373933
-0.000104489
0.000373845
-0.000109489
0.000373819
-0.000114465
0.000372536
-0.000119089
0.000371001
-0.000122883
0.000366734
-0.000126706
0.000361772
-0.000127423
0.000352252
-0.000130388
0.000340205
-0.000123556
-0.000129354
0.000324534
0.000393242
3.72502e-06
-0.000392326
0.000394034
-3.47625e-06
0.000394477
-1.05851e-05
0.000394652
-1.76215e-05
0.00039453
-2.44123e-05
0.000394023
-3.08049e-05
0.000393137
-3.68329e-05
0.00039191
-4.24905e-05
0.00039039
-4.77763e-05
0.000388639
-5.27147e-05
0.000386729
-5.73609e-05
0.000384749
-6.17984e-05
0.00038278
-6.61266e-05
0.000380924
-7.04531e-05
0.000379238
-7.48647e-05
0.000377797
-7.94048e-05
0.000376563
-8.40764e-05
0.000375521
-8.88142e-05
0.000374456
-9.35511e-05
0.000373159
-9.81261e-05
0.000371323
-0.000102652
0.000368759
-0.000106926
0.000365102
-0.000110807
0.000359507
-0.000113495
0.000351705
-0.000115081
0.000339994
-0.000114996
0.000325544
-0.000112973
0.000304139
-0.000108983
0.000280598
-0.000100016
-9.60781e-05
0.000247322
0.000406776
2.51173e-06
-0.000405563
0.00040755
-4.25037e-06
0.000408043
-1.10777e-05
0.000407999
-1.75776e-05
0.000407369
-2.37827e-05
0.00040625
-2.96857e-05
0.000404685
-3.52682e-05
0.000402715
-4.052e-05
0.000400398
-4.54592e-05
0.00039781
-5.01273e-05
0.000395042
-5.45926e-05
0.00039218
-5.89371e-05
0.000389303
-6.3249e-05
0.000386464
-6.76146e-05
0.000383696
-7.20964e-05
0.000380996
-7.6705e-05
0.000378288
-8.13683e-05
0.000375406
-8.59316e-05
0.000372029
-9.01741e-05
0.000367737
-9.38343e-05
0.000361806
-9.67217e-05
0.000353926
-9.9046e-05
0.000343386
-0.000100267
0.000329609
-9.97176e-05
0.000311615
-9.70867e-05
0.000288441
-9.18223e-05
0.000259635
-8.41667e-05
0.000224651
-7.39988e-05
0.000186139
-6.15034e-05
-5.01814e-05
0.000140242
0.000422415
-6.18014e-08
-0.000419842
0.000423785
-5.61978e-06
0.000424186
-1.14794e-05
0.000423876
-1.72673e-05
0.000422906
-2.28126e-05
0.000421268
-2.80481e-05
0.000418983
-3.29833e-05
0.000416113
-3.76492e-05
0.000412741
-4.20873e-05
0.000408959
-4.6346e-05
0.000404862
-5.04953e-05
0.000400528
-5.46027e-05
0.000396008
-5.87292e-05
0.000391284
-6.28907e-05
0.000386246
-6.70579e-05
0.000380734
-7.11932e-05
0.000374498
-7.51329e-05
0.000367173
-7.86059e-05
0.000358314
-8.13157e-05
0.000347501
-8.30215e-05
0.000333953
-8.31729e-05
0.000316518
-8.16113e-05
0.000294381
-7.81306e-05
0.000267302
-7.26379e-05
0.000235569
-6.53542e-05
0.000198595
-5.4848e-05
0.000155504
-4.10761e-05
0.000109903
-2.83976e-05
6.8938e-05
-2.05384e-05
-1.75486e-05
3.63051e-05
0.000447577
-3.01613e-07
-0.000447337
0.000448078
-6.12078e-06
0.000447844
-1.12453e-05
0.000446598
-1.60218e-05
0.000444305
-2.05197e-05
0.000441031
-2.4774e-05
0.000436846
-2.87984e-05
0.000431812
-3.26143e-05
0.000425988
-3.62636e-05
0.000419443
-3.98013e-05
0.000412248
-4.33004e-05
0.000404454
-4.68087e-05
0.000396089
-5.0364e-05
0.000387075
-5.38763e-05
0.000376964
-5.69473e-05
0.000365337
-5.95659e-05
0.000351676
-6.14726e-05
0.000335221
-6.2151e-05
0.000315331
-6.14252e-05
0.000291876
-5.95668e-05
0.000265891
-5.71877e-05
0.000235465
-5.11852e-05
0.000198993
-4.16582e-05
0.000156888
-3.05329e-05
0.000111917
-2.03831e-05
6.94325e-05
-1.23638e-05
3.38592e-05
-5.50273e-06
6.99086e-06
-1.52929e-06
-1.1221e-05
-2.32656e-06
-6.40888e-06
-2.23606e-05
0.0004813
-2.80054e-06
-0.000478801
0.000480947
-5.76749e-06
0.000478629
-8.92755e-06
0.000474674
-1.20664e-05
0.000469187
-1.50328e-05
0.000462195
-1.77819e-05
0.000453718
-2.03215e-05
0.000443781
-2.26776e-05
0.000432391
-2.48732e-05
0.000419525
-2.69356e-05
0.000405116
-2.88916e-05
0.000389064
-3.07563e-05
0.000371228
-3.25282e-05
0.000351489
-3.41374e-05
0.000330067
-3.5525e-05
0.000307115
-3.66138e-05
0.000280961
-3.53193e-05
0.000250283
-3.1473e-05
0.000214443
-2.55843e-05
0.000174086
-1.92098e-05
0.000130455
-1.35571e-05
8.84119e-05
-9.14205e-06
5.14287e-05
-4.67504e-06
2.13292e-05
-4.33415e-07
-1.61092e-06
2.55701e-06
-1.70921e-05
3.11734e-06
-2.55263e-05
2.93143e-06
-2.96819e-05
2.62636e-06
-3.35246e-05
1.51609e-06
-5.29293e-07
-3.94041e-05
0.000457386
-0.000460186
0.000451618
0.000442691
0.000430625
0.000415592
0.00039781
0.000377488
0.000354811
0.000329937
0.000303002
0.00027411
0.000243354
0.000210826
0.000176688
0.000141163
0.00010455
6.92303e-05
3.77573e-05
1.21729e-05
-7.0369e-06
-2.0594e-05
-2.97361e-05
-3.44111e-05
-3.48445e-05
-3.22875e-05
-2.91702e-05
-2.62388e-05
-2.36124e-05
-2.20963e-05
-2.26256e-05
0.00039761
0.000375764
0.000353089
0.000328235
0.00030156
0.000275626
0.000250666
0.000224636
0.00019751
0.000169781
0.000139942
0.000111309
7.50825e-05
4.03683e-05
0.000452173
5.78172e-06
0.000443232
8.94125e-06
0.000431152
1.20796e-05
0.000416107
1.50455e-05
0.000398313
1.77939e-05
0.00037798
2.03325e-05
0.000355293
2.26875e-05
0.000330411
2.48818e-05
0.000303468
2.6943e-05
0.00027457
2.88982e-05
0.000243807
3.07626e-05
0.000211272
3.25353e-05
0.000177125
3.41471e-05
0.000141586
3.55389e-05
0.000104943
3.66434e-05
6.95688e-05
3.53739e-05
3.80165e-05
3.15523e-05
1.23434e-05
2.56731e-05
-6.95489e-06
1.92983e-05
-2.05736e-05
1.36187e-05
-2.97721e-05
9.19852e-06
-3.4505e-05
4.73292e-06
-3.49793e-05
4.74267e-07
-3.2432e-05
-2.54725e-06
-2.93155e-05
-3.11653e-06
-2.64088e-05
-2.90669e-06
-2.38332e-05
-2.5756e-06
-2.23823e-05
-1.45091e-06
5.95872e-07
-2.29782e-05
0.000481471
6.14605e-06
0.000479143
1.12695e-05
0.000475178
1.60449e-05
0.000469682
2.05411e-05
0.000462683
2.47932e-05
0.000454201
2.88149e-05
0.00044426
3.26277e-05
0.000432869
3.62736e-05
0.000420004
3.98079e-05
0.000405598
4.33034e-05
0.000389552
4.68088e-05
0.000371725
5.03621e-05
0.000351997
5.38751e-05
0.00033058
5.69562e-05
0.000307649
5.95748e-05
0.00028153
6.14925e-05
0.000250898
6.21847e-05
0.000215096
6.14747e-05
0.000174768
5.9626e-05
0.000131116
5.72709e-05
8.89917e-05
5.13229e-05
5.18901e-05
4.18345e-05
2.16602e-05
3.07041e-05
-1.42042e-06
2.05334e-05
-1.70436e-05
1.25067e-05
-2.56041e-05
5.6538e-06
-2.98371e-05
1.65743e-06
-3.3726e-05
2.43798e-06
6.53198e-06
-3.96621e-05
0.00044855
5.65424e-06
0.000448307
1.15129e-05
0.000447053
1.72989e-05
0.000444752
2.28419e-05
0.00044147
2.80746e-05
0.000437279
3.30063e-05
0.000432239
3.76681e-05
0.000426411
4.21015e-05
0.000419863
4.63552e-05
0.000412668
5.04991e-05
0.000404875
5.46015e-05
0.000396514
5.87233e-05
0.000387508
6.28813e-05
0.000377418
6.70461e-05
0.000365813
7.11799e-05
0.000352184
7.51216e-05
0.000335768
7.86e-05
0.000315923
8.13198e-05
0.000292506
8.30429e-05
0.00026656
8.32175e-05
0.000236202
8.16808e-05
0.000199801
7.82351e-05
0.000157724
7.27817e-05
0.000112714
6.55435e-05
7.00943e-05
5.5126e-05
3.43516e-05
4.13965e-05
7.31599e-06
2.8693e-05
-1.10551e-05
2.08091e-05
1.77785e-05
-2.23017e-05
0.000424201
4.29446e-06
0.000424596
1.11184e-05
0.000424279
1.76158e-05
0.000423303
2.38177e-05
0.000421661
2.97171e-05
0.000419372
3.52953e-05
0.000416497
4.05422e-05
0.000413123
4.54759e-05
0.000409341
5.01378e-05
0.000405243
5.45965e-05
0.000400911
5.89341e-05
0.000396395
6.32391e-05
0.000391678
6.75977e-05
0.000386651
7.2073e-05
0.000381155
7.66762e-05
0.000374941
8.13361e-05
0.000367642
8.58988e-05
0.000358817
9.01445e-05
0.000348047
9.38134e-05
0.000334555
9.67089e-05
0.000317189
9.90471e-05
0.000295127
0.000100297
0.00026812
9.97887e-05
0.00023645
9.72135e-05
0.000199562
9.20137e-05
0.000156531
8.44282e-05
0.000110879
7.4345e-05
6.97627e-05
6.19251e-05
5.064e-05
3.69013e-05
0.000407926
3.52158e-06
0.000408415
1.06296e-05
0.000408367
1.76639e-05
0.000407733
2.44514e-05
0.00040661
3.084e-05
0.000405042
3.68633e-05
0.000403069
4.25153e-05
0.00040075
4.77948e-05
0.000398162
5.27262e-05
0.000395393
5.73646e-05
0.000392534
6.17938e-05
0.00038966
6.61132e-05
0.000386827
7.04306e-05
0.000384066
7.48335e-05
0.000381377
7.93654e-05
0.000378683
8.403e-05
0.00037582
8.8762e-05
0.000372469
9.34958e-05
0.000368213
9.80691e-05
0.000362326
0.000102596
0.000354498
0.000106874
0.000344023
0.000110772
0.000330325
0.000113487
0.000312432
0.000115107
0.000289373
0.000115072
0.000260696
0.000113105
0.000225823
0.000109218
0.000187446
0.000100302
9.65311e-05
0.000141555
0.000394376
2.73411e-06
0.000394815
1.01901e-05
0.000394987
1.74923e-05
0.000394863
2.45759e-05
0.000394353
3.13498e-05
0.000393465
3.77515e-05
0.000392236
4.37435e-05
0.000390715
4.93158e-05
0.000388965
5.44768e-05
0.000387055
5.92741e-05
0.000385078
6.37711e-05
0.000383112
6.80788e-05
0.000381262
7.22814e-05
0.000379582
7.65127e-05
0.000378151
8.0797e-05
0.000376929
8.52519e-05
0.000375902
8.97886e-05
0.000374858
9.45404e-05
0.000373588
9.93391e-05
0.000371784
0.000104399
0.000369259
0.0001094
0.000365657
0.000114374
0.000360129
0.000119015
0.000352422
0.000122814
0.000340815
0.000126679
0.00032651
0.00012741
0.00030527
0.000130459
0.000281905
0.000123667
0.000129557
0.000248879
0.000384126
2.05309e-06
0.000384646
9.67028e-06
0.000384964
1.71738e-05
0.000385045
2.44947e-05
0.000384863
3.15326e-05
0.000384397
3.82175e-05
0.000383668
4.44717e-05
0.0003827
5.02842e-05
0.000381554
5.56231e-05
0.000380272
6.0556e-05
0.00037895
6.50932e-05
0.000377641
6.93872e-05
0.000376463
7.34598e-05
0.000375457
7.75183e-05
0.000374717
8.15369e-05
0.000374242
8.57275e-05
0.000374029
9.0001e-05
0.000374043
9.4527e-05
0.000374116
9.92659e-05
0.000374361
0.000104155
0.000374304
0.000109456
0.000374323
0.000114355
0.000373097
0.000120241
0.000371635
0.000124276
0.000367468
0.000130845
0.000362616
0.000132262
0.000353279
0.000139796
0.000341382
0.000135564
0.000144938
0.000326001
0.000375993
1.56244e-06
0.000376448
9.21529e-06
0.000376817
1.68042e-05
0.000377046
2.4266e-05
0.000377112
3.14664e-05
0.000376979
3.83509e-05
0.00037666
4.47902e-05
0.000376152
5.0792e-05
0.000375511
5.62647e-05
0.000374761
6.13062e-05
0.000373983
6.58706e-05
0.000373232
7.01385e-05
0.000372586
7.41061e-05
0.000372127
7.79774e-05
0.000371869
8.17945e-05
0.000371937
8.56592e-05
0.000372194
8.97443e-05
0.000372879
9.3842e-05
0.000373629
9.85164e-05
0.000374937
0.000102847
0.000376059
0.000108333
0.000377793
0.000112621
0.000378927
0.000119107
0.000380445
0.000122758
0.000381022
0.000130268
0.00038091
0.000132375
0.00038018
0.000140526
0.000375434
0.000140311
0.000147624
0.000372747
0.00036782
9.99506e-07
0.000368385
8.65107e-06
0.000368937
1.62519e-05
0.000369415
2.3788e-05
0.000369792
3.10891e-05
0.000370029
3.81145e-05
0.000370131
4.46874e-05
0.000370096
5.08275e-05
0.000369952
5.64088e-05
0.000369738
6.15204e-05
0.000369487
6.61211e-05
0.000369294
7.03313e-05
0.000369159
7.42412e-05
0.000369242
7.78945e-05
0.000369453
8.15837e-05
0.000370032
8.50802e-05
0.000370751
8.90253e-05
0.000371956
9.26372e-05
0.000373283
9.71888e-05
0.000375153
0.000100977
0.000377155
0.000106332
0.000379578
0.000110199
0.000382318
0.000116367
0.000384955
0.000120121
0.000388488
0.000126735
0.000390562
0.0001303
0.000394723
0.000136365
0.000394826
0.000140208
0.000143707
0.000398743
0.000361247
3.52067e-07
0.0003619
7.99876e-06
0.000362554
1.55976e-05
0.000363164
2.31778e-05
0.000363709
3.0544e-05
0.000364168
3.76551e-05
0.000364537
4.43188e-05
0.000364828
5.05362e-05
0.000365041
5.61961e-05
0.000365237
6.13249e-05
0.000365408
6.59499e-05
0.000365672
7.00674e-05
0.000365995
7.39174e-05
0.00036654
7.73504e-05
0.000367234
8.08894e-05
0.000368247
8.40667e-05
0.000369504
8.77684e-05
0.000371105
9.10368e-05
0.000373083
9.52103e-05
0.000375298
9.87621e-05
0.000378147
0.000103483
0.00038093
0.000107416
0.000384834
0.000112462
0.000388088
0.000116867
0.0003932
0.000121624
0.000396762
0.000126738
0.000402962
0.000130165
0.00040669
0.00013648
0.000137187
0.000413209
0.000357991
-9.51168e-08
0.000358481
7.50871e-06
0.000359005
1.5074e-05
0.000359524
2.26583e-05
0.000360026
3.00425e-05
0.000360499
3.71824e-05
0.000360934
4.38835e-05
0.000361341
5.01294e-05
0.000361721
5.58162e-05
0.000362112
6.09333e-05
0.000362539
6.55235e-05
0.000363051
6.95548e-05
0.000363707
7.32619e-05
0.000364521
7.6536e-05
0.00036562
7.97899e-05
0.000366904
8.27835e-05
0.000368649
8.60232e-05
0.000370513
8.91723e-05
0.000373071
9.26523e-05
0.000375571
9.62628e-05
0.000379087
9.99668e-05
0.000382268
0.000104234
0.000386884
0.000107846
0.000390846
0.000112906
0.000396637
0.000115833
0.00040156
0.000121815
0.000408427
0.000123298
0.000414612
0.000130295
0.000129619
0.000422179
0.000354716
-3.51473e-07
0.000355145
7.07985e-06
0.000355662
1.45574e-05
0.000356216
2.21041e-05
0.000356816
2.94418e-05
0.000357419
3.65801e-05
0.000358043
4.32591e-05
0.000358638
4.95341e-05
0.00035927
5.51848e-05
0.000359878
6.03255e-05
0.000360601
6.48004e-05
0.000361334
6.88218e-05
0.000362321
7.22744e-05
0.000363348
7.55093e-05
0.000364811
7.83266e-05
0.000366304
8.12911e-05
0.000368441
8.38856e-05
0.000370538
8.70757e-05
0.000373506
8.96847e-05
0.000376317
9.34509e-05
0.000380237
9.60478e-05
0.000383897
0.000100574
0.000388867
0.000102876
0.000393567
0.000108206
0.000399647
0.000109753
0.000405637
0.000115825
0.000412832
0.000116102
0.000420353
0.000122774
0.000121316
0.000428656
0.000349591
-7.314e-07
0.000350137
6.53299e-06
0.000350842
1.38529e-05
0.000351616
2.13298e-05
0.000352512
2.85464e-05
0.000353411
3.56811e-05
0.000354405
4.22644e-05
0.000355343
4.85962e-05
0.000356397
5.41311e-05
0.000357365
5.93576e-05
0.000358534
6.3631e-05
0.000359619
6.77371e-05
0.000361049
7.08441e-05
0.000362407
7.41514e-05
0.000364289
7.64448e-05
0.0003661
7.94794e-05
0.000368618
8.13683e-05
0.00037105
8.4643e-05
0.000374351
8.63844e-05
0.000377559
9.02429e-05
0.000381762
9.18448e-05
0.000385915
9.64206e-05
0.000391133
9.76587e-05
0.000396425
0.000102913
0.000402772
0.000103407
0.000409386
0.000109211
0.000416984
0.000108504
0.000425011
0.000114748
0.000112293
0.000434034
0.000344128
-1.27885e-06
0.000344787
5.87418e-06
0.000345656
1.29837e-05
0.000346609
2.03766e-05
0.000347762
2.7394e-05
0.000348914
3.45292e-05
0.000350247
4.09314e-05
0.000351505
4.73379e-05
0.000352971
5.26648e-05
0.000354317
5.8012e-05
0.000355949
6.19985e-05
0.000357448
6.62386e-05
0.000359357
6.89354e-05
0.000361144
7.23638e-05
0.000363487
7.41022e-05
0.000365735
7.72316e-05
0.000368675
7.84284e-05
0.000371551
8.1766e-05
0.000375232
8.27037e-05
0.000378897
8.65782e-05
0.000383452
8.72897e-05
0.000388062
9.18102e-05
0.000393637
9.20843e-05
0.000399345
9.72046e-05
0.000406102
9.66494e-05
0.00041302
0.000102294
0.000421132
0.000100391
0.000429279
0.000106601
0.000102652
0.00043892
0.000339312
-2.0318e-06
0.000340106
5.08088e-06
0.000341126
1.19636e-05
0.000342204
1.92982e-05
0.000343524
2.60744e-05
0.000344829
3.32238e-05
0.000346381
3.938e-05
0.000347851
4.58675e-05
0.000349603
5.09131e-05
0.000351232
5.63828e-05
0.000353217
6.00138e-05
0.000355068
6.43875e-05
0.000357377
6.6626e-05
0.000359569
7.0172e-05
0.000362336
7.13346e-05
0.00036502
7.45484e-05
0.000368392
7.50559e-05
0.000371718
7.84405e-05
0.000375836
7.85854e-05
0.000379943
8.24717e-05
0.000384949
8.22835e-05
0.000389965
8.67936e-05
0.000396017
8.60329e-05
0.000402056
9.11652e-05
0.00040932
8.93853e-05
0.000416455
9.51589e-05
0.000425086
9.17602e-05
0.000433328
9.83592e-05
9.25312e-05
0.000443449
0.000336324
-2.89695e-06
0.000337197
4.20781e-06
0.00033828
1.08805e-05
0.000339382
1.81958e-05
0.000340735
2.47211e-05
0.000342069
3.189e-05
0.000343686
3.77631e-05
0.000345231
4.43224e-05
0.000347104
4.90407e-05
0.000348876
5.46104e-05
0.000351053
5.78369e-05
0.000353123
6.23177e-05
0.000355695
6.4054e-05
0.00035817
6.76969e-05
0.00036126
6.82443e-05
0.000364272
7.15362e-05
0.000368017
7.13113e-05
0.000371696
7.47617e-05
0.000376228
7.40526e-05
0.000380693
7.80077e-05
0.000386149
7.68267e-05
0.000391507
8.14358e-05
0.00039803
7.95095e-05
0.000404374
8.48216e-05
0.000412098
8.16609e-05
0.000419488
8.77693e-05
0.00042851
8.27382e-05
0.000436969
8.98998e-05
8.21609e-05
0.00044734
0.000335353
-3.75996e-06
0.000336243
3.31798e-06
0.000337303
9.81995e-06
0.000338356
1.71435e-05
0.000339649
2.34282e-05
0.000340937
3.06011e-05
0.000342516
3.61848e-05
0.000344049
4.27894e-05
0.000345925
4.71646e-05
0.000347741
5.27944e-05
0.000349986
5.55919e-05
0.000352163
6.0141e-05
0.000354873
6.13431e-05
0.000357512
6.50581e-05
0.000360811
6.49451e-05
0.00036403
6.83174e-05
0.000368045
6.72961e-05
0.000371959
7.08482e-05
0.000376812
6.91995e-05
0.000381528
7.32913e-05
0.000387336
7.10191e-05
0.000392957
7.58144e-05
0.00039983
7.26371e-05
0.000406445
7.82061e-05
0.000414471
7.3635e-05
0.000422138
8.01021e-05
0.000431361
7.35162e-05
0.000440111
8.11498e-05
7.17282e-05
0.000450543
0.000335639
-4.55862e-06
0.000336522
2.43476e-06
0.000337511
8.83149e-06
0.000338507
1.61471e-05
0.000339722
2.22135e-05
0.000340984
2.93388e-05
0.000342501
3.46682e-05
0.000344033
4.12569e-05
0.00034588
4.53178e-05
0.000347745
5.09294e-05
0.000350008
5.33289e-05
0.000352284
5.78652e-05
0.000355063
5.85639e-05
0.000357845
6.22763e-05
0.000361264
6.15265e-05
0.000364658
6.49229e-05
0.000368836
6.31177e-05
0.000372948
6.67361e-05
0.000377993
6.41545e-05
0.000382927
6.83574e-05
0.000388929
6.50176e-05
0.000394792
6.99509e-05
0.000401817
6.56123e-05
0.00040871
7.13127e-05
0.000416793
6.5552e-05
0.000424786
7.21094e-05
0.000433922
6.43798e-05
0.00044305
7.20225e-05
6.15747e-05
0.000453203
0.00033613
-5.28426e-06
0.000336979
1.5862e-06
0.000337845
7.96561e-06
0.00033883
1.51618e-05
0.000339996
2.10474e-05
0.000341318
2.8017e-05
0.000342798
3.31876e-05
0.000344431
3.96239e-05
0.000346273
4.34759e-05
0.000348302
4.89003e-05
0.000350587
5.10443e-05
0.000353081
5.53716e-05
0.0003559
5.57445e-05
0.000358946
5.92302e-05
0.000362417
5.80552e-05
0.000366103
6.12368e-05
0.000370345
5.88763e-05
0.000374756
6.23248e-05
0.000379872
5.90384e-05
0.000385096
6.3134e-05
0.000391164
5.89495e-05
0.000397299
6.38156e-05
0.000404353
5.8558e-05
0.000411507
6.41587e-05
0.000419526
5.75334e-05
0.000427792
6.38437e-05
0.000436715
5.54564e-05
0.000446126
6.26114e-05
5.17868e-05
0.000455914
0.00033556
-6.01934e-06
0.000336346
7.99553e-07
0.00033707
7.24157e-06
0.00033815
1.40817e-05
0.000339333
1.98645e-05
0.000340845
2.65054e-05
0.000342342
3.16905e-05
0.000344243
3.7723e-05
0.000346131
4.15882e-05
0.000348519
4.65115e-05
0.000350851
4.87131e-05
0.000353782
5.24397e-05
0.000356624
5.29026e-05
0.000360183
5.56716e-05
0.000363634
5.46043e-05
0.000367887
5.69834e-05
0.000372057
5.47068e-05
0.000377054
5.73275e-05
0.000382062
5.40309e-05
0.000387838
5.73574e-05
0.000393795
5.29923e-05
0.000400391
5.72198e-05
0.000407357
5.15928e-05
0.000414838
5.66774e-05
0.000422753
4.9618e-05
0.00043124
5.53568e-05
0.000439957
4.67392e-05
0.00044952
5.30483e-05
4.24064e-05
0.000458901
0.000332889
-6.75734e-06
0.000333545
1.43704e-07
0.000334171
6.61513e-06
0.000335475
1.27778e-05
0.000336742
1.85981e-05
0.000338563
2.46838e-05
0.000340148
3.01062e-05
0.000342489
3.53815e-05
0.000344493
3.95845e-05
0.000347442
4.35627e-05
0.000349869
4.62862e-05
0.000353472
4.88361e-05
0.000356355
5.00194e-05
0.000360688
5.13386e-05
0.000364084
5.12084e-05
0.000369204
5.1864e-05
0.000373188
5.07223e-05
0.000379125
5.13904e-05
0.000383809
4.93473e-05
0.000390551
5.06152e-05
0.000396089
4.7454e-05
0.000403569
4.97399e-05
0.000410153
4.50092e-05
0.000418264
4.85657e-05
0.000425969
4.19138e-05
0.000434719
4.66065e-05
0.000443258
3.82006e-05
0.000452913
4.33933e-05
3.3508e-05
0.000461811
0.000327185
-7.34478e-06
0.000327689
-3.61111e-07
0.000328399
5.90559e-06
0.000330037
1.114e-05
0.000331454
1.71807e-05
0.000333662
2.24757e-05
0.000335445
2.8323e-05
0.00033834
3.24867e-05
0.000340579
3.73452e-05
0.000344208
3.99342e-05
0.000346856
4.36381e-05
0.000351258
4.4434e-05
0.000354302
4.69754e-05
0.000359541
4.60991e-05
0.00036297
4.77803e-05
0.000369112
4.57211e-05
0.000372929
4.69056e-05
0.000380026
4.42933e-05
0.000384275
4.50983e-05
0.000392329
4.25617e-05
0.000397136
4.26467e-05
0.000406026
4.08494e-05
0.000411675
3.93602e-05
0.000421073
3.91678e-05
0.000428031
3.49561e-05
0.000437443
3.71943e-05
0.000445849
2.97953e-05
0.000455218
3.4024e-05
2.46564e-05
0.00046407
0.00031781
-7.70459e-06
0.000318259
-8.10001e-07
0.000319276
4.88909e-06
0.000321268
9.14837e-06
0.00032293
1.55185e-05
0.000325541
1.98642e-05
0.000327683
2.61815e-05
0.000331146
2.90237e-05
0.000333804
3.46873e-05
0.000338111
3.56274e-05
0.000341197
4.05512e-05
0.000346371
3.92609e-05
0.00034982
4.35261e-05
0.000355903
4.00154e-05
0.000359621
4.40629e-05
0.000366697
3.8645e-05
0.000370586
4.30168e-05
0.000378762
3.61175e-05
0.000382732
4.1128e-05
0.000392117
3.31769e-05
0.000396133
3.86299e-05
0.000406752
3.02305e-05
0.000410921
3.51913e-05
0.000422479
2.76105e-05
0.000427415
3.00196e-05
0.000438895
2.57141e-05
0.000445853
2.28374e-05
0.000455612
2.42652e-05
1.63257e-05
0.000463942
0.000304193
-7.69035e-06
0.000304919
-1.5368e-06
0.000306458
3.35046e-06
0.000308722
6.88462e-06
0.000310748
1.3492e-05
0.000313723
1.68897e-05
0.000316417
2.34876e-05
0.000320371
2.50694e-05
0.000323685
3.13735e-05
0.000328555
3.07573e-05
0.000332376
3.67304e-05
0.000338148
3.34889e-05
0.000342352
3.93222e-05
0.000349029
3.33381e-05
0.000353449
3.96432e-05
0.000361101
3.09923e-05
0.000365546
3.85724e-05
0.000374333
2.73306e-05
0.000378565
3.68961e-05
0.000388731
2.30112e-05
0.000392477
3.48833e-05
0.000404349
1.83586e-05
0.000407304
3.22367e-05
0.000421036
1.38779e-05
0.000423343
2.7713e-05
0.000438069
1.09883e-05
0.000441486
1.94205e-05
0.000453805
1.19454e-05
9.17093e-06
0.00046096
0.00028601
-7.26508e-06
0.000287414
-2.9399e-06
0.000289538
1.22562e-06
0.000291929
4.49429e-06
0.000294412
1.10084e-05
0.000297655
1.36469e-05
0.00030108
2.00625e-05
0.000305395
2.07551e-05
0.000309604
2.71645e-05
0.000314865
2.5496e-05
0.000319727
3.18685e-05
0.000325852
2.73639e-05
0.00033118
3.3994e-05
0.000338095
2.64236e-05
0.00034367
3.40679e-05
0.000351377
2.32855e-05
0.000356942
3.30066e-05
0.00036561
1.86634e-05
0.000370833
3.16727e-05
0.000380785
1.30591e-05
0.000385187
3.04817e-05
0.000397046
6.49928e-06
0.000399841
2.94414e-05
0.000414568
-8.48607e-07
0.00041477
2.75104e-05
0.000432877
-7.11858e-06
0.000431046
2.12513e-05
0.000448785
-5.79333e-06
4.42901e-06
0.000453527
0.000263255
-6.88183e-06
0.000265199
-4.88449e-06
0.000267845
-1.42069e-06
0.000270356
1.98342e-06
0.000273231
8.13346e-06
0.000276603
1.02756e-05
0.000280709
1.59561e-05
0.000285217
1.62474e-05
0.000290411
2.19699e-05
0.000295891
2.00163e-05
0.000301983
2.57767e-05
0.000308213
2.11338e-05
0.000314943
2.72635e-05
0.000321691
1.96763e-05
0.0003288
2.69583e-05
0.000335917
1.61686e-05
0.000343117
2.5807e-05
0.000350666
1.11145e-05
0.000357649
2.46898e-05
0.000365929
4.7782e-06
0.000372137
2.4274e-05
0.000381773
-3.13682e-06
0.000386324
2.48911e-05
0.000398791
-1.33154e-05
0.000399705
2.65958e-05
0.000417891
-2.53044e-05
0.000412002
2.71404e-05
0.000436264
-3.00557e-05
6.1424e-06
0.000434551
0.000234922
-6.92998e-06
0.000237087
-7.04989e-06
0.000239207
-3.54063e-06
0.000241122
6.89387e-08
0.000244358
4.89781e-06
0.000247837
6.79612e-06
0.000252499
1.1294e-05
0.000257201
1.15452e-05
0.000263254
1.59175e-05
0.000268967
1.43026e-05
0.000276154
1.85906e-05
0.00028247
1.48178e-05
0.000290435
1.92978e-05
0.000296892
1.32199e-05
0.000305346
1.85034e-05
0.000311543
9.97202e-06
0.000320277
1.70732e-05
0.000325863
5.52846e-06
0.000334695
1.58574e-05
0.00033971
-2.36281e-07
0.000348445
1.55385e-05
0.000353041
-7.73246e-06
0.000360872
1.70601e-05
0.000366688
-1.91319e-05
0.000371334
2.19499e-05
0.000382871
-3.68416e-05
0.000378085
3.19264e-05
0.000404774
-5.67445e-05
1.7196e-05
0.000393721
0.000198681
-7.68216e-06
0.000200177
-8.54623e-06
0.000201112
-4.47531e-06
0.000202454
-1.27313e-06
0.000204868
2.48367e-06
0.000207902
3.76221e-06
0.000212395
6.80121e-06
0.000217082
6.85841e-06
0.000223373
9.62636e-06
0.000229259
8.4169e-06
0.000236841
1.10077e-05
0.000243235
8.42374e-06
0.000251531
1.10021e-05
0.000257721
7.02968e-06
0.000266249
9.97596e-06
0.000271644
4.57649e-06
0.000280279
8.43827e-06
0.000284221
1.58678e-06
0.000293049
7.02958e-06
0.000294825
-2.01219e-06
0.000304138
6.22565e-06
0.000303066
-6.66059e-06
0.0003135
6.62549e-06
0.000308315
-1.3946e-05
0.000319551
1.07133e-05
0.000314621
-3.19111e-05
0.000319206
2.73413e-05
0.000333253
-7.07916e-05
3.51639e-05
0.000315285
0.00014644
-5.38845e-06
0.000144176
-6.28254e-06
0.000142897
-3.19633e-06
0.000142717
-1.09286e-06
0.00014445
7.50395e-07
0.000146978
1.23422e-06
0.000151243
2.53607e-06
0.000155675
2.4264e-06
0.000161758
3.54369e-06
0.00016729
2.88547e-06
0.000174398
3.89942e-06
0.00018013
2.69149e-06
0.000187461
3.67154e-06
0.000192554
1.93617e-06
0.00019943
3.10069e-06
0.00020318
8.26327e-07
0.000209262
2.35589e-06
0.000211329
-4.80502e-07
0.000216697
1.6624e-06
0.00021652
-1.83528e-06
0.000221668
1.07752e-06
0.000218268
-3.26114e-06
0.000224315
5.7876e-07
0.000215243
-4.87359e-06
0.000225636
3.19719e-07
0.000202488
-8.76278e-06
0.000221991
7.8383e-06
0.000200359
-4.916e-05
3.40213e-05
0.000201502
6.92628e-05
6.29802e-05
5.97839e-05
5.86911e-05
5.94415e-05
6.06757e-05
6.32117e-05
6.56381e-05
6.91818e-05
7.20673e-05
7.59667e-05
7.86582e-05
8.23297e-05
8.42659e-05
8.73666e-05
8.81929e-05
9.05488e-05
9.00683e-05
9.17307e-05
8.98954e-05
9.0973e-05
8.77118e-05
8.82906e-05
8.3417e-05
8.37367e-05
7.49739e-05
8.28122e-05
3.36522e-05
6.76735e-05
5.72526e-07
-2.31981e-05
6.08391e-06
-4.49155e-05
1.79319e-05
-3.42086e-05
5.3726e-05
5.11033e-07
0.000131444
6.25244e-05
0.000228416
0.00015035
0.000317883
0.000235068
0.000388948
0.000300403
0.000441891
0.000344696
0.000482051
0.00037208
0.000515573
0.000387795
0.000546576
0.00039689
0.000577668
0.000402279
0.000609627
0.000406398
0.000642008
0.000410617
0.000674508
0.000414504
0.000705834
0.000418998
0.000736184
0.000422742
0.000766194
0.00042589
0.000795708
0.000429464
0.000826761
0.000430928
0.000856717
0.000434382
0.000886329
0.000434703
0.000913287
0.000434487
0.000933722
0.000433695
0.000946676
0.000422319
0.000920442
0.000420751
0.000849571
0.000386938
0.000674671
0.000376973
0.000272282
0.000470378
2.48562e-06
-2.56838e-05
9.12722e-06
-5.15571e-05
1.89542e-05
-4.40356e-05
3.81101e-05
-1.86449e-05
8.28101e-05
1.78244e-05
0.000159675
7.3485e-05
0.000251597
0.000143146
0.000340475
0.000211525
0.000416683
0.000268488
0.000477069
0.000311694
0.00052325
0.000341615
0.000559447
0.000360693
0.000589261
0.000372464
0.00061725
0.00037841
0.000645656
0.000382211
0.000675557
0.000384603
0.000708074
0.000386481
0.0007406
0.000390216
0.000774473
0.000392017
0.000807241
0.000396696
0.000838731
0.000399437
0.000871552
0.000401562
0.000899094
0.000407162
0.000931254
0.000402326
0.000951917
0.000413033
0.000975189
0.000399047
0.000980362
0.000415578
0.000979773
0.000387527
0.000959516
0.00039723
0.000346276
0.000885522
4.03785e-06
-2.97216e-05
1.14435e-05
-5.89628e-05
2.19996e-05
-5.45916e-05
3.64065e-05
-3.30519e-05
6.0154e-05
-5.92307e-06
0.000105824
2.78145e-05
0.000176369
7.26012e-05
0.000261676
0.000126218
0.000349208
0.000180956
0.000430639
0.000230263
0.000500388
0.000271866
0.000557354
0.000303727
0.000602552
0.000327266
0.000637311
0.00034365
0.000666507
0.000353016
0.000691246
0.000359864
0.00071611
0.000361618
0.000742588
0.000363738
0.000770043
0.000364562
0.000802943
0.000363796
0.000833555
0.000368825
0.000870843
0.000364274
0.000902594
0.000375411
0.000938274
0.000366646
0.000968598
0.000382708
0.000997331
0.000370315
0.00102663
0.000386275
0.00104279
0.000371371
0.00105855
0.000381467
0.000367045
0.00103778
4.95569e-06
-3.46773e-05
1.22342e-05
-6.62413e-05
2.21478e-05
-6.45052e-05
3.59339e-05
-4.68379e-05
5.3557e-05
-2.35462e-05
7.98063e-05
1.56528e-06
0.00012216
3.02473e-05
0.000183876
6.45016e-05
0.000260069
0.000104763
0.000343075
0.000147258
0.000426542
0.000188398
0.000503681
0.000226587
0.000572891
0.000258057
0.000631143
0.000285398
0.000678728
0.000305431
0.000717862
0.00032073
0.000747172
0.000332308
0.000774136
0.000336774
0.000794355
0.000344343
0.000817601
0.00034055
0.00083865
0.000347776
0.000863827
0.000339097
0.000891491
0.000347747
0.00091988
0.000338256
0.000955136
0.000347453
0.00098554
0.00033991
0.00102441
0.000347401
0.00105233
0.000343458
0.0010855
0.000348299
0.000346912
0.00110563
5.13282e-06
-3.98101e-05
1.14445e-05
-7.2553e-05
1.97296e-05
-7.27902e-05
3.18817e-05
-5.899e-05
4.80922e-05
-3.97568e-05
6.81861e-05
-1.85286e-05
9.50505e-05
3.38281e-06
0.000132812
2.67406e-05
0.000184891
5.26833e-05
0.000249786
8.23634e-05
0.000324342
0.000113842
0.000404118
0.000146812
0.000483151
0.000179024
0.000560861
0.000207688
0.000629935
0.000236357
0.000694239
0.000256425
0.000746943
0.000279605
0.000793331
0.000290385
0.000830108
0.000307566
0.000859987
0.000310671
0.000885652
0.000322111
0.000904439
0.00032031
0.000925407
0.000326779
0.000940689
0.000322974
0.000962652
0.00032549
0.000980885
0.000321677
0.00100638
0.000321905
0.0010305
0.000319342
0.00105983
0.000318962
0.000317082
0.00108966
4.539e-06
-4.43491e-05
9.11594e-06
-7.713e-05
1.51117e-05
-7.8786e-05
2.4641e-05
-6.85193e-05
3.844e-05
-5.35558e-05
5.62771e-05
-3.63656e-05
7.78445e-05
-1.81847e-05
0.000104513
7.19146e-08
0.000138002
1.91948e-05
0.000181555
3.88105e-05
0.000234281
6.11157e-05
0.000298375
8.27176e-05
0.000367463
0.000109936
0.000443523
0.000131628
0.000519269
0.000160611
0.00059552
0.000180175
0.000668174
0.000206951
0.000735463
0.000223096
0.000798072
0.000244957
0.000851533
0.000257209
0.000900491
0.000273153
0.000939313
0.000281488
0.000974335
0.000291757
0.00100093
0.000296378
0.00102434
0.000302078
0.00104267
0.000303351
0.00105854
0.000306035
0.0010734
0.000304476
0.00108679
0.000305573
0.0003018
0.00110208
3.23958e-06
-4.75887e-05
5.46842e-06
-7.93588e-05
8.6997e-06
-8.20173e-05
1.51068e-05
-7.49264e-05
2.553e-05
-6.3979e-05
4.0099e-05
-5.09347e-05
5.85133e-05
-3.6599e-05
8.04006e-05
-2.18154e-05
0.000105961
-6.36528e-06
0.000136795
7.97595e-06
0.000172775
2.51358e-05
0.00021667
3.88232e-05
0.000267712
5.88931e-05
0.000326042
7.32979e-05
0.000390975
9.56779e-05
0.000459668
0.000111482
0.0005326
0.000134019
0.000605256
0.00015044
0.000678906
0.000171306
0.000749203
0.000186913
0.000817302
0.000205054
0.000880351
0.00021844
0.000938686
0.000233422
0.00099125
0.000243814
0.00103779
0.00025554
0.00107836
0.000262774
0.00111313
0.000271273
0.0011418
0.000275799
0.00116626
0.000281116
0.00028375
0.00118431
1.38792e-06
-4.89766e-05
7.91384e-07
-7.87623e-05
9.46651e-07
-8.21725e-05
3.92657e-06
-7.79063e-05
1.04792e-05
-7.05316e-05
2.08312e-05
-6.12867e-05
3.49272e-05
-5.06949e-05
5.2598e-05
-3.94862e-05
7.35685e-05
-2.73358e-05
9.75496e-05
-1.60052e-05
0.000125534
-2.84897e-06
0.000156612
7.74542e-06
0.000193488
2.20177e-05
0.000234184
3.26016e-05
0.00028204
4.78215e-05
0.000333992
5.95306e-05
0.000392485
7.55258e-05
0.000454347
8.8578e-05
0.000520725
0.000104929
0.000588924
0.000118714
0.000659252
0.000134726
0.000729229
0.000148463
0.000799331
0.000163319
0.000866695
0.00017645
0.000932979
0.000189257
0.000994186
0.000201566
0.00105389
0.000211568
0.0011065
0.000223192
0.00115783
0.000229782
0.000240971
0.00120061
-8.47633e-07
-4.8129e-05
-4.40747e-06
-7.52025e-05
-7.46381e-06
-7.91162e-05
-8.20795e-06
-7.71622e-05
-5.90453e-06
-7.2835e-05
-3.08449e-07
-6.68828e-05
8.7226e-06
-5.9726e-05
2.10273e-05
-5.17909e-05
3.67311e-05
-4.30396e-05
5.51129e-05
-3.43869e-05
7.6986e-05
-2.47221e-05
0.000100787
-1.60555e-05
0.000128802
-5.99743e-06
0.000158791
2.61276e-06
0.000193595
1.3017e-05
0.000231103
2.20233e-05
0.000273862
3.27665e-05
0.000319899
4.25407e-05
0.000371167
5.3661e-05
0.000425348
6.45328e-05
0.000484335
7.57381e-05
0.000545009
8.77886e-05
0.000609816
9.85126e-05
0.000674614
0.000111653
0.000742636
0.000121235
0.000808906
0.000135296
0.000877364
0.00014311
0.000942696
0.000157859
0.00100914
0.000163339
0.000178542
0.00107157
-3.28813e-06
-4.48409e-05
-9.84551e-06
-6.86451e-05
-1.62001e-05
-7.27616e-05
-2.07532e-05
-7.2609e-05
-2.28806e-05
-7.07076e-05
-2.23043e-05
-6.74591e-05
-1.88693e-05
-6.3161e-05
-1.25778e-05
-5.80824e-05
-3.2585e-06
-5.2359e-05
8.71696e-06
-4.63623e-05
2.37617e-05
-3.97669e-05
4.10222e-05
-3.3316e-05
6.13704e-05
-2.63456e-05
8.36281e-05
-1.9645e-05
0.000109138
-1.24927e-05
0.000136759
-5.5977e-06
0.000167843
1.68228e-06
0.000201362
9.02208e-06
0.000238599
1.64237e-05
0.00027861
2.45216e-05
0.000322464
3.1884e-05
0.000369153
4.11e-05
0.000419511
4.81546e-05
0.000472469
5.86953e-05
0.000528552
6.51509e-05
0.000586839
7.70094e-05
0.000647393
8.2556e-05
0.000709671
9.55816e-05
0.000773113
9.98967e-05
0.000113947
0.000837708
-5.66792e-06
-3.91729e-05
-1.51724e-05
-5.91406e-05
-2.47783e-05
-6.31558e-05
-3.31536e-05
-6.42337e-05
-3.97802e-05
-6.40811e-05
-4.43642e-05
-6.2875e-05
-4.6715e-05
-6.08102e-05
-4.67278e-05
-5.80696e-05
-4.42873e-05
-5.47994e-05
-3.95125e-05
-5.11372e-05
-3.21623e-05
-4.7117e-05
-2.25708e-05
-4.29075e-05
-1.04684e-05
-3.8448e-05
3.79829e-06
-3.39117e-05
2.0474e-05
-2.91685e-05
3.9275e-05
-2.43987e-05
6.0459e-05
-1.95017e-05
8.3923e-05
-1.44419e-05
0.000109752
-9.40551e-06
0.000138175
-3.90084e-06
0.000168823
1.23596e-06
0.000202613
7.31e-06
0.000238402
1.23652e-05
0.00027781
1.92874e-05
0.000318805
2.41564e-05
0.000363822
3.19922e-05
0.000409848
3.65297e-05
0.000460121
4.53089e-05
0.000510647
4.937e-05
5.93497e-05
0.000565245
-7.82769e-06
-3.13452e-05
-2.0045e-05
-4.69233e-05
-3.27099e-05
-5.04909e-05
-4.4762e-05
-5.21816e-05
-5.57744e-05
-5.30686e-05
-6.54503e-05
-5.31991e-05
-7.3571e-05
-5.26895e-05
-7.99811e-05
-5.16595e-05
-8.45702e-05
-5.02104e-05
-8.72823e-05
-4.84251e-05
-8.8034e-05
-4.63653e-05
-8.68504e-05
-4.40911e-05
-8.3665e-05
-4.16334e-05
-7.8544e-05
-3.90328e-05
-7.14172e-05
-3.62952e-05
-6.23561e-05
-3.34598e-05
-5.13452e-05
-3.05126e-05
-3.83319e-05
-2.74552e-05
-2.34194e-05
-2.4318e-05
-6.32343e-06
-2.09969e-05
1.26074e-05
-1.76949e-05
3.39569e-05
-1.40394e-05
5.69145e-05
-1.05925e-05
8.27592e-05
-6.55726e-06
0.000109898
-2.98264e-06
0.00014042
1.47068e-06
0.000171971
4.97821e-06
0.000207418
9.86198e-06
0.000243418
1.33703e-05
1.90101e-05
0.000283757
-9.62069e-06
-2.17246e-05
-2.41396e-05
-3.24044e-05
-3.94852e-05
-3.51452e-05
-5.48459e-05
-3.68209e-05
-6.98775e-05
-3.8037e-05
-8.42947e-05
-3.87819e-05
-9.78691e-05
-3.91151e-05
-0.000110424
-3.91047e-05
-0.000121824
-3.88105e-05
-0.000131965
-3.82836e-05
-0.000140766
-3.75645e-05
-0.00014817
-3.66875e-05
-0.000154127
-3.56764e-05
-0.000158608
-3.45519e-05
-0.000161576
-3.33269e-05
-0.000163022
-3.20133e-05
-0.000162921
-3.06138e-05
-0.000161245
-2.91313e-05
-0.000157997
-2.75661e-05
-0.000153079
-2.5915e-05
-0.000146586
-2.41872e-05
-0.000138274
-2.2352e-05
-0.000128398
-2.04684e-05
-0.000116519
-1.84367e-05
-0.0001031
-1.64015e-05
-8.74494e-05
-1.41796e-05
-7.04404e-05
-1.20307e-05
-5.09796e-05
-9.5989e-06
-3.01828e-05
-7.42649e-06
-4.25273e-06
-6.91993e-06
-1.09235e-05
-1.0801e-05
-2.71409e-05
-1.6187e-05
-4.45517e-05
-1.77345e-05
-6.25488e-05
-1.88238e-05
-8.08672e-05
-1.97186e-05
-9.92505e-05
-2.03987e-05
-0.00011748
-2.08855e-05
-0.000135377
-2.12073e-05
-0.000152798
-2.13902e-05
-0.000169624
-2.14573e-05
-0.000185763
-2.14254e-05
-0.000201139
-2.13115e-05
-0.000215688
-2.11272e-05
-0.000229359
-2.08815e-05
-0.000242105
-2.05808e-05
-0.000253889
-2.02293e-05
-0.000264674
-1.98289e-05
-0.000274425
-1.93805e-05
-0.000283107
-1.88838e-05
-0.000290684
-1.83379e-05
-0.000297129
-1.77419e-05
-0.000302387
-1.70942e-05
-0.000306458
-1.63974e-05
-0.000309246
-1.5649e-05
-0.00031079
-1.48569e-05
-0.000310958
-1.40115e-05
-0.000309867
-1.31223e-05
-0.000307302
-1.21636e-05
-0.000303577
-1.11515e-05
-1.00892e-05
-0.000297741
-1.1609e-05
8.08003e-07
-2.87429e-05
9.4691e-07
-4.73201e-05
8.42751e-07
-6.68707e-05
7.26735e-07
-8.7199e-05
6.09744e-07
-0.000108089
4.90966e-07
-0.000129345
3.71141e-07
-0.000150804
2.50859e-07
-0.000172324
1.3046e-07
-0.000193789
7.98527e-09
-0.000215111
-1.04266e-07
-0.000236204
-2.17978e-07
-0.000257001
-3.29995e-07
-0.000277443
-4.39785e-07
-0.000297477
-5.47185e-07
-0.000317054
-6.52011e-07
-0.000336129
-7.53961e-07
-0.000354657
-8.52573e-07
-0.000372593
-9.47269e-07
-0.000389894
-1.03743e-06
-0.000406513
-1.12247e-06
-0.000422406
-1.20157e-06
-0.00043753
-1.27357e-06
-0.000451841
-1.33755e-06
-0.000465305
-1.39317e-06
-0.000477876
-1.44063e-06
-0.000489519
-1.47933e-06
-0.000500175
-1.50759e-06
-0.000509803
-1.52296e-06
-1.5257e-06
-0.000518367
-1.15895e-05
1.23975e-05
-2.86993e-05
1.80567e-05
-4.72461e-05
1.93895e-05
-6.67568e-05
2.02374e-05
-8.70358e-05
2.08888e-05
-0.000107868
2.13229e-05
-0.00012906
2.15634e-05
-0.000150449
2.16402e-05
-0.0001719
2.15806e-05
-0.000193301
2.14092e-05
-0.000214553
2.11475e-05
-0.00023558
2.081e-05
-0.000256319
2.04084e-05
-0.000276711
1.99521e-05
-0.000296705
1.94474e-05
-0.000316256
1.88989e-05
-0.000335319
1.83089e-05
-0.000353851
1.76791e-05
-0.000371808
1.70101e-05
-0.000389148
1.63024e-05
-0.000405827
1.55564e-05
-0.0004218
1.47712e-05
-0.000437024
1.39512e-05
-0.000451457
1.30948e-05
-0.000465062
1.22123e-05
-0.000477796
1.12932e-05
-0.000489624
1.03482e-05
-0.000500482
9.35067e-06
-0.000510329
8.32458e-06
7.25732e-06
-0.000519113
-1.08673e-05
2.32648e-05
-2.70162e-05
3.42056e-05
-4.43431e-05
3.67164e-05
-6.22335e-05
3.81279e-05
-8.04233e-05
3.90786e-05
-9.86597e-05
3.95593e-05
-0.000116729
3.96327e-05
-0.000134458
3.93695e-05
-0.000151709
3.8831e-05
-0.00016837
3.80701e-05
-0.00018435
3.71282e-05
-0.00019958
3.60394e-05
-0.000213999
3.48279e-05
-0.000227561
3.35144e-05
-0.000240225
3.21114e-05
-0.000251957
3.06307e-05
-0.000262723
2.90749e-05
-0.000272491
2.74472e-05
-0.00028123
2.57484e-05
-0.000288903
2.39756e-05
-0.000295488
2.21411e-05
-0.000300926
2.02098e-05
-0.000305221
1.82464e-05
-0.000308274
1.61473e-05
-0.000310125
1.40633e-05
-0.000310643
1.18118e-05
-0.000309951
9.65541e-06
-0.000307825
7.2254e-06
-0.000304557
5.05652e-06
1.94139e-06
-0.000299241
-9.53377e-06
3.27986e-05
-2.39481e-05
4.86199e-05
-3.91707e-05
5.1939e-05
-5.43811e-05
5.33382e-05
-6.9238e-05
5.39356e-05
-8.34633e-05
5.37845e-05
-9.68359e-05
5.30053e-05
-0.000109187
5.17201e-05
-0.000120387
5.00314e-05
-0.00013034
4.80232e-05
-0.000138968
4.57565e-05
-0.000146221
4.32917e-05
-0.000152051
4.06583e-05
-0.000156435
3.78984e-05
-0.00015934
3.50162e-05
-0.000160759
3.20496e-05
-0.000160668
2.8984e-05
-0.000159041
2.58202e-05
-0.000155882
2.25891e-05
-0.000151087
1.91814e-05
-0.000144759
1.58126e-05
-0.000136647
1.20975e-05
-0.000127001
8.60125e-06
-0.000115385
4.53111e-06
-0.00010224
9.17764e-07
-8.69622e-05
-3.46586e-06
-7.03455e-05
-6.96122e-06
-5.12999e-05
-1.18202e-05
-3.09677e-05
-1.52757e-05
-2.08293e-05
-8.19699e-06
-7.71773e-06
4.05163e-05
-1.98045e-05
6.07067e-05
-3.23227e-05
6.44572e-05
-4.42023e-05
6.52179e-05
-5.50221e-05
6.47553e-05
-6.44942e-05
6.32566e-05
-7.24086e-05
6.09198e-05
-7.86179e-05
5.79294e-05
-8.30185e-05
5.4432e-05
-8.55623e-05
5.0567e-05
-8.61683e-05
4.63625e-05
-8.48675e-05
4.19909e-05
-8.15951e-05
3.7386e-05
-7.64208e-05
3.27242e-05
-6.92786e-05
2.7874e-05
-6.02398e-05
2.30109e-05
-4.92856e-05
1.80298e-05
-3.63634e-05
1.2898e-05
-2.15689e-05
7.79461e-06
-4.61712e-06
2.22956e-06
1.41242e-05
-2.92869e-06
3.52715e-05
-9.04976e-06
5.80129e-05
-1.41402e-05
8.36107e-05
-2.10667e-05
0.000110473
-2.59446e-05
0.000140746
-3.37386e-05
0.000172041
-3.82564e-05
0.000207188
-4.69671e-05
0.000242884
-5.09719e-05
-6.08276e-05
0.000282882
-5.54224e-06
4.60586e-05
-1.49013e-05
7.00657e-05
-2.43497e-05
7.39056e-05
-3.25471e-05
7.34153e-05
-3.8982e-05
7.11902e-05
-4.33716e-05
6.76462e-05
-4.55326e-05
6.30808e-05
-4.53696e-05
5.77665e-05
-4.27704e-05
5.18327e-05
-3.78674e-05
4.56641e-05
-3.04161e-05
3.89112e-05
-2.07569e-05
3.23317e-05
-8.62371e-06
2.52528e-05
5.6386e-06
1.84619e-05
2.22799e-05
1.12327e-05
4.1008e-05
4.28283e-06
6.21082e-05
-3.07049e-06
8.54657e-05
-1.04595e-05
0.000111183
-1.79222e-05
0.000139473
-2.60609e-05
0.000170023
-3.3479e-05
0.000203689
-4.27152e-05
0.000239372
-4.98232e-05
0.000278644
-6.03387e-05
0.000319522
-6.68229e-05
0.000364387
-7.86037e-05
0.00041027
-8.41391e-05
0.000460336
-9.70337e-05
0.000510653
-0.000101288
-0.000115159
0.000564985
-3.15466e-06
4.92133e-05
-9.56139e-06
7.64725e-05
-1.57572e-05
8.01014e-05
-2.01377e-05
7.77957e-05
-2.20864e-05
7.3139e-05
-2.13374e-05
6.68972e-05
-1.77407e-05
5.94842e-05
-1.13078e-05
5.13335e-05
-1.87975e-06
4.24046e-05
1.01802e-05
3.36041e-05
2.52726e-05
2.38188e-05
4.25398e-05
1.50645e-05
6.28557e-05
4.93686e-06
8.50694e-05
-3.7519e-06
0.000110517
-1.4215e-05
0.000138083
-2.3283e-05
0.000169116
-3.41033e-05
0.000202607
-4.39507e-05
0.00023984
-5.51557e-05
0.000279867
-6.60877e-05
0.00032376
-7.73715e-05
0.000370477
-8.94323e-05
0.000420863
-0.000100209
0.000473808
-0.000113285
0.000529863
-0.000122877
0.000588052
-0.000136793
0.000648482
-0.000144568
0.000710547
-0.000159099
0.000773752
-0.000164494
-0.000179434
0.000838026
-7.11616e-07
4.99249e-05
-4.12667e-06
7.98875e-05
-7.02874e-06
8.30035e-05
-7.61164e-06
7.83786e-05
-5.1508e-06
7.06782e-05
5.9654e-07
6.11498e-05
9.75111e-06
5.03296e-05
2.21556e-05
3.89291e-05
3.79246e-05
2.66357e-05
5.63307e-05
1.51981e-05
7.81762e-05
1.97327e-06
0.000101947
-8.70674e-06
0.000129934
-2.30501e-05
0.000159901
-3.37181e-05
0.000194725
-4.90391e-05
0.000232311
-6.08691e-05
0.000275188
-7.69805e-05
0.000321392
-9.01546e-05
0.000372829
-0.000106592
0.000427188
-0.000120447
0.000486303
-0.000136486
0.000547075
-0.000150204
0.000611884
-0.000165018
0.000676621
-0.000178022
0.000744474
-0.00019073
0.000810498
-0.000202817
0.000878617
-0.000212687
0.000943533
-0.000224014
0.00100951
-0.000230467
-0.000241319
0.00107139
1.50969e-06
4.84152e-05
1.06437e-06
8.03328e-05
1.36916e-06
8.26987e-05
4.49046e-06
7.52573e-05
1.11758e-05
6.39928e-05
2.16413e-05
5.06843e-05
3.58229e-05
3.6148e-05
5.35491e-05
2.12029e-05
7.45116e-05
5.6731e-06
9.8478e-05
-8.76834e-06
0.000126448
-2.59963e-05
0.000157549
-3.98082e-05
0.000194511
-6.00119e-05
0.000235388
-7.4595e-05
0.000283483
-9.71346e-05
0.000335725
-0.000113111
0.000394498
-0.000135754
0.000456615
-0.000152272
0.000523168
-0.000173145
0.000591455
-0.000188734
0.000661736
-0.000206767
0.000731565
-0.000220033
0.000801366
-0.000234818
0.000868354
-0.00024501
0.000934116
-0.000256492
0.00099477
-0.000263472
0.00105381
-0.000271729
0.00110577
-0.00027597
0.00115639
-0.000281092
-0.000283428
0.0011985
3.34867e-06
4.50665e-05
5.71472e-06
7.79668e-05
9.08269e-06
7.93307e-05
1.56181e-05
6.87219e-05
2.61499e-05
5.34611e-05
4.07961e-05
3.60381e-05
5.92345e-05
1.77096e-05
8.11468e-05
-7.09423e-07
0.000106692
-1.98722e-05
0.000137567
-3.96434e-05
0.000173686
-6.21149e-05
0.000217843
-8.39652e-05
0.000269213
-0.000111382
0.000327926
-0.000133308
0.000393191
-0.0001624
0.000462157
-0.000182077
0.000535226
-0.000208823
0.000607879
-0.000224924
0.000681365
-0.000246631
0.000751342
-0.000258712
0.000818989
-0.000274413
0.000881461
-0.000282506
0.000939135
-0.000292492
0.000990984
-0.00029686
0.00103677
-0.000302283
0.00107664
-0.00030334
0.0011107
-0.00030579
0.00113881
-0.000304073
0.00116272
-0.000305003
-0.000301122
0.00118041
4.63125e-06
4.04353e-05
9.33375e-06
7.32643e-05
1.54539e-05
7.32105e-05
2.50945e-05
5.90813e-05
3.89759e-05
3.95797e-05
5.68503e-05
1.81637e-05
7.84363e-05
-3.87644e-06
0.000105107
-2.73799e-05
0.000138752
-5.35175e-05
0.000182592
-8.34832e-05
0.000235723
-0.000115246
0.000300234
-0.000148477
0.000369686
-0.000180834
0.00044598
-0.000209602
0.000521791
-0.00023821
0.000597924
-0.00025821
0.000670271
-0.00028117
0.000737101
-0.000291755
0.00079911
-0.000308639
0.000851887
-0.00031149
0.000900114
-0.00032264
0.000938203
-0.000320594
0.000972549
-0.000326839
0.000998535
-0.000322845
0.00102147
-0.000325217
0.00103943
-0.000321302
0.0010551
-0.000321464
0.0010699
-0.000318869
0.00108335
-0.000318448
-0.000316575
0.0010988
5.20757e-06
3.52277e-05
1.16296e-05
6.68422e-05
2.00291e-05
6.48111e-05
3.22741e-05
4.68363e-05
4.85293e-05
2.33245e-05
6.86495e-05
-1.95651e-06
9.5598e-05
-3.0825e-05
0.000133612
-6.53936e-05
0.00018611
-0.000106015
0.000251452
-0.000148825
0.000326389
-0.000190183
0.000406362
-0.00022845
0.000485412
-0.000259884
0.000562898
-0.000287089
0.00063159
-0.000306902
0.000695338
-0.000321958
0.000747406
-0.000333238
0.000793113
-0.000337462
0.000829231
-0.000344757
0.000858534
-0.000340793
0.000883718
-0.000347825
0.000902196
-0.000339072
0.000922984
-0.000347626
0.000938251
-0.000338112
0.000960296
-0.000347262
0.000978687
-0.000339693
0.00100438
-0.000347153
0.00102865
-0.000343146
0.00105814
-0.000347938
-0.000346438
0.00108801
5.01524e-06
3.02124e-05
1.23906e-05
5.94668e-05
2.24096e-05
5.4792e-05
3.62614e-05
3.29846e-05
5.39195e-05
5.66633e-06
8.03041e-05
-2.83411e-05
0.000123011
-7.35323e-05
0.000185196
-0.000127578
0.000261796
-0.000182615
0.000345033
-0.000232062
0.000428492
-0.000273642
0.000505394
-0.000305353
0.000574186
-0.000328675
0.000631887
-0.00034479
0.000678888
-0.000353903
0.000717439
-0.000360509
0.000746277
-0.000362075
0.000772871
-0.000364056
0.0007929
-0.000364786
0.00081608
-0.000363973
0.000837188
-0.000368933
0.000862486
-0.000364371
0.000890271
-0.000375412
0.000918785
-0.000366625
0.000954056
-0.000382534
0.000984446
-0.000370082
0.00102318
-0.000385884
0.00105091
-0.000370885
0.00108383
-0.000380853
-0.000366317
0.00110371
4.08667e-06
2.61258e-05
1.158e-05
5.19735e-05
2.22259e-05
4.41461e-05
3.66788e-05
1.85317e-05
6.05902e-05
-1.82451e-05
0.000106663
-7.44139e-05
0.000177684
-0.000144553
0.0002633
-0.000213194
0.000350888
-0.000270204
0.000432127
-0.000313301
0.000501489
-0.000343003
0.000557975
-0.000361838
0.000602673
-0.000373373
0.000637009
-0.000379126
0.000665892
-0.000382786
0.000690465
-0.000385082
0.000715288
-0.000386899
0.0007418
-0.000390568
0.000769331
-0.000392317
0.000802264
-0.000396905
0.000832874
-0.000399543
0.000870056
-0.000401553
0.000901662
-0.000407017
0.000937117
-0.000402079
0.000967205
-0.000412622
0.000995694
-0.000398571
0.00102475
-0.000414939
0.00104072
-0.000386859
0.00105627
-0.000396401
-0.000345524
0.00103548
2.52964e-06
2.35961e-05
9.25443e-06
4.52487e-05
1.91551e-05
3.42455e-05
3.84411e-05
-7.54268e-07
8.3556e-05
-6.33601e-05
0.000160886
-0.000151744
0.000253022
-0.00023669
0.00034182
-0.000301992
0.000417733
-0.000346117
0.000477714
-0.000373282
0.000523505
-0.000388795
0.000559392
-0.000397725
0.000589014
-0.000402995
0.000616919
-0.000407031
0.000645307
-0.000411174
0.000675211
-0.000414985
0.000707694
-0.000419382
0.000740137
-0.000423011
0.000773857
-0.000426037
0.000806435
-0.000429484
0.000837722
-0.000430829
0.000870334
-0.000434165
0.000897706
-0.00043439
0.0009297
-0.000434073
0.000950269
-0.000433192
0.000973444
-0.000421745
0.000978599
-0.000420095
0.000978014
-0.000386274
0.000957825
-0.000376211
-0.000271641
0.000883941
6.17962e-07
6.20452e-06
1.81483e-05
5.42953e-05
0.00013249
0.000229625
0.000318937
0.000389692
0.000442318
0.000482246
0.00051563
0.000546561
0.0005776
0.000609489
0.000641764
0.000674119
0.00070528
0.000735472
0.000765349
0.000794766
0.000825748
0.000855652
0.000885205
0.000912093
0.000932427
0.000945233
0.000918859
0.000847869
0.00067316
0.000469193
-2.90437e-06
9.73469e-06
1.70478e-05
2.24828e-05
2.61269e-05
2.93998e-05
3.29329e-05
3.48477e-05
3.29962e-05
2.75651e-05
2.04601e-05
1.38386e-05
7.04182e-06
2.14835e-06
-1.84918e-06
-5.52208e-06
-9.83412e-06
-1.60444e-05
-2.22179e-05
-2.89059e-05
-3.39286e-05
-3.54048e-05
-3.32341e-05
-2.95731e-05
-2.62292e-05
-2.2485e-05
-1.69772e-05
-9.64703e-06
2.98189e-06
)
;

boundaryField
{
    inlet
    {
        type            calculated;
        value           nonuniform List<scalar> 0();
    }
    outlet
    {
        type            calculated;
        value           nonuniform List<scalar> 0();
    }
    wall
    {
        type            calculated;
        value           uniform 0;
    }
    obstacle
    {
        type            calculated;
        value           uniform 0;
    }
    frontAndBack
    {
        type            empty;
        value           nonuniform List<scalar> 0();
    }
    procBoundary1to0
    {
        type            processor;
        value           nonuniform List<scalar> 
61
(
-0.000102333
-0.000154546
-0.000195744
-0.000230155
-0.000258771
-0.000282313
-0.0003011
-0.000315346
-0.000325347
-0.000331492
-0.000334435
-0.000334919
-0.000334109
-0.00033357
-0.000334492
-0.000420169
-0.000315199
-0.000321212
-0.000326185
-0.000329321
-0.000330321
-0.000333803
-0.000341478
-0.000348658
-0.000355161
-0.000364597
-0.000375724
-0.000391209
-0.00041111
-0.000444087
-0.000419818
-0.000457955
-0.000481836
-0.000448058
-0.000422842
-0.000407153
-0.000393588
-0.000383445
-0.000375502
-0.000367257
-0.0003606
-0.000357544
-0.00035446
-0.000349211
-0.000343581
-0.00033856
-0.000335458
-0.00033449
-0.00033484
-0.000335404
-0.000334825
-0.000332151
-0.000326597
-0.000317451
-0.000304207
-0.000286436
-0.000263638
-0.000234874
-0.000197929
-0.000148734
-7.46512e-05
)
;
    }
    procBoundary1to2
    {
        type            processor;
        value           nonuniform List<scalar> 
30
(
0.000473282
0.000872883
0.00103047
0.00110019
0.00108602
0.0010988
0.00118078
0.0011987
0.00107342
0.000843139
0.00057235
0.000290379
-1.23153e-07
-0.000292847
-0.000514369
-0.00051544
-0.000294929
-1.98668e-06
0.000289056
0.000571673
0.000843049
0.00107287
0.00119633
0.00117675
0.00109545
0.00108426
0.0010982
0.00102815
0.000871313
0.000472175
)
;
    }
}


// ************************************************************************* //
