/*--------------------------------*- C++ -*----------------------------------*\
| =========                 |                                                 |
| \\      /  F ield         | OpenFOAM: The Open Source CFD Toolbox           |
|  \\    /   O peration     | Version:  2312                                  |
|   \\  /    A nd           | Website:  www.openfoam.com                      |
|    \\/     M anipulation  |                                                 |
\*---------------------------------------------------------------------------*/
FoamFile
{
    version     2.0;
    format      ascii;
    arch        "LSB;label=32;scalar=64";
    class       volVectorField;
    location    "135000";
    object      U;
}
// * * * * * * * * * * * * * * * * * * * * * * * * * * * * * * * * * * * * * //

dimensions      [0 1 -1 0 0 0 0];

internalField   nonuniform List<vector> 
2685
(
(6.17778e-07 -1.34416e-06 0)
(5.80806e-07 -1.02346e-06 0)
(4.12742e-07 -6.97386e-07 0)
(1.21021e-07 -3.80588e-07 0)
(-2.78653e-07 -8.13274e-08 0)
(-7.65695e-07 1.9267e-07 0)
(-1.32301e-06 4.35805e-07 0)
(-1.93138e-06 6.43933e-07 0)
(-2.57021e-06 8.14049e-07 0)
(-3.21789e-06 9.44195e-07 0)
(-3.8525e-06 1.03357e-06 0)
(-4.45298e-06 1.08288e-06 0)
(-5.00068e-06 1.0951e-06 0)
(-5.47565e-06 1.07641e-06 0)
(-5.85731e-06 1.0311e-06 0)
(-6.12886e-06 9.59521e-07 0)
(-6.27637e-06 8.63532e-07 0)
(-6.29146e-06 7.45402e-07 0)
(-6.17182e-06 6.09157e-07 0)
(-5.91685e-06 4.61693e-07 0)
(-5.52532e-06 3.08864e-07 0)
(-4.99994e-06 1.56251e-07 0)
(-4.34692e-06 9.01228e-09 0)
(-3.57591e-06 -1.28218e-07 0)
(-2.69974e-06 -2.51243e-07 0)
(-1.73415e-06 -3.56281e-07 0)
(-6.98223e-07 -4.4001e-07 0)
(3.8917e-07 -4.98784e-07 0)
(1.51348e-06 -5.30333e-07 0)
(2.65175e-06 -5.36457e-07 0)
(3.77549e-06 -5.17046e-07 0)
(4.86238e-06 -4.71944e-07 0)
(5.89009e-06 -4.01405e-07 0)
(6.83738e-06 -3.06066e-07 0)
(7.68593e-06 -1.86837e-07 0)
(8.4197e-06 -4.58286e-08 0)
(9.02452e-06 1.1468e-07 0)
(9.48965e-06 2.91874e-07 0)
(9.80739e-06 4.82603e-07 0)
(9.97345e-06 6.83432e-07 0)
(9.9902e-06 8.9104e-07 0)
(9.86619e-06 1.10029e-06 0)
(9.61258e-06 1.30426e-06 0)
(9.24118e-06 1.49721e-06 0)
(8.76839e-06 1.6744e-06 0)
(8.21406e-06 1.8313e-06 0)
(7.5996e-06 1.9645e-06 0)
(6.95133e-06 2.07235e-06 0)
(6.30133e-06 2.15259e-06 0)
(5.68143e-06 2.20206e-06 0)
(5.12375e-06 2.21927e-06 0)
(4.66584e-06 2.20251e-06 0)
(4.34103e-06 2.14909e-06 0)
(4.18439e-06 2.05892e-06 0)
(4.22434e-06 1.92926e-06 0)
(4.48645e-06 1.76428e-06 0)
(5.00031e-06 1.56668e-06 0)
(5.79038e-06 1.33946e-06 0)
(6.87879e-06 1.08639e-06 0)
(8.28503e-06 8.11139e-07 0)
(1.00248e-05 5.17632e-07 0)
(1.21102e-05 2.09767e-07 0)
(1.45492e-05 -1.08266e-07 0)
(1.73463e-05 -4.32551e-07 0)
(2.05016e-05 -7.58895e-07 0)
(2.40122e-05 -1.08368e-06 0)
(2.78708e-05 -1.40295e-06 0)
(3.20679e-05 -1.71369e-06 0)
(3.65896e-05 -2.0124e-06 0)
(4.14212e-05 -2.29696e-06 0)
(4.65433e-05 -2.56443e-06 0)
(5.19374e-05 -2.81378e-06 0)
(5.75804e-05 -3.04271e-06 0)
(6.34512e-05 -3.25126e-06 0)
(6.95247e-05 -3.43765e-06 0)
(7.57785e-05 -3.60283e-06 0)
(8.21878e-05 -3.74568e-06 0)
(8.87284e-05 -3.86747e-06 0)
(9.53809e-05 -3.96874e-06 0)
(0.000102115 -4.04941e-06 0)
(0.000108926 -4.1147e-06 0)
(0.000115762 -4.15796e-06 0)
(0.000122663 -4.19719e-06 0)
(0.000129501 -4.20271e-06 0)
(0.000136461 -4.23205e-06 0)
(0.000143135 -4.17588e-06 0)
(0.000150345 -4.23651e-06 0)
(0.000156135 -4.01746e-06 0)
(0.000165543 -4.12957e-06 0)
(0.00010572 1.22929e-06 0)
(0.000105892 1.56734e-06 0)
(0.000105977 1.83335e-06 0)
(0.000105978 2.03362e-06 0)
(0.000105922 2.17326e-06 0)
(0.000105833 2.25353e-06 0)
(0.000105733 2.27493e-06 0)
(0.000105643 2.23727e-06 0)
(0.000105583 2.13998e-06 0)
(0.000105576 1.98249e-06 0)
(0.000105645 1.76497e-06 0)
(0.000105812 1.4894e-06 0)
(0.000106103 1.16021e-06 0)
(0.000106533 7.84638e-07 0)
(0.000107108 3.70803e-07 0)
(0.000107832 -7.03704e-08 0)
(0.000108716 -5.30166e-07 0)
(0.00010977 -1.00119e-06 0)
(0.000111001 -1.47565e-06 0)
(0.000112412 -1.94426e-06 0)
(0.000113998 -2.39816e-06 0)
(0.000115752 -2.82845e-06 0)
(0.000117664 -3.22568e-06 0)
(0.00011972 -3.58017e-06 0)
(0.000121906 -3.88296e-06 0)
(0.000124205 -4.1264e-06 0)
(0.000126599 -4.30413e-06 0)
(0.000129067 -4.41096e-06 0)
(0.000131587 -4.44328e-06 0)
(0.000134137 -4.40214e-06 0)
(0.000136693 -4.2892e-06 0)
(0.000139236 -4.10805e-06 0)
(0.000141747 -3.86349e-06 0)
(0.00014421 -3.56195e-06 0)
(0.000146608 -3.21055e-06 0)
(0.000148928 -2.81808e-06 0)
(0.00015116 -2.39461e-06 0)
(0.000153298 -1.9516e-06 0)
(0.000155338 -1.50133e-06 0)
(0.000157282 -1.05662e-06 0)
(0.000159133 -6.29935e-07 0)
(0.000160896 -2.3496e-07 0)
(0.000162583 1.13709e-07 0)
(0.000164214 4.02349e-07 0)
(0.00016581 6.18747e-07 0)
(0.000167395 7.51993e-07 0)
(0.000168997 7.93366e-07 0)
(0.000170645 7.36566e-07 0)
(0.000172366 5.76973e-07 0)
(0.000174189 3.10247e-07 0)
(0.000176144 -6.54453e-08 0)
(0.000178264 -5.49847e-07 0)
(0.000180577 -1.14319e-06 0)
(0.000183111 -1.84293e-06 0)
(0.000185896 -2.6473e-06 0)
(0.000188967 -3.54735e-06 0)
(0.000192345 -4.53194e-06 0)
(0.000196049 -5.59095e-06 0)
(0.000200096 -6.71327e-06 0)
(0.000204501 -7.88801e-06 0)
(0.000209271 -9.10249e-06 0)
(0.000214416 -1.03447e-05 0)
(0.000219937 -1.16007e-05 0)
(0.000225837 -1.28586e-05 0)
(0.000232109 -1.41045e-05 0)
(0.000238749 -1.53279e-05 0)
(0.000245744 -1.65154e-05 0)
(0.000253085 -1.76592e-05 0)
(0.000260751 -1.87466e-05 0)
(0.00026873 -1.97732e-05 0)
(0.000276994 -2.07275e-05 0)
(0.00028553 -2.16095e-05 0)
(0.000294307 -2.24078e-05 0)
(0.000303306 -2.31274e-05 0)
(0.000312505 -2.37563e-05 0)
(0.000321864 -2.43056e-05 0)
(0.000331394 -2.47602e-05 0)
(0.000341002 -2.514e-05 0)
(0.000350789 -2.54235e-05 0)
(0.000360513 -2.56447e-05 0)
(0.00037052 -2.57671e-05 0)
(0.000380178 -2.58534e-05 0)
(0.000390469 -2.58285e-05 0)
(0.000399749 -2.58187e-05 0)
(0.000410624 -2.56518e-05 0)
(0.000418883 -2.56033e-05 0)
(0.000431202 -2.52741e-05 0)
(0.000437011 -2.52648e-05 0)
(0.000452904 -2.47545e-05 0)
(0.00035037 -2.46347e-06 0)
(0.0003494 -1.77989e-06 0)
(0.000348578 -1.16823e-06 0)
(0.000347914 -6.33193e-07 0)
(0.000347391 -1.8224e-07 0)
(0.000346993 1.75622e-07 0)
(0.000346712 4.31516e-07 0)
(0.000346541 5.77359e-07 0)
(0.000346477 6.06073e-07 0)
(0.000346521 5.10991e-07 0)
(0.000346676 2.8593e-07 0)
(0.000346946 -6.98196e-08 0)
(0.000347335 -5.47342e-07 0)
(0.000347849 -1.13586e-06 0)
(0.00034851 -1.82279e-06 0)
(0.00034933 -2.58878e-06 0)
(0.000350304 -3.41204e-06 0)
(0.000351424 -4.2691e-06 0)
(0.000352691 -5.14187e-06 0)
(0.000354101 -6.0167e-06 0)
(0.000355656 -6.87887e-06 0)
(0.000357354 -7.71255e-06 0)
(0.000359192 -8.50108e-06 0)
(0.000361167 -9.2276e-06 0)
(0.000363275 -9.87644e-06 0)
(0.000365508 -1.04343e-05 0)
(0.000367858 -1.08905e-05 0)
(0.000370317 -1.12365e-05 0)
(0.000372872 -1.14663e-05 0)
(0.000375514 -1.15766e-05 0)
(0.000378228 -1.15672e-05 0)
(0.000381003 -1.14417e-05 0)
(0.000383828 -1.12071e-05 0)
(0.000386694 -1.08728e-05 0)
(0.00038959 -1.0451e-05 0)
(0.000392509 -9.95593e-06 0)
(0.000395443 -9.40396e-06 0)
(0.000398385 -8.8133e-06 0)
(0.000401332 -8.20397e-06 0)
(0.000404282 -7.59795e-06 0)
(0.000407235 -7.01841e-06 0)
(0.000410194 -6.48713e-06 0)
(0.000413163 -6.02321e-06 0)
(0.000416148 -5.64557e-06 0)
(0.000419158 -5.37195e-06 0)
(0.000422204 -5.21894e-06 0)
(0.000425298 -5.20178e-06 0)
(0.000428455 -5.33524e-06 0)
(0.000431691 -5.63065e-06 0)
(0.000435022 -6.09658e-06 0)
(0.000438465 -6.7376e-06 0)
(0.000442036 -7.55544e-06 0)
(0.000445753 -8.54653e-06 0)
(0.000449632 -9.70323e-06 0)
(0.000453686 -1.10109e-05 0)
(0.000457935 -1.2458e-05 0)
(0.000462388 -1.403e-05 0)
(0.000467063 -1.57137e-05 0)
(0.000471967 -1.74903e-05 0)
(0.000477116 -1.93442e-05 0)
(0.000482508 -2.12532e-05 0)
(0.000488157 -2.32017e-05 0)
(0.000494055 -2.51651e-05 0)
(0.000500213 -2.713e-05 0)
(0.000506616 -2.90695e-05 0)
(0.000513274 -3.09751e-05 0)
(0.000520163 -3.28176e-05 0)
(0.000527291 -3.4596e-05 0)
(0.000534633 -3.62775e-05 0)
(0.000542186 -3.78726e-05 0)
(0.000549936 -3.93418e-05 0)
(0.000557854 -4.07139e-05 0)
(0.000565961 -4.19373e-05 0)
(0.000574169 -4.30664e-05 0)
(0.000582588 -4.4026e-05 0)
(0.000590994 -4.49079e-05 0)
(0.000599689 -4.55959e-05 0)
(0.000608177 -4.62394e-05 0)
(0.000617147 -4.66555e-05 0)
(0.000625555 -4.70833e-05 0)
(0.000634863 -4.72333e-05 0)
(0.000642959 -4.74817e-05 0)
(0.000652779 -4.7378e-05 0)
(0.000660201 -4.74978e-05 0)
(0.000670906 -4.71636e-05 0)
(0.000677064 -4.72147e-05 0)
(0.000689359 -4.66981e-05 0)
(0.000693269 -4.67283e-05 0)
(0.000708392 -4.61496e-05 0)
(0.000740694 6.25868e-06 0)
(0.000736677 5.94278e-06 0)
(0.000732765 5.5914e-06 0)
(0.000728976 5.20309e-06 0)
(0.000725333 4.77822e-06 0)
(0.000721853 4.31563e-06 0)
(0.000718553 3.80753e-06 0)
(0.000715448 3.24358e-06 0)
(0.000712549 2.61326e-06 0)
(0.000709868 1.90105e-06 0)
(0.000707416 1.09814e-06 0)
(0.000705188 2.13019e-07 0)
(0.000703177 -7.52597e-07 0)
(0.000701396 -1.80615e-06 0)
(0.000699835 -2.93139e-06 0)
(0.000698479 -4.09235e-06 0)
(0.000697317 -5.26504e-06 0)
(0.00069635 -6.44125e-06 0)
(0.00069557 -7.61285e-06 0)
(0.000694969 -8.77269e-06 0)
(0.000694535 -9.90656e-06 0)
(0.000694255 -1.09976e-05 0)
(0.000694119 -1.20306e-05 0)
(0.000694117 -1.29899e-05 0)
(0.00069424 -1.38605e-05 0)
(0.000694482 -1.46319e-05 0)
(0.000694834 -1.52959e-05 0)
(0.000695287 -1.58422e-05 0)
(0.000695834 -1.62607e-05 0)
(0.000696466 -1.65471e-05 0)
(0.000697179 -1.67041e-05 0)
(0.000697972 -1.67376e-05 0)
(0.000698848 -1.66558e-05 0)
(0.00069981 -1.64692e-05 0)
(0.00070086 -1.61906e-05 0)
(0.000702002 -1.58359e-05 0)
(0.000703239 -1.54232e-05 0)
(0.000704577 -1.49727e-05 0)
(0.000706018 -1.45061e-05 0)
(0.00070757 -1.40463e-05 0)
(0.000709234 -1.36163e-05 0)
(0.000711014 -1.324e-05 0)
(0.000712912 -1.294e-05 0)
(0.000714932 -1.27386e-05 0)
(0.000717074 -1.26548e-05 0)
(0.000719344 -1.27068e-05 0)
(0.000721742 -1.29091e-05 0)
(0.000724274 -1.32753e-05 0)
(0.000726938 -1.38138e-05 0)
(0.000729742 -1.45317e-05 0)
(0.000732683 -1.54296e-05 0)
(0.00073577 -1.65092e-05 0)
(0.000739 -1.77667e-05 0)
(0.000742385 -1.92017e-05 0)
(0.000745917 -2.08039e-05 0)
(0.00074961 -2.25676e-05 0)
(0.000753451 -2.44726e-05 0)
(0.000757456 -2.65091e-05 0)
(0.000761608 -2.86491e-05 0)
(0.000765925 -3.08825e-05 0)
(0.000770384 -3.31743e-05 0)
(0.000775009 -3.5518e-05 0)
(0.000779772 -3.78706e-05 0)
(0.000784694 -4.02337e-05 0)
(0.000789748 -4.25553e-05 0)
(0.000794952 -4.48502e-05 0)
(0.000800282 -4.70541e-05 0)
(0.000805743 -4.92027e-05 0)
(0.000811329 -5.12135e-05 0)
(0.000817015 -5.31518e-05 0)
(0.000822839 -5.49081e-05 0)
(0.000828705 -5.6589e-05 0)
(0.000834748 -5.80444e-05 0)
(0.000840739 -5.94378e-05 0)
(0.000846993 -6.05602e-05 0)
(0.000853042 -6.16556e-05 0)
(0.00085952 -6.24316e-05 0)
(0.000865538 -6.32402e-05 0)
(0.000872282 -6.36726e-05 0)
(0.000878143 -6.42229e-05 0)
(0.00088524 -6.43254e-05 0)
(0.000890766 -6.46575e-05 0)
(0.000898371 -6.4455e-05 0)
(0.000903301 -6.46196e-05 0)
(0.000911678 -6.41529e-05 0)
(0.000915625 -6.42074e-05 0)
(0.000925191 -6.3545e-05 0)
(0.000927582 -6.35488e-05 0)
(0.000938973 -6.28094e-05 0)
(0.00108015 1.40757e-05 0)
(0.00107923 1.43268e-05 0)
(0.00107829 1.44469e-05 0)
(0.00107733 1.44276e-05 0)
(0.00107634 1.42616e-05 0)
(0.00107532 1.39466e-05 0)
(0.00107427 1.34796e-05 0)
(0.00107318 1.28596e-05 0)
(0.00107204 1.2089e-05 0)
(0.00107087 1.11683e-05 0)
(0.00106964 1.0105e-05 0)
(0.00106834 8.91238e-06 0)
(0.00106698 7.60082e-06 0)
(0.00106554 6.19299e-06 0)
(0.001064 4.71541e-06 0)
(0.00106239 3.18389e-06 0)
(0.0010607 1.62095e-06 0)
(0.00105892 4.72596e-08 0)
(0.00105705 -1.5232e-06 0)
(0.00105511 -3.0681e-06 0)
(0.0010531 -4.56743e-06 0)
(0.00105104 -6.01003e-06 0)
(0.00104891 -7.38411e-06 0)
(0.00104672 -8.67429e-06 0)
(0.00104448 -9.86643e-06 0)
(0.00104219 -1.09494e-05 0)
(0.00103987 -1.19142e-05 0)
(0.00103753 -1.27544e-05 0)
(0.00103519 -1.34664e-05 0)
(0.00103287 -1.40504e-05 0)
(0.00103057 -1.45101e-05 0)
(0.00102833 -1.48529e-05 0)
(0.00102616 -1.5088e-05 0)
(0.00102407 -1.52264e-05 0)
(0.00102209 -1.52805e-05 0)
(0.00102021 -1.52653e-05 0)
(0.00101847 -1.51973e-05 0)
(0.00101687 -1.50954e-05 0)
(0.00101543 -1.49793e-05 0)
(0.00101415 -1.48704e-05 0)
(0.00101305 -1.47901e-05 0)
(0.00101213 -1.47615e-05 0)
(0.00101139 -1.48053e-05 0)
(0.00101084 -1.49432e-05 0)
(0.00101047 -1.51926e-05 0)
(0.00101028 -1.55722e-05 0)
(0.00101028 -1.60954e-05 0)
(0.00101046 -1.67783e-05 0)
(0.00101082 -1.76284e-05 0)
(0.00101135 -1.86569e-05 0)
(0.00101203 -1.98625e-05 0)
(0.00101288 -2.12518e-05 0)
(0.00101387 -2.2815e-05 0)
(0.00101501 -2.4555e-05 0)
(0.00101627 -2.64521e-05 0)
(0.00101766 -2.8507e-05 0)
(0.00101916 -3.06901e-05 0)
(0.00102078 -3.30029e-05 0)
(0.0010225 -3.54046e-05 0)
(0.00102433 -3.79012e-05 0)
(0.00102623 -4.04392e-05 0)
(0.00102825 -4.30341e-05 0)
(0.00103033 -4.56172e-05 0)
(0.00103251 -4.82202e-05 0)
(0.00103475 -5.07557e-05 0)
(0.00103708 -5.32797e-05 0)
(0.00103947 -5.56802e-05 0)
(0.00104194 -5.80474e-05 0)
(0.00104449 -6.02363e-05 0)
(0.00104708 -6.23836e-05 0)
(0.0010498 -6.42987e-05 0)
(0.00105251 -6.61798e-05 0)
(0.00105541 -6.77744e-05 0)
(0.00105822 -6.93611e-05 0)
(0.00106132 -7.06046e-05 0)
(0.00106421 -7.18873e-05 0)
(0.00106756 -7.27651e-05 0)
(0.00107047 -7.37507e-05 0)
(0.00107413 -7.42607e-05 0)
(0.00107701 -7.49703e-05 0)
(0.00108104 -7.51243e-05 0)
(0.00108379 -7.55925e-05 0)
(0.0010883 -7.5416e-05 0)
(0.00109078 -7.56878e-05 0)
(0.00109592 -7.52218e-05 0)
(0.00109791 -7.53494e-05 0)
(0.00110388 -7.46561e-05 0)
(0.00110509 -7.46949e-05 0)
(0.00111215 -7.38664e-05 0)
(0.00125748 1.17348e-05 0)
(0.00125935 1.14998e-05 0)
(0.00126137 1.12397e-05 0)
(0.00126351 1.09479e-05 0)
(0.00126574 1.06178e-05 0)
(0.00126802 1.0243e-05 0)
(0.00127033 9.81644e-06 0)
(0.00127263 9.33305e-06 0)
(0.00127489 8.78913e-06 0)
(0.00127708 8.1817e-06 0)
(0.00127916 7.51044e-06 0)
(0.00128112 6.77826e-06 0)
(0.00128292 5.99033e-06 0)
(0.00128456 5.15012e-06 0)
(0.00128599 4.26858e-06 0)
(0.0012872 3.35811e-06 0)
(0.00128818 2.42829e-06 0)
(0.0012889 1.49533e-06 0)
(0.00128935 5.73086e-07 0)
(0.00128955 -3.26853e-07 0)
(0.00128947 -1.19738e-06 0)
(0.0012891 -2.03167e-06 0)
(0.00128845 -2.82224e-06 0)
(0.00128751 -3.56151e-06 0)
(0.00128632 -4.24159e-06 0)
(0.00128486 -4.85675e-06 0)
(0.00128315 -5.40414e-06 0)
(0.0012812 -5.88254e-06 0)
(0.00127903 -6.29238e-06 0)
(0.00127667 -6.63728e-06 0)
(0.00127412 -6.92298e-06 0)
(0.00127142 -7.15709e-06 0)
(0.00126857 -7.34834e-06 0)
(0.00126562 -7.50844e-06 0)
(0.00126257 -7.64932e-06 0)
(0.00125946 -7.78288e-06 0)
(0.0012563 -7.92154e-06 0)
(0.00125313 -8.08028e-06 0)
(0.00124996 -8.27261e-06 0)
(0.00124682 -8.51473e-06 0)
(0.00124373 -8.82036e-06 0)
(0.00124071 -9.20572e-06 0)
(0.00123777 -9.68215e-06 0)
(0.00123493 -1.02655e-05 0)
(0.0012322 -1.09665e-05 0)
(0.00122959 -1.1803e-05 0)
(0.0012271 -1.27788e-05 0)
(0.00122474 -1.39051e-05 0)
(0.00122251 -1.51805e-05 0)
(0.00122041 -1.66161e-05 0)
(0.00121843 -1.8204e-05 0)
(0.00121659 -1.99547e-05 0)
(0.00121484 -2.18513e-05 0)
(0.00121322 -2.39034e-05 0)
(0.00121169 -2.60827e-05 0)
(0.00121026 -2.84003e-05 0)
(0.00120891 -3.08158e-05 0)
(0.00120766 -3.33461e-05 0)
(0.00120646 -3.59361e-05 0)
(0.00120535 -3.86119e-05 0)
(0.00120429 -4.13015e-05 0)
(0.0012033 -4.40467e-05 0)
(0.00120236 -4.6755e-05 0)
(0.00120149 -4.94913e-05 0)
(0.00120067 -5.2137e-05 0)
(0.00119992 -5.47892e-05 0)
(0.00119924 -5.72959e-05 0)
(0.00119861 -5.97971e-05 0)
(0.00119809 -6.20976e-05 0)
(0.0011976 -6.43931e-05 0)
(0.00119727 -6.64324e-05 0)
(0.00119695 -6.84825e-05 0)
(0.00119686 -7.02206e-05 0)
(0.00119672 -7.20022e-05 0)
(0.00119692 -7.34132e-05 0)
(0.00119698 -7.49169e-05 0)
(0.00119753 -7.59858e-05 0)
(0.00119778 -7.72129e-05 0)
(0.00119874 -7.79349e-05 0)
(0.00119917 -7.88969e-05 0)
(0.0012006 -7.9279e-05 0)
(0.00120118 -7.99967e-05 0)
(0.00120314 -8.00578e-05 0)
(0.00120378 -8.05576e-05 0)
(0.00120634 -8.033e-05 0)
(0.00120693 -8.06413e-05 0)
(0.00121014 -8.01737e-05 0)
(0.00121054 -8.03228e-05 0)
(0.00121446 -7.96837e-05 0)
(0.00131851 5.54941e-06 0)
(0.00132228 4.95278e-06 0)
(0.00132627 4.40535e-06 0)
(0.00133042 3.8941e-06 0)
(0.0013347 3.4078e-06 0)
(0.00133907 2.93796e-06 0)
(0.0013435 2.47678e-06 0)
(0.00134795 2.01774e-06 0)
(0.00135238 1.55628e-06 0)
(0.00135676 1.08935e-06 0)
(0.00136107 6.1628e-07 0)
(0.00136526 1.38726e-07 0)
(0.0013693 -3.40736e-07 0)
(0.00137317 -8.18147e-07 0)
(0.00137682 -1.28926e-06 0)
(0.00138026 -1.74695e-06 0)
(0.00138346 -2.18224e-06 0)
(0.00138639 -2.58636e-06 0)
(0.00138905 -2.94997e-06 0)
(0.0013914 -3.26851e-06 0)
(0.00139344 -3.53671e-06 0)
(0.00139515 -3.74575e-06 0)
(0.00139653 -3.88875e-06 0)
(0.00139758 -3.9644e-06 0)
(0.00139829 -3.97343e-06 0)
(0.00139866 -3.91805e-06 0)
(0.0013987 -3.80135e-06 0)
(0.0013984 -3.62814e-06 0)
(0.00139778 -3.40498e-06 0)
(0.00139684 -3.1426e-06 0)
(0.00139561 -2.85342e-06 0)
(0.00139409 -2.55215e-06 0)
(0.00139229 -2.24774e-06 0)
(0.00139024 -1.9531e-06 0)
(0.00138796 -1.68247e-06 0)
(0.00138546 -1.45351e-06 0)
(0.00138277 -1.28005e-06 0)
(0.00137991 -1.17798e-06 0)
(0.0013769 -1.16033e-06 0)
(0.00137376 -1.24333e-06 0)
(0.00137051 -1.43749e-06 0)
(0.00136717 -1.75741e-06 0)
(0.00136376 -2.21105e-06 0)
(0.0013603 -2.81294e-06 0)
(0.00135679 -3.56556e-06 0)
(0.00135326 -4.47834e-06 0)
(0.00134972 -5.55088e-06 0)
(0.0013462 -6.7971e-06 0)
(0.00134268 -8.20878e-06 0)
(0.00133919 -9.79667e-06 0)
(0.00133572 -1.15428e-05 0)
(0.00133228 -1.3456e-05 0)
(0.00132886 -1.55096e-05 0)
(0.0013255 -1.77195e-05 0)
(0.00132215 -2.00474e-05 0)
(0.00131886 -2.25129e-05 0)
(0.0013156 -2.50639e-05 0)
(0.00131239 -2.773e-05 0)
(0.00130922 -3.04437e-05 0)
(0.00130611 -3.32502e-05 0)
(0.00130303 -3.60614e-05 0)
(0.00130003 -3.89425e-05 0)
(0.00129708 -4.17794e-05 0)
(0.00129421 -4.46659e-05 0)
(0.00129141 -4.74563e-05 0)
(0.0012887 -5.0283e-05 0)
(0.0012861 -5.29603e-05 0)
(0.00128359 -5.567e-05 0)
(0.00128123 -5.81761e-05 0)
(0.00127895 -6.07225e-05 0)
(0.00127689 -6.30098e-05 0)
(0.0012749 -6.53586e-05 0)
(0.0012732 -6.73908e-05 0)
(0.00127153 -6.95187e-05 0)
(0.00127025 -7.12686e-05 0)
(0.00126893 -7.31604e-05 0)
(0.00126813 -7.46092e-05 0)
(0.00126717 -7.62572e-05 0)
(0.0012669 -7.73944e-05 0)
(0.00126629 -7.87942e-05 0)
(0.00126658 -7.96156e-05 0)
(0.00126627 -8.07621e-05 0)
(0.00126716 -8.12711e-05 0)
(0.00126709 -8.21575e-05 0)
(0.00126859 -8.2371e-05 0)
(0.00126866 -8.29869e-05 0)
(0.00127075 -8.29414e-05 0)
(0.00127085 -8.32685e-05 0)
(0.00127351 -8.30255e-05 0)
(0.00135348 -4.09895e-06 0)
(0.00135851 -5.22478e-06 0)
(0.00136371 -6.22281e-06 0)
(0.00136903 -7.1044e-06 0)
(0.00137443 -7.87931e-06 0)
(0.0013799 -8.55514e-06 0)
(0.00138539 -9.13944e-06 0)
(0.00139087 -9.63984e-06 0)
(0.00139632 -1.0063e-05 0)
(0.00140171 -1.04138e-05 0)
(0.001407 -1.06954e-05 0)
(0.00141218 -1.091e-05 0)
(0.00141722 -1.10573e-05 0)
(0.00142208 -1.11345e-05 0)
(0.00142676 -1.11378e-05 0)
(0.00143122 -1.10638e-05 0)
(0.00143545 -1.09112e-05 0)
(0.00143942 -1.06795e-05 0)
(0.00144312 -1.03671e-05 0)
(0.00144653 -9.97224e-06 0)
(0.00144964 -9.49339e-06 0)
(0.00145242 -8.93149e-06 0)
(0.00145487 -8.28892e-06 0)
(0.00145696 -7.5701e-06 0)
(0.0014587 -6.78156e-06 0)
(0.00146009 -5.93101e-06 0)
(0.0014611 -5.02643e-06 0)
(0.00146176 -4.07805e-06 0)
(0.00146204 -3.0973e-06 0)
(0.00146196 -2.09758e-06 0)
(0.00146152 -1.09059e-06 0)
(0.00146075 -8.86942e-08 0)
(0.00145964 8.82124e-07 0)
(0.00145822 1.80196e-06 0)
(0.00145649 2.65628e-06 0)
(0.00145447 3.42657e-06 0)
(0.00145216 4.09843e-06 0)
(0.00144961 4.65463e-06 0)
(0.00144681 5.08275e-06 0)
(0.0014438 5.36639e-06 0)
(0.00144059 5.49588e-06 0)
(0.00143721 5.45621e-06 0)
(0.00143367 5.24325e-06 0)
(0.00143 4.84391e-06 0)
(0.00142621 4.25943e-06 0)
(0.00142233 3.48128e-06 0)
(0.00141836 2.51632e-06 0)
(0.00141432 1.35199e-06 0)
(0.00141022 4.13213e-09 0)
(0.00140609 -1.53932e-06 0)
(0.00140194 -3.25632e-06 0)
(0.00139779 -5.16539e-06 0)
(0.00139362 -7.23238e-06 0)
(0.00138947 -9.47596e-06 0)
(0.00138533 -1.18493e-05 0)
(0.00138123 -1.43814e-05 0)
(0.00137716 -1.70103e-05 0)
(0.00137314 -1.9779e-05 0)
(0.00136917 -2.26041e-05 0)
(0.00136527 -2.5544e-05 0)
(0.00136144 -2.84932e-05 0)
(0.00135772 -3.15384e-05 0)
(0.00135407 -3.45469e-05 0)
(0.00135056 -3.76395e-05 0)
(0.00134715 -4.06452e-05 0)
(0.00134391 -4.37282e-05 0)
(0.00134079 -4.66707e-05 0)
(0.00133785 -4.96931e-05 0)
(0.00133506 -5.2518e-05 0)
(0.00133247 -5.54354e-05 0)
(0.00133006 -5.80944e-05 0)
(0.00132786 -6.08701e-05 0)
(0.00132586 -6.33212e-05 0)
(0.00132408 -6.59245e-05 0)
(0.00132253 -6.81317e-05 0)
(0.00132117 -7.05376e-05 0)
(0.00132009 -7.24707e-05 0)
(0.00131916 -7.46561e-05 0)
(0.00131856 -7.62885e-05 0)
(0.00131801 -7.82273e-05 0)
(0.00131789 -7.95356e-05 0)
(0.00131767 -8.11954e-05 0)
(0.00131803 -8.21627e-05 0)
(0.00131805 -8.35011e-05 0)
(0.00131887 -8.41232e-05 0)
(0.00131901 -8.50871e-05 0)
(0.00132023 -8.53854e-05 0)
(0.00132037 -8.59097e-05 0)
(0.00132196 -8.59446e-05 0)
(0.0014113 -1.57727e-05 0)
(0.00141629 -1.72171e-05 0)
(0.00142136 -1.84592e-05 0)
(0.00142647 -1.95112e-05 0)
(0.00143162 -2.03845e-05 0)
(0.00143679 -2.10914e-05 0)
(0.00144195 -2.16436e-05 0)
(0.00144708 -2.20519e-05 0)
(0.00145218 -2.23253e-05 0)
(0.00145723 -2.24714e-05 0)
(0.00146221 -2.24958e-05 0)
(0.00146711 -2.2402e-05 0)
(0.00147191 -2.21916e-05 0)
(0.00147661 -2.18654e-05 0)
(0.00148118 -2.14232e-05 0)
(0.0014856 -2.08644e-05 0)
(0.00148986 -2.01887e-05 0)
(0.00149395 -1.93955e-05 0)
(0.00149783 -1.84845e-05 0)
(0.0015015 -1.74563e-05 0)
(0.00150494 -1.63126e-05 0)
(0.00150812 -1.50575e-05 0)
(0.00151103 -1.36952e-05 0)
(0.00151365 -1.22318e-05 0)
(0.00151596 -1.06757e-05 0)
(0.00151796 -9.03833e-06 0)
(0.00151962 -7.33224e-06 0)
(0.00152094 -5.57342e-06 0)
(0.0015219 -3.77909e-06 0)
(0.00152251 -1.96739e-06 0)
(0.00152277 -1.57304e-07 0)
(0.00152265 1.62948e-06 0)
(0.00152213 3.37827e-06 0)
(0.00152123 5.06345e-06 0)
(0.00151997 6.65471e-06 0)
(0.00151836 8.1275e-06 0)
(0.0015164 9.46173e-06 0)
(0.00151413 1.06345e-05 0)
(0.00151153 1.16307e-05 0)
(0.00150865 1.2432e-05 0)
(0.00150548 1.30295e-05 0)
(0.00150207 1.34083e-05 0)
(0.00149842 1.35659e-05 0)
(0.00149456 1.34901e-05 0)
(0.00149052 1.31848e-05 0)
(0.00148632 1.26354e-05 0)
(0.00148198 1.18541e-05 0)
(0.00147753 1.08317e-05 0)
(0.00147299 9.58756e-06 0)
(0.00146838 8.10882e-06 0)
(0.00146371 6.42473e-06 0)
(0.00145902 4.51844e-06 0)
(0.0014543 2.43173e-06 0)
(0.00144961 1.44136e-07 0)
(0.00144493 -2.29205e-06 0)
(0.00144031 -4.90978e-06 0)
(0.00143572 -7.6406e-06 0)
(0.00143123 -1.05325e-05 0)
(0.00142681 -1.35043e-05 0)
(0.00142253 -1.66332e-05 0)
(0.00141832 -1.98043e-05 0)
(0.00141428 -2.3105e-05 0)
(0.00141032 -2.63917e-05 0)
(0.00140656 -2.97925e-05 0)
(0.00140288 -3.31255e-05 0)
(0.00139944 -3.65652e-05 0)
(0.00139606 -3.98797e-05 0)
(0.00139297 -4.33018e-05 0)
(0.00138991 -4.65366e-05 0)
(0.0013872 -4.98909e-05 0)
(0.00138445 -5.29893e-05 0)
(0.00138213 -5.62308e-05 0)
(0.00137968 -5.91396e-05 0)
(0.00137775 -6.22278e-05 0)
(0.00137557 -6.4896e-05 0)
(0.00137403 -6.77924e-05 0)
(0.00137208 -7.01701e-05 0)
(0.0013709 -7.28353e-05 0)
(0.00136914 -7.4874e-05 0)
(0.00136831 -7.72656e-05 0)
(0.00136666 -7.89195e-05 0)
(0.00136613 -8.0988e-05 0)
(0.00136454 -8.22176e-05 0)
(0.00136427 -8.39021e-05 0)
(0.00136266 -8.46805e-05 0)
(0.00136256 -8.59036e-05 0)
(0.00136086 -8.62287e-05 0)
(0.00136086 -8.68945e-05 0)
(0.00135898 -8.68124e-05 0)
(0.001453 -2.58262e-05 0)
(0.00145534 -2.73347e-05 0)
(0.00145774 -2.85967e-05 0)
(0.00146022 -2.96368e-05 0)
(0.00146277 -3.04787e-05 0)
(0.00146539 -3.11445e-05 0)
(0.0014681 -3.16525e-05 0)
(0.0014709 -3.20164e-05 0)
(0.00147379 -3.22456e-05 0)
(0.00147678 -3.23459e-05 0)
(0.00147988 -3.23192e-05 0)
(0.00148308 -3.21652e-05 0)
(0.0014864 -3.18811e-05 0)
(0.00148982 -3.14622e-05 0)
(0.00149334 -3.09027e-05 0)
(0.00149696 -3.01962e-05 0)
(0.00150065 -2.9336e-05 0)
(0.00150442 -2.8316e-05 0)
(0.00150823 -2.71307e-05 0)
(0.00151206 -2.57766e-05 0)
(0.0015159 -2.42523e-05 0)
(0.00151973 -2.25593e-05 0)
(0.0015235 -2.07016e-05 0)
(0.0015272 -1.86873e-05 0)
(0.00153079 -1.65268e-05 0)
(0.00153424 -1.42347e-05 0)
(0.00153752 -1.18277e-05 0)
(0.0015406 -9.32574e-06 0)
(0.00154344 -6.75147e-06 0)
(0.00154603 -4.13077e-06 0)
(0.00154832 -1.49346e-06 0)
(0.00155032 1.12354e-06 0)
(0.00155202 3.69608e-06 0)
(0.00155335 6.19799e-06 0)
(0.00155428 8.61154e-06 0)
(0.00155482 1.09115e-05 0)
(0.00155496 1.30777e-05 0)
(0.0015547 1.50735e-05 0)
(0.00155404 1.68722e-05 0)
(0.001553 1.84469e-05 0)
(0.00155158 1.978e-05 0)
(0.00154978 2.08477e-05 0)
(0.00154764 2.16401e-05 0)
(0.00154515 2.21384e-05 0)
(0.00154235 2.23422e-05 0)
(0.00153924 2.22381e-05 0)
(0.00153586 2.1837e-05 0)
(0.00153222 2.11291e-05 0)
(0.00152835 2.01343e-05 0)
(0.00152429 1.88431e-05 0)
(0.00152005 1.72869e-05 0)
(0.00151568 1.5457e-05 0)
(0.00151119 1.33929e-05 0)
(0.00150661 1.10759e-05 0)
(0.00150196 8.55868e-06 0)
(0.00149728 5.81815e-06 0)
(0.00149255 2.91889e-06 0)
(0.00148784 -1.7331e-07 0)
(0.00148308 -3.37444e-06 0)
(0.00147836 -6.72731e-06 0)
(0.00147368 -1.01376e-05 0)
(0.00146911 -1.36883e-05 0)
(0.00146456 -1.72637e-05 0)
(0.00146018 -2.09596e-05 0)
(0.00145577 -2.46158e-05 0)
(0.00145158 -2.83673e-05 0)
(0.00144731 -3.20197e-05 0)
(0.00144334 -3.57546e-05 0)
(0.00143918 -3.93258e-05 0)
(0.00143543 -4.29767e-05 0)
(0.00143133 -4.63936e-05 0)
(0.0014278 -4.99013e-05 0)
(0.00142369 -5.30966e-05 0)
(0.00142038 -5.64114e-05 0)
(0.00141618 -5.93239e-05 0)
(0.00141309 -6.24058e-05 0)
(0.00140868 -6.49794e-05 0)
(0.00140584 -6.77955e-05 0)
(0.00140109 -6.9976e-05 0)
(0.00139853 -7.24944e-05 0)
(0.00139331 -7.42259e-05 0)
(0.00139109 -7.6407e-05 0)
(0.00138524 -7.76299e-05 0)
(0.00138343 -7.94169e-05 0)
(0.00137679 -8.00741e-05 0)
(0.0013755 -8.13868e-05 0)
(0.00136788 -8.144e-05 0)
(0.00136721 -8.21692e-05 0)
(0.00135841 -8.16241e-05 0)
(0.0014101 -2.51042e-05 0)
(0.00140706 -2.69201e-05 0)
(0.00140415 -2.85517e-05 0)
(0.00140142 -2.99999e-05 0)
(0.0013989 -3.12748e-05 0)
(0.00139666 -3.23945e-05 0)
(0.00139475 -3.33757e-05 0)
(0.00139322 -3.42319e-05 0)
(0.00139212 -3.49723e-05 0)
(0.00139148 -3.56017e-05 0)
(0.00139133 -3.61206e-05 0)
(0.00139171 -3.65253e-05 0)
(0.00139261 -3.68086e-05 0)
(0.00139406 -3.69604e-05 0)
(0.00139604 -3.69682e-05 0)
(0.00139856 -3.68181e-05 0)
(0.00140158 -3.64949e-05 0)
(0.00140511 -3.59841e-05 0)
(0.0014091 -3.52711e-05 0)
(0.00141352 -3.43436e-05 0)
(0.00141834 -3.31915e-05 0)
(0.00142351 -3.18078e-05 0)
(0.00142898 -3.01891e-05 0)
(0.00143472 -2.83349e-05 0)
(0.00144067 -2.62492e-05 0)
(0.00144677 -2.39406e-05 0)
(0.00145298 -2.14226e-05 0)
(0.00145925 -1.87135e-05 0)
(0.00146551 -1.58353e-05 0)
(0.00147173 -1.28158e-05 0)
(0.00147784 -9.68419e-06 0)
(0.00148378 -6.47195e-06 0)
(0.00148951 -3.22373e-06 0)
(0.00149502 2.16078e-08 0)
(0.00150028 3.23423e-06 0)
(0.00150524 6.37182e-06 0)
(0.00150983 9.3905e-06 0)
(0.00151401 1.22603e-05 0)
(0.00151774 1.4957e-05 0)
(0.00152103 1.74492e-05 0)
(0.00152384 1.97144e-05 0)
(0.00152617 2.17274e-05 0)
(0.00152801 2.34649e-05 0)
(0.00152936 2.48951e-05 0)
(0.00153022 2.60058e-05 0)
(0.00153061 2.67761e-05 0)
(0.00153053 2.72049e-05 0)
(0.00153 2.72788e-05 0)
(0.00152904 2.70083e-05 0)
(0.00152765 2.63838e-05 0)
(0.00152587 2.54266e-05 0)
(0.00152371 2.41308e-05 0)
(0.0015212 2.25277e-05 0)
(0.00151835 2.06113e-05 0)
(0.0015152 1.84238e-05 0)
(0.00151177 1.596e-05 0)
(0.0015081 1.32706e-05 0)
(0.0015042 1.03413e-05 0)
(0.00150012 7.23655e-06 0)
(0.00149587 3.94866e-06 0)
(0.0014914 5.43916e-07 0)
(0.00148676 -3.01001e-06 0)
(0.00148192 -6.62254e-06 0)
(0.00147702 -1.03344e-05 0)
(0.00147192 -1.40555e-05 0)
(0.00146681 -1.78366e-05 0)
(0.00146141 -2.15642e-05 0)
(0.0014561 -2.53108e-05 0)
(0.00145038 -2.89489e-05 0)
(0.00144487 -3.25738e-05 0)
(0.00143877 -3.60323e-05 0)
(0.00143306 -3.94546e-05 0)
(0.00142647 -4.26498e-05 0)
(0.00142058 -4.57981e-05 0)
(0.00141337 -4.86491e-05 0)
(0.00140733 -5.14625e-05 0)
(0.00139932 -5.38974e-05 0)
(0.00139321 -5.63384e-05 0)
(0.00138422 -5.82998e-05 0)
(0.00137818 -6.0355e-05 0)
(0.00136801 -6.17956e-05 0)
(0.00136228 -6.3471e-05 0)
(0.00135066 -6.4349e-05 0)
(0.0013456 -6.56588e-05 0)
(0.00133224 -6.5934e-05 0)
(0.0013283 -6.688e-05 0)
(0.00131282 -6.65127e-05 0)
(0.00131057 -6.70506e-05 0)
(0.00129256 -6.60011e-05 0)
(0.0012428 -1.25169e-05 0)
(0.00123269 -1.42583e-05 0)
(0.00122317 -1.59502e-05 0)
(0.00121445 -1.76615e-05 0)
(0.00120656 -1.94368e-05 0)
(0.00119956 -2.12891e-05 0)
(0.00119351 -2.3236e-05 0)
(0.00118845 -2.52764e-05 0)
(0.00118441 -2.73901e-05 0)
(0.00118141 -2.95475e-05 0)
(0.00117944 -3.17123e-05 0)
(0.00117852 -3.38449e-05 0)
(0.00117861 -3.59042e-05 0)
(0.00117969 -3.78498e-05 0)
(0.00118174 -3.96424e-05 0)
(0.0011847 -4.12448e-05 0)
(0.00118855 -4.26223e-05 0)
(0.00119323 -4.37426e-05 0)
(0.0011987 -4.45763e-05 0)
(0.0012049 -4.50974e-05 0)
(0.0012118 -4.52841e-05 0)
(0.00121932 -4.51194e-05 0)
(0.00122742 -4.45917e-05 0)
(0.00123604 -4.36954e-05 0)
(0.00124512 -4.24305e-05 0)
(0.00125459 -4.0804e-05 0)
(0.00126438 -3.8828e-05 0)
(0.00127444 -3.65204e-05 0)
(0.0012847 -3.39036e-05 0)
(0.00129509 -3.10055e-05 0)
(0.00130555 -2.7857e-05 0)
(0.00131602 -2.44926e-05 0)
(0.00132643 -2.09475e-05 0)
(0.00133673 -1.72655e-05 0)
(0.00134686 -1.34961e-05 0)
(0.00135673 -9.68698e-06 0)
(0.00136634 -5.88686e-06 0)
(0.00137563 -2.13557e-06 0)
(0.00138457 1.52545e-06 0)
(0.00139309 5.04913e-06 0)
(0.00140116 8.39182e-06 0)
(0.00140873 1.15048e-05 0)
(0.00141574 1.43586e-05 0)
(0.00142216 1.6928e-05 0)
(0.00142799 1.91941e-05 0)
(0.00143321 2.11337e-05 0)
(0.00143781 2.27379e-05 0)
(0.00144177 2.39967e-05 0)
(0.00144511 2.4904e-05 0)
(0.00144781 2.54392e-05 0)
(0.00144989 2.5608e-05 0)
(0.00145135 2.54045e-05 0)
(0.00145222 2.48492e-05 0)
(0.00145248 2.39426e-05 0)
(0.00145218 2.2713e-05 0)
(0.0014513 2.11654e-05 0)
(0.00144988 1.93404e-05 0)
(0.0014479 1.72444e-05 0)
(0.00144542 1.49172e-05 0)
(0.0014424 1.23566e-05 0)
(0.00143893 9.62025e-06 0)
(0.00143499 6.72886e-06 0)
(0.00143061 3.74465e-06 0)
(0.00142576 6.72207e-07 0)
(0.00142044 -2.43879e-06 0)
(0.00141472 -5.5741e-06 0)
(0.00140852 -8.68997e-06 0)
(0.00140194 -1.17633e-05 0)
(0.0013948 -1.47636e-05 0)
(0.00138738 -1.76557e-05 0)
(0.00137926 -2.04408e-05 0)
(0.001371 -2.30596e-05 0)
(0.00136182 -2.55597e-05 0)
(0.00135275 -2.7844e-05 0)
(0.0013424 -3.00247e-05 0)
(0.00133259 -3.19475e-05 0)
(0.00132091 -3.37956e-05 0)
(0.00131045 -3.53425e-05 0)
(0.00129725 -3.68394e-05 0)
(0.00128636 -3.79985e-05 0)
(0.00127137 -3.9104e-05 0)
(0.00126046 -3.98697e-05 0)
(0.00124335 -4.05174e-05 0)
(0.00123309 -4.09163e-05 0)
(0.00121344 -4.10282e-05 0)
(0.00120493 -4.11527e-05 0)
(0.00118215 -4.06528e-05 0)
(0.00117694 -4.065e-05 0)
(0.00115017 -3.94516e-05 0)
(0.000966077 1.97971e-05 0)
(0.00095485 1.54605e-05 0)
(0.000945145 1.08441e-05 0)
(0.000936907 5.97754e-06 0)
(0.000930164 9.29963e-07 0)
(0.000924853 -4.22291e-06 0)
(0.000920879 -9.45037e-06 0)
(0.000918201 -1.4701e-05 0)
(0.000916758 -1.99222e-05 0)
(0.000916474 -2.50619e-05 0)
(0.000917276 -3.00696e-05 0)
(0.000919095 -3.48976e-05 0)
(0.000921866 -3.95016e-05 0)
(0.00092553 -4.38413e-05 0)
(0.000930034 -4.78801e-05 0)
(0.000935328 -5.15851e-05 0)
(0.00094137 -5.49267e-05 0)
(0.000948119 -5.78788e-05 0)
(0.000955537 -6.04183e-05 0)
(0.000963591 -6.25252e-05 0)
(0.000972246 -6.41824e-05 0)
(0.000981472 -6.53759e-05 0)
(0.000991235 -6.60946e-05 0)
(0.0010015 -6.63321e-05 0)
(0.00101224 -6.60856e-05 0)
(0.00102341 -6.53583e-05 0)
(0.00103498 -6.41596e-05 0)
(0.0010469 -6.25048e-05 0)
(0.00105913 -6.04144e-05 0)
(0.00107163 -5.79138e-05 0)
(0.00108434 -5.50327e-05 0)
(0.00109722 -5.18051e-05 0)
(0.00111021 -4.8268e-05 0)
(0.00112325 -4.44615e-05 0)
(0.00113629 -4.04286e-05 0)
(0.00114926 -3.62138e-05 0)
(0.00116211 -3.18588e-05 0)
(0.00117478 -2.74202e-05 0)
(0.0011872 -2.29504e-05 0)
(0.00119931 -1.84988e-05 0)
(0.00121105 -1.41129e-05 0)
(0.00122238 -9.84338e-06 0)
(0.00123326 -5.72947e-06 0)
(0.00124365 -1.80974e-06 0)
(0.00125349 1.87936e-06 0)
(0.00126274 5.30018e-06 0)
(0.00127137 8.42022e-06 0)
(0.00127934 1.12014e-05 0)
(0.00128658 1.36322e-05 0)
(0.00129306 1.57077e-05 0)
(0.00129879 1.74297e-05 0)
(0.00130374 1.87948e-05 0)
(0.00130792 1.98149e-05 0)
(0.0013113 2.04817e-05 0)
(0.0013139 2.08088e-05 0)
(0.0013157 2.08004e-05 0)
(0.00131672 2.04821e-05 0)
(0.00131693 1.98663e-05 0)
(0.00131639 1.89928e-05 0)
(0.00131503 1.78758e-05 0)
(0.00131291 1.65522e-05 0)
(0.00130997 1.50312e-05 0)
(0.00130627 1.33537e-05 0)
(0.00130175 1.15447e-05 0)
(0.00129647 9.65869e-06 0)
(0.00129038 7.72065e-06 0)
(0.00128349 5.77951e-06 0)
(0.00127582 3.8802e-06 0)
(0.00126733 2.06177e-06 0)
(0.00125806 3.81559e-07 0)
(0.00124787 -1.16087e-06 0)
(0.00123695 -2.47358e-06 0)
(0.00122498 -3.62387e-06 0)
(0.00121238 -4.45056e-06 0)
(0.00119855 -5.1406e-06 0)
(0.00118436 -5.40921e-06 0)
(0.00116869 -5.64574e-06 0)
(0.00115317 -5.34887e-06 0)
(0.00113578 -5.23271e-06 0)
(0.00111941 -4.43385e-06 0)
(0.00110047 -4.1689e-06 0)
(0.00108401 -3.0073e-06 0)
(0.00106369 -2.90211e-06 0)
(0.00104825 -1.59e-06 0)
(0.00102655 -2.01006e-06 0)
(0.0010137 -8.06571e-07 0)
(0.0009902 -2.05122e-06 0)
(0.000982199 -1.25611e-06 0)
(0.000955573 -3.37818e-06 0)
(0.000723153 3.83915e-05 0)
(0.00072158 3.02832e-05 0)
(0.000721079 2.21436e-05 0)
(0.000721554 1.40354e-05 0)
(0.000722913 5.97674e-06 0)
(0.000724966 -2.01637e-06 0)
(0.000727574 -9.8533e-06 0)
(0.000730707 -1.74811e-05 0)
(0.000734296 -2.48615e-05 0)
(0.000738281 -3.19603e-05 0)
(0.000742612 -3.87481e-05 0)
(0.000747245 -4.52e-05 0)
(0.000752145 -5.12948e-05 0)
(0.000757289 -5.70133e-05 0)
(0.000762659 -6.23376e-05 0)
(0.000768248 -6.7251e-05 0)
(0.000774057 -7.17372e-05 0)
(0.000780092 -7.57803e-05 0)
(0.000786367 -7.93648e-05 0)
(0.000792901 -8.24764e-05 0)
(0.000799713 -8.5102e-05 0)
(0.000806827 -8.72307e-05 0)
(0.000814266 -8.88536e-05 0)
(0.000822048 -8.99643e-05 0)
(0.000830188 -9.056e-05 0)
(0.000838694 -9.06408e-05 0)
(0.000847572 -9.02101e-05 0)
(0.000856826 -8.92752e-05 0)
(0.000866453 -8.78482e-05 0)
(0.000876447 -8.59454e-05 0)
(0.000886796 -8.35877e-05 0)
(0.00089748 -8.08e-05 0)
(0.000908476 -7.76104e-05 0)
(0.000919748 -7.40511e-05 0)
(0.000931258 -7.01578e-05 0)
(0.00094296 -6.5969e-05 0)
(0.000954803 -6.15271e-05 0)
(0.000966731 -5.68769e-05 0)
(0.000978684 -5.20641e-05 0)
(0.000990597 -4.71359e-05 0)
(0.00100241 -4.21388e-05 0)
(0.00101405 -3.71166e-05 0)
(0.00102545 -3.21189e-05 0)
(0.00103654 -2.71964e-05 0)
(0.00104727 -2.23913e-05 0)
(0.00105755 -1.77444e-05 0)
(0.00106732 -1.3292e-05 0)
(0.00107652 -9.07246e-06 0)
(0.00108515 -5.1076e-06 0)
(0.00109313 -1.41612e-06 0)
(0.00110041 1.98505e-06 0)
(0.00110694 5.07734e-06 0)
(0.00111267 7.85066e-06 0)
(0.00111752 1.03065e-05 0)
(0.00112148 1.24499e-05 0)
(0.00112453 1.43075e-05 0)
(0.00112663 1.59012e-05 0)
(0.00112775 1.72424e-05 0)
(0.00112788 1.83575e-05 0)
(0.00112696 1.92639e-05 0)
(0.001125 1.99997e-05 0)
(0.00112196 2.05901e-05 0)
(0.00111784 2.1085e-05 0)
(0.00111262 2.15136e-05 0)
(0.00110631 2.19302e-05 0)
(0.00109888 2.23598e-05 0)
(0.00109039 2.28538e-05 0)
(0.00108083 2.34285e-05 0)
(0.00107027 2.41219e-05 0)
(0.00105874 2.49488e-05 0)
(0.00104631 2.59207e-05 0)
(0.00103311 2.70513e-05 0)
(0.00101915 2.8295e-05 0)
(0.00100469 2.96869e-05 0)
(0.000989597 3.10817e-05 0)
(0.00097436 3.25959e-05 0)
(0.000958576 3.39081e-05 0)
(0.000943114 3.53378e-05 0)
(0.000927067 3.62459e-05 0)
(0.000911968 3.73797e-05 0)
(0.000896016 3.75128e-05 0)
(0.000881901 3.82105e-05 0)
(0.000866252 3.71679e-05 0)
(0.000853808 3.74187e-05 0)
(0.000838429 3.47511e-05 0)
(0.000828527 3.46892e-05 0)
(0.000812982 2.98612e-05 0)
(0.000806943 2.97236e-05 0)
(0.000789978 2.21193e-05 0)
(0.000677469 2.87935e-05 0)
(0.000686142 1.9554e-05 0)
(0.000694797 1.04998e-05 0)
(0.00070323 1.67722e-06 0)
(0.000711322 -6.87017e-06 0)
(0.000719148 -1.51294e-05 0)
(0.000726707 -2.30554e-05 0)
(0.000733861 -3.0631e-05 0)
(0.000740531 -3.78458e-05 0)
(0.000746662 -4.4694e-05 0)
(0.000752212 -5.11735e-05 0)
(0.000757153 -5.72839e-05 0)
(0.000761474 -6.3026e-05 0)
(0.000765181 -6.84016e-05 0)
(0.000768294 -7.34119e-05 0)
(0.000770847 -7.80571e-05 0)
(0.000772886 -8.23354e-05 0)
(0.000774466 -8.6243e-05 0)
(0.000775652 -8.97742e-05 0)
(0.000776517 -9.29221e-05 0)
(0.000777136 -9.56787e-05 0)
(0.000777593 -9.80359e-05 0)
(0.000777971 -9.9986e-05 0)
(0.000778354 -0.000101522 0)
(0.000778827 -0.000102638 0)
(0.000779472 -0.000103329 0)
(0.000780364 -0.000103592 0)
(0.00078157 -0.000103426 0)
(0.000783146 -0.000102829 0)
(0.000785139 -0.000101803 0)
(0.000787584 -0.00010035 0)
(0.000790508 -9.84735e-05 0)
(0.000793925 -9.61792e-05 0)
(0.000797838 -9.34761e-05 0)
(0.000802238 -9.03772e-05 0)
(0.000807108 -8.69002e-05 0)
(0.000812419 -8.30675e-05 0)
(0.000818132 -7.89073e-05 0)
(0.000824204 -7.44521e-05 0)
(0.000830581 -6.97376e-05 0)
(0.000837205 -6.48027e-05 0)
(0.000844011 -5.96882e-05 0)
(0.000850932 -5.44366e-05 0)
(0.000857893 -4.90904e-05 0)
(0.00086482 -4.36914e-05 0)
(0.000871634 -3.82802e-05 0)
(0.000878261 -3.28933e-05 0)
(0.000884625 -2.75605e-05 0)
(0.000890651 -2.2318e-05 0)
(0.000896269 -1.72002e-05 0)
(0.000901403 -1.22304e-05 0)
(0.000905981 -7.42922e-06 0)
(0.00090996 -2.8128e-06 0)
(0.000913279 1.61452e-06 0)
(0.000915931 5.84463e-06 0)
(0.000917891 9.87756e-06 0)
(0.000919085 1.37273e-05 0)
(0.000919474 1.74016e-05 0)
(0.000919041 2.09161e-05 0)
(0.000917766 2.42794e-05 0)
(0.000915651 2.75096e-05 0)
(0.000912692 3.0612e-05 0)
(0.000908913 3.36048e-05 0)
(0.000904328 3.64868e-05 7.1661e-39)
(0.000898984 3.92739e-05 0)
(0.000892914 4.19548e-05 -6.48582e-39)
(0.000886182 4.45414e-05 0)
(0.000878844 4.70128e-05 -5.81055e-39)
(0.00087097 4.93769e-05 0)
(0.000862643 5.16066e-05 5.14839e-39)
(0.000853925 5.37013e-05 0)
(0.000844939 5.56361e-05 0)
(0.000835707 5.73891e-05 0)
(0.000826415 5.89612e-05 0)
(0.000817003 6.02774e-05 0)
(0.000807758 6.14146e-05 0)
(0.000798457 6.21711e-05 0)
(0.000789574 6.28075e-05 0)
(0.0007806 6.28411e-05 0)
(0.000772344 6.29364e-05 0)
(0.00076382 6.202e-05 1.94724e-39)
(0.000756423 6.15889e-05 0)
(0.000748367 5.93873e-05 0)
(0.000742059 5.85402e-05 0)
(0.000734348 5.45357e-05 0)
(0.000729439 5.35249e-05 0)
(0.000721731 4.69182e-05 0)
(0.000718761 4.6156e-05 0)
(0.000710291 3.57946e-05 0)
(0.000828507 1.02405e-05 0)
(0.000844957 1.56714e-06 0)
(0.00086069 -6.7228e-06 0)
(0.000875632 -1.4602e-05 0)
(0.000889776 -2.20235e-05 0)
(0.000903012 -2.89155e-05 0)
(0.000915213 -3.52367e-05 0)
(0.000926304 -4.10279e-05 0)
(0.000936216 -4.63163e-05 0)
(0.000944888 -5.11301e-05 0)
(0.000952272 -5.55033e-05 0)
(0.000958332 -5.94746e-05 0)
(0.000963045 -6.30854e-05 0)
(0.000966393 -6.63788e-05 0)
(0.00096837 -6.93988e-05 0)
(0.000968982 -7.2189e-05 0)
(0.000968248 -7.47902e-05 0)
(0.000966201 -7.72391e-05 0)
(0.000962894 -7.9565e-05 0)
(0.00095839 -8.17886e-05 0)
(0.000952774 -8.39207e-05 0)
(0.000946144 -8.59608e-05 0)
(0.000938615 -8.78967e-05 0)
(0.000930316 -8.97035e-05 0)
(0.000921385 -9.1347e-05 0)
(0.000911973 -9.27884e-05 0)
(0.000902233 -9.39887e-05 0)
(0.00089232 -9.49125e-05 0)
(0.000882386 -9.55298e-05 0)
(0.000872577 -9.58153e-05 0)
(0.000863028 -9.57491e-05 0)
(0.00085386 -9.53157e-05 0)
(0.00084518 -9.45043e-05 0)
(0.000837072 -9.33078e-05 0)
(0.000829604 -9.17214e-05 0)
(0.000822824 -8.97421e-05 0)
(0.00081676 -8.73702e-05 0)
(0.000811423 -8.4614e-05 0)
(0.000806813 -8.14888e-05 0)
(0.000802914 -7.80134e-05 0)
(0.000799702 -7.42082e-05 0)
(0.000797139 -7.00956e-05 0)
(0.000795182 -6.57005e-05 0)
(0.000793779 -6.10499e-05 0)
(0.000792872 -5.61744e-05 0)
(0.000792401 -5.11067e-05 0)
(0.0007923 -4.58806e-05 0)
(0.000792503 -4.05306e-05 0)
(0.000792944 -3.50907e-05 0)
(0.000793558 -2.95939e-05 0)
(0.000794279 -2.40717e-05 0)
(0.000795043 -1.85522e-05 0)
(0.000795787 -1.3061e-05 0)
(0.000796453 -7.62015e-06 0)
(0.000796974 -2.24357e-06 0)
(0.000797317 3.08014e-06 0)
(0.000797472 8.29738e-06 0)
(0.000797405 1.33868e-05 0)
(0.00079708 1.83327e-05 0)
(0.000796469 2.31268e-05 0)
(0.000795562 2.77561e-05 0)
(0.000794345 3.22177e-05 0)
(0.000792824 3.64984e-05 0)
(0.000791 4.05997e-05 0)
(0.000788896 4.45056e-05 -7.1661e-39)
(0.000786518 4.82213e-05 0)
(0.000783911 5.1726e-05 6.48582e-39)
(0.00078108 5.50282e-05 0)
(0.000778093 5.81017e-05 5.81055e-39)
(0.000774942 6.09572e-05 0)
(0.000771727 6.35657e-05 -5.14839e-39)
(0.000768415 6.59339e-05 0)
(0.000765146 6.80382e-05 0)
(0.00076184 6.98638e-05 0)
(0.000758695 7.14167e-05 0)
(0.000755545 7.26206e-05 0)
(0.000752673 7.35686e-05 0)
(0.000749791 7.40415e-05 0)
(0.000747309 7.43405e-05 0)
(0.000744767 7.39396e-05 0)
(0.000742748 7.35805e-05 0)
(0.000740565 7.21145e-05 -1.94724e-39)
(0.00073903 7.11553e-05 0)
(0.000737166 6.83466e-05 0)
(0.00073608 6.69516e-05 0)
(0.000734411 6.23664e-05 0)
(0.000733695 6.08557e-05 0)
(0.000731961 5.38005e-05 0)
(0.000731544 5.26882e-05 0)
(0.000729273 4.21064e-05 0)
(0.001083 -3.29528e-05 0)
(0.00110107 -3.96321e-05 0)
(0.00111808 -4.57302e-05 0)
(0.001134 -5.12031e-05 0)
(0.0011488 -5.60449e-05 0)
(0.00116245 -6.0275e-05 0)
(0.00117496 -6.38979e-05 0)
(0.00118631 -6.69222e-05 0)
(0.00119649 -6.93621e-05 0)
(0.00120549 -7.12375e-05 0)
(0.00121331 -7.25736e-05 0)
(0.00121993 -7.34014e-05 0)
(0.00122536 -7.37574e-05 0)
(0.00122957 -7.36833e-05 0)
(0.00123255 -7.32249e-05 0)
(0.00123427 -7.24323e-05 0)
(0.00123472 -7.13591e-05 0)
(0.00123387 -7.0063e-05 0)
(0.00123166 -6.86047e-05 0)
(0.00122807 -6.70477e-05 0)
(0.00122307 -6.5457e-05 0)
(0.00121663 -6.38994e-05 0)
(0.00120876 -6.24418e-05 0)
(0.00119948 -6.11484e-05 0)
(0.00118882 -6.00747e-05 0)
(0.00117685 -5.92636e-05 0)
(0.00116366 -5.87411e-05 0)
(0.00114934 -5.85144e-05 0)
(0.00113404 -5.85705e-05 0)
(0.00111791 -5.88765e-05 0)
(0.00110112 -5.93797e-05 0)
(0.00108385 -6.00088e-05 0)
(0.00106629 -6.06772e-05 0)
(0.00104865 -6.12909e-05 0)
(0.00103111 -6.17563e-05 0)
(0.00101387 -6.19874e-05 0)
(0.000997077 -6.19113e-05 0)
(0.000980841 -6.14688e-05 0)
(0.000965273 -6.06169e-05 0)
(0.000950463 -5.9329e-05 0)
(0.000936485 -5.75886e-05 0)
(0.000923389 -5.54007e-05 0)
(0.000911202 -5.27833e-05 0)
(0.00089993 -4.97594e-05 0)
(0.000889565 -4.636e-05 0)
(0.000880084 -4.2622e-05 0)
(0.000871457 -3.85858e-05 0)
(0.000863643 -3.42922e-05 0)
(0.000856599 -2.97825e-05 0)
(0.000850277 -2.50952e-05 0)
(0.000844626 -2.02676e-05 0)
(0.000839592 -1.53325e-05 0)
(0.000835119 -1.03211e-05 0)
(0.000831183 -5.25533e-06 0)
(0.000827792 -1.67037e-07 0)
(0.00082482 4.9267e-06 0)
(0.000822158 9.9967e-06 0)
(0.000819793 1.50166e-05 0)
(0.000817718 1.99565e-05 0)
(0.000815889 2.47987e-05 0)
(0.000814299 2.95141e-05 0)
(0.000812903 3.40901e-05 0)
(0.000811717 3.84967e-05 0)
(0.000810685 4.27269e-05 0)
(0.000809853 4.67488e-05 0)
(0.000809151 5.05602e-05 0)
(0.00080866 5.41287e-05 0)
(0.000808281 5.74548e-05 0)
(0.000808146 6.05097e-05 0)
(0.000808107 6.32903e-05 0)
(0.00080836 6.5781e-05 0)
(0.000808685 6.79601e-05 0)
(0.000809364 6.98449e-05 0)
(0.000810073 7.13655e-05 0)
(0.000811205 7.26104e-05 0)
(0.000812308 7.34094e-05 0)
(0.000813902 7.39938e-05 0)
(0.000815393 7.40025e-05 0)
(0.000817424 7.39307e-05 0)
(0.00081928 7.30675e-05 0)
(0.000821672 7.23819e-05 0)
(0.000823851 7.05366e-05 0)
(0.000826451 6.93381e-05 0)
(0.000828888 6.63447e-05 0)
(0.000831451 6.48209e-05 0)
(0.000834048 6.04226e-05 0)
(0.000836216 5.8878e-05 0)
(0.000838814 5.2695e-05 0)
(0.000840131 5.15891e-05 0)
(0.000842508 4.30938e-05 0)
(0.00132242 -7.05989e-05 0)
(0.00133588 -7.48875e-05 0)
(0.00134818 -7.85946e-05 0)
(0.00135932 -8.17053e-05 0)
(0.00136931 -8.42117e-05 0)
(0.00137818 -8.61148e-05 0)
(0.00138596 -8.74237e-05 0)
(0.00139268 -8.81561e-05 0)
(0.00139836 -8.83359e-05 0)
(0.00140306 -8.79924e-05 0)
(0.00140679 -8.71593e-05 0)
(0.0014096 -8.58728e-05 0)
(0.00141153 -8.41695e-05 0)
(0.00141262 -8.20861e-05 0)
(0.00141291 -7.96596e-05 0)
(0.00141244 -7.69245e-05 0)
(0.00141125 -7.39145e-05 0)
(0.00140937 -7.06654e-05 0)
(0.00140685 -6.72157e-05 0)
(0.00140371 -6.36042e-05 0)
(0.00139998 -5.98673e-05 0)
(0.0013957 -5.60409e-05 0)
(0.00139087 -5.21653e-05 0)
(0.00138545 -4.82844e-05 0)
(0.00137943 -4.44407e-05 0)
(0.00137276 -4.0677e-05 0)
(0.00136539 -3.70443e-05 0)
(0.00135727 -3.36027e-05 0)
(0.00134835 -3.04105e-05 0)
(0.00133858 -2.75138e-05 0)
(0.00132793 -2.49462e-05 0)
(0.00131638 -2.27241e-05 0)
(0.0013039 -2.08538e-05 0)
(0.00129052 -1.93344e-05 0)
(0.00127627 -1.81328e-05 0)
(0.00126119 -1.72073e-05 0)
(0.0012454 -1.65196e-05 0)
(0.00122903 -1.60314e-05 0)
(0.00121223 -1.56981e-05 0)
(0.00119516 -1.54604e-05 0)
(0.00117795 -1.52454e-05 0)
(0.00116073 -1.49609e-05 0)
(0.00114365 -1.4523e-05 0)
(0.00112686 -1.38693e-05 0)
(0.00111051 -1.29554e-05 0)
(0.00109471 -1.17516e-05 0)
(0.00107958 -1.02436e-05 0)
(0.00106519 -8.42719e-06 0)
(0.00105162 -6.30931e-06 0)
(0.00103891 -3.90182e-06 0)
(0.0010271 -1.22555e-06 0)
(0.00101618 1.69826e-06 0)
(0.00100619 4.84083e-06 0)
(0.000997076 8.17773e-06 0)
(0.000988811 1.16554e-05 0)
(0.000981353 1.52179e-05 0)
(0.000974713 1.8848e-05 0)
(0.000968811 2.25297e-05 0)
(0.000963667 2.62288e-05 0)
(0.000959177 2.99212e-05 0)
(0.000955388 3.35708e-05 0)
(0.000952165 3.71537e-05 0)
(0.000949598 4.0636e-05 0)
(0.000947513 4.39951e-05 0)
(0.000946056 4.72026e-05 0)
(0.000944994 5.02352e-05 0)
(0.000944554 5.30745e-05 0)
(0.000944417 5.56915e-05 0)
(0.000944913 5.80835e-05 0)
(0.000945616 6.02077e-05 0)
(0.000946976 6.20876e-05 0)
(0.000948437 6.36525e-05 0)
(0.000950589 6.49699e-05 0)
(0.000952731 6.59191e-05 0)
(0.000955591 6.66421e-05 0)
(0.000958332 6.69296e-05 0)
(0.000961795 6.70496e-05 0)
(0.000965051 6.66359e-05 0)
(0.000968977 6.61726e-05 0)
(0.000972663 6.50188e-05 0)
(0.00097686 6.40317e-05 0)
(0.000980894 6.20903e-05 0)
(0.000985103 6.06929e-05 0)
(0.000989407 5.78957e-05 0)
(0.000993285 5.62752e-05 0)
(0.000997786 5.25255e-05 0)
(0.00100089 5.09667e-05 0)
(0.00100552 4.61389e-05 0)
(0.00100733 4.50613e-05 0)
(0.00101204 3.90113e-05 0)
(0.00151079 -9.47275e-05 0)
(0.00151739 -9.64914e-05 0)
(0.00152293 -9.7698e-05 0)
(0.00152747 -9.8349e-05 0)
(0.00153104 -9.84536e-05 0)
(0.00153369 -9.80279e-05 0)
(0.00153547 -9.70934e-05 0)
(0.00153645 -9.56763e-05 0)
(0.00153667 -9.38064e-05 0)
(0.0015362 -9.15163e-05 0)
(0.0015351 -8.8841e-05 0)
(0.00153342 -8.58161e-05 0)
(0.00153122 -8.2478e-05 0)
(0.00152855 -7.88633e-05 0)
(0.00152546 -7.50092e-05 0)
(0.001522 -7.09525e-05 0)
(0.00151821 -6.67293e-05 0)
(0.00151413 -6.23767e-05 0)
(0.00150979 -5.79323e-05 0)
(0.00150522 -5.34326e-05 0)
(0.00150043 -4.89132e-05 0)
(0.00149544 -4.44103e-05 0)
(0.00149026 -3.99606e-05 0)
(0.00148489 -3.55972e-05 0)
(0.00147934 -3.13466e-05 0)
(0.00147364 -2.72306e-05 0)
(0.00146777 -2.32663e-05 0)
(0.00146175 -1.94639e-05 0)
(0.00145557 -1.58243e-05 0)
(0.0014492 -1.23444e-05 0)
(0.00144264 -9.02766e-06 0)
(0.00143587 -5.88589e-06 0)
(0.0014288 -2.91617e-06 0)
(0.00142137 -8.55636e-08 0)
(0.00141357 2.63022e-06 0)
(0.00140539 5.24163e-06 0)
(0.00139679 7.74383e-06 0)
(0.00138778 1.01225e-05 0)
(0.00137834 1.23651e-05 0)
(0.00136846 1.44574e-05 0)
(0.00135813 1.63733e-05 0)
(0.00134744 1.81031e-05 0)
(0.00133643 1.9652e-05 0)
(0.00132513 2.10307e-05 0)
(0.00131362 2.22582e-05 0)
(0.00130198 2.33624e-05 0)
(0.00129029 2.43769e-05 0)
(0.00127863 2.53397e-05 0)
(0.0012671 2.62897e-05 0)
(0.00125575 2.72644e-05 0)
(0.0012447 2.82959e-05 0)
(0.00123398 2.94097e-05 0)
(0.0012237 3.06219e-05 0)
(0.00121386 3.19373e-05 0)
(0.00120458 3.33664e-05 0)
(0.00119581 3.49127e-05 0)
(0.00118769 3.6569e-05 0)
(0.00118012 3.83209e-05 0)
(0.00117326 4.01493e-05 0)
(0.00116696 4.20313e-05 0)
(0.00116142 4.39425e-05 0)
(0.00115642 4.58563e-05 0)
(0.00115221 4.77465e-05 0)
(0.00114847 4.95866e-05 0)
(0.00114555 5.13507e-05 0)
(0.00114304 5.30142e-05 0)
(0.00114135 5.45534e-05 0)
(0.00113997 5.59467e-05 0)
(0.00113944 5.71736e-05 0)
(0.00113909 5.82152e-05 0)
(0.00113962 5.90579e-05 0)
(0.00114019 5.96812e-05 0)
(0.00114166 6.00863e-05 0)
(0.00114302 6.02402e-05 0)
(0.00114529 6.01763e-05 0)
(0.00114732 5.98259e-05 0)
(0.00115023 5.92884e-05 0)
(0.00115279 5.84131e-05 0)
(0.00115615 5.74292e-05 0)
(0.00115911 5.60193e-05 0)
(0.00116271 5.46559e-05 0)
(0.00116594 5.27084e-05 0)
(0.00116952 5.10815e-05 0)
(0.00117291 4.85961e-05 0)
(0.00117616 4.68832e-05 0)
(0.00117963 4.38603e-05 0)
(0.00118218 4.2318e-05 0)
(0.00118567 3.87616e-05 0)
(0.00118713 3.7751e-05 0)
(0.00119064 3.36704e-05 0)
(0.00161534 -0.000102392 0)
(0.00161443 -0.000101996 0)
(0.0016127 -0.000101156 0)
(0.00161023 -9.98888e-05 0)
(0.00160708 -9.82166e-05 0)
(0.00160333 -9.61636e-05 0)
(0.00159904 -9.37567e-05 0)
(0.00159429 -9.1024e-05 0)
(0.00158916 -8.79951e-05 0)
(0.00158372 -8.47001e-05 0)
(0.00157804 -8.1169e-05 0)
(0.00157219 -7.74307e-05 0)
(0.00156623 -7.35139e-05 0)
(0.00156022 -6.94453e-05 0)
(0.00155421 -6.52496e-05 0)
(0.00154825 -6.09504e-05 0)
(0.00154238 -5.65704e-05 0)
(0.00153664 -5.21305e-05 0)
(0.00153106 -4.76502e-05 0)
(0.00152566 -4.31488e-05 0)
(0.00152046 -3.86439e-05 0)
(0.00151548 -3.41504e-05 0)
(0.00151071 -2.96814e-05 0)
(0.00150615 -2.52506e-05 0)
(0.0015018 -2.08723e-05 0)
(0.00149763 -1.65616e-05 0)
(0.00149362 -1.23342e-05 0)
(0.00148975 -8.2107e-06 0)
(0.00148597 -4.21196e-06 0)
(0.00148226 -3.57237e-07 0)
(0.00147856 3.34344e-06 0)
(0.00147483 6.86736e-06 0)
(0.00147111 1.02001e-05 0)
(0.0014674 1.33519e-05 0)
(0.00146364 1.6326e-05 0)
(0.00145981 1.91251e-05 0)
(0.0014559 2.17555e-05 0)
(0.00145188 2.42237e-05 0)
(0.00144774 2.65388e-05 0)
(0.00144346 2.87108e-05 0)
(0.00143907 3.076e-05 0)
(0.00143453 3.26943e-05 0)
(0.00142987 3.45192e-05 0)
(0.00142506 3.62423e-05 0)
(0.00142012 3.78742e-05 0)
(0.00141503 3.94207e-05 0)
(0.00140983 4.08908e-05 0)
(0.00140449 4.22886e-05 0)
(0.00139908 4.36225e-05 0)
(0.00139357 4.48949e-05 0)
(0.00138805 4.61138e-05 0)
(0.00138248 4.72813e-05 0)
(0.00137699 4.84051e-05 0)
(0.00137151 4.94868e-05 0)
(0.00136619 5.05324e-05 0)
(0.00136095 5.15428e-05 0)
(0.00135597 5.25209e-05 0)
(0.00135112 5.34668e-05 0)
(0.00134662 5.43771e-05 0)
(0.00134229 5.52516e-05 0)
(0.0013384 5.60783e-05 0)
(0.00133468 5.68587e-05 0)
(0.00133149 5.75705e-05 0)
(0.00132846 5.82212e-05 0)
(0.00132603 5.87753e-05 0)
(0.00132371 5.92518e-05 0)
(0.00132206 5.96001e-05 0)
(0.00132044 5.98562e-05 0)
(0.00131955 5.99524e-05 0)
(0.00131859 5.99464e-05 0)
(0.00131843 5.97509e-05 0)
(0.00131805 5.94479e-05 0)
(0.00131854 5.8932e-05 0)
(0.00131866 5.83063e-05 0)
(0.00131972 5.74567e-05 0)
(0.00132023 5.64956e-05 0)
(0.00132173 5.53221e-05 0)
(0.00132251 5.40279e-05 0)
(0.00132434 5.25686e-05 0)
(0.00132526 5.09568e-05 0)
(0.00132724 4.92828e-05 0)
(0.00132818 4.73787e-05 0)
(0.00133015 4.55995e-05 0)
(0.00133097 4.34354e-05 0)
(0.00133275 4.17075e-05 0)
(0.00133336 3.93191e-05 0)
(0.00133473 3.78568e-05 0)
(0.00133506 3.52795e-05 0)
(0.00133583 3.43674e-05 0)
(0.00133587 3.16302e-05 0)
(0.00161904 -9.31381e-05 0)
(0.00161235 -9.11589e-05 0)
(0.00160518 -8.88923e-05 0)
(0.0015976 -8.63646e-05 0)
(0.00158969 -8.36028e-05 0)
(0.00158153 -8.06347e-05 0)
(0.00157319 -7.74882e-05 0)
(0.00156474 -7.41906e-05 0)
(0.00155626 -7.07681e-05 0)
(0.00154782 -6.7245e-05 0)
(0.00153948 -6.36431e-05 0)
(0.0015313 -5.99823e-05 0)
(0.00152333 -5.62802e-05 0)
(0.00151562 -5.25521e-05 0)
(0.00150821 -4.88101e-05 0)
(0.00150114 -4.50648e-05 0)
(0.00149443 -4.13248e-05 0)
(0.00148812 -3.75969e-05 0)
(0.00148222 -3.3887e-05 0)
(0.00147675 -3.02007e-05 0)
(0.0014717 -2.65434e-05 0)
(0.00146708 -2.29195e-05 0)
(0.00146288 -1.93335e-05 0)
(0.0014591 -1.5792e-05 0)
(0.00145572 -1.23009e-05 0)
(0.00145273 -8.86403e-06 0)
(0.00145011 -5.48717e-06 0)
(0.00144785 -2.17713e-06 0)
(0.0014459 1.06746e-06 0)
(0.00144425 4.24879e-06 0)
(0.00144288 7.37482e-06 0)
(0.00144177 1.04562e-05 0)
(0.00144087 1.34965e-05 0)
(0.00144016 1.64765e-05 0)
(0.0014396 1.93906e-05 0)
(0.00143916 2.22324e-05 0)
(0.00143881 2.49971e-05 0)
(0.00143853 2.76774e-05 0)
(0.0014383 3.0271e-05 0)
(0.00143809 3.27696e-05 0)
(0.00143788 3.51685e-05 0)
(0.00143765 3.74562e-05 0)
(0.00143739 3.96289e-05 0)
(0.00143708 4.16788e-05 0)
(0.00143673 4.36071e-05 0)
(0.0014363 4.54103e-05 0)
(0.00143581 4.70954e-05 0)
(0.00143524 4.8663e-05 0)
(0.00143462 5.01237e-05 0)
(0.0014339 5.14805e-05 0)
(0.00143315 5.27446e-05 0)
(0.00143231 5.39191e-05 0)
(0.00143146 5.50134e-05 0)
(0.00143053 5.60304e-05 0)
(0.00142964 5.69756e-05 0)
(0.00142866 5.78522e-05 0)
(0.00142777 5.86593e-05 0)
(0.0014268 5.94008e-05 0)
(0.00142597 6.00669e-05 0)
(0.00142506 6.06653e-05 0)
(0.00142434 6.11753e-05 0)
(0.00142353 6.16126e-05 0)
(0.00142296 6.19431e-05 0)
(0.00142228 6.21958e-05 0)
(0.0014219 6.232e-05 0)
(0.00142136 6.23635e-05 0)
(0.00142118 6.22547e-05 0)
(0.00142078 6.20672e-05 0)
(0.00142082 6.17041e-05 0)
(0.00142053 6.12705e-05 0)
(0.00142077 6.06407e-05 0)
(0.00142055 5.99552e-05 0)
(0.00142097 5.90573e-05 0)
(0.00142076 5.81241e-05 0)
(0.00142133 5.69706e-05 0)
(0.00142106 5.58037e-05 0)
(0.00142172 5.44226e-05 0)
(0.00142129 5.30456e-05 0)
(0.001422 5.14841e-05 0)
(0.00142131 4.99298e-05 0)
(0.00142201 4.82584e-05 0)
(0.00142096 4.65665e-05 0)
(0.00142159 4.4883e-05 0)
(0.00142008 4.30971e-05 0)
(0.00142059 4.15329e-05 0)
(0.00141854 3.96949e-05 0)
(0.00141888 3.84204e-05 0)
(0.00141624 3.65637e-05 0)
(0.0014164 3.57953e-05 0)
(0.00141315 3.39314e-05 0)
(0.00155233 -7.42386e-05 0)
(0.00154391 -7.14927e-05 0)
(0.00153525 -6.86271e-05 0)
(0.00152641 -6.56691e-05 0)
(0.00151746 -6.26442e-05 0)
(0.00150847 -5.9576e-05 0)
(0.00149949 -5.64861e-05 0)
(0.00149058 -5.3394e-05 0)
(0.0014818 -5.03158e-05 0)
(0.00147319 -4.72653e-05 0)
(0.00146481 -4.42526e-05 0)
(0.0014567 -4.1285e-05 0)
(0.00144889 -3.8367e-05 0)
(0.00144142 -3.55005e-05 0)
(0.00143432 -3.26862e-05 0)
(0.00142762 -2.99245e-05 0)
(0.00142134 -2.72124e-05 0)
(0.00141548 -2.45443e-05 0)
(0.00141008 -2.19137e-05 0)
(0.00140513 -1.93142e-05 0)
(0.00140064 -1.67401e-05 0)
(0.00139661 -1.41865e-05 0)
(0.00139304 -1.16465e-05 0)
(0.00138992 -9.11275e-06 0)
(0.00138724 -6.57973e-06 0)
(0.00138497 -4.04625e-06 0)
(0.00138311 -1.50751e-06 0)
(0.00138165 1.03793e-06 0)
(0.00138057 3.58599e-06 0)
(0.00137986 6.13485e-06 0)
(0.00137947 8.67827e-06 0)
(0.0013794 1.12076e-05 0)
(0.00137962 1.37178e-05 0)
(0.0013801 1.62013e-05 0)
(0.00138083 1.86551e-05 0)
(0.00138177 2.10718e-05 0)
(0.00138292 2.34481e-05 0)
(0.00138423 2.57759e-05 0)
(0.0013857 2.80523e-05 0)
(0.0013873 3.02697e-05 0)
(0.00138901 3.24271e-05 0)
(0.00139081 3.45172e-05 0)
(0.00139269 3.65401e-05 0)
(0.00139463 3.8489e-05 0)
(0.00139661 4.03659e-05 0)
(0.00139861 4.21647e-05 0)
(0.00140063 4.38891e-05 0)
(0.00140263 4.55335e-05 0)
(0.00140464 4.71023e-05 0)
(0.0014066 4.85903e-05 0)
(0.00140856 5.00021e-05 0)
(0.00141045 5.13331e-05 0)
(0.00141233 5.25868e-05 0)
(0.00141413 5.376e-05 0)
(0.00141591 5.48536e-05 0)
(0.0014176 5.58665e-05 0)
(0.00141928 5.67954e-05 0)
(0.00142085 5.76426e-05 0)
(0.00142243 5.83984e-05 0)
(0.00142388 5.90709e-05 0)
(0.00142535 5.96418e-05 0)
(0.00142666 6.01278e-05 0)
(0.00142803 6.04996e-05 0)
(0.0014292 6.07871e-05 0)
(0.00143045 6.09462e-05 0)
(0.00143146 6.10246e-05 0)
(0.00143259 6.096e-05 0)
(0.00143341 6.08224e-05 0)
(0.00143441 6.05271e-05 0)
(0.001435 6.01715e-05 0)
(0.00143586 5.96446e-05 0)
(0.00143617 5.90756e-05 0)
(0.00143687 5.83243e-05 0)
(0.00143686 5.7554e-05 0)
(0.00143738 5.65959e-05 0)
(0.00143699 5.56452e-05 0)
(0.00143733 5.45108e-05 0)
(0.00143647 5.34095e-05 0)
(0.00143664 5.21445e-05 0)
(0.00143525 5.09306e-05 0)
(0.00143525 4.95975e-05 0)
(0.00143325 4.8314e-05 0)
(0.00143311 4.69942e-05 0)
(0.00143044 4.56845e-05 0)
(0.00143021 4.44806e-05 0)
(0.00142681 4.31825e-05 0)
(0.00142656 4.22211e-05 0)
(0.00142239 4.09567e-05 0)
(0.00142222 4.03901e-05 0)
(0.00141729 3.91481e-05 0)
(0.00148642 -5.63849e-05 0)
(0.00147899 -5.32625e-05 0)
(0.00147133 -5.01423e-05 0)
(0.0014635 -4.70476e-05 0)
(0.00145556 -4.40001e-05 0)
(0.00144754 -4.10185e-05 0)
(0.00143952 -3.81196e-05 0)
(0.00143153 -3.53162e-05 0)
(0.00142363 -3.26164e-05 0)
(0.00141585 -3.00281e-05 0)
(0.00140826 -2.75544e-05 0)
(0.00140087 -2.51949e-05 0)
(0.00139373 -2.29499e-05 0)
(0.00138688 -2.08106e-05 0)
(0.00138032 -1.87648e-05 0)
(0.00137409 -1.68095e-05 0)
(0.00136821 -1.49376e-05 0)
(0.00136271 -1.31378e-05 0)
(0.00135759 -1.13969e-05 0)
(0.00135286 -9.70257e-06 0)
(0.00134852 -8.0416e-06 0)
(0.00134459 -6.40249e-06 0)
(0.00134106 -4.7749e-06 0)
(0.00133793 -3.15146e-06 0)
(0.0013352 -1.52266e-06 0)
(0.00133286 1.21049e-07 0)
(0.00133092 1.79037e-06 0)
(0.00132934 3.49026e-06 0)
(0.00132811 5.22041e-06 0)
(0.00132723 6.97994e-06 0)
(0.00132667 8.77084e-06 0)
(0.00132643 1.05918e-05 0)
(0.0013265 1.24422e-05 0)
(0.00132684 1.43169e-05 0)
(0.00132746 1.62126e-05 0)
(0.00132832 1.81223e-05 0)
(0.00132942 2.00421e-05 0)
(0.00133072 2.19638e-05 0)
(0.00133223 2.38836e-05 0)
(0.00133392 2.57924e-05 0)
(0.00133577 2.76865e-05 0)
(0.00133777 2.95559e-05 0)
(0.0013399 3.13974e-05 0)
(0.00134214 3.32009e-05 0)
(0.00134449 3.49649e-05 0)
(0.00134691 3.66799e-05 0)
(0.0013494 3.83461e-05 0)
(0.00135195 3.99554e-05 0)
(0.00135453 4.15097e-05 0)
(0.00135714 4.30017e-05 0)
(0.00135976 4.44348e-05 0)
(0.00136238 4.58027e-05 0)
(0.001365 4.71089e-05 0)
(0.00136759 4.8348e-05 0)
(0.00137017 4.95227e-05 0)
(0.00137269 5.06288e-05 0)
(0.00137518 5.16668e-05 0)
(0.00137759 5.26345e-05 0)
(0.00137996 5.35286e-05 0)
(0.00138223 5.43504e-05 0)
(0.00138445 5.50914e-05 0)
(0.00138654 5.57581e-05 0)
(0.00138858 5.6335e-05 0)
(0.00139044 5.68366e-05 0)
(0.00139227 5.7238e-05 0)
(0.00139387 5.75647e-05 0)
(0.00139546 5.77805e-05 0)
(0.00139675 5.79254e-05 0)
(0.00139807 5.79492e-05 0)
(0.001399 5.79099e-05 0)
(0.00140003 5.77409e-05 0)
(0.00140056 5.75214e-05 0)
(0.00140129 5.71662e-05 0)
(0.00140137 5.67776e-05 0)
(0.00140179 5.62515e-05 0)
(0.00140136 5.57126e-05 0)
(0.00140149 5.50406e-05 0)
(0.0014005 5.43775e-05 0)
(0.00140035 5.35955e-05 0)
(0.00139876 5.28406e-05 0)
(0.00139838 5.19966e-05 0)
(0.00139612 5.11866e-05 0)
(0.00139559 5.03414e-05 0)
(0.00139261 4.95126e-05 0)
(0.00139202 4.87397e-05 0)
(0.00138828 4.79212e-05 0)
(0.00138775 4.73064e-05 0)
(0.0013832 4.65091e-05 0)
(0.00138288 4.61483e-05 0)
(0.00137751 4.53506e-05 0)
(0.0014389 -4.24073e-05 0)
(0.00143143 -3.85834e-05 0)
(0.00142375 -3.48743e-05 0)
(0.00141592 -3.13071e-05 0)
(0.001408 -2.79041e-05 0)
(0.00140004 -2.46822e-05 0)
(0.0013921 -2.16602e-05 0)
(0.00138422 -1.88486e-05 0)
(0.00137647 -1.62529e-05 0)
(0.00136888 -1.38728e-05 0)
(0.00136149 -1.1706e-05 0)
(0.00135433 -9.74747e-06 0)
(0.00134744 -7.98339e-06 0)
(0.00134087 -6.40368e-06 0)
(0.00133462 -4.99542e-06 0)
(0.00132868 -3.73372e-06 0)
(0.00132309 -2.59568e-06 0)
(0.00131786 -1.56217e-06 0)
(0.001313 -6.137e-07 0)
(0.00130852 2.69047e-07 0)
(0.00130442 1.1057e-06 0)
(0.00130069 1.91489e-06 0)
(0.00129733 2.71366e-06 0)
(0.00129433 3.51573e-06 0)
(0.00129168 4.335e-06 0)
(0.00128938 5.18289e-06 0)
(0.00128742 6.06603e-06 0)
(0.00128577 6.99038e-06 0)
(0.00128444 7.96673e-06 0)
(0.00128341 8.99948e-06 0)
(0.00128267 1.00918e-05 0)
(0.0012822 1.12437e-05 0)
(0.00128199 1.24551e-05 0)
(0.00128203 1.37225e-05 0)
(0.00128231 1.50432e-05 0)
(0.00128281 1.64113e-05 0)
(0.00128352 1.78228e-05 0)
(0.00128443 1.927e-05 0)
(0.00128553 2.07483e-05 0)
(0.0012868 2.22487e-05 0)
(0.00128823 2.37668e-05 0)
(0.0012898 2.52931e-05 0)
(0.00129152 2.68241e-05 0)
(0.00129335 2.83503e-05 0)
(0.0012953 2.98696e-05 0)
(0.00129735 3.13731e-05 0)
(0.00129949 3.28605e-05 0)
(0.00130169 3.43232e-05 0)
(0.00130397 3.57628e-05 0)
(0.00130629 3.71713e-05 0)
(0.00130865 3.85518e-05 0)
(0.00131103 3.98963e-05 0)
(0.00131343 4.12089e-05 0)
(0.00131583 4.24812e-05 0)
(0.00131823 4.37179e-05 0)
(0.0013206 4.49103e-05 0)
(0.00132294 4.60627e-05 0)
(0.00132523 4.71665e-05 0)
(0.00132747 4.82251e-05 0)
(0.00132964 4.92301e-05 0)
(0.00133174 5.01838e-05 0)
(0.00133373 5.10785e-05 0)
(0.00133565 5.19148e-05 0)
(0.00133742 5.26871e-05 0)
(0.00133912 5.33936e-05 0)
(0.00134061 5.40318e-05 0)
(0.00134205 5.45973e-05 0)
(0.00134323 5.5092e-05 0)
(0.00134438 5.55079e-05 0)
(0.00134519 5.58529e-05 0)
(0.00134602 5.61148e-05 0)
(0.00134643 5.63086e-05 0)
(0.00134693 5.64174e-05 0)
(0.00134689 5.64642e-05 0)
(0.00134706 5.64276e-05 0)
(0.00134652 5.63379e-05 0)
(0.00134639 5.6171e-05 0)
(0.00134531 5.5962e-05 0)
(0.00134491 5.56879e-05 0)
(0.00134326 5.53824e-05 0)
(0.00134263 5.50325e-05 0)
(0.00134037 5.46573e-05 0)
(0.00133961 5.4271e-05 0)
(0.00133669 5.38539e-05 0)
(0.00133591 5.34783e-05 0)
(0.00133229 5.30432e-05 0)
(0.00133162 5.27315e-05 0)
(0.00132726 5.22897e-05 0)
(0.00132685 5.21003e-05 0)
(0.00132171 5.16424e-05 0)
(0.00132947 -2.57271e-05 0)
(0.00132099 -2.14918e-05 0)
(0.00131256 -1.7502e-05 0)
(0.00130424 -1.37832e-05 0)
(0.00129606 -1.03523e-05 0)
(0.00128808 -7.22875e-06 0)
(0.00128031 -4.41735e-06 0)
(0.00127281 -1.91759e-06 0)
(0.0012656 2.73325e-07 0)
(0.0012587 2.16476e-06 0)
(0.00125214 3.76816e-06 0)
(0.00124592 5.10116e-06 0)
(0.00124007 6.18861e-06 0)
(0.00123458 7.04848e-06 0)
(0.00122946 7.70343e-06 0)
(0.00122474 8.18901e-06 0)
(0.00122039 8.53758e-06 0)
(0.00121642 8.77697e-06 0)
(0.0012128 8.93343e-06 0)
(0.00120953 9.03096e-06 0)
(0.00120659 9.09246e-06 0)
(0.00120398 9.14015e-06 0)
(0.00120168 9.19454e-06 0)
(0.00119968 9.27391e-06 0)
(0.00119798 9.39326e-06 0)
(0.00119655 9.56482e-06 0)
(0.00119538 9.79988e-06 0)
(0.00119446 1.01067e-05 0)
(0.00119379 1.04914e-05 0)
(0.00119334 1.09573e-05 0)
(0.00119311 1.15069e-05 0)
(0.00119309 1.21402e-05 0)
(0.00119326 1.28563e-05 0)
(0.00119362 1.36516e-05 0)
(0.00119416 1.45226e-05 0)
(0.00119486 1.54631e-05 0)
(0.00119573 1.64682e-05 0)
(0.00119674 1.75303e-05 0)
(0.0011979 1.86439e-05 0)
(0.00119919 1.98007e-05 0)
(0.0012006 2.09956e-05 0)
(0.00120214 2.22201e-05 0)
(0.00120378 2.34702e-05 0)
(0.00120552 2.47376e-05 0)
(0.00120736 2.602e-05 0)
(0.00120928 2.73095e-05 0)
(0.00121128 2.86057e-05 0)
(0.00121335 2.99009e-05 0)
(0.00121547 3.11962e-05 0)
(0.00121765 3.2484e-05 0)
(0.00121986 3.37676e-05 0)
(0.00122211 3.5039e-05 0)
(0.00122437 3.63034e-05 0)
(0.00122664 3.75517e-05 0)
(0.00122892 3.87907e-05 0)
(0.00123118 4.00095e-05 0)
(0.00123343 4.12166e-05 0)
(0.00123564 4.23987e-05 0)
(0.00123781 4.35661e-05 0)
(0.00123992 4.47025e-05 0)
(0.00124198 4.58203e-05 0)
(0.00124395 4.68997e-05 0)
(0.00124585 4.79559e-05 0)
(0.00124763 4.89652e-05 0)
(0.00124934 4.99463e-05 0)
(0.00125089 5.08711e-05 0)
(0.00125237 5.1763e-05 0)
(0.00125365 5.25888e-05 0)
(0.00125487 5.3378e-05 0)
(0.00125585 5.40912e-05 0)
(0.00125678 5.47661e-05 0)
(0.00125742 5.53561e-05 0)
(0.00125806 5.59087e-05 0)
(0.00125833 5.63686e-05 0)
(0.00125868 5.67959e-05 0)
(0.00125856 5.71242e-05 0)
(0.00125863 5.7429e-05 0)
(0.00125811 5.76308e-05 0)
(0.00125794 5.78226e-05 0)
(0.00125698 5.79093e-05 0)
(0.00125662 5.80043e-05 0)
(0.00125522 5.79931e-05 0)
(0.00125473 5.80131e-05 0)
(0.00125288 5.79258e-05 0)
(0.00125235 5.78971e-05 0)
(0.00125001 5.7758e-05 0)
(0.00124956 5.77103e-05 0)
(0.00124671 5.75416e-05 0)
(0.00124643 5.75047e-05 0)
(0.00124306 5.73194e-05 0)
(0.00107527 -4.8393e-06 0)
(0.00106803 -1.09879e-06 0)
(0.00106122 2.28563e-06 0)
(0.00105485 5.30693e-06 0)
(0.00104892 7.9583e-06 0)
(0.00104342 1.02393e-05 0)
(0.00103835 1.2163e-05 0)
(0.00103371 1.37402e-05 0)
(0.00102945 1.49815e-05 0)
(0.00102557 1.59042e-05 0)
(0.00102205 1.65331e-05 0)
(0.00101887 1.68934e-05 0)
(0.001016 1.70112e-05 0)
(0.00101345 1.6923e-05 0)
(0.00101118 1.66636e-05 0)
(0.00100918 1.62602e-05 0)
(0.00100741 1.57432e-05 0)
(0.00100587 1.51445e-05 0)
(0.00100453 1.44951e-05 0)
(0.00100338 1.38257e-05 0)
(0.00100241 1.31639e-05 0)
(0.00100161 1.25325e-05 0)
(0.00100095 1.19509e-05 0)
(0.00100043 1.14355e-05 0)
(0.00100004 1.0999e-05 0)
(0.000999778 1.06511e-05 0)
(0.000999637 1.03996e-05 0)
(0.000999616 1.02505e-05 0)
(0.000999715 1.02083e-05 0)
(0.000999932 1.02754e-05 0)
(0.00100027 1.04523e-05 0)
(0.00100072 1.07366e-05 0)
(0.00100129 1.11251e-05 0)
(0.00100197 1.16126e-05 0)
(0.00100278 1.21938e-05 0)
(0.00100371 1.28616e-05 0)
(0.00100476 1.36096e-05 0)
(0.00100592 1.443e-05 0)
(0.00100721 1.53159e-05 0)
(0.00100862 1.62591e-05 0)
(0.00101015 1.72536e-05 0)
(0.00101179 1.82915e-05 0)
(0.00101355 1.93679e-05 0)
(0.00101541 2.04757e-05 0)
(0.00101739 2.16116e-05 0)
(0.00101947 2.27694e-05 0)
(0.00102165 2.39475e-05 0)
(0.00102392 2.51408e-05 0)
(0.00102629 2.63495e-05 0)
(0.00102873 2.75685e-05 0)
(0.00103125 2.87999e-05 0)
(0.00103383 3.00378e-05 0)
(0.00103649 3.1286e-05 0)
(0.00103919 3.25375e-05 0)
(0.00104194 3.37976e-05 0)
(0.00104473 3.50572e-05 0)
(0.00104754 3.63238e-05 0)
(0.00105038 3.75848e-05 0)
(0.00105323 3.88502e-05 0)
(0.00105607 4.01034e-05 0)
(0.00105891 4.13576e-05 0)
(0.00106174 4.25909e-05 0)
(0.00106453 4.38211e-05 0)
(0.00106729 4.50192e-05 0)
(0.00107001 4.62096e-05 0)
(0.00107267 4.73548e-05 0)
(0.00107527 4.84879e-05 0)
(0.0010778 4.95609e-05 0)
(0.00108026 5.06188e-05 0)
(0.00108263 5.16e-05 0)
(0.00108492 5.25654e-05 0)
(0.00108712 5.34367e-05 0)
(0.00108922 5.42951e-05 0)
(0.00109123 5.50414e-05 0)
(0.00109312 5.57824e-05 0)
(0.00109494 5.6393e-05 0)
(0.00109663 5.70108e-05 0)
(0.00109826 5.74806e-05 0)
(0.00109975 5.79752e-05 0)
(0.0011012 5.8306e-05 0)
(0.00110249 5.86834e-05 0)
(0.0011038 5.88847e-05 0)
(0.00110489 5.9156e-05 0)
(0.00110609 5.92464e-05 0)
(0.00110698 5.94274e-05 0)
(0.00110813 5.94355e-05 0)
(0.0011088 5.95439e-05 0)
(0.00110998 5.95089e-05 0)
(0.00111037 5.95604e-05 0)
(0.00111167 5.95293e-05 0)
(0.00070002 7.00699e-06 0)
(0.000697521 9.20134e-06 0)
(0.000695517 1.11703e-05 0)
(0.00069394 1.29066e-05 0)
(0.00069273 1.44067e-05 0)
(0.000691831 1.56706e-05 0)
(0.000691188 1.6692e-05 0)
(0.000690756 1.74716e-05 0)
(0.000690494 1.80154e-05 0)
(0.000690367 1.83326e-05 0)
(0.000690339 1.8437e-05 0)
(0.000690381 1.83506e-05 0)
(0.000690476 1.81019e-05 0)
(0.000690612 1.7719e-05 0)
(0.000690776 1.72265e-05 0)
(0.000690956 1.66487e-05 0)
(0.000691145 1.60122e-05 0)
(0.000691338 1.53426e-05 0)
(0.00069153 1.4662e-05 0)
(0.000691721 1.39886e-05 0)
(0.000691911 1.33387e-05 0)
(0.000692105 1.27273e-05 0)
(0.00069231 1.21675e-05 0)
(0.000692535 1.16692e-05 0)
(0.000692789 1.12383e-05 0)
(0.000693085 1.08784e-05 0)
(0.000693435 1.05928e-05 0)
(0.000693852 1.03856e-05 0)
(0.000694354 1.02609e-05 0)
(0.000694952 1.02204e-05 0)
(0.000695658 1.02635e-05 0)
(0.00069648 1.03882e-05 0)
(0.000697426 1.05919e-05 0)
(0.000698507 1.08711e-05 0)
(0.000699732 1.12216e-05 0)
(0.000701107 1.16389e-05 0)
(0.000702641 1.2118e-05 0)
(0.000704338 1.26539e-05 0)
(0.000706205 1.32417e-05 0)
(0.000708243 1.38761e-05 0)
(0.000710457 1.45528e-05 0)
(0.000712847 1.52669e-05 0)
(0.000715413 1.60148e-05 0)
(0.000718154 1.67925e-05 0)
(0.000721069 1.75975e-05 0)
(0.000724153 1.84268e-05 0)
(0.000727405 1.92796e-05 0)
(0.000730816 2.01547e-05 0)
(0.000734384 2.10532e-05 0)
(0.000738097 2.19739e-05 0)
(0.00074195 2.29184e-05 0)
(0.00074593 2.38854e-05 0)
(0.000750032 2.48773e-05 0)
(0.000754242 2.5892e-05 0)
(0.000758555 2.69324e-05 0)
(0.000762956 2.79951e-05 0)
(0.000767441 2.90833e-05 0)
(0.000771993 3.01911e-05 0)
(0.000776611 3.13227e-05 0)
(0.000781277 3.24692e-05 0)
(0.00078599 3.3636e-05 0)
(0.000790735 3.48099e-05 0)
(0.000795509 3.59989e-05 0)
(0.0008003 3.71842e-05 0)
(0.000805101 3.83779e-05 0)
(0.000809911 3.9554e-05 0)
(0.000814712 4.07311e-05 0)
(0.000819518 4.1874e-05 0)
(0.000824291 4.30108e-05 0)
(0.000829077 4.40944e-05 0)
(0.000833801 4.51672e-05 0)
(0.000838558 4.61656e-05 0)
(0.00084321 4.71521e-05 0)
(0.000847941 4.80416e-05 0)
(0.000852497 4.89235e-05 0)
(0.000857212 4.9684e-05 0)
(0.000861644 5.04475e-05 0)
(0.00086637 5.10636e-05 0)
(0.000870636 5.17002e-05 0)
(0.000875423 5.21636e-05 0)
(0.000879464 5.26722e-05 0)
(0.000884392 5.29852e-05 0)
(0.000888117 5.33717e-05 0)
(0.000893314 5.35509e-05 0)
(0.00089658 5.38271e-05 0)
(0.000902237 5.39085e-05 0)
(0.000904821 5.40881e-05 0)
(0.000911222 5.41357e-05 0)
(0.000912772 5.42282e-05 0)
(0.000920335 5.43471e-05 0)
(0.000319821 8.02333e-06 0)
(0.000320621 9.61417e-06 0)
(0.000321705 1.10401e-05 0)
(0.000323043 1.22999e-05 0)
(0.000324607 1.33921e-05 0)
(0.000326364 1.43143e-05 0)
(0.000328285 1.50642e-05 0)
(0.000330337 1.56413e-05 0)
(0.000332493 1.60472e-05 0)
(0.000334724 1.62857e-05 0)
(0.000337008 1.63641e-05 0)
(0.000339318 1.62931e-05 0)
(0.000341629 1.60864e-05 0)
(0.000343922 1.57602e-05 0)
(0.00034618 1.53328e-05 0)
(0.000348394 1.48231e-05 0)
(0.000350556 1.42503e-05 0)
(0.000352664 1.3633e-05 0)
(0.000354716 1.29883e-05 0)
(0.000356716 1.23315e-05 0)
(0.000358667 1.16756e-05 0)
(0.000360578 1.10319e-05 0)
(0.000362455 1.04095e-05 0)
(0.000364309 9.81599e-06 0)
(0.000366151 9.2575e-06 0)
(0.000367991 8.73949e-06 0)
(0.00036984 8.26695e-06 0)
(0.000371707 7.8443e-06 0)
(0.000373603 7.47518e-06 0)
(0.000375537 7.16214e-06 0)
(0.000377524 6.90662e-06 0)
(0.000379578 6.70909e-06 0)
(0.000381709 6.56895e-06 0)
(0.000383929 6.48485e-06 0)
(0.000386248 6.45521e-06 0)
(0.000388674 6.4784e-06 0)
(0.000391214 6.55281e-06 0)
(0.000393875 6.67557e-06 0)
(0.000396662 6.84404e-06 0)
(0.000399579 7.05601e-06 0)
(0.00040263 7.31026e-06 0)
(0.000405815 7.60581e-06 0)
(0.000409138 7.94218e-06 0)
(0.000412598 8.31919e-06 0)
(0.000416195 8.73684e-06 0)
(0.000419927 9.19543e-06 0)
(0.000423794 9.69588e-06 0)
(0.000427793 1.02391e-05 0)
(0.00043192 1.08264e-05 0)
(0.000436173 1.1459e-05 0)
(0.000440549 1.21382e-05 0)
(0.000445044 1.28643e-05 0)
(0.000449657 1.36376e-05 0)
(0.000454383 1.44573e-05 0)
(0.000459223 1.5323e-05 0)
(0.000464172 1.62323e-05 0)
(0.000469232 1.71841e-05 0)
(0.000474396 1.81748e-05 0)
(0.00047967 1.92026e-05 0)
(0.000485046 2.02619e-05 0)
(0.000490529 2.13504e-05 0)
(0.000496113 2.24606e-05 0)
(0.000501803 2.35901e-05 0)
(0.000507591 2.47291e-05 0)
(0.000513483 2.58756e-05 0)
(0.000519472 2.70173e-05 0)
(0.000525561 2.81539e-05 0)
(0.000531746 2.927e-05 0)
(0.000538024 3.03685e-05 0)
(0.000544399 3.14294e-05 0)
(0.000550852 3.24618e-05 0)
(0.00055741 3.34394e-05 0)
(0.00056402 3.43806e-05 0)
(0.000570756 3.52505e-05 0)
(0.000577494 3.60816e-05 0)
(0.000584407 3.68251e-05 0)
(0.000591231 3.75344e-05 0)
(0.000598337 3.81388e-05 0)
(0.000605182 3.87225e-05 0)
(0.000612518 3.91819e-05 0)
(0.000619279 3.96444e-05 0)
(0.000626935 3.99602e-05 0)
(0.000633443 4.03135e-05 0)
(0.000641593 4.04967e-05 0)
(0.000647563 4.07581e-05 0)
(0.000656536 4.0838e-05 0)
(0.000661488 4.10255e-05 0)
(0.000671869 4.1072e-05 0)
(0.000675002 4.11898e-05 0)
(0.000687801 4.13648e-05 0)
(6.16341e-05 3.75613e-06 0)
(6.3537e-05 4.63399e-06 0)
(6.57163e-05 5.42727e-06 0)
(6.81391e-05 6.13236e-06 0)
(7.07737e-05 6.74557e-06 0)
(7.35882e-05 7.2634e-06 0)
(7.65511e-05 7.68289e-06 0)
(7.96304e-05 8.00232e-06 0)
(8.27941e-05 8.22175e-06 0)
(8.6011e-05 8.3431e-06 0)
(8.9251e-05 8.36998e-06 0)
(9.24864e-05 8.30759e-06 0)
(9.56921e-05 8.16298e-06 0)
(9.88451e-05 7.94524e-06 0)
(0.000101925 7.66435e-06 0)
(0.000104915 7.33064e-06 0)
(0.000107803 6.95458e-06 0)
(0.000110579 6.54635e-06 0)
(0.000113238 6.11552e-06 0)
(0.000115779 5.67071e-06 0)
(0.000118201 5.2195e-06 0)
(0.000120507 4.76884e-06 0)
(0.000122703 4.32616e-06 0)
(0.000124793 3.8945e-06 0)
(0.000126787 3.4782e-06 0)
(0.000128692 3.08121e-06 0)
(0.000130517 2.70692e-06 0)
(0.000132273 2.35829e-06 0)
(0.000133971 2.03815e-06 0)
(0.000135621 1.74911e-06 0)
(0.000137236 1.49323e-06 0)
(0.000138827 1.27148e-06 0)
(0.000140407 1.08426e-06 0)
(0.000141986 9.31514e-07 0)
(0.000143576 8.13e-07 0)
(0.000145189 7.28202e-07 0)
(0.000146833 6.7629e-07 0)
(0.000148517 6.57382e-07 0)
(0.000150251 6.71325e-07 0)
(0.000152046 7.17739e-07 0)
(0.000153909 7.95948e-07 0)
(0.000155848 9.0551e-07 0)
(0.00015787 1.0465e-06 0)
(0.000159983 1.21838e-06 0)
(0.000162191 1.42214e-06 0)
(0.000164506 1.65905e-06 0)
(0.000166935 1.93044e-06 0)
(0.000169486 2.23756e-06 0)
(0.000172165 2.58121e-06 0)
(0.00017498 2.96183e-06 0)
(0.00017794 3.37958e-06 0)
(0.000181052 3.83425e-06 0)
(0.000184325 4.32565e-06 0)
(0.000187765 4.853e-06 0)
(0.000191382 5.41523e-06 0)
(0.000195181 6.01055e-06 0)
(0.00019917 6.63712e-06 0)
(0.000203354 7.29243e-06 0)
(0.000207742 7.9742e-06 0)
(0.000212336 8.67935e-06 0)
(0.000217142 9.40506e-06 0)
(0.000222164 1.01472e-05 0)
(0.000227404 1.09023e-05 0)
(0.000232863 1.16651e-05 0)
(0.000238543 1.24317e-05 0)
(0.000244442 1.31961e-05 0)
(0.000250561 1.39544e-05 0)
(0.000256893 1.47001e-05 0)
(0.000263437 1.54297e-05 0)
(0.000270185 1.61362e-05 0)
(0.000277132 1.68173e-05 0)
(0.000284269 1.74658e-05 0)
(0.000291586 1.80809e-05 0)
(0.000299076 1.86554e-05 0)
(0.000306721 1.91903e-05 0)
(0.000314525 1.96784e-05 0)
(0.000322445 2.01232e-05 0)
(0.000330524 2.05171e-05 0)
(0.000338653 2.08666e-05 0)
(0.000346978 2.11637e-05 0)
(0.00035523 2.14192e-05 0)
(0.000363804 2.16233e-05 0)
(0.000372039 2.17942e-05 0)
(0.000380951 2.19161e-05 0)
(0.000388907 2.20233e-05 0)
(0.000398452 2.20821e-05 0)
(0.000405566 2.21611e-05 0)
(0.000416532 2.2189e-05 0)
(0.000421545 2.22805e-05 0)
(0.000435847 2.23799e-05 0)
(-4.26665e-05 3.82208e-07 0)
(-4.16213e-05 6.9966e-07 0)
(-4.03172e-05 9.90203e-07 0)
(-3.87788e-05 1.25122e-06 0)
(-3.70321e-05 1.48084e-06 0)
(-3.51048e-05 1.67766e-06 0)
(-3.30254e-05 1.84064e-06 0)
(-3.08231e-05 1.96913e-06 0)
(-2.85269e-05 2.06314e-06 0)
(-2.61654e-05 2.12346e-06 0)
(-2.37669e-05 2.1518e-06 0)
(-2.136e-05 2.15049e-06 0)
(-1.8973e-05 2.12169e-06 0)
(-1.66317e-05 2.0676e-06 0)
(-1.43586e-05 1.99074e-06 0)
(-1.21727e-05 1.89398e-06 0)
(-1.00902e-05 1.78043e-06 0)
(-8.12382e-06 1.65324e-06 0)
(-6.28322e-06 1.51543e-06 0)
(-4.57526e-06 1.36979e-06 0)
(-3.00377e-06 1.2189e-06 0)
(-1.56919e-06 1.06553e-06 0)
(-2.76206e-07 9.12287e-07 0)
(8.76414e-07 7.58302e-07 0)
(1.89676e-06 6.05667e-07 0)
(2.78819e-06 4.55999e-07 0)
(3.55579e-06 3.10283e-07 0)
(4.20596e-06 1.69252e-07 0)
(4.74607e-06 3.36235e-08 0)
(5.18419e-06 -9.60902e-08 0)
(5.52912e-06 -2.19493e-07 0)
(5.79006e-06 -3.36338e-07 0)
(5.97634e-06 -4.46524e-07 0)
(6.09739e-06 -5.50112e-07 0)
(6.1625e-06 -6.47191e-07 0)
(6.1806e-06 -7.38062e-07 0)
(6.16255e-06 -8.23348e-07 0)
(6.11864e-06 -9.01908e-07 0)
(6.05656e-06 -9.73416e-07 0)
(5.98413e-06 -1.03789e-06 0)
(5.91005e-06 -1.09573e-06 0)
(5.84385e-06 -1.14676e-06 0)
(5.79509e-06 -1.19041e-06 0)
(5.77487e-06 -1.22547e-06 0)
(5.7891e-06 -1.25021e-06 0)
(5.84702e-06 -1.26538e-06 0)
(5.95854e-06 -1.27114e-06 0)
(6.13366e-06 -1.2669e-06 0)
(6.3831e-06 -1.25195e-06 0)
(6.71774e-06 -1.22558e-06 0)
(7.14849e-06 -1.18736e-06 0)
(7.68651e-06 -1.13704e-06 0)
(8.34315e-06 -1.07438e-06 0)
(9.12974e-06 -9.9913e-07 0)
(1.00573e-05 -9.11111e-07 0)
(1.11362e-05 -8.10454e-07 0)
(1.23769e-05 -6.97457e-07 0)
(1.37888e-05 -5.72601e-07 0)
(1.53811e-05 -4.36459e-07 0)
(1.71619e-05 -2.89856e-07 0)
(1.91388e-05 -1.33689e-07 0)
(2.1318e-05 3.08765e-08 0)
(2.37052e-05 2.02685e-07 0)
(2.63041e-05 3.80292e-07 0)
(2.91178e-05 5.62372e-07 0)
(3.21472e-05 7.4727e-07 0)
(3.53925e-05 9.33604e-07 0)
(3.88516e-05 1.11959e-06 0)
(4.25217e-05 1.30392e-06 0)
(4.63976e-05 1.4848e-06 0)
(5.04737e-05 1.66112e-06 0)
(5.47419e-05 1.83119e-06 0)
(5.91941e-05 1.99427e-06 0)
(6.38196e-05 2.14893e-06 0)
(6.86083e-05 2.29479e-06 0)
(7.35482e-05 2.4309e-06 0)
(7.86266e-05 2.55707e-06 0)
(8.38325e-05 2.6733e-06 0)
(8.91489e-05 2.77886e-06 0)
(9.45708e-05 2.87606e-06 0)
(0.000100071 2.96156e-06 0)
(0.000105663 3.04356e-06 0)
(0.000111292 3.11043e-06 0)
(0.000117021 3.18598e-06 0)
(0.000122717 3.23402e-06 0)
(0.000128591 3.32301e-06 0)
(0.000134233 3.33712e-06 0)
(0.000140462 3.49502e-06 0)
(0.000145452 3.38839e-06 0)
(0.000153873 3.70415e-06 0)
)
;

boundaryField
{
    inlet
    {
        type            fixedValue;
        value           nonuniform List<vector> 0();
    }
    outlet
    {
        type            zeroGradient;
    }
    wall
    {
        type            noSlip;
    }
    obstacle
    {
        type            noSlip;
    }
    frontAndBack
    {
        type            empty;
    }
    procBoundary3to2
    {
        type            processor;
        value           nonuniform List<vector> 
31
(
(4.95206e-07 -1.65256e-06 0)
(0.000105479 8.22732e-07 0)
(0.000351478 -3.20335e-06 0)
(0.000744796 6.52702e-06 0)
(0.00108108 1.37009e-05 0)
(0.00125581 1.19496e-05 0)
(0.00131499 6.20621e-06 0)
(0.00134864 -2.83406e-06 0)
(0.00140642 -1.4111e-05 0)
(0.00145072 -2.40442e-05 0)
(0.00141321 -2.30631e-05 0)
(0.00125331 -1.06925e-05 0)
(0.00097887 2.38147e-05 0)
(0.000725902 4.64072e-05 0)
(0.000668933 3.81812e-05 0)
(0.000668933 3.81812e-05 0)
(0.000811487 1.92522e-05 0)
(0.00106389 -2.57328e-05 0)
(0.00130778 -6.57517e-05 0)
(0.0015031 -9.24106e-05 0)
(0.00161539 -0.000102331 0)
(0.00162517 -9.48054e-05 0)
(0.00156046 -7.68377e-05 0)
(0.00149357 -5.94838e-05 0)
(0.00144611 -4.63131e-05 0)
(0.00133793 -3.01671e-05 0)
(0.00108292 -8.92875e-06 0)
(0.000703053 4.57778e-06 0)
(0.000319331 6.27467e-06 0)
(6.0041e-05 2.797e-06 0)
(-4.34304e-05 4.17072e-08 0)
)
;
    }
}


// ************************************************************************* //
