/*--------------------------------*- C++ -*----------------------------------*\
| =========                 |                                                 |
| \\      /  F ield         | OpenFOAM: The Open Source CFD Toolbox           |
|  \\    /   O peration     | Version:  2312                                  |
|   \\  /    A nd           | Website:  www.openfoam.com                      |
|    \\/     M anipulation  |                                                 |
\*---------------------------------------------------------------------------*/
FoamFile
{
    version     2.0;
    format      ascii;
    arch        "LSB;label=32;scalar=64";
    class       surfaceScalarField;
    location    "40000";
    object      phi;
}
// * * * * * * * * * * * * * * * * * * * * * * * * * * * * * * * * * * * * * //

dimensions      [0 3 -1 0 0 0 0];

oriented        oriented;

internalField   nonuniform List<scalar> 
5309
(
0.000664974
1.69226e-06
0.000661072
3.90241e-06
0.000655751
5.32086e-06
0.000649515
6.23638e-06
0.00064264
6.87507e-06
0.000635268
7.37162e-06
0.000627492
7.77648e-06
0.000619389
8.10274e-06
0.000611032
8.35638e-06
0.000602486
8.5464e-06
0.000593801
8.6851e-06
0.000585016
8.78477e-06
0.000576161
8.85504e-06
0.000567259
8.90223e-06
0.000558329
8.93017e-06
0.000549387
8.9413e-06
0.00054045
8.93745e-06
0.00053153
8.92021e-06
0.000522639
8.89087e-06
0.000513788
8.85054e-06
0.000504988
8.8e-06
0.000496248
8.73988e-06
0.000487578
8.67056e-06
0.000478986
8.59236e-06
0.00047048
8.50549e-06
0.00046207
8.41008e-06
0.000453764
8.30626e-06
0.00044557
8.19403e-06
0.000437496
8.07352e-06
0.000429552
7.94458e-06
0.000421744
7.80744e-06
0.000414082
7.66174e-06
0.000406574
7.50798e-06
0.000399229
7.3454e-06
0.000392054
7.17509e-06
0.000385058
6.99552e-06
0.00037825
6.80886e-06
0.000371637
6.61218e-06
0.000365228
6.40968e-06
0.000359032
6.19571e-06
0.000353054
5.97825e-06
0.000347307
5.74659e-06
0.000341792
5.51562e-06
0.000336526
5.26527e-06
0.000331503
5.02309e-06
0.000326751
4.75174e-06
0.00032225
4.50193e-06
0.000318045
4.20445e-06
0.000314092
3.95277e-06
0.000310475
3.61777e-06
0.0003071
3.37456e-06
0.000304124
2.97571e-06
0.00030136
2.76394e-06
0.000299127
2.23352e-06
0.000297013
2.11361e-06
0.000295775
1.23861e-06
0.000294303
1.47135e-06
0.000294521
-2.17854e-07
0.000293367
1.15419e-06
-3.20702e-06
0.000296574
0.000667556
8.02974e-07
0.00066912
2.33791e-06
0.000670854
3.58747e-06
0.000672525
4.56546e-06
0.000674054
5.34628e-06
0.000675426
5.9987e-06
0.000676639
6.56437e-06
0.00067768
7.06169e-06
0.000678538
7.49771e-06
0.000679208
7.87687e-06
0.000679688
8.20479e-06
0.000679985
8.48839e-06
0.000680105
8.7347e-06
0.000680058
8.94956e-06
0.00067985
9.1373e-06
0.000679491
9.30084e-06
0.000678986
9.44234e-06
0.000678343
9.56336e-06
0.000677568
9.66535e-06
0.00067667
9.74937e-06
0.000675653
9.81655e-06
0.000674525
9.86742e-06
0.000673293
9.90283e-06
0.000671963
9.92282e-06
0.00067054
9.92813e-06
0.000669032
9.91837e-06
0.000667444
9.89441e-06
0.000665782
9.85532e-06
0.000664053
9.80238e-06
0.000662264
9.73389e-06
0.00066042
9.65195e-06
0.000658528
9.55367e-06
0.000656593
9.44257e-06
0.000654625
9.31387e-06
0.000652626
9.17347e-06
0.000650608
9.01352e-06
0.000648573
8.84389e-06
0.000646534
8.65165e-06
0.00064449
8.45323e-06
0.000642459
8.22733e-06
0.000640436
8.00124e-06
0.000638443
7.73971e-06
0.00063647
7.48806e-06
0.000634547
7.18792e-06
0.000632656
6.91436e-06
0.000630837
6.5708e-06
0.000629058
6.28141e-06
0.000627376
5.88653e-06
0.000625737
5.59135e-06
0.000624222
5.13224e-06
0.000622749
4.84767e-06
0.000621421
4.30386e-06
0.000620129
4.05637e-06
0.000618965
3.39712e-06
0.000617851
3.2277e-06
0.000616676
2.41344e-06
0.00061577
2.37725e-06
0.000614163
1.38974e-06
0.000613781
1.53632e-06
4.43586e-07
0.00061013
0.000666951
5.18694e-07
0.000667819
1.47028e-06
0.000669059
2.34751e-06
0.000670484
3.14047e-06
0.000671985
3.84501e-06
0.000673515
4.46877e-06
0.000675055
5.02398e-06
0.000676595
5.52175e-06
0.000678123
5.96988e-06
0.000679626
6.37329e-06
0.000681096
6.7355e-06
0.000682524
7.0598e-06
0.000683909
7.34969e-06
0.00068525
7.60866e-06
0.000686548
7.83999e-06
0.000687802
8.04628e-06
0.000689015
8.22978e-06
0.000690186
8.39203e-06
0.000691317
8.53452e-06
0.000692408
8.65814e-06
0.000693461
8.76408e-06
0.000694475
8.85272e-06
0.000695453
8.92509e-06
0.000696395
8.9811e-06
0.000697301
9.02172e-06
0.000698173
9.04633e-06
0.000699012
9.05606e-06
0.000699817
9.04969e-06
0.000700591
9.02877e-06
0.000701333
8.99125e-06
0.000702046
8.93946e-06
0.000702729
8.87021e-06
0.000703385
8.78706e-06
0.000704014
8.68517e-06
0.000704617
8.57004e-06
0.000705196
8.4344e-06
0.000705753
8.28664e-06
0.000706289
8.11597e-06
0.000706807
7.93505e-06
0.000707307
7.72795e-06
0.000707794
7.51356e-06
0.000708265
7.26856e-06
0.000708733
7.02071e-06
0.000709184
6.73633e-06
0.000709643
6.45551e-06
0.000710084
6.1304e-06
0.000710547
5.81766e-06
0.000710983
5.45089e-06
0.000711466
5.10789e-06
0.000711899
4.69944e-06
0.000712419
4.32812e-06
0.000712843
3.88009e-06
0.000713417
3.48227e-06
0.000713812
3.00204e-06
0.00071446
2.579e-06
0.000714787
2.08702e-06
0.000715525
1.63872e-06
0.00071573
1.18517e-06
0.000716566
6.99976e-07
3.86588e-07
0.000716623
0.000666854
3.31547e-07
0.000667309
1.01552e-06
0.000667972
1.68419e-06
0.000668796
2.31685e-06
0.000669736
2.90431e-06
0.000670761
3.44364e-06
0.000671849
3.93641e-06
0.000672984
4.38629e-06
0.000674157
4.79717e-06
0.000675358
5.1723e-06
0.000676579
5.51417e-06
0.000677814
5.82484e-06
0.000679058
6.1063e-06
0.000680306
6.36051e-06
0.000681556
6.5895e-06
0.000682808
6.79509e-06
0.000684058
6.97896e-06
0.000685308
7.14244e-06
0.000686556
7.28674e-06
0.000687801
7.4127e-06
0.000689044
7.5212e-06
0.000690284
7.61276e-06
0.000691521
7.68807e-06
0.000692755
7.74734e-06
0.000693985
7.79111e-06
0.000695212
7.81934e-06
0.000696436
7.83245e-06
0.000697656
7.83018e-06
0.000698871
7.81286e-06
0.000700083
7.78007e-06
0.00070129
7.73208e-06
0.000702492
7.66834e-06
0.00070369
7.58906e-06
0.000704881
7.49365e-06
0.000706069
7.38215e-06
0.00070725
7.25417e-06
0.000708427
7.10928e-06
0.000709595
6.94776e-06
0.000710762
6.76812e-06
0.000711918
6.5721e-06
0.000713075
6.35613e-06
0.000714219
6.12491e-06
0.000715369
5.87074e-06
0.000716501
5.60401e-06
0.000717647
5.30938e-06
0.00071877
5.00761e-06
0.000719918
4.66961e-06
0.000721034
4.3347e-06
0.000722193
3.94965e-06
0.000723306
3.58628e-06
0.000724484
3.14968e-06
0.000725597
2.76736e-06
0.000726806
2.2734e-06
0.000727919
1.88904e-06
0.000729169
1.32901e-06
0.000730285
9.70667e-07
0.000731591
3.33142e-07
0.000732726
4.97969e-08
0.000734168
-7.41975e-07
-9.09082e-07
0.000735464
0.000666738
2.59809e-07
0.00066697
7.84251e-07
0.000667356
1.29786e-06
0.000667879
1.79364e-06
0.000668518
2.26569e-06
0.000669251
2.71041e-06
0.000670061
3.12635e-06
0.000670934
3.5136e-06
0.000671858
3.87303e-06
0.000672824
4.20577e-06
0.000673826
4.51291e-06
0.000674855
4.79542e-06
0.000675907
5.05424e-06
0.000676977
5.29035e-06
0.000678062
5.50478e-06
0.000679159
5.69855e-06
0.000680265
5.87266e-06
0.000681379
6.02802e-06
0.000682501
6.16539e-06
0.000683628
6.2855e-06
0.00068476
6.38886e-06
0.000685897
6.47602e-06
0.000687038
6.54731e-06
0.000688182
6.60315e-06
0.000689329
6.64366e-06
0.00069048
6.66921e-06
0.000691632
6.67964e-06
0.000692787
6.67538e-06
0.000693944
6.65591e-06
0.000695102
6.62186e-06
0.000696262
6.57223e-06
0.000697422
6.50805e-06
0.000698584
6.4276e-06
0.000699745
6.33265e-06
0.000700907
6.22039e-06
0.000702067
6.09386e-06
0.000703228
5.94845e-06
0.000704386
5.7894e-06
0.000705545
5.60919e-06
0.0007067
5.41672e-06
0.000707857
5.1997e-06
0.000709009
4.97305e-06
0.000710163
4.71683e-06
0.000711311
4.45572e-06
0.000712463
4.1574e-06
0.000713608
3.86231e-06
0.00071476
3.51823e-06
0.000715904
3.1907e-06
0.000717058
2.79546e-06
0.000718206
2.43812e-06
0.000719372
1.98326e-06
0.000720539
1.60057e-06
0.000721739
1.07327e-06
0.000722955
6.73144e-07
0.000724236
4.78322e-08
0.000725539
-3.3169e-07
0.000726907
-1.03561e-06
0.000728354
-1.39684e-06
0.000729871
-2.25895e-06
-2.57112e-06
0.000731533
0.000666724
2.02484e-07
0.000666899
6.09219e-07
0.000667184
1.01321e-06
0.000667569
1.40793e-06
0.000668045
1.78968e-06
0.0006686
2.15552e-06
0.000669223
2.50339e-06
0.000669905
2.83207e-06
0.000670637
3.141e-06
0.000671413
3.43004e-06
0.000672226
3.69928e-06
0.000673073
3.94898e-06
0.000673947
4.1795e-06
0.000674846
4.39129e-06
0.000675766
4.58479e-06
0.000676704
4.76055e-06
0.000677658
4.91907e-06
0.000678625
5.06089e-06
0.000679604
5.18645e-06
0.000680593
5.29624e-06
0.000681592
5.39054e-06
0.000682598
5.4698e-06
0.000683611
5.53413e-06
0.00068463
5.58393e-06
0.000685655
5.61913e-06
0.000686684
5.64014e-06
0.000687717
5.64663e-06
0.000688753
5.63912e-06
0.000689792
5.61693e-06
0.000690833
5.58079e-06
0.000691876
5.52955e-06
0.00069292
5.46436e-06
0.000693964
5.38335e-06
0.000695008
5.28839e-06
0.000696052
5.17654e-06
0.000697095
5.05086e-06
0.000698137
4.90676e-06
0.000699177
4.74923e-06
0.000700215
4.57109e-06
0.000701251
4.38046e-06
0.000702285
4.16609e-06
0.000703317
3.94103e-06
0.000704346
3.68767e-06
0.000705375
3.42685e-06
0.000706401
3.13096e-06
0.00070743
2.83315e-06
0.000708458
2.49031e-06
0.000709494
2.15513e-06
0.000710529
1.76054e-06
0.000711577
1.38978e-06
0.000712622
9.38403e-07
0.000713685
5.37059e-07
0.00071473
2.83744e-08
0.000715823
-4.19565e-07
0.000716905
-1.03407e-06
0.000718067
-1.49378e-06
0.000719242
-2.21017e-06
0.000720523
-2.67839e-06
0.000721799
-3.53513e-06
-3.99087e-06
0.000723219
0.000666708
1.60762e-07
0.000666834
4.84013e-07
0.00066704
8.06372e-07
0.000667325
1.12328e-06
0.000667683
1.43219e-06
0.000668107
1.73097e-06
0.000668593
2.01791e-06
0.000669133
2.29176e-06
0.000669722
2.55178e-06
0.000670355
2.7976e-06
0.000671026
3.02787e-06
0.000671732
3.2427e-06
0.00067247
3.44222e-06
0.000673234
3.62653e-06
0.000674023
3.79575e-06
0.000674834
3.95008e-06
0.000675663
4.08972e-06
0.000676509
4.21492e-06
0.00067737
4.32589e-06
0.000678243
4.42289e-06
0.000679128
4.50605e-06
0.000680022
4.57563e-06
0.000680924
4.63164e-06
0.000681834
4.67433e-06
0.000682749
4.70358e-06
0.00068367
4.71967e-06
0.000684594
4.72228e-06
0.000685522
4.71174e-06
0.000686451
4.68751e-06
0.000687382
4.65006e-06
0.000688313
4.59849e-06
0.000689244
4.53353e-06
0.000690173
4.45378e-06
0.000691101
4.36044e-06
0.000692026
4.25136e-06
0.000692949
4.12852e-06
0.000693867
3.9886e-06
0.000694781
3.83486e-06
0.00069569
3.66221e-06
0.000696595
3.47594e-06
0.000697492
3.26823e-06
0.000698386
3.04762e-06
0.000699271
2.80209e-06
0.000700153
2.5453e-06
0.000701025
2.25869e-06
0.000701895
1.96389e-06
0.000702753
1.63183e-06
0.000703612
1.29629e-06
0.000704461
9.11559e-07
0.00070532
5.30711e-07
0.000706177
8.11102e-08
0.000707054
-3.39504e-07
0.000707933
-8.50401e-07
0.000708834
-1.32085e-06
0.000709719
-1.91937e-06
0.000710662
-2.43712e-06
0.000711592
-3.13993e-06
0.000712615
-3.70107e-06
0.000713615
-4.53554e-06
-5.12962e-06
0.000714754
0.000666699
1.28732e-07
0.000666796
3.87202e-07
0.000666957
6.45328e-07
0.00066718
8.99912e-07
0.000667463
1.14922e-06
0.000667802
1.39171e-06
0.000668194
1.62606e-06
0.000668635
1.85119e-06
0.00066912
2.0662e-06
0.000669647
2.27039e-06
0.000670212
2.46312e-06
0.000670811
2.644e-06
0.00067144
2.8128e-06
0.000672097
2.96942e-06
0.000672779
3.11379e-06
0.000673483
3.24589e-06
0.000674207
3.36572e-06
0.000674949
3.47333e-06
0.000675706
3.56875e-06
0.000676477
3.65208e-06
0.00067726
3.72332e-06
0.000678053
3.78258e-06
0.000678855
3.82982e-06
0.000679664
3.86513e-06
0.000680479
3.88839e-06
0.000681299
3.89971e-06
0.000682122
3.89885e-06
0.000682948
3.88592e-06
0.000683775
3.86054e-06
0.000684602
3.82288e-06
0.000685429
3.77235e-06
0.000686253
3.70921e-06
0.000687074
3.63259e-06
0.000687891
3.54297e-06
0.000688704
3.43904e-06
0.000689511
3.32162e-06
0.000690311
3.1888e-06
0.000691103
3.04199e-06
0.000691887
2.87833e-06
0.000692663
2.70018e-06
0.000693428
2.50327e-06
0.000694184
2.29146e-06
0.000694928
2.05833e-06
0.000695663
1.81012e-06
0.000696385
1.53712e-06
0.000697099
1.24941e-06
0.000697799
9.32414e-07
0.000698492
6.02476e-07
0.000699166
2.38101e-07
0.000699835
-1.38658e-07
0.000700484
-5.67853e-07
0.000701145
-1.00052e-06
0.000701788
-1.49283e-06
0.000702449
-1.98235e-06
0.000703084
-2.55397e-06
0.000703755
-3.10796e-06
0.00070439
-3.77516e-06
0.000705086
-4.39767e-06
0.000705731
-5.17974e-06
-5.87098e-06
0.000706472
0.000666693
1.02564e-07
0.000666772
3.08352e-07
0.000666903
5.14015e-07
0.000667086
7.17223e-07
0.000667318
9.16745e-07
0.000667598
1.11147e-06
0.000667924
1.30037e-06
0.000668293
1.48259e-06
0.000668702
1.65733e-06
0.000669148
1.82398e-06
0.000669629
1.982e-06
0.000670142
2.13097e-06
0.000670684
2.27055e-06
0.000671253
2.4005e-06
0.000671846
2.52063e-06
0.000672462
2.63079e-06
0.000673096
2.73089e-06
0.000673749
2.82085e-06
0.000674417
2.9006e-06
0.000675099
2.97012e-06
0.000675793
3.02934e-06
0.000676497
3.07826e-06
0.00067721
3.1168e-06
0.00067793
3.14493e-06
0.000678656
3.16256e-06
0.000679386
3.16964e-06
0.000680119
3.16601e-06
0.000680854
3.15161e-06
0.000681588
3.1262e-06
0.000682321
3.08969e-06
0.000683052
3.04176e-06
0.000683779
2.98231e-06
0.0006845
2.91088e-06
0.000685216
2.82738e-06
0.000685924
2.73119e-06
0.000686623
2.62224e-06
0.000687312
2.4997e-06
0.000687991
2.36357e-06
0.000688656
2.21271e-06
0.000689309
2.04729e-06
0.000689947
1.86574e-06
0.00069057
1.66847e-06
0.000691175
1.45335e-06
0.000691764
1.22121e-06
0.000692332
9.69089e-07
0.000692883
6.98419e-07
0.00069341
4.05074e-07
0.00069392
9.1979e-08
0.000694409
-2.50458e-07
0.000694886
-6.16053e-07
0.000695331
-1.01292e-06
0.000695766
-1.43482e-06
0.000696167
-1.89392e-06
0.000696565
-2.38017e-06
0.000696922
-2.91183e-06
0.000697287
-3.47292e-06
0.000697603
-4.09034e-06
0.000697943
-4.73814e-06
0.00069822
-5.45643e-06
-6.20211e-06
0.000698551
0.000666689
8.04998e-08
0.000666755
2.41951e-07
0.000666866
4.03373e-07
0.00066702
5.63038e-07
0.000667217
7.20057e-07
0.000667455
8.73613e-07
0.000667732
1.02295e-06
0.000668047
1.16739e-06
0.000668398
1.30633e-06
0.000668783
1.43922e-06
0.000669199
1.56562e-06
0.000669645
1.68514e-06
0.000670118
1.79743e-06
0.000670616
1.90222e-06
0.000671138
1.99928e-06
0.00067168
2.08842e-06
0.000672242
2.16949e-06
0.00067282
2.24234e-06
0.000673414
2.30688e-06
0.000674021
2.36299e-06
0.00067464
2.41059e-06
0.000675268
2.4496e-06
0.000675905
2.47993e-06
0.000676549
2.50147e-06
0.000677197
2.51415e-06
0.000677849
2.51782e-06
0.000678503
2.51238e-06
0.000679157
2.49765e-06
0.000679809
2.47351e-06
0.000680459
2.43971e-06
0.000681105
2.39611e-06
0.000681745
2.34236e-06
0.000682377
2.27831e-06
0.000683001
2.20349e-06
0.000683615
2.11776e-06
0.000684216
2.02048e-06
0.000684805
1.91155e-06
0.000685378
1.79006e-06
0.000685935
1.65607e-06
0.000686474
1.50823e-06
0.000686993
1.3469e-06
0.000687491
1.1701e-06
0.000687966
9.78728e-07
0.000688417
7.69824e-07
0.000688841
5.45309e-07
0.000689238
3.00865e-07
0.000689602
4.11639e-08
0.000689943
-2.48336e-07
0.000690248
-5.55452e-07
0.000690523
-8.91778e-07
0.000690757
-1.24705e-06
0.000690962
-1.6394e-06
0.000691119
-2.05071e-06
0.000691248
-2.5095e-06
0.000691322
-2.98528e-06
0.000691372
-3.52348e-06
0.000691355
-4.07341e-06
0.000691324
-4.7073e-06
0.000691209
-5.3411e-06
-6.08884e-06
0.000691096
0.000666686
6.13755e-08
0.000666743
1.84437e-07
0.000666839
3.07509e-07
0.000666973
4.29322e-07
0.000667144
5.49238e-07
0.000667351
6.66665e-07
0.000667593
7.81049e-07
0.000667868
8.91881e-07
0.000668176
9.98696e-07
0.000668514
1.10108e-06
0.000668881
1.19865e-06
0.000669275
1.29108e-06
0.000669694
1.37808e-06
0.000670137
1.4594e-06
0.000670602
1.53481e-06
0.000671086
1.60412e-06
0.000671588
1.66717e-06
0.000672107
1.7238e-06
0.00067264
1.77391e-06
0.000673185
1.81736e-06
0.000673742
1.85406e-06
0.000674308
1.88388e-06
0.000674881
1.90674e-06
0.00067546
1.92251e-06
0.000676043
1.93111e-06
0.000676628
1.93237e-06
0.000677214
1.92623e-06
0.0006778
1.91246e-06
0.000678382
1.89099e-06
0.00067896
1.8615e-06
0.000679532
1.82398e-06
0.000680097
1.77796e-06
0.000680652
1.72349e-06
0.000681195
1.6599e-06
0.000681726
1.58736e-06
0.000682241
1.5049e-06
0.00068274
1.41292e-06
0.00068322
1.31e-06
0.000683679
1.19692e-06
0.000684116
1.07156e-06
0.000684527
9.35385e-07
0.000684912
7.85168e-07
0.000685267
6.2354e-07
0.000685592
4.45568e-07
0.000685881
2.55902e-07
0.000686134
4.7496e-08
0.000686352
-1.76628e-07
0.000686529
-4.25579e-07
0.00068666
-6.86151e-07
0.000686746
-9.7812e-07
0.00068678
-1.28036e-06
0.000686764
-1.62397e-06
0.000686688
-1.97401e-06
0.000686558
-2.38001e-06
0.000686357
-2.78454e-06
0.000686101
-3.26688e-06
0.00068576
-3.73291e-06
0.000685363
-4.30978e-06
0.000684865
-4.84318e-06
-5.53668e-06
0.000684313
0.000666684
4.43556e-08
0.000666735
1.33276e-07
0.00066682
2.22218e-07
0.000666939
3.10289e-07
0.000667091
3.97044e-07
0.000667276
4.82068e-07
0.000667492
5.64973e-07
0.000667739
6.45396e-07
0.000668014
7.23001e-07
0.000668318
7.97479e-07
0.000668648
8.68549e-07
0.000669003
9.35956e-07
0.000669382
9.99474e-07
0.000669782
1.05889e-06
0.000670203
1.11404e-06
0.000670642
1.16474e-06
0.000671099
1.21086e-06
0.00067157
1.25227e-06
0.000672055
1.28885e-06
0.000672552
1.32048e-06
0.000673059
1.34707e-06
0.000673574
1.36852e-06
0.000674096
1.38474e-06
0.000674623
1.39561e-06
0.000675153
1.40106e-06
0.000675685
1.40092e-06
0.000676216
1.39517e-06
0.000676745
1.38356e-06
0.00067727
1.36609e-06
0.000677789
1.34243e-06
0.0006783
1.31263e-06
0.000678802
1.27622e-06
0.000679292
1.23334e-06
0.000679769
1.18331e-06
0.00068023
1.12642e-06
0.000680673
1.0617e-06
0.000681096
9.89684e-07
0.000681497
9.08921e-07
0.000681874
8.20433e-07
0.000682223
7.21991e-07
0.000682543
6.15413e-07
0.000682831
4.97277e-07
0.000683084
3.70725e-07
0.000683299
2.30494e-07
0.000683473
8.21276e-08
0.000683605
-8.44258e-08
0.000683689
-2.60796e-07
0.000683722
-4.58591e-07
0.000683699
-6.63537e-07
0.000683618
-8.97015e-07
0.000683473
-1.13509e-06
0.000683261
-1.41173e-06
0.000682974
-1.68758e-06
0.000682611
-2.01702e-06
0.000682162
-2.33558e-06
0.000681626
-2.73071e-06
0.00068099
-3.09677e-06
0.000680255
-3.57477e-06
0.000679403
-3.99134e-06
-4.57397e-06
0.00067844
0.000666682
2.87942e-08
0.000666729
8.65125e-08
0.000666807
1.44251e-07
0.000666916
2.01439e-07
0.000667055
2.57794e-07
0.000667224
3.13054e-07
0.000667422
3.66969e-07
0.000667648
4.19305e-07
0.000667901
4.69846e-07
0.00066818
5.18387e-07
0.000668484
5.64743e-07
0.000668811
6.08741e-07
0.000669161
6.50228e-07
0.000669531
6.89058e-07
0.000669919
7.25107e-07
0.000670326
7.58255e-07
0.000670748
7.88402e-07
0.000671185
8.15445e-07
0.000671635
8.39306e-07
0.000672095
8.59891e-07
0.000672565
8.77137e-07
0.000673043
8.9095e-07
0.000673526
9.01279e-07
0.000674014
9.08019e-07
0.000674504
9.11131e-07
0.000674994
9.10482e-07
0.000675483
9.0605e-07
0.000675969
8.97659e-07
0.00067645
8.85309e-07
0.000676924
8.68754e-07
0.000677388
8.48041e-07
0.000677842
8.22813e-07
0.000678282
7.93195e-07
0.000678707
7.58667e-07
0.000679113
7.19489e-07
0.0006795
6.74884e-07
0.000679865
6.25349e-07
0.000680204
5.69707e-07
0.000680515
5.08851e-07
0.000680796
4.40983e-07
0.000681044
3.6766e-07
0.000681255
2.86119e-07
0.000681427
1.99037e-07
0.000681555
1.02204e-07
0.000681636
9.58268e-10
0.000681668
-1.16296e-07
0.000681645
-2.37678e-07
0.000681562
-3.75148e-07
0.000681415
-5.16623e-07
0.000681197
-6.79644e-07
0.000680907
-8.44174e-07
0.000680533
-1.03822e-06
0.000680074
-1.22892e-06
0.000679519
-1.46127e-06
0.000678864
-1.68141e-06
0.000678096
-1.96194e-06
0.000677213
-2.21449e-06
0.000676195
-2.55662e-06
0.000675047
-2.84288e-06
-3.26397e-06
0.000673737
0.000666681
1.4155e-08
0.000666725
4.25284e-08
0.000666799
7.09139e-08
0.000666901
9.90327e-08
0.000667032
1.26748e-07
0.000667191
1.53932e-07
0.000667378
1.80463e-07
0.000667591
2.06227e-07
0.00066783
2.31116e-07
0.000668093
2.55031e-07
0.00066838
2.77878e-07
0.000668689
2.9957e-07
0.000669019
3.20031e-07
0.000669369
3.39185e-07
0.000669737
3.5697e-07
0.000670122
3.73322e-07
0.000670522
3.8819e-07
0.000670936
4.01519e-07
0.000671362
4.13268e-07
0.000671799
4.23385e-07
0.000672244
4.31839e-07
0.000672696
4.38577e-07
0.000673154
4.43573e-07
0.000673615
4.4677e-07
0.000674078
4.48147e-07
0.000674541
4.47633e-07
0.000675002
4.45217e-07
0.000675459
4.40803e-07
0.00067591
4.34396e-07
0.000676353
4.25861e-07
0.000676785
4.15228e-07
0.000677206
4.02303e-07
0.000677612
3.87161e-07
0.000678001
3.69517e-07
0.000678371
3.49526e-07
0.000678719
3.26758e-07
0.000679043
3.01504e-07
0.00067934
2.73113e-07
0.000679606
2.42101e-07
0.00067984
2.07474e-07
0.000680038
1.70123e-07
0.000680195
1.2851e-07
0.00068031
8.41547e-08
0.000680378
3.47071e-08
0.000680396
-1.76011e-08
0.000680357
-7.72937e-08
0.000680259
-1.39285e-07
0.000680093
-2.09845e-07
0.000679859
-2.82135e-07
0.000679545
-3.65972e-07
0.000679151
-4.50077e-07
0.000678663
-5.50144e-07
0.000678082
-6.47656e-07
0.000677388
-7.67874e-07
0.000676587
-8.80421e-07
0.000675652
-1.02614e-06
0.000674592
-1.15514e-06
0.000673369
-1.3337e-06
0.000672006
-1.47955e-06
-1.70057e-06
0.000670443
0.000666681
-3.65345e-11
0.000666723
-1.07668e-10
0.000666795
-1.77493e-10
0.000666894
-2.46126e-10
0.000667021
-3.13343e-10
0.000667175
-3.79004e-10
0.000667356
-4.42996e-10
0.000667563
-5.0521e-10
0.000667795
-5.65578e-10
0.00066805
-6.24095e-10
0.000668329
-6.80797e-10
0.000668629
-7.35709e-10
0.00066895
-7.88832e-10
0.00066929
-8.40154e-10
0.000669648
-8.89677e-10
0.000670022
-9.37442e-10
0.000670411
-9.83518e-10
0.000670814
-1.02798e-09
0.000671228
-1.07089e-09
0.000671653
-1.1123e-09
0.000672086
-1.15229e-09
0.000672525
-1.19094e-09
0.00067297
-1.22837e-09
0.000673418
-1.26474e-09
0.000673868
-1.30017e-09
0.000674317
-1.33482e-09
0.000674763
-1.36877e-09
0.000675205
-1.40217e-09
0.000675641
-1.43513e-09
0.000676069
-1.46782e-09
0.000676485
-1.5004e-09
0.000676889
-1.53309e-09
0.000677278
-1.56607e-09
0.000677649
-1.59953e-09
0.000678
-1.63356e-09
0.000678329
-1.66842e-09
0.000678632
-1.70403e-09
0.000678907
-1.74068e-09
0.00067915
-1.77821e-09
0.00067936
-1.81741e-09
0.000679532
-1.85844e-09
0.000679662
-1.90401e-09
0.000679748
-1.95426e-09
0.000679785
-2.00936e-09
0.000679769
-2.06476e-09
0.000679694
-2.11772e-09
0.000679557
-2.17516e-09
0.00067935
-2.238e-09
0.00067907
-2.3058e-09
0.000678706
-2.37752e-09
0.000678259
-2.45377e-09
0.000677711
-2.53453e-09
0.000677066
-2.62099e-09
0.000676301
-2.71243e-09
0.000675423
-2.81059e-09
0.0006744
-2.91395e-09
0.000673248
-3.02545e-09
0.000671917
-3.14217e-09
0.000670441
-3.26843e-09
-3.39903e-09
0.000668744
0.000666681
-1.42278e-08
0.000666723
-4.27423e-08
0.000666795
-7.12669e-08
0.000666894
-9.95222e-08
0.000667021
-1.27371e-07
0.000667175
-1.54686e-07
0.000667356
-1.81344e-07
0.000667563
-2.07232e-07
0.000667795
-2.32241e-07
0.00066805
-2.56272e-07
0.000668329
-2.79232e-07
0.000668629
-3.01034e-07
0.00066895
-3.216e-07
0.00066929
-3.40856e-07
0.000669648
-3.5874e-07
0.000670022
-3.75187e-07
0.000670411
-3.90146e-07
0.000670814
-4.03564e-07
0.000671228
-4.15398e-07
0.000671652
-4.25598e-07
0.000672085
-4.34131e-07
0.000672525
-4.40946e-07
0.00067297
-4.46017e-07
0.000673418
-4.49285e-07
0.000673867
-4.50733e-07
0.000674316
-4.50288e-07
0.000674763
-4.4794e-07
0.000675205
-4.43592e-07
0.000675641
-4.3725e-07
0.000676068
-4.2878e-07
0.000676485
-4.18212e-07
0.000676889
-4.05351e-07
0.000677278
-3.90276e-07
0.000677649
-3.72698e-07
0.000678
-3.52775e-07
0.000678328
-3.30076e-07
0.000678631
-3.04893e-07
0.000678906
-2.76576e-07
0.00067915
-2.4564e-07
0.000679359
-2.11091e-07
0.000679531
-1.7382e-07
0.000679662
-1.32288e-07
0.000679748
-8.80134e-08
0.000679784
-3.86442e-08
0.000679769
1.34633e-08
0.000679694
7.30824e-08
0.000679557
1.34954e-07
0.000679349
2.05388e-07
0.000679069
2.77546e-07
0.000678705
3.61245e-07
0.000678258
4.45201e-07
0.00067771
5.4511e-07
0.000677065
6.42451e-07
0.0006763
7.62488e-07
0.000675422
8.74842e-07
0.000674399
1.02036e-06
0.000673247
1.14913e-06
0.000671916
1.32746e-06
0.00067044
1.47306e-06
1.69382e-06
0.000668743
0.000666681
-2.88658e-08
0.000666725
-8.67229e-08
0.000666799
-1.44599e-07
0.000666901
-2.01921e-07
0.000667032
-2.58408e-07
0.000667191
-3.13795e-07
0.000667378
-3.67836e-07
0.000667591
-4.20294e-07
0.000667829
-4.70953e-07
0.000668093
-5.19609e-07
0.00066838
-5.66076e-07
0.000668689
-6.10181e-07
0.000669019
-6.51772e-07
0.000669369
-6.90702e-07
0.000669737
-7.26848e-07
0.000670122
-7.60089e-07
0.000670522
-7.90326e-07
0.000670936
-8.17456e-07
0.000671362
-8.41401e-07
0.000671798
-8.62067e-07
0.000672244
-8.79391e-07
0.000672696
-8.93279e-07
0.000673154
-9.03682e-07
0.000673615
-9.10492e-07
0.000674078
-9.13673e-07
0.000674541
-9.13092e-07
0.000675001
-9.08727e-07
0.000675458
-9.004e-07
0.000675909
-8.88114e-07
0.000676352
-8.71623e-07
0.000676785
-8.50973e-07
0.000677205
-8.25809e-07
0.000677611
-7.96256e-07
0.000678
-7.61792e-07
0.00067837
-7.22681e-07
0.000678718
-6.78144e-07
0.000679042
-6.28679e-07
0.000679338
-5.7311e-07
0.000679605
-5.1233e-07
0.000679839
-4.44542e-07
0.000680036
-3.71305e-07
0.000680194
-2.89854e-07
0.000680308
-2.02868e-07
0.000680376
-1.06123e-07
0.000680394
-4.74661e-09
0.000680355
1.12117e-07
0.000680257
2.33412e-07
0.000680091
3.70776e-07
0.000679857
5.12125e-07
0.000679543
6.7501e-07
0.000679149
8.39394e-07
0.000678661
1.03329e-06
0.000678079
1.22382e-06
0.000677386
1.456e-06
0.000676585
1.67595e-06
0.000675649
1.95629e-06
0.000674589
2.20863e-06
0.000673366
2.55054e-06
0.000672003
2.83655e-06
3.2574e-06
0.000670439
0.000666682
-4.44253e-08
0.000666729
-1.3348e-07
0.000666807
-2.22556e-07
0.000666916
-3.10758e-07
0.000667055
-3.9764e-07
0.000667224
-4.8279e-07
0.000667422
-5.65817e-07
0.000667648
-6.46358e-07
0.000667901
-7.24078e-07
0.00066818
-7.98667e-07
0.000668484
-8.69846e-07
0.000668811
-9.37357e-07
0.00066916
-1.00098e-06
0.00066953
-1.06049e-06
0.000669919
-1.11573e-06
0.000670325
-1.16653e-06
0.000670748
-1.21274e-06
0.000671185
-1.25422e-06
0.000671634
-1.29088e-06
0.000672095
-1.32259e-06
0.000672565
-1.34927e-06
0.000673042
-1.37078e-06
0.000673525
-1.38708e-06
0.000674013
-1.39801e-06
0.000674503
-1.40353e-06
0.000674993
-1.40346e-06
0.000675482
-1.39777e-06
0.000675968
-1.38622e-06
0.000676449
-1.36881e-06
0.000676922
-1.34522e-06
0.000677387
-1.31548e-06
0.00067784
-1.27913e-06
0.00067828
-1.23631e-06
0.000678705
-1.18635e-06
0.000679112
-1.12952e-06
0.000679498
-1.06486e-06
0.000679863
-9.92914e-07
0.000680202
-9.12221e-07
0.000680513
-8.23804e-07
0.000680794
-7.25436e-07
0.000681042
-6.18933e-07
0.000681253
-5.00874e-07
0.000681424
-3.744e-07
0.000681552
-2.34249e-07
0.000681634
-8.5962e-08
0.000681665
8.04017e-08
0.000681642
2.56681e-07
0.000681558
4.54363e-07
0.000681411
6.59189e-07
0.000681194
8.9254e-07
0.000680903
1.13048e-06
0.000680529
1.40697e-06
0.00068007
1.68267e-06
0.000679514
2.01195e-06
0.00067886
2.33033e-06
0.000678091
2.72527e-06
0.000677208
3.09113e-06
0.00067619
3.56893e-06
0.000675041
3.98526e-06
4.56768e-06
0.000673731
0.000666684
-6.14425e-08
0.000666735
-1.84634e-07
0.00066682
-3.07834e-07
0.000666939
-4.29773e-07
0.000667091
-5.49812e-07
0.000667276
-6.67359e-07
0.000667492
-7.8186e-07
0.000667738
-8.92806e-07
0.000668014
-9.99732e-07
0.000668318
-1.10222e-06
0.000668648
-1.1999e-06
0.000669003
-1.29243e-06
0.000669381
-1.37953e-06
0.000669782
-1.46093e-06
0.000670202
-1.53643e-06
0.000670642
-1.60583e-06
0.000671098
-1.66896e-06
0.000671569
-1.72568e-06
0.000672054
-1.77587e-06
0.000672551
-1.81939e-06
0.000673058
-1.85616e-06
0.000673573
-1.88605e-06
0.000674095
-1.90898e-06
0.000674622
-1.92481e-06
0.000675152
-1.93348e-06
0.000675683
-1.93481e-06
0.000676214
-1.92873e-06
0.000676743
-1.91501e-06
0.000677268
-1.8936e-06
0.000677787
-1.86418e-06
0.000678298
-1.82671e-06
0.0006788
-1.78075e-06
0.00067929
-1.72634e-06
0.000679766
-1.66281e-06
0.000680227
-1.59032e-06
0.00068067
-1.50793e-06
0.000681093
-1.41601e-06
0.000681494
-1.31316e-06
0.00068187
-1.20015e-06
0.00068222
-1.07486e-06
0.00068254
-9.38754e-07
0.000682827
-7.88614e-07
0.00068308
-6.27066e-07
0.000683295
-4.49179e-07
0.000683469
-2.59593e-07
0.0006836
-5.12361e-08
0.000683684
1.72694e-07
0.000683717
4.21549e-07
0.000683694
6.8201e-07
0.000683613
9.73859e-07
0.000683467
1.27597e-06
0.000683255
1.61945e-06
0.000682968
1.96934e-06
0.000682605
2.37519e-06
0.000682156
2.77955e-06
0.000681619
3.26173e-06
0.000680983
3.72757e-06
0.000680248
4.30426e-06
0.000679395
4.83743e-06
5.53076e-06
0.000678432
0.000666686
-8.05635e-08
0.000666743
-2.42138e-07
0.000666839
-4.03682e-07
0.000666973
-5.63466e-07
0.000667144
-7.20602e-07
0.000667351
-8.74273e-07
0.000667592
-1.02372e-06
0.000667868
-1.16827e-06
0.000668175
-1.30731e-06
0.000668514
-1.44031e-06
0.00066888
-1.56681e-06
0.000669274
-1.68642e-06
0.000669694
-1.7988e-06
0.000670136
-1.90368e-06
0.000670601
-2.00083e-06
0.000671085
-2.09005e-06
0.000671587
-2.17119e-06
0.000672106
-2.24412e-06
0.000672639
-2.30873e-06
0.000673184
-2.36491e-06
0.000673741
-2.41259e-06
0.000674306
-2.45166e-06
0.000674879
-2.48205e-06
0.000675458
-2.50366e-06
0.000676041
-2.51639e-06
0.000676626
-2.52012e-06
0.000677212
-2.51474e-06
0.000677797
-2.50007e-06
0.00067838
-2.47599e-06
0.000678958
-2.44224e-06
0.00067953
-2.39869e-06
0.000680094
-2.34499e-06
0.000680649
-2.281e-06
0.000681192
-2.20623e-06
0.000681722
-2.12057e-06
0.000682238
-2.02334e-06
0.000682736
-1.91447e-06
0.000683216
-1.79304e-06
0.000683675
-1.65911e-06
0.000684112
-1.51134e-06
0.000684523
-1.35008e-06
0.000684908
-1.17335e-06
0.000685263
-9.8205e-07
0.000685587
-7.73223e-07
0.000685876
-5.48789e-07
0.000686129
-3.04425e-07
0.000686347
-4.47598e-08
0.000686524
2.44533e-07
0.000686654
5.5156e-07
0.00068674
8.87782e-07
0.000686773
1.24293e-06
0.000686757
1.63517e-06
0.00068668
2.04634e-06
0.000686551
2.505e-06
0.000686349
2.98062e-06
0.000686093
3.51869e-06
0.000685752
4.06843e-06
0.000685354
4.70217e-06
0.000684855
5.33576e-06
6.08336e-06
0.000684303
0.000666689
-1.02624e-07
0.000666755
-3.08527e-07
0.000666866
-5.14305e-07
0.00066702
-7.17624e-07
0.000667217
-9.17256e-07
0.000667454
-1.11208e-06
0.000667732
-1.3011e-06
0.000668047
-1.48341e-06
0.000668398
-1.65826e-06
0.000668783
-1.825e-06
0.000669199
-1.98311e-06
0.000669645
-2.13217e-06
0.000670118
-2.27184e-06
0.000670616
-2.40187e-06
0.000671137
-2.52207e-06
0.000671679
-2.63232e-06
0.000672241
-2.73249e-06
0.000672819
-2.82252e-06
0.000673413
-2.90234e-06
0.00067402
-2.97192e-06
0.000674638
-3.03121e-06
0.000675267
-3.08018e-06
0.000675903
-3.11878e-06
0.000676547
-3.14698e-06
0.000677195
-3.16466e-06
0.000677847
-3.17179e-06
0.0006785
-3.16822e-06
0.000679154
-3.15386e-06
0.000679807
-3.1285e-06
0.000680456
-3.09204e-06
0.000681102
-3.04416e-06
0.000681742
-2.98476e-06
0.000682374
-2.91338e-06
0.000682998
-2.82994e-06
0.000683611
-2.73379e-06
0.000684212
-2.6249e-06
0.0006848
-2.50241e-06
0.000685374
-2.36634e-06
0.00068593
-2.21554e-06
0.000686469
-2.05017e-06
0.000686988
-1.86868e-06
0.000687486
-1.67148e-06
0.00068796
-1.45643e-06
0.000688411
-1.22436e-06
0.000688835
-9.72309e-07
0.000689232
-7.01716e-07
0.000689596
-4.08453e-07
0.000689936
-9.54294e-08
0.00069024
2.46863e-07
0.000690516
6.12366e-07
0.00069075
1.00913e-06
0.000690954
1.43092e-06
0.00069111
1.88991e-06
0.000691239
2.37604e-06
0.000691312
2.90756e-06
0.000691362
3.46853e-06
0.000691345
4.08578e-06
0.000691314
4.73347e-06
0.000691198
5.45156e-06
6.19714e-06
0.000691084
0.000666693
-1.28787e-07
0.000666772
-3.87364e-07
0.000666903
-6.45594e-07
0.000667086
-9.00282e-07
0.000667318
-1.14969e-06
0.000667598
-1.39228e-06
0.000667924
-1.62673e-06
0.000668292
-1.85194e-06
0.000668701
-2.06705e-06
0.000669148
-2.27132e-06
0.000669629
-2.46414e-06
0.000670141
-2.6451e-06
0.000670684
-2.81398e-06
0.000671252
-2.97068e-06
0.000671846
-3.11512e-06
0.00067246
-3.2473e-06
0.000673095
-3.36719e-06
0.000673748
-3.47487e-06
0.000674416
-3.57035e-06
0.000675097
-3.65373e-06
0.000675791
-3.72503e-06
0.000676495
-3.78435e-06
0.000677208
-3.83164e-06
0.000677928
-3.867e-06
0.000678654
-3.89032e-06
0.000679384
-3.90168e-06
0.000680116
-3.90087e-06
0.000680851
-3.88799e-06
0.000681585
-3.86266e-06
0.000682318
-3.82504e-06
0.000683048
-3.77455e-06
0.000683775
-3.71146e-06
0.000684496
-3.63488e-06
0.000685212
-3.54531e-06
0.000685919
-3.44142e-06
0.000686618
-3.32405e-06
0.000687307
-3.19128e-06
0.000687985
-3.04452e-06
0.000688651
-2.8809e-06
0.000689303
-2.70281e-06
0.000689941
-2.50595e-06
0.000690563
-2.2942e-06
0.000691168
-2.06113e-06
0.000691757
-1.81299e-06
0.000692325
-1.54005e-06
0.000692875
-1.2524e-06
0.000693402
-9.35479e-07
0.000693912
-6.05609e-07
0.000694401
-2.41294e-07
0.000694878
1.3528e-07
0.000695322
5.64421e-07
0.000695756
9.97013e-07
0.000696157
1.48922e-06
0.000696554
1.97864e-06
0.000696912
2.55013e-06
0.000697276
3.10402e-06
0.000697591
3.77107e-06
0.000697931
4.3935e-06
0.000698207
5.17538e-06
5.86656e-06
0.000698538
0.000666699
-1.60811e-07
0.000666795
-4.84159e-07
0.000666957
-8.06613e-07
0.00066718
-1.12361e-06
0.000667463
-1.43261e-06
0.000667802
-1.73148e-06
0.000668194
-2.01851e-06
0.000668634
-2.29245e-06
0.00066912
-2.55254e-06
0.000669647
-2.79845e-06
0.000670212
-3.0288e-06
0.00067081
-3.2437e-06
0.000671439
-3.44328e-06
0.000672096
-3.62766e-06
0.000672778
-3.79695e-06
0.000673482
-3.95135e-06
0.000674206
-4.09104e-06
0.000674948
-4.21631e-06
0.000675705
-4.32733e-06
0.000676475
-4.42439e-06
0.000677258
-4.5076e-06
0.000678051
-4.57722e-06
0.000678852
-4.63328e-06
0.000679661
-4.67602e-06
0.000680476
-4.70532e-06
0.000681296
-4.72144e-06
0.000682119
-4.7241e-06
0.000682945
-4.7136e-06
0.000683772
-4.68941e-06
0.000684599
-4.652e-06
0.000685425
-4.60046e-06
0.000686249
-4.53554e-06
0.00068707
-4.45583e-06
0.000687887
-4.36254e-06
0.000688699
-4.25349e-06
0.000689506
-4.13069e-06
0.000690305
-3.99081e-06
0.000691098
-3.83711e-06
0.000691881
-3.6645e-06
0.000692657
-3.47828e-06
0.000693421
-3.27062e-06
0.000694177
-3.05006e-06
0.000694921
-2.80458e-06
0.000695656
-2.54784e-06
0.000696377
-2.26128e-06
0.000697091
-1.96654e-06
0.00069779
-1.63455e-06
0.000698483
-1.29907e-06
0.000699157
-9.14421e-07
0.000699826
-5.33657e-07
0.000700474
-8.41966e-08
0.000701135
3.36448e-07
0.000701777
8.47232e-07
0.000702438
1.31759e-06
0.000703072
1.91598e-06
0.000703742
2.43366e-06
0.000704377
3.13633e-06
0.000705073
3.69743e-06
0.000705717
4.53172e-06
5.12577e-06
0.000706458
0.000666708
-2.02528e-07
0.000666834
-6.09349e-07
0.00066704
-1.01343e-06
0.000667325
-1.40823e-06
0.000667682
-1.79005e-06
0.000668107
-2.15597e-06
0.000668592
-2.50392e-06
0.000669133
-2.83268e-06
0.000669722
-3.14168e-06
0.000670354
-3.43079e-06
0.000671025
-3.7001e-06
0.000671732
-3.94987e-06
0.000672469
-4.18045e-06
0.000673233
-4.39229e-06
0.000674022
-4.58585e-06
0.000674833
-4.76167e-06
0.000675662
-4.92024e-06
0.000676508
-5.06212e-06
0.000677368
-5.18772e-06
0.000678241
-5.29756e-06
0.000679125
-5.3919e-06
0.000680019
-5.4712e-06
0.000680922
-5.53557e-06
0.000681831
-5.58541e-06
0.000682746
-5.62065e-06
0.000683667
-5.6417e-06
0.000684591
-5.64823e-06
0.000685518
-5.64075e-06
0.000686447
-5.61859e-06
0.000687378
-5.58249e-06
0.000688308
-5.53129e-06
0.000689239
-5.46612e-06
0.000690168
-5.38515e-06
0.000691096
-5.29022e-06
0.000692021
-5.1784e-06
0.000692943
-5.05276e-06
0.000693861
-4.90869e-06
0.000694775
-4.75119e-06
0.000695684
-4.57309e-06
0.000696588
-4.38249e-06
0.000697485
-4.16816e-06
0.000698378
-3.94314e-06
0.000699264
-3.68983e-06
0.000700145
-3.42905e-06
0.000701017
-3.13321e-06
0.000701886
-2.83545e-06
0.000702744
-2.49267e-06
0.000703602
-2.15755e-06
0.000704451
-1.76302e-06
0.00070531
-1.39231e-06
0.000706166
-9.41001e-07
0.000707042
-5.397e-07
0.000707921
-3.09229e-08
0.000708822
4.16703e-07
0.000709706
1.03114e-06
0.000710649
1.49083e-06
0.000711578
2.2071e-06
0.000712601
2.6753e-06
0.0007136
3.53186e-06
3.98762e-06
0.000714739
0.000666724
-2.59845e-07
0.000666899
-7.84361e-07
0.000667184
-1.29805e-06
0.000667569
-1.7939e-06
0.000668045
-2.26601e-06
0.0006686
-2.7108e-06
0.000669223
-3.12681e-06
0.000669904
-3.51412e-06
0.000670636
-3.87362e-06
0.000671412
-4.20642e-06
0.000672225
-4.51361e-06
0.000673072
-4.79617e-06
0.000673946
-5.05505e-06
0.000674845
-5.29121e-06
0.000675765
-5.50569e-06
0.000676703
-5.69951e-06
0.000677656
-5.87367e-06
0.000678623
-6.02907e-06
0.000679602
-6.16648e-06
0.000680591
-6.28663e-06
0.000681589
-6.39002e-06
0.000682595
-6.47722e-06
0.000683608
-6.54854e-06
0.000684627
-6.60443e-06
0.000685652
-6.64496e-06
0.00068668
-6.67054e-06
0.000687713
-6.681e-06
0.000688749
-6.67677e-06
0.000689788
-6.65733e-06
0.000690829
-6.6233e-06
0.000691871
-6.5737e-06
0.000692915
-6.50954e-06
0.000693959
-6.42912e-06
0.000695003
-6.3342e-06
0.000696046
-6.22196e-06
0.000697089
-6.09545e-06
0.00069813
-5.95007e-06
0.00069917
-5.79105e-06
0.000700208
-5.61086e-06
0.000701244
-5.41842e-06
0.000702277
-5.20143e-06
0.000703309
-4.97482e-06
0.000704338
-4.71863e-06
0.000705366
-4.45755e-06
0.000706392
-4.15927e-06
0.000707421
-3.86422e-06
0.000708448
-3.52017e-06
0.000709484
-3.19269e-06
0.000710518
-2.79749e-06
0.000711566
-2.4402e-06
0.00071261
-1.9854e-06
0.000713673
-1.60275e-06
0.000714718
-1.07553e-06
0.00071581
-6.75462e-07
0.000716892
-5.03963e-08
0.000718053
3.29344e-07
0.000719227
1.03311e-06
0.000720508
1.39432e-06
0.000721784
2.25626e-06
2.56847e-06
0.000723203
0.000666738
-3.31578e-07
0.00066697
-1.01561e-06
0.000667356
-1.68434e-06
0.000667879
-2.31706e-06
0.000668518
-2.90457e-06
0.000669251
-3.44396e-06
0.000670061
-3.93679e-06
0.000670933
-4.38672e-06
0.000671857
-4.79766e-06
0.000672824
-5.17283e-06
0.000673825
-5.51475e-06
0.000674854
-5.82547e-06
0.000675906
-6.10697e-06
0.000676976
-6.36122e-06
0.000678061
-6.59025e-06
0.000679157
-6.79588e-06
0.000680263
-6.97979e-06
0.000681378
-7.14331e-06
0.000682499
-7.28764e-06
0.000683626
-7.41363e-06
0.000684758
-7.52216e-06
0.000685894
-7.61375e-06
0.000687035
-7.68908e-06
0.000688179
-7.74839e-06
0.000689326
-7.79218e-06
0.000690476
-7.82044e-06
0.000691629
-7.83357e-06
0.000692783
-7.83131e-06
0.00069394
-7.81402e-06
0.000695098
-7.78124e-06
0.000696257
-7.73328e-06
0.000697417
-7.66955e-06
0.000698578
-7.59029e-06
0.000699739
-7.4949e-06
0.000700901
-7.38341e-06
0.000702061
-7.25545e-06
0.000703221
-7.11058e-06
0.000704379
-6.94907e-06
0.000705538
-6.76945e-06
0.000706693
-6.57346e-06
0.000707849
-6.35751e-06
0.000709
-6.12631e-06
0.000710154
-5.87217e-06
0.000711302
-5.60546e-06
0.000712453
-5.31086e-06
0.000713598
-5.00912e-06
0.000714749
-4.67114e-06
0.000715893
-4.33627e-06
0.000717047
-3.95126e-06
0.000718194
-3.58793e-06
0.00071936
-3.15137e-06
0.000720527
-2.76908e-06
0.000721726
-2.27517e-06
0.000722942
-1.89084e-06
0.000724222
-1.33088e-06
0.000725524
-9.7254e-07
0.000726892
-3.35087e-07
0.000728338
-5.16261e-08
0.000729855
7.39796e-07
9.06996e-07
0.000731516
0.000666854
-5.18719e-07
0.000667309
-1.47035e-06
0.000667972
-2.34763e-06
0.000668795
-3.14063e-06
0.000669736
-3.84522e-06
0.000670761
-4.46902e-06
0.000671849
-5.02427e-06
0.000672984
-5.52208e-06
0.000674157
-5.97026e-06
0.000675357
-6.3737e-06
0.000676579
-6.73595e-06
0.000677813
-7.06028e-06
0.000679057
-7.35022e-06
0.000680305
-7.60922e-06
0.000681555
-7.84058e-06
0.000682806
-8.0469e-06
0.000684057
-8.23043e-06
0.000685306
-8.3927e-06
0.000686554
-8.53522e-06
0.000687799
-8.65887e-06
0.000689042
-8.76482e-06
0.000690281
-8.85349e-06
0.000691518
-8.92588e-06
0.000692752
-8.98191e-06
0.000693982
-9.02254e-06
0.000695209
-9.04717e-06
0.000696432
-9.05692e-06
0.000697651
-9.05056e-06
0.000698867
-9.02965e-06
0.000700078
-8.99215e-06
0.000701285
-8.94036e-06
0.000702487
-8.87112e-06
0.000703684
-8.78798e-06
0.000704875
-8.68611e-06
0.000706063
-8.57098e-06
0.000707243
-8.43536e-06
0.00070842
-8.2876e-06
0.000709588
-8.11694e-06
0.000710754
-7.93603e-06
0.00071191
-7.72895e-06
0.000713067
-7.51456e-06
0.00071421
-7.26958e-06
0.00071536
-7.02174e-06
0.000716492
-6.73738e-06
0.000717637
-6.45657e-06
0.00071876
-6.13149e-06
0.000719907
-5.81877e-06
0.000721023
-5.45202e-06
0.000722181
-5.10903e-06
0.000723294
-4.70061e-06
0.000724472
-4.32932e-06
0.000725584
-3.88132e-06
0.000726792
-3.48353e-06
0.000727905
-3.00332e-06
0.000729154
-2.58035e-06
0.00073027
-2.08837e-06
0.000731575
-1.64016e-06
0.00073271
-1.18658e-06
0.000734151
-7.01552e-07
-3.88088e-07
0.000735446
0.000666951
-8.0299e-07
0.000667819
-2.33796e-06
0.000669058
-3.58756e-06
0.000670483
-4.56557e-06
0.000671985
-5.34642e-06
0.000673514
-5.99888e-06
0.000675055
-6.56458e-06
0.000676595
-7.06192e-06
0.000678122
-7.49797e-06
0.000679626
-7.87716e-06
0.000681095
-8.20511e-06
0.000682523
-8.48873e-06
0.000683908
-8.73507e-06
0.000685249
-8.94995e-06
0.000686546
-9.13771e-06
0.000687801
-9.30128e-06
0.000689013
-9.4428e-06
0.000690184
-9.56383e-06
0.000691315
-9.66584e-06
0.000692406
-9.74988e-06
0.000693458
-9.81707e-06
0.000694472
-9.86796e-06
0.00069545
-9.90338e-06
0.000696391
-9.92338e-06
0.000697297
-9.9287e-06
0.000698169
-9.91895e-06
0.000699007
-9.895e-06
0.000699813
-9.85591e-06
0.000700586
-9.80297e-06
0.000701328
-9.73449e-06
0.000702041
-9.65255e-06
0.000702724
-9.55428e-06
0.000703379
-9.44317e-06
0.000704007
-9.31448e-06
0.00070461
-9.17408e-06
0.000705189
-9.01414e-06
0.000705746
-8.8445e-06
0.000706281
-8.65226e-06
0.000706799
-8.45385e-06
0.000707298
-8.22795e-06
0.000707785
-8.00187e-06
0.000708256
-7.74035e-06
0.000708723
-7.4887e-06
0.000709174
-7.18857e-06
0.000709633
-6.91501e-06
0.000710073
-6.57147e-06
0.000710536
-6.28209e-06
0.000710971
-5.88722e-06
0.000711454
-5.59206e-06
0.000711887
-5.13297e-06
0.000712406
-4.84841e-06
0.000712829
-4.30463e-06
0.000713403
-4.05716e-06
0.000713797
-3.39792e-06
0.000714446
-3.22854e-06
0.000714771
-2.41428e-06
0.000715509
-2.37814e-06
0.000715713
-1.3906e-06
0.000716549
-1.53731e-06
-4.44504e-07
0.000716606
0.000667556
-1.69227e-06
0.00066912
-3.90244e-06
0.000670854
-5.32091e-06
0.000672525
-6.23644e-06
0.000674053
-6.87515e-06
0.000675426
-7.37171e-06
0.000676638
-7.77659e-06
0.000677679
-8.10286e-06
0.000678538
-8.35652e-06
0.000679207
-8.54656e-06
0.000679687
-8.68526e-06
0.000679983
-8.78495e-06
0.000680104
-8.85523e-06
0.000680056
-8.90244e-06
0.000679849
-8.93038e-06
0.000679489
-8.94152e-06
0.000678984
-8.93769e-06
0.000678341
-8.92046e-06
0.000677566
-8.89113e-06
0.000676667
-8.8508e-06
0.00067565
-8.80027e-06
0.000674522
-8.74015e-06
0.00067329
-8.67084e-06
0.000671959
-8.59264e-06
0.000670536
-8.50577e-06
0.000669027
-8.41036e-06
0.000667439
-8.30655e-06
0.000665777
-8.19432e-06
0.000664048
-8.07381e-06
0.000662259
-7.94487e-06
0.000660414
-7.80773e-06
0.000658521
-7.66203e-06
0.000656587
-7.50826e-06
0.000654618
-7.34568e-06
0.000652619
-7.17536e-06
0.000650601
-6.99579e-06
0.000648565
-6.80914e-06
0.000646526
-6.61246e-06
0.000644482
-6.40995e-06
0.00064245
-6.19599e-06
0.000640426
-5.97852e-06
0.000638433
-5.74686e-06
0.00063646
-5.5159e-06
0.000634537
-5.26555e-06
0.000632645
-5.02337e-06
0.000630826
-4.75204e-06
0.000629046
-4.50223e-06
0.000627364
-4.20476e-06
0.000625725
-3.95309e-06
0.00062421
-3.61811e-06
0.000622736
-3.3749e-06
0.000621408
-2.97606e-06
0.000620115
-2.7643e-06
0.000618951
-2.2339e-06
0.000617836
-2.11398e-06
0.000616661
-1.239e-06
0.000615755
-1.47174e-06
0.000614147
2.17398e-07
0.000613764
-1.1546e-06
3.20669e-06
0.000610113
0.000664974
0.000661072
0.000655751
0.000649515
0.000642639
0.000635268
0.000627491
0.000619388
0.000611032
0.000602485
0.0005938
0.000585015
0.00057616
0.000567257
0.000558327
0.000549385
0.000540448
0.000531527
0.000522636
0.000513785
0.000504985
0.000496245
0.000487574
0.000478981
0.000470476
0.000462065
0.000453759
0.000445564
0.000437491
0.000429546
0.000421738
0.000414076
0.000406568
0.000399222
0.000392047
0.000385051
0.000378242
0.000371629
0.000365219
0.000359023
0.000353045
0.000347298
0.000341782
0.000336517
0.000331493
0.000326741
0.000322239
0.000318034
0.000314081
0.000310463
0.000307088
0.000304112
0.000301348
0.000299114
0.000297
0.000295761
0.000294289
0.000294506
0.000293352
0.000296559
0.000390387
-0.000196207
0.000460135
-0.000224379
0.000512803
-0.000248523
0.000550878
-0.000268367
0.000576119
-0.00028415
0.000589818
-0.000296103
0.000593102
-0.000304406
0.000587121
-0.000309336
0.000573189
-0.000311379
0.000552816
-0.00031111
0.000527782
-0.000309419
0.000500147
-0.00030734
0.000471991
-0.000306022
0.000444978
-0.000306629
-0.000309855
0.000655469
-0.000241547
0.00068544
-0.00025435
0.00070161
-0.000264693
0.000705532
-0.000272289
0.000698287
-0.000276904
0.000680974
-0.00027879
0.000655097
-0.000278529
0.000622575
-0.000276814
0.000586106
-0.000274911
0.000548579
-0.000273583
0.000512799
-0.000273639
0.000481004
-0.000275545
0.000454505
-0.000279524
0.000432967
-0.000285091
0.000414458
-0.000291346
0.000396112
-0.000296941
0.000374958
-0.00030015
0.000350063
-0.000301392
0.00032216
-0.000301532
0.000295027
-0.000303319
0.000271214
-0.000310141
0.000247227
-0.000317658
0.000220756
-0.000322366
0.000193503
-0.000328106
0.000165784
-0.000337092
0.000136899
-0.000347065
0.00010739
-0.000361945
7.32855e-05
-0.000377245
3.85228e-05
-0.000409606
-0.000381537
0.000714341
-0.000239264
0.000702808
-0.000242818
0.000683137
-0.000245021
0.000657113
-0.000246265
0.000627028
-0.00024682
0.000595303
-0.000247065
0.000564405
-0.000247631
0.000536664
-0.000249073
0.000513485
-0.000251731
0.000495234
-0.000255332
0.000481145
-0.00025955
0.000469533
-0.000263932
0.000457961
-0.000267952
0.0004438
-0.000270929
0.000425005
-0.000272551
0.000400715
-0.000272651
0.000372518
-0.000271952
0.000343228
-0.000272102
0.000316467
-0.00027477
0.00029416
-0.000281012
0.000272476
-0.000288457
0.000247052
-0.000292234
0.000219836
-0.000295149
0.000193151
-0.000301422
0.000165834
-0.000309775
0.000137426
-0.000318657
0.000106999
-0.000331518
7.41705e-05
-0.000344416
3.86692e-05
-0.000374105
-0.000342868
0.00071768
-0.00022148
0.000697709
-0.000222847
0.000676708
-0.00022402
0.00065571
-0.000225267
0.000635668
-0.000226778
0.000617187
-0.000228584
0.000600249
-0.000230693
0.000584216
-0.000233041
0.00056788
-0.000235396
0.000550022
-0.000237473
0.000529452
-0.00023898
0.000505317
-0.000239798
0.000477445
-0.000240079
0.000446619
-0.000240103
0.000414463
-0.000240396
0.000383423
-0.000241612
0.000356026
-0.000244555
0.000333229
-0.000249305
0.000313834
-0.000255375
0.000293814
-0.000260992
0.000269032
-0.000263675
0.000241393
-0.000264595
0.000214909
-0.000268665
0.000189126
-0.000275638
0.000162076
-0.000282725
0.000133713
-0.000290294
0.000103493
-0.000301298
7.18182e-05
-0.000312741
3.65566e-05
-0.000338843
-0.000306312
0.000710838
-0.000200784
0.000689937
-0.000201946
0.000668949
-0.000203032
0.000647852
-0.00020417
0.000626485
-0.000205412
0.00060462
-0.000206719
0.000581947
-0.000208019
0.000558146
-0.00020924
0.000533104
-0.000210354
0.000507024
-0.000211393
0.000480544
-0.0002125
0.000454602
-0.000213856
0.000430278
-0.000215756
0.000408469
-0.000218294
0.000389471
-0.000221397
0.000372832
-0.000224973
0.00035695
-0.000228673
0.000339514
-0.000231869
0.000318185
-0.000234046
0.000292041
-0.000234848
0.000263555
-0.000235189
0.000237029
-0.00023807
0.000212672
-0.000244307
0.000187367
-0.000250334
0.000160182
-0.00025554
0.000131969
-0.000262081
0.000102203
-0.000271532
7.09782e-05
-0.000281517
3.57794e-05
-0.000303645
-0.000270532
0.000702508
-0.000180073
0.000681715
-0.000181153
0.000660876
-0.000182193
0.000639959
-0.000183253
0.000618916
-0.000184369
0.000597754
-0.000185557
0.000576546
-0.000186811
0.000555437
-0.000188131
0.000534622
-0.000189538
0.000514298
-0.000191069
0.000494563
-0.000192765
0.000475316
-0.000194609
0.000456124
-0.000196563
0.000436329
-0.000198499
0.000415187
-0.000200256
0.000391844
-0.000201629
0.000365864
-0.000202693
0.000337567
-0.000203572
0.000308166
-0.000204646
0.0002799
-0.000206582
0.000254948
-0.000210237
0.000232585
-0.000215706
0.000209191
-0.000220914
0.00018305
-0.000224194
0.000155684
-0.000228174
0.000127842
-0.000234238
9.86635e-05
-0.000242354
6.80639e-05
-0.000250917
3.36417e-05
-0.000269222
-0.00023689
0.000694277
-0.000159596
0.000673723
-0.000160599
0.000653087
-0.000161558
0.000632355
-0.00016252
0.000611505
-0.000163519
0.000590518
-0.00016457
0.00056938
-0.000165673
0.000548071
-0.000166823
0.000526544
-0.000168011
0.000504706
-0.000169232
0.000482414
-0.000170472
0.000459518
-0.000171714
0.000435899
-0.000172944
0.000411566
-0.000174166
0.000386757
-0.000175447
0.000361997
-0.000176869
0.000337968
-0.000178665
0.00031533
-0.000180934
0.000294387
-0.000183703
0.000274709
-0.000186904
0.00025474
-0.000190268
0.00023214
-0.000193107
0.000206134
-0.000194907
0.000178869
-0.000196929
0.000152031
-0.000201336
0.000124872
-0.000207079
9.62168e-05
-0.000213699
6.60635e-05
-0.000220764
3.23335e-05
-0.000235492
-0.000204557
0.000686212
-0.000139336
0.000665832
-0.000140218
0.000645346
-0.000141072
0.000624752
-0.000141926
0.000604038
-0.000142806
0.000583194
-0.000143725
0.000562208
-0.000144688
0.000541078
-0.000145693
0.000519803
-0.000146736
0.00049839
-0.000147819
0.000476862
-0.000148944
0.00045527
-0.000150121
0.000433694
-0.000151368
0.000412236
-0.000152708
0.000390956
-0.000154167
0.000369841
-0.000155755
0.000348642
-0.000157466
0.000326946
-0.000159238
0.000304229
-0.000160985
0.000279855
-0.00016253
0.000253558
-0.000163971
0.000225893
-0.000165441
0.000198543
-0.000167557
0.000172775
-0.000171161
0.000147459
-0.000176019
0.000120813
-0.000180433
9.25109e-05
-0.000185397
6.29332e-05
-0.000191186
3.03103e-05
-0.000202869
-0.000174247
0.000678432
-0.000119217
0.00065819
-0.000119977
0.000637834
-0.000120716
0.000617363
-0.000121455
0.000596771
-0.000122213
0.000576048
-0.000123002
0.000555185
-0.000123825
0.000534174
-0.000124682
0.000513009
-0.000125571
0.000491682
-0.000126492
0.000470185
-0.000127446
0.0004485
-0.000128436
0.0004266
-0.000129468
0.000404434
-0.000130542
0.000381928
-0.000131661
0.000358991
-0.000132818
0.00033554
-0.000134015
0.000311557
-0.000135255
0.000287159
-0.000136587
0.000262717
-0.000138089
0.000238674
-0.000139928
0.000215401
-0.000142167
0.000192776
-0.000144933
0.000169605
-0.00014799
0.000144416
-0.000150831
0.000117401
-0.000153418
8.93672e-05
-0.000157363
6.04128e-05
-0.000162231
2.88043e-05
-0.000171261
-0.000145442
0.000671089
-9.921e-05
0.000650952
-9.98403e-05
0.000630696
-0.00010046
0.000610321
-0.00010108
0.000589822
-0.000101715
0.000569192
-0.000102372
0.000548421
-0.000103055
0.000527503
-0.000103764
0.000506432
-0.0001045
0.000485203
-0.000105262
0.00046381
-0.000106053
0.000442248
-0.000106874
0.000420511
-0.000107731
0.000398597
-0.000108627
0.000376507
-0.000109571
0.000354257
-0.000110568
0.000331879
-0.000111637
0.000309414
-0.00011279
0.000286883
-0.000114056
0.000264236
-0.000115442
0.000241275
-0.000116967
0.000217698
-0.00011859
0.000193058
-0.000120293
0.000167002
-0.000121934
0.000139965
-0.000123794
0.000112877
-0.00012633
8.56479e-05
-0.000130134
5.75209e-05
-0.000134104
2.70655e-05
-0.000140806
-0.000118377
0.000664386
-7.92832e-05
0.000644329
-7.97838e-05
0.000624151
-8.02811e-05
0.000603851
-8.07806e-05
0.000583426
-8.12898e-05
0.000562869
-8.18145e-05
0.000542173
-8.23583e-05
0.000521331
-8.29225e-05
0.000500339
-8.35077e-05
0.00047919
-8.41139e-05
0.00045788
-8.47428e-05
0.000436401
-8.53957e-05
0.000414746
-8.60761e-05
0.000392905
-8.67864e-05
0.000370867
-8.75326e-05
0.000348616
-8.83174e-05
0.000326128
-8.91493e-05
0.000303368
-9.00299e-05
0.000280283
-9.09709e-05
0.000256812
-9.19701e-05
0.000232895
-9.3051e-05
0.000208526
-9.42202e-05
0.00018378
-9.55473e-05
0.000158903
-9.70574e-05
0.000134071
-9.89615e-05
0.000108991
-0.00010125
8.28279e-05
-0.000103971
5.5267e-05
-0.000106543
2.56938e-05
-0.000111232
-9.2683e-05
0.000658573
-5.94159e-05
0.000638577
-5.97878e-05
0.000618458
-6.01618e-05
0.000598215
-6.05384e-05
0.000577847
-6.09211e-05
0.000557346
-6.1314e-05
0.000536708
-6.17202e-05
0.000515927
-6.2141e-05
0.000494996
-6.25775e-05
0.000473912
-6.30297e-05
0.000452668
-6.34988e-05
0.000431258
-6.39857e-05
0.000409675
-6.44928e-05
0.000387911
-6.50219e-05
0.000365955
-6.55771e-05
0.000343798
-6.61604e-05
0.000321427
-6.67783e-05
0.000298831
-6.74333e-05
0.000275996
-6.81365e-05
0.000252918
-6.88923e-05
0.00022959
-6.97222e-05
0.000206
-7.06305e-05
0.000182108
-7.16549e-05
0.00015784
-7.27902e-05
0.000132994
-7.41151e-05
0.000107292
-7.55481e-05
8.05709e-05
-7.72496e-05
5.30842e-05
-7.90568e-05
2.42981e-05
-8.24463e-05
-6.83849e-05
0.000653911
-3.95899e-05
0.000633959
-3.98358e-05
0.000613882
-4.00856e-05
0.000593682
-4.03376e-05
0.000573354
-4.05933e-05
0.000552895
-4.08549e-05
0.000532299
-4.11248e-05
0.000511563
-4.14041e-05
0.000490679
-4.16938e-05
0.000469643
-4.19941e-05
0.00044845
-4.23055e-05
0.000427093
-4.26287e-05
0.000405565
-4.29652e-05
0.000383859
-4.3316e-05
0.000361966
-4.36837e-05
0.000339875
-4.40698e-05
0.000317575
-4.44783e-05
0.000295053
-4.4911e-05
0.000272291
-4.53748e-05
0.00024927
-4.58714e-05
0.000225961
-4.64127e-05
0.000202329
-4.69989e-05
0.000178328
-4.76531e-05
0.00015391
-4.83729e-05
0.000129005
-4.92099e-05
0.000103588
-5.01315e-05
7.76168e-05
-5.1278e-05
5.10681e-05
-5.25081e-05
2.3255e-05
-5.46331e-05
-4.513e-05
0.000650643
-1.97903e-05
0.00063072
-1.99126e-05
0.000610672
-2.00377e-05
0.000590498
-2.01641e-05
0.000570197
-2.02922e-05
0.000549765
-2.04229e-05
0.000529198
-2.05577e-05
0.000508491
-2.0697e-05
0.000487639
-2.08416e-05
0.000466636
-2.09914e-05
0.000445477
-2.11468e-05
0.000424157
-2.13081e-05
0.000402667
-2.14759e-05
0.000381002
-2.16508e-05
0.000359153
-2.18341e-05
0.000337109
-2.20265e-05
0.000314861
-2.22299e-05
0.000292395
-2.24452e-05
0.000269696
-2.26758e-05
0.000246747
-2.29222e-05
0.000223525
-2.31904e-05
0.000200007
-2.3481e-05
0.000176159
-2.38056e-05
0.000151949
-2.41624e-05
0.000127313
-2.4574e-05
0.000102207
-2.50255e-05
7.65142e-05
-2.55853e-05
5.01824e-05
-2.61763e-05
2.27314e-05
-2.71821e-05
-2.23986e-05
0.000648957
-3.53924e-09
0.000629048
-3.69468e-09
0.000609014
-3.86114e-09
0.000588854
-4.03697e-09
0.000568566
-4.22266e-09
0.000548148
-4.41998e-09
0.000527595
-4.63093e-09
0.000506903
-4.85721e-09
0.000486066
-5.10013e-09
0.00046508
-5.36097e-09
0.000443939
-5.64112e-09
0.000422637
-5.94238e-09
0.000401167
-6.26687e-09
0.000379523
-6.61718e-09
0.000357696
-6.99619e-09
0.000335677
-7.40725e-09
0.000313455
-7.85407e-09
0.000291018
-8.34127e-09
0.000268351
-8.87391e-09
0.000245438
-9.45848e-09
0.000222258
-1.01023e-08
0.000198788
-1.08145e-08
0.000174994
-1.16061e-08
0.000150844
-1.24904e-08
0.000126283
-1.34859e-08
0.000101272
-1.46113e-08
7.57029e-05
-1.59061e-08
4.9544e-05
-1.73674e-08
2.2381e-05
-1.91793e-08
-1.75416e-08
0.000648956
1.97832e-05
0.000629047
1.99052e-05
0.000609013
2.00299e-05
0.000588853
2.0156e-05
0.000568565
2.02837e-05
0.000548147
2.04141e-05
0.000527594
2.05484e-05
0.000506902
2.06873e-05
0.000486065
2.08314e-05
0.000465079
2.09806e-05
0.000443938
2.11355e-05
0.000422636
2.12962e-05
0.000401166
2.14634e-05
0.000379522
2.16376e-05
0.000357695
2.18201e-05
0.000335676
2.20116e-05
0.000313454
2.22142e-05
0.000291017
2.24285e-05
0.00026835
2.2658e-05
0.000245437
2.29032e-05
0.000222257
2.31702e-05
0.000198787
2.34593e-05
0.000174993
2.37824e-05
0.000150843
2.41374e-05
0.000126283
2.4547e-05
0.000101272
2.49962e-05
7.57025e-05
2.55534e-05
4.95437e-05
2.61415e-05
2.23809e-05
2.71436e-05
2.23634e-05
0.000650639
3.95827e-05
0.000630716
3.98284e-05
0.000610668
4.00778e-05
0.000590495
4.03295e-05
0.000570194
4.05848e-05
0.000549762
4.0846e-05
0.000529195
4.11155e-05
0.000508488
4.13944e-05
0.000487636
4.16836e-05
0.000466633
4.19833e-05
0.000445474
4.22942e-05
0.000424154
4.26167e-05
0.000402664
4.29526e-05
0.000380999
4.33026e-05
0.00035915
4.36696e-05
0.000337107
4.40549e-05
0.000314858
4.44625e-05
0.000292393
4.48942e-05
0.000269694
4.53569e-05
0.000246745
4.58523e-05
0.000223522
4.63923e-05
0.000200005
4.69771e-05
0.000176157
4.76297e-05
0.000151947
4.83477e-05
0.000127311
4.91827e-05
0.000102205
5.01021e-05
7.6513e-05
5.12459e-05
5.01815e-05
5.24729e-05
2.27309e-05
5.45942e-05
4.50943e-05
0.000653905
5.94088e-05
0.000633953
5.97804e-05
0.000613877
6.0154e-05
0.000593676
6.05302e-05
0.000573348
6.09126e-05
0.000552889
6.13051e-05
0.000532294
6.17108e-05
0.000511557
6.21312e-05
0.000490674
6.25671e-05
0.000469638
6.30188e-05
0.000448445
6.34874e-05
0.000427088
6.39736e-05
0.00040556
6.44801e-05
0.000383855
6.50085e-05
0.000361961
6.55629e-05
0.000339871
6.61454e-05
0.000317571
6.67624e-05
0.000295049
6.74163e-05
0.000272287
6.81185e-05
0.000249266
6.88731e-05
0.000225957
6.97017e-05
0.000202326
7.06084e-05
0.000178324
7.16312e-05
0.000153907
7.27647e-05
0.000129003
7.40875e-05
0.000103586
7.55183e-05
7.76151e-05
7.72171e-05
5.10668e-05
7.90213e-05
2.32543e-05
8.24067e-05
6.83486e-05
0.000658565
7.9276e-05
0.000638569
7.97763e-05
0.00061845
8.02733e-05
0.000598208
8.07724e-05
0.000577839
8.12812e-05
0.000557339
8.18054e-05
0.000536701
8.23488e-05
0.000515919
8.29126e-05
0.000494989
8.34972e-05
0.000473905
8.4103e-05
0.000452661
8.47312e-05
0.000431251
8.53835e-05
0.000409668
8.60632e-05
0.000387904
8.67729e-05
0.000365949
8.75182e-05
0.000343792
8.83022e-05
0.000321421
8.91332e-05
0.000298825
9.00128e-05
0.00027599
9.09526e-05
0.000252913
9.19507e-05
0.000229584
9.30302e-05
0.000205995
9.41979e-05
0.000182103
9.55233e-05
0.000157836
9.70316e-05
0.00013299
9.89334e-05
0.000107289
0.000101219
8.05685e-05
0.000103938
5.30825e-05
0.000106507
2.4297e-05
0.000111192
9.26456e-05
0.000664376
9.92027e-05
0.00064432
9.98327e-05
0.000624141
0.000100452
0.000603842
0.000101072
0.000583417
0.000101706
0.00056286
0.000102362
0.000542164
0.000103045
0.000521322
0.000103754
0.00050033
0.00010449
0.000479181
0.000105251
0.000457871
0.000106042
0.000436393
0.000106862
0.000414737
0.000107718
0.000392897
0.000108613
0.000370859
0.000109556
0.000348608
0.000110553
0.00032612
0.000111621
0.000303361
0.000112772
0.000280276
0.000114037
0.000256805
0.000115422
0.000232889
0.000116946
0.00020852
0.000118567
0.000183774
0.000120269
0.000158898
0.000121908
0.000134066
0.000123765
0.000108987
0.000126299
8.28245e-05
0.0001301
5.52646e-05
0.000134067
2.56925e-05
0.000140764
0.000118338
0.000671078
0.000119209
0.000650941
0.00011997
0.000630684
0.000120708
0.00061031
0.000121447
0.000589811
0.000122204
0.000569181
0.000122993
0.00054841
0.000123816
0.000527493
0.000124672
0.000506421
0.000125561
0.000485192
0.000126481
0.0004638
0.000127434
0.000442238
0.000128424
0.000420501
0.000129455
0.000398587
0.000130528
0.000376497
0.000131646
0.000354247
0.000132803
0.00033187
0.000133998
0.000309405
0.000135237
0.000286874
0.000136568
0.000264228
0.000138068
0.000241267
0.000139907
0.00021769
0.000142144
0.000193051
0.000144908
0.000166996
0.000147963
0.00013996
0.000150802
0.000112872
0.000153386
8.56439e-05
0.000157328
5.75179e-05
0.000162193
2.7064e-05
0.000171218
0.000145402
0.000678418
0.000139329
0.000658177
0.000140211
0.000637821
0.000141064
0.00061735
0.000141918
0.000596758
0.000142797
0.000576035
0.000143716
0.000555172
0.000144678
0.000534162
0.000145682
0.000512997
0.000146726
0.00049167
0.000147807
0.000470173
0.000148932
0.000448488
0.000150109
0.000426588
0.000151355
0.000404423
0.000152694
0.000381917
0.000154152
0.000358981
0.000155739
0.00033553
0.000157449
0.000311547
0.00015922
0.00028715
0.000160966
0.000262708
0.00016251
0.000238665
0.000163949
0.000215392
0.000165417
0.000192768
0.000167532
0.000169597
0.000171133
0.00014441
0.000175989
0.000117396
0.0001804
8.93626e-05
0.000185362
6.04094e-05
0.000191146
2.88025e-05
0.000202825
0.000174205
0.000686198
0.000159588
0.000665818
0.000160591
0.000645332
0.00016155
0.000624738
0.000162512
0.000604024
0.00016351
0.00058318
0.00016456
0.000562195
0.000165663
0.000541065
0.000166812
0.00051979
0.000168
0.000498377
0.00016922
0.000476849
0.00017046
0.000455257
0.000171701
0.000433681
0.00017293
0.000412223
0.000174152
0.000390943
0.000175432
0.000369829
0.000176853
0.00034863
0.000178648
0.000326935
0.000180915
0.000304217
0.000183683
0.000279845
0.000186883
0.000253549
0.000190245
0.000225884
0.000193082
0.000198534
0.000194881
0.000172767
0.0001969
0.000147451
0.000201305
0.000120806
0.000207045
9.25057e-05
0.000213662
6.29294e-05
0.000220723
3.03083e-05
0.000235446
0.000204513
0.000694261
0.000180065
0.000673707
0.000181145
0.000653072
0.000182185
0.00063234
0.000183244
0.00061149
0.00018436
0.000590503
0.000185548
0.000569365
0.000186801
0.000548057
0.000188121
0.00052653
0.000189527
0.000504692
0.000191057
0.0004824
0.000192752
0.000459504
0.000194596
0.000435885
0.00019655
0.000411553
0.000198484
0.000386744
0.000200241
0.000361984
0.000201613
0.000337956
0.000202676
0.000315318
0.000203553
0.000294375
0.000204626
0.000274697
0.000206561
0.000254728
0.000210214
0.000232129
0.000215681
0.000206124
0.000220887
0.00017886
0.000224165
0.000152023
0.000228142
0.000124864
0.000234204
9.6211e-05
0.000242315
6.60591e-05
0.000250875
3.23311e-05
0.000269174
0.000236844
0.000702492
0.000200777
0.000681699
0.000201938
0.00066086
0.000203024
0.000639943
0.000204161
0.0006189
0.000205403
0.000597738
0.000206709
0.000576531
0.000208009
0.000555422
0.000209229
0.000534607
0.000210342
0.000514283
0.000211381
0.000494548
0.000212488
0.000475301
0.000213843
0.000456109
0.000215742
0.000436314
0.000218279
0.000415173
0.000221382
0.00039183
0.000224956
0.000365851
0.000228655
0.000337554
0.00023185
0.000308154
0.000234026
0.000279888
0.000234827
0.000254937
0.000235166
0.000232573
0.000238044
0.00020918
0.00024428
0.000183041
0.000250304
0.000155676
0.000255507
0.000127834
0.000262045
9.86572e-05
0.000271493
6.80592e-05
0.000281473
3.36392e-05
0.000303594
0.000270483
0.000710821
0.000221472
0.00068992
0.000222839
0.000668932
0.000224012
0.000647835
0.000225258
0.000626469
0.000226769
0.000604604
0.000228574
0.00058193
0.000230682
0.00055813
0.00023303
0.000533088
0.000235384
0.000507008
0.000237461
0.000480528
0.000238967
0.000454586
0.000239784
0.000430263
0.000240065
0.000408454
0.000240088
0.000389456
0.00024038
0.000372817
0.000241595
0.000356935
0.000244537
0.0003395
0.000249285
0.000318172
0.000255354
0.000292028
0.00026097
0.000263543
0.000263652
0.000237017
0.000264569
0.00021266
0.000268637
0.000187357
0.000275608
0.000160173
0.000282691
0.000131961
0.000290257
0.000102196
0.000301257
7.0973e-05
0.000312695
3.57765e-05
0.000338791
0.00030626
0.000717662
0.000239256
0.000697692
0.000242809
0.000676691
0.000245013
0.000655692
0.000246256
0.000635651
0.000246811
0.00061717
0.000247055
0.000600232
0.00024762
0.000584199
0.000249062
0.000567864
0.00025172
0.000550005
0.000255319
0.000529436
0.000259537
0.000505302
0.000263918
0.00047743
0.000267937
0.000446604
0.000270914
0.000414448
0.000272535
0.000383409
0.000272634
0.000356012
0.000271934
0.000333214
0.000272083
0.000313819
0.000274749
0.0002938
0.000280989
0.00026902
0.000288432
0.000241381
0.000292208
0.000214898
0.00029512
0.000189115
0.00030139
0.000162066
0.000309741
0.000133704
0.000318619
0.000103486
0.000331476
7.18127e-05
0.000344369
3.65535e-05
0.00037405
0.000342813
0.000714323
0.000241539
0.00070279
0.000254342
0.000683119
0.000264684
0.000657095
0.00027228
0.000627011
0.000276895
0.000595286
0.00027878
0.000564387
0.000278519
0.000536647
0.000276803
0.000513467
0.000274899
0.000495217
0.00027357
0.000481128
0.000273625
0.000469516
0.000275531
0.000457944
0.000279509
0.000443784
0.000285075
0.000424989
0.00029133
0.000400699
0.000296924
0.000372503
0.000300131
0.000343213
0.000301372
0.000316452
0.00030151
0.000294146
0.000303295
0.000272462
0.000310116
0.00024704
0.000317631
0.000219824
0.000322336
0.000193139
0.000328074
0.000165823
0.000337057
0.000137417
0.000347026
0.000106991
0.000361901
7.41646e-05
0.000377195
3.86657e-05
0.000409549
0.000381479
0.000655452
0.0001962
0.000685422
0.000224371
0.000701592
0.000248514
0.000705514
0.000268358
0.000698269
0.00028414
0.000680956
0.000296093
0.000655079
0.000304396
0.000622558
0.000309325
0.000586089
0.000311367
0.000548562
0.000311097
0.000512783
0.000309405
0.000480987
0.000307326
0.000454489
0.000306007
0.000432951
0.000306613
0.000414442
0.000309839
0.000396096
0.00031527
0.000374943
0.000321284
0.000350048
0.000326267
0.000322145
0.000329413
0.000295013
0.000330428
0.0002712
0.000333929
0.000247214
0.000341616
0.000220743
0.000348807
0.000193491
0.000355326
0.000165773
0.000364775
0.000136889
0.00037591
0.000107381
0.000391409
7.32793e-05
0.000411297
3.85191e-05
0.000444309
0.000419998
0.00039037
0.000102388
0.000460118
0.000154624
0.000512785
0.000195847
0.00055086
0.000230284
0.000576101
0.000258898
0.000589799
0.000282395
0.000593084
0.000301111
0.000587103
0.000315306
0.000573171
0.000325299
0.000552798
0.00033147
0.000527764
0.000334439
0.000500129
0.000334961
0.000471974
0.000334162
0.000444961
0.000333626
0.000420245
0.000334555
0.000397687
0.000337827
0.00037584
0.000343132
0.000353164
0.000348943
0.000328308
0.000354268
0.000301631
0.000357105
0.000275694
0.000359866
0.000250729
0.000366582
0.00022469
0.000374845
0.000197556
0.00038246
0.000169815
0.000392516
0.000139967
0.000405758
0.000111316
0.00042006
7.50894e-05
0.000447523
4.03642e-05
0.000479034
0.000460362
2.82049e-06
3.55349e-07
9.55626e-08
-2.46928e-06
-3.67959e-06
-4.59905e-06
-5.44786e-06
-5.97894e-06
-6.53748e-06
-7.15855e-06
-7.48154e-06
-7.55042e-06
-7.69158e-06
-8.00969e-06
-8.60998e-06
-9.38101e-06
-1.01208e-05
-1.0692e-05
-1.10486e-05
-1.13565e-05
-1.19603e-05
-1.316e-05
-1.52032e-05
-1.82257e-05
-2.22365e-05
-2.69718e-05
-3.15603e-05
-3.36364e-05
-2.77417e-05
)
;

boundaryField
{
    inlet
    {
        type            calculated;
        value           nonuniform List<scalar> 
30
(
-0.000666667
-0.000666667
-0.000666667
-0.000666667
-0.000666667
-0.000666667
-0.000666667
-0.000666667
-0.000666667
-0.000666667
-0.000666667
-0.000666667
-0.000666667
-0.000666667
-0.000666667
-0.000666667
-0.000666667
-0.000666667
-0.000666667
-0.000666667
-0.000666667
-0.000666667
-0.000666667
-0.000666667
-0.000666667
-0.000666667
-0.000666667
-0.000666667
-0.000666667
-0.000666667
)
;
    }
    outlet
    {
        type            calculated;
        value           nonuniform List<scalar> 0();
    }
    wall
    {
        type            calculated;
        value           uniform 0;
    }
    obstacle
    {
        type            calculated;
        value           uniform 0;
    }
    frontAndBack
    {
        type            empty;
        value           nonuniform List<scalar> 0();
    }
    procBoundary0to1
    {
        type            processor;
        value           nonuniform List<scalar> 
61
(
0.000102394
0.000154631
0.000195855
0.000230293
0.000258908
0.000282405
0.000301122
0.000315317
0.000325311
0.000331483
0.000334453
0.000334975
0.000334177
0.000333642
0.000334572
0.000420262
0.000315287
0.000321303
0.000326287
0.000329435
0.000330451
0.000333955
0.000341644
0.000348837
0.000355359
0.000364811
0.000375951
0.000391454
0.000411349
0.000444369
0.00042006
0.000457542
0.000481499
0.000447783
0.000422625
0.000406968
0.000393435
0.000383309
0.000375377
0.00036714
0.000360487
0.000357428
0.000354337
0.000349084
0.00034345
0.000338428
0.000335326
0.000334366
0.000334734
0.000335317
0.000334747
0.000332074
0.000326499
0.000317349
0.000304134
0.000286406
0.000263634
0.000234872
0.000197923
0.000148729
7.46466e-05
)
;
    }
}


// ************************************************************************* //
