/*--------------------------------*- C++ -*----------------------------------*\
| =========                 |                                                 |
| \\      /  F ield         | OpenFOAM: The Open Source CFD Toolbox           |
|  \\    /   O peration     | Version:  2312                                  |
|   \\  /    A nd           | Website:  www.openfoam.com                      |
|    \\/     M anipulation  |                                                 |
\*---------------------------------------------------------------------------*/
FoamFile
{
    version     2.0;
    format      ascii;
    arch        "LSB;label=32;scalar=64";
    class       volVectorField;
    location    "172000";
    object      U;
}
// * * * * * * * * * * * * * * * * * * * * * * * * * * * * * * * * * * * * * //

dimensions      [0 1 -1 0 0 0 0];

internalField   nonuniform List<vector> 
2685
(
(0.00067857 -2.40748e-05 0)
(0.000691282 -1.09491e-05 0)
(0.000675862 -1.08169e-06 0)
(0.00065782 8.47576e-06 0)
(0.000639547 1.74654e-05 0)
(0.000619239 2.5286e-05 0)
(0.000594803 3.17833e-05 0)
(0.000565691 3.69944e-05 0)
(0.000532558 4.07627e-05 0)
(0.000496576 4.25622e-05 0)
(0.000458803 4.17144e-05 0)
(0.000420119 3.79066e-05 0)
(0.00038152 3.14989e-05 0)
(0.000344053 2.34246e-05 0)
(0.000308565 1.48864e-05 0)
(0.000275609 6.99592e-06 0)
(0.000245596 4.71593e-07 0)
(0.000218626 -4.43551e-06 0)
(0.000194613 -7.68167e-06 0)
(0.000173335 -9.29819e-06 0)
(0.000154561 -9.54824e-06 0)
(0.000138054 -8.81878e-06 0)
(0.00012356 -7.43613e-06 0)
(0.000110833 -5.68189e-06 0)
(9.96603e-05 -3.8018e-06 0)
(8.98643e-05 -1.9732e-06 0)
(8.12923e-05 -2.89466e-07 0)
(7.37897e-05 1.23748e-06 0)
(6.72004e-05 2.67025e-06 0)
(6.13893e-05 4.11639e-06 0)
(5.62213e-05 5.64237e-06 0)
(5.1547e-05 7.23464e-06 0)
(4.7249e-05 8.76378e-06 0)
(4.3269e-05 9.99327e-06 0)
(3.96243e-05 1.06476e-05 0)
(3.64127e-05 1.05296e-05 0)
(3.38276e-05 9.57368e-06 0)
(3.21292e-05 7.82544e-06 0)
(3.15067e-05 5.38015e-06 0)
(3.20047e-05 2.4286e-06 0)
(3.36929e-05 -6.97309e-07 0)
(3.6587e-05 -3.75485e-06 0)
(4.06906e-05 -6.6456e-06 0)
(4.59603e-05 -9.35167e-06 0)
(5.23232e-05 -1.1879e-05 0)
(5.96849e-05 -1.42394e-05 0)
(6.79323e-05 -1.64495e-05 0)
(7.69363e-05 -1.85295e-05 0)
(8.65583e-05 -2.04986e-05 0)
(9.66601e-05 -2.23719e-05 0)
(0.000107109 -2.41556e-05 0)
(0.000117774 -2.58429e-05 0)
(0.000128515 -2.74095e-05 0)
(0.000139195 -2.88094e-05 0)
(0.000149696 -2.99725e-05 0)
(0.000159837 -3.0834e-05 0)
(0.000169339 -3.13195e-05 0)
(0.000177847 -3.13341e-05 0)
(0.000185026 -3.07729e-05 0)
(0.000190651 -2.95429e-05 0)
(0.000194701 -2.75808e-05 0)
(0.0001974 -2.48909e-05 0)
(0.000199224 -2.15991e-05 0)
(0.000200849 -1.78833e-05 0)
(0.000203059 -1.39646e-05 0)
(0.000206632 -1.00274e-05 0)
(0.000212167 -6.15291e-06 0)
(0.000219899 -2.47144e-06 0)
(0.000229626 8.8325e-07 0)
(0.000240701 3.77947e-06 0)
(0.000252274 6.19761e-06 0)
(0.000263466 8.05843e-06 0)
(0.000273403 9.09255e-06 0)
(0.000281359 8.93231e-06 0)
(0.000286983 7.34326e-06 0)
(0.000290335 4.45666e-06 0)
(0.000291747 6.81527e-07 0)
(0.000291495 -3.38115e-06 0)
(0.000289771 -6.95303e-06 0)
(0.000286841 -9.32895e-06 0)
(0.000282942 -1.00828e-05 0)
(0.000278046 -9.18268e-06 0)
(0.000271991 -6.73028e-06 0)
(0.000264727 -3.02993e-06 0)
(0.000256274 1.44968e-06 0)
(0.000246688 6.1759e-06 0)
(0.000236031 1.06427e-05 0)
(0.00022434 1.44332e-05 0)
(0.000211601 1.72717e-05 0)
(0.000197746 1.91438e-05 0)
(0.00125248 1.81512e-05 0)
(0.00124669 2.95008e-05 0)
(0.00124504 4.05259e-05 0)
(0.0012433 5.20475e-05 0)
(0.00123937 6.36946e-05 0)
(0.00123274 7.5044e-05 0)
(0.00122339 8.59122e-05 0)
(0.00121148 9.62146e-05 0)
(0.00119721 0.000105816 0)
(0.00118074 0.000114442 0)
(0.00116193 0.000121733 0)
(0.00114035 0.000127335 0)
(0.00111545 0.000130933 0)
(0.0010869 0.00013234 0)
(0.00105457 0.000131505 0)
(0.00101883 0.000128445 0)
(0.000980468 0.000123375 0)
(0.000939806 0.000116608 0)
(0.000897561 0.000108408 0)
(0.0008549 9.90295e-05 0)
(0.000812518 8.89296e-05 0)
(0.000771002 7.87757e-05 0)
(0.000731127 6.9007e-05 0)
(0.000693588 5.97968e-05 0)
(0.000658841 5.12404e-05 0)
(0.000627178 4.34119e-05 0)
(0.000598763 3.63332e-05 0)
(0.000573648 2.99752e-05 0)
(0.000551847 2.43174e-05 0)
(0.000533234 1.93652e-05 0)
(0.00051763 1.50933e-05 0)
(0.00050491 1.14472e-05 0)
(0.000494948 8.34712e-06 0)
(0.000487627 5.70174e-06 0)
(0.000482794 3.40699e-06 0)
(0.000480219 1.28536e-06 0)
(0.000479438 -8.42832e-07 0)
(0.000480079 -3.04933e-06 0)
(0.000481897 -5.29833e-06 0)
(0.000484585 -7.63321e-06 0)
(0.000488157 -1.00433e-05 0)
(0.000492554 -1.25056e-05 0)
(0.000497711 -1.49606e-05 0)
(0.000503552 -1.73062e-05 0)
(0.000509987 -1.94334e-05 0)
(0.000516914 -2.12507e-05 0)
(0.000524202 -2.26756e-05 0)
(0.000531681 -2.36225e-05 0)
(0.000539173 -2.40367e-05 0)
(0.000546505 -2.39295e-05 0)
(0.000553506 -2.33292e-05 0)
(0.000560008 -2.22104e-05 0)
(0.000565858 -2.05221e-05 0)
(0.000570922 -1.82552e-05 0)
(0.000574981 -1.54105e-05 0)
(0.000577749 -1.19059e-05 0)
(0.000579111 -7.53679e-06 0)
(0.000579083 -2.21163e-06 0)
(0.000577743 3.74821e-06 0)
(0.000575241 9.5402e-06 0)
(0.000571733 1.41098e-05 0)
(0.000567387 1.64204e-05 0)
(0.00056237 1.5644e-05 0)
(0.00055701 1.13567e-05 0)
(0.000551648 3.54728e-06 0)
(0.00054662 -7.40413e-06 0)
(0.000541858 -2.0385e-05 0)
(0.000537091 -3.35328e-05 0)
(0.000532196 -4.5019e-05 0)
(0.000527517 -5.3374e-05 0)
(0.000523192 -5.74295e-05 0)
(0.000518626 -5.64616e-05 0)
(0.000512863 -5.05957e-05 0)
(0.000505504 -4.0833e-05 0)
(0.000497069 -2.87779e-05 0)
(0.000488685 -1.60969e-05 0)
(0.00048134 -4.02871e-06 0)
(0.00047584 6.71877e-06 0)
(0.000472492 1.59359e-05 0)
(0.000470726 2.36095e-05 0)
(0.00046919 2.98036e-05 0)
(0.000466585 3.46229e-05 0)
(0.000461887 3.80752e-05 0)
(0.00045419 4.01955e-05 0)
(0.000443022 4.11627e-05 0)
(0.000428478 4.13647e-05 0)
(0.000411082 4.13336e-05 0)
(0.000391616 4.1567e-05 0)
(0.00037113 4.23747e-05 0)
(0.000350622 4.37389e-05 0)
(0.0014783 -4.96657e-06 0)
(0.00148238 8.7257e-06 0)
(0.00148986 2.26684e-05 0)
(0.00149753 3.64839e-05 0)
(0.00150405 5.05605e-05 0)
(0.00150893 6.51294e-05 0)
(0.0015119 8.01503e-05 0)
(0.00151292 9.53872e-05 0)
(0.00151193 0.000110447 0)
(0.00150884 0.000124831 0)
(0.00150341 0.000138054 0)
(0.00149531 0.000149753 0)
(0.00148413 0.000159694 0)
(0.00146957 0.000167771 0)
(0.00145139 0.000173936 0)
(0.00142958 0.000178159 0)
(0.00140425 0.000180424 0)
(0.00137546 0.000180705 0)
(0.00134353 0.000179133 0)
(0.00130879 0.000175864 0)
(0.00127193 0.000170929 0)
(0.00123385 0.000164395 0)
(0.00119496 0.000156363 0)
(0.00115563 0.000146938 0)
(0.00111645 0.000136305 0)
(0.00107807 0.000124781 0)
(0.00104102 0.000112769 0)
(0.00100576 0.000100669 0)
(0.000972663 8.87852e-05 0)
(0.000942045 7.72818e-05 0)
(0.000914105 6.62411e-05 0)
(0.000888977 5.57055e-05 0)
(0.00086669 4.57157e-05 0)
(0.000847152 3.62993e-05 0)
(0.000830287 2.74606e-05 0)
(0.000815848 1.91618e-05 0)
(0.000803599 1.13371e-05 0)
(0.000793561 3.93887e-06 0)
(0.000785637 -3.0406e-06 0)
(0.000779562 -9.65317e-06 0)
(0.000775146 -1.59904e-05 0)
(0.000772192 -2.2039e-05 0)
(0.000770591 -2.77573e-05 0)
(0.00077026 -3.30805e-05 0)
(0.000771069 -3.7862e-05 0)
(0.000772856 -4.19666e-05 0)
(0.000775434 -4.52924e-05 0)
(0.000778615 -4.77758e-05 0)
(0.000782242 -4.94099e-05 0)
(0.000786208 -5.02381e-05 0)
(0.00079045 -5.0312e-05 0)
(0.00079495 -4.96763e-05 0)
(0.000799738 -4.83798e-05 0)
(0.000804879 -4.64409e-05 0)
(0.000810461 -4.37812e-05 0)
(0.000816651 -4.02541e-05 0)
(0.000823672 -3.58047e-05 0)
(0.000831727 -3.05705e-05 0)
(0.000841058 -2.47743e-05 0)
(0.000851735 -1.85887e-05 0)
(0.000863451 -1.23626e-05 0)
(0.000876142 -6.53663e-06 0)
(0.000889382 -1.27735e-06 0)
(0.000902365 3.19027e-06 0)
(0.000914456 6.57225e-06 0)
(0.000924444 9.08379e-06 0)
(0.000931334 1.15171e-05 0)
(0.000935102 1.46273e-05 0)
(0.000935419 1.83176e-05 0)
(0.00093169 2.21793e-05 0)
(0.00092367 2.66697e-05 0)
(0.000911924 3.29643e-05 0)
(0.000897334 4.09194e-05 0)
(0.000880644 4.77767e-05 0)
(0.000862029 4.97144e-05 0)
(0.000841894 4.47225e-05 0)
(0.000820833 3.38816e-05 0)
(0.000799164 2.04118e-05 0)
(0.000777099 7.92531e-06 0)
(0.000755221 -5.11133e-07 0)
(0.000734398 -2.87113e-06 0)
(0.000714913 1.81734e-06 0)
(0.000696372 1.31481e-05 0)
(0.000678801 2.92371e-05 0)
(0.000662609 4.744e-05 0)
(0.000648307 6.52548e-05 0)
(0.000636045 8.09647e-05 0)
(0.000625274 9.36793e-05 0)
(0.000614498 0.000103001 0)
(0.000601903 0.000108906 0)
(0.00156556 -1.659e-05 0)
(0.00157242 -3.94231e-06 0)
(0.00157967 9.71406e-06 0)
(0.00158886 2.40467e-05 0)
(0.00159976 3.90123e-05 0)
(0.00161112 5.46573e-05 0)
(0.001622 7.1112e-05 0)
(0.0016318 8.83389e-05 0)
(0.00164013 0.000106102 0)
(0.0016468 0.000124112 0)
(0.00165177 0.000142042 0)
(0.00165489 0.000159563 0)
(0.00165586 0.000176372 0)
(0.00165429 0.000192189 0)
(0.00164977 0.000206764 0)
(0.00164202 0.000219844 0)
(0.00163089 0.000231139 0)
(0.00161634 0.000240342 0)
(0.00159843 0.000247139 0)
(0.00157716 0.000251269 0)
(0.00155241 0.000252545 0)
(0.00152416 0.000250799 0)
(0.0014926 0.000246014 0)
(0.00145805 0.000238358 0)
(0.001421 0.000228112 0)
(0.00138212 0.000215655 0)
(0.00134215 0.000201401 0)
(0.00130188 0.000185746 0)
(0.00126201 0.00016909 0)
(0.00122313 0.000151896 0)
(0.00118576 0.000134651 0)
(0.00115037 0.000117783 0)
(0.00111728 0.000101614 0)
(0.0010867 8.63724e-05 0)
(0.00105871 7.21461e-05 0)
(0.00103341 5.89082e-05 0)
(0.00101086 4.65909e-05 0)
(0.000990986 3.50869e-05 0)
(0.000973624 2.42603e-05 0)
(0.000958415 1.40423e-05 0)
(0.000945179 4.34088e-06 0)
(0.000933913 -4.85462e-06 0)
(0.000924439 -1.34638e-05 0)
(0.000916658 -2.13639e-05 0)
(0.000910473 -2.83944e-05 0)
(0.000905603 -3.4323e-05 0)
(0.000901723 -3.89932e-05 0)
(0.000898501 -4.23626e-05 0)
(0.000895649 -4.45551e-05 0)
(0.000893029 -4.58175e-05 0)
(0.00089069 -4.63616e-05 0)
(0.000888819 -4.63152e-05 0)
(0.000887683 -4.57993e-05 0)
(0.000887582 -4.49735e-05 0)
(0.000888811 -4.39725e-05 0)
(0.000891615 -4.28121e-05 0)
(0.000896116 -4.14845e-05 0)
(0.000902226 -4.00946e-05 0)
(0.000909768 -3.88216e-05 0)
(0.000918723 -3.78024e-05 0)
(0.000929165 -3.70848e-05 0)
(0.000941073 -3.68036e-05 0)
(0.000954348 -3.71379e-05 0)
(0.000968875 -3.79834e-05 0)
(0.000984426 -3.90374e-05 0)
(0.00100063 -3.98703e-05 0)
(0.00101721 -3.9798e-05 0)
(0.00103416 -3.80683e-05 0)
(0.0010515 -3.40103e-05 0)
(0.00106904 -2.72074e-05 0)
(0.00108655 -1.73794e-05 0)
(0.00110419 -4.37996e-06 0)
(0.0011221 1.14414e-05 0)
(0.00113999 2.89692e-05 0)
(0.00115727 4.66859e-05 0)
(0.00117234 6.33847e-05 0)
(0.00118306 7.8492e-05 0)
(0.00118789 9.18615e-05 0)
(0.00118628 0.000103491 0)
(0.0011773 0.000113108 0)
(0.0011599 0.000120305 0)
(0.00113536 0.000125368 0)
(0.00110589 0.000128688 0)
(0.00107292 0.000129217 0)
(0.00103756 0.000125311 0)
(0.00100066 0.000117375 0)
(0.000962848 0.000108497 0)
(0.000924984 0.000102053 0)
(0.000888706 9.96763e-05 0)
(0.000855537 0.000101665 0)
(0.00154305 -3.26773e-05 0)
(0.00155661 -2.57991e-05 0)
(0.00157091 -1.6388e-05 0)
(0.00158558 -4.48545e-06 0)
(0.00160026 9.5976e-06 0)
(0.00161495 2.55815e-05 0)
(0.00162936 4.31227e-05 0)
(0.00164277 6.19004e-05 0)
(0.00165474 8.15813e-05 0)
(0.00166519 0.000101932 0)
(0.00167402 0.000122701 0)
(0.00168112 0.000143555 0)
(0.00168642 0.000164131 0)
(0.00168988 0.000184105 0)
(0.00169141 0.000203238 0)
(0.0016909 0.00022132 0)
(0.00168822 0.000238137 0)
(0.00168318 0.000253528 0)
(0.00167567 0.00026729 0)
(0.00166571 0.000279067 0)
(0.00165331 0.00028855 0)
(0.00163853 0.000295546 0)
(0.0016214 0.000299742 0)
(0.0016018 0.000300787 0)
(0.00157948 0.000298595 0)
(0.00155428 0.000293218 0)
(0.00152614 0.000284649 0)
(0.00149505 0.000273076 0)
(0.00146131 0.000259014 0)
(0.00142556 0.000242919 0)
(0.00138855 0.000225015 0)
(0.00135081 0.000205661 0)
(0.00131288 0.000185515 0)
(0.0012755 0.000165207 0)
(0.00123948 0.000145067 0)
(0.00120541 0.00012527 0)
(0.00117353 0.000106046 0)
(0.00114393 8.76692e-05 0)
(0.00111665 7.03245e-05 0)
(0.00109168 5.40674e-05 0)
(0.00106896 3.88904e-05 0)
(0.00104852 2.47165e-05 0)
(0.0010304 1.15466e-05 0)
(0.00101435 -4.69739e-07 0)
(0.000999912 -1.10743e-05 0)
(0.000986498 -1.98893e-05 0)
(0.000973434 -2.65525e-05 0)
(0.000960268 -3.10358e-05 0)
(0.000946869 -3.37747e-05 0)
(0.000933784 -3.55493e-05 0)
(0.000922079 -3.72064e-05 0)
(0.000912478 -3.93752e-05 0)
(0.000905058 -4.23335e-05 0)
(0.000899709 -4.60012e-05 0)
(0.00089644 -5e-05 0)
(0.000895172 -5.37538e-05 0)
(0.00089561 -5.68102e-05 0)
(0.000897615 -5.91376e-05 0)
(0.000901277 -6.09621e-05 0)
(0.000906701 -6.24902e-05 0)
(0.000913962 -6.38845e-05 0)
(0.000923032 -6.52641e-05 0)
(0.000933841 -6.65997e-05 0)
(0.000946349 -6.77368e-05 0)
(0.00096054 -6.84856e-05 0)
(0.000976362 -6.86189e-05 0)
(0.000993724 -6.78447e-05 0)
(0.00101256 -6.58676e-05 0)
(0.00103289 -6.2513e-05 0)
(0.00105477 -5.76978e-05 0)
(0.00107807 -5.12467e-05 0)
(0.00110248 -4.3005e-05 0)
(0.00112823 -3.32005e-05 0)
(0.00115579 -2.23086e-05 0)
(0.0011848 -1.06904e-05 0)
(0.00121458 1.43549e-06 0)
(0.00124466 1.41053e-05 0)
(0.00127469 2.78196e-05 0)
(0.00130384 4.34035e-05 0)
(0.00133118 6.13835e-05 0)
(0.00135689 8.20335e-05 0)
(0.00138104 0.000105391 0)
(0.00140258 0.000130627 0)
(0.00142026 0.000156493 0)
(0.00143265 0.000181595 0)
(0.00143766 0.0002044 0)
(0.0014337 0.000223682 0)
(0.00142046 0.000238751 0)
(0.00139698 0.000248941 0)
(0.00136255 0.000253233 0)
(0.00159106 -7.39342e-05 0)
(0.00161107 -6.61057e-05 0)
(0.00163147 -5.56044e-05 0)
(0.00165223 -4.23104e-05 0)
(0.00167272 -2.61402e-05 0)
(0.00169186 -7.28489e-06 0)
(0.0017087 1.38507e-05 0)
(0.00172276 3.68655e-05 0)
(0.00173392 6.15874e-05 0)
(0.00174223 8.75591e-05 0)
(0.00174752 0.000114077 0)
(0.00174954 0.000140538 0)
(0.00174824 0.000166398 0)
(0.00174369 0.000191145 0)
(0.00173615 0.000214266 0)
(0.00172592 0.00023534 0)
(0.00171345 0.000254116 0)
(0.00169931 0.000270419 0)
(0.00168399 0.00028428 0)
(0.00166791 0.00029608 0)
(0.00165161 0.00030611 0)
(0.00163541 0.000314372 0)
(0.00161931 0.000321053 0)
(0.00160327 0.000326407 0)
(0.00158735 0.000330032 0)
(0.00157128 0.000331263 0)
(0.00155458 0.000330062 0)
(0.0015369 0.000326489 0)
(0.00151775 0.000319902 0)
(0.0014963 0.00030986 0)
(0.00147201 0.000297076 0)
(0.00144528 0.000282468 0)
(0.0014168 0.000265936 0)
(0.00138672 0.000246986 0)
(0.00135483 0.000225969 0)
(0.00132141 0.000204009 0)
(0.00128733 0.000182033 0)
(0.00125348 0.000160399 0)
(0.00122044 0.000139274 0)
(0.00118869 0.00011887 0)
(0.00115876 9.92213e-05 0)
(0.00113105 8.01617e-05 0)
(0.00110528 6.18252e-05 0)
(0.00108039 4.51317e-05 0)
(0.00105519 3.15678e-05 0)
(0.00102928 2.22264e-05 0)
(0.00100308 1.70415e-05 0)
(0.000977357 1.4405e-05 0)
(0.000953059 1.16351e-05 0)
(0.000931226 6.50768e-06 0)
(0.000912723 -1.11844e-06 0)
(0.000897895 -9.56307e-06 0)
(0.000886503 -1.75744e-05 0)
(0.000877871 -2.52875e-05 0)
(0.000871217 -3.31052e-05 0)
(0.000865691 -4.0929e-05 0)
(0.000860012 -4.83154e-05 0)
(0.000853095 -5.48594e-05 0)
(0.00084495 -6.05649e-05 0)
(0.000836554 -6.57833e-05 0)
(0.000829237 -7.0968e-05 0)
(0.000824331 -7.66496e-05 0)
(0.000822871 -8.30681e-05 0)
(0.000825448 -9.01549e-05 0)
(0.000832292 -9.75938e-05 0)
(0.000843363 -0.000104865 0)
(0.000858443 -0.000111325 0)
(0.000877255 -0.000116361 0)
(0.000899498 -0.00011948 0)
(0.000924853 -0.00012032 0)
(0.000953086 -0.000118613 0)
(0.00098409 -0.000114231 0)
(0.00101771 -0.000107257 0)
(0.00105364 -9.80423e-05 0)
(0.0010915 -8.69599e-05 0)
(0.00113097 -7.42956e-05 0)
(0.00117173 -6.03445e-05 0)
(0.00121343 -4.51409e-05 0)
(0.00125613 -2.8428e-05 0)
(0.00130037 -9.93021e-06 0)
(0.00134619 1.04001e-05 0)
(0.00139275 3.25008e-05 0)
(0.00143945 5.63902e-05 0)
(0.00148623 8.20689e-05 0)
(0.00153224 0.000109477 0)
(0.00157596 0.000138577 0)
(0.0016161 0.000169136 0)
(0.00165099 0.000200726 0)
(0.00167877 0.000232686 0)
(0.00169913 0.000264142 0)
(0.00166974 -0.000134748 0)
(0.00169179 -0.000125402 0)
(0.00171468 -0.000112621 0)
(0.00173881 -9.64266e-05 0)
(0.00176363 -7.67197e-05 0)
(0.00178809 -5.35607e-05 0)
(0.00181108 -2.71254e-05 0)
(0.00183233 2.25091e-06 0)
(0.0018515 3.40898e-05 0)
(0.00186722 6.78299e-05 0)
(0.00187875 0.000103011 0)
(0.00188591 0.00013891 0)
(0.00188821 0.000174802 0)
(0.00188525 0.000209878 0)
(0.0018767 0.000243345 0)
(0.00186225 0.000274518 0)
(0.00184204 0.00030253 0)
(0.00181654 0.000326646 0)
(0.00178641 0.000346478 0)
(0.00175257 0.000361364 0)
(0.00171608 0.000370907 0)
(0.00167804 0.000375778 0)
(0.00164003 0.000376539 0)
(0.00160371 0.000373565 0)
(0.00156999 0.000368652 0)
(0.00153965 0.000363707 0)
(0.00151337 0.000358553 0)
(0.00149081 0.000352643 0)
(0.00147099 0.000347025 0)
(0.00145342 0.000342126 0)
(0.00143724 0.000335733 0)
(0.00142047 0.000325688 0)
(0.00140135 0.000313033 0)
(0.00137985 0.000300196 0)
(0.00135693 0.000287272 0)
(0.00133275 0.000272272 0)
(0.00130665 0.00025417 0)
(0.00127858 0.000233812 0)
(0.00124944 0.000212242 0)
(0.00121974 0.000189614 0)
(0.00118891 0.000166064 0)
(0.0011563 0.000143184 0)
(0.00112204 0.000124023 0)
(0.00108678 0.000110776 0)
(0.00105099 0.000102487 0)
(0.00101508 9.59e-05 0)
(0.000979832 8.84937e-05 0)
(0.000946719 7.96053e-05 0)
(0.000918155 6.85095e-05 0)
(0.000897134 5.38361e-05 0)
(0.000885106 3.58346e-05 0)
(0.000878782 1.67448e-05 0)
(0.000870499 -1.41103e-06 0)
(0.000853444 -1.67976e-05 0)
(0.000825562 -2.656e-05 0)
(0.00078943 -2.88546e-05 0)
(0.00074995 -2.53319e-05 0)
(0.000711744 -2.04264e-05 0)
(0.000678053 -1.86834e-05 0)
(0.000651106 -2.27142e-05 0)
(0.000631969 -3.29202e-05 0)
(0.000620854 -4.82487e-05 0)
(0.000617725 -6.69754e-05 0)
(0.000622055 -8.72843e-05 0)
(0.000633044 -0.000107588 0)
(0.000649778 -0.000126633 0)
(0.000671308 -0.000143503 0)
(0.000696729 -0.000157587 0)
(0.000725216 -0.000168532 0)
(0.000756036 -0.000176227 0)
(0.000788637 -0.000180731 0)
(0.000822637 -0.000182291 0)
(0.000857855 -0.000181264 0)
(0.000894212 -0.000178076 0)
(0.000931795 -0.000173119 0)
(0.000970814 -0.000166772 0)
(0.00101166 -0.000159235 0)
(0.00105474 -0.000150478 0)
(0.00110058 -0.000140166 0)
(0.00114966 -0.000128057 0)
(0.00120239 -0.000113876 0)
(0.00125896 -9.70895e-05 0)
(0.00131929 -7.69051e-05 0)
(0.00138286 -5.27755e-05 0)
(0.00144893 -2.43894e-05 0)
(0.00151651 8.45231e-06 0)
(0.00158423 4.55905e-05 0)
(0.00165069 8.65673e-05 0)
(0.00171482 0.0001308 0)
(0.00177532 0.000177254 0)
(0.00155113 -0.000175775 0)
(0.00157266 -0.000171996 0)
(0.00159709 -0.000163757 0)
(0.00162544 -0.000150922 0)
(0.00165715 -0.000133406 0)
(0.00169074 -0.000111136 0)
(0.00172501 -8.41224e-05 0)
(0.00175881 -5.24765e-05 0)
(0.00179119 -1.66515e-05 0)
(0.0018222 2.27819e-05 0)
(0.00185112 6.52388e-05 0)
(0.0018765 0.000110101 0)
(0.00189779 0.000156481 0)
(0.00191433 0.000203466 0)
(0.00192517 0.000250361 0)
(0.00192971 0.00029598 0)
(0.00192741 0.000339062 0)
(0.00191731 0.000378951 0)
(0.00189895 0.00041428 0)
(0.00187243 0.000443444 0)
(0.00183761 0.000466167 0)
(0.00179523 0.000481472 0)
(0.00174702 0.00048793 0)
(0.00169405 0.000486614 0)
(0.00163809 0.000478261 0)
(0.0015823 0.000462186 0)
(0.00152886 0.000441604 0)
(0.00147951 0.000421471 0)
(0.00143693 0.000402068 0)
(0.00140216 0.000382852 0)
(0.00137372 0.000367517 0)
(0.00135036 0.000358563 0)
(0.00133153 0.000351793 0)
(0.00131533 0.000341257 0)
(0.00129881 0.000326757 0)
(0.00128032 0.000312376 0)
(0.00125973 0.000299266 0)
(0.00123664 0.000284541 0)
(0.00120978 0.000267163 0)
(0.00117894 0.000250196 0)
(0.0011459 0.000236081 0)
(0.00111222 0.000223481 0)
(0.00107664 0.000210221 0)
(0.00103651 0.000196718 0)
(0.000992666 0.000184836 0)
(0.000951884 0.000174515 0)
(0.000922588 0.000163031 0)
(0.000907762 0.000145754 0)
(0.000901607 0.000116837 0)
(0.000892084 7.60972e-05 0)
(0.000868115 3.80346e-05 0)
(0.000825991 2.42761e-05 0)
(0.000768859 4.2722e-05 0)
(0.000702958 7.93157e-05 0)
(0.000635383 0.000111781 0)
(0.000573132 0.000126235 0)
(0.000521791 0.000120638 0)
(0.000484455 9.92268e-05 0)
(0.000461852 6.7331e-05 0)
(0.000452881 2.92937e-05 0)
(0.000455484 -1.18052e-05 0)
(0.000467602 -5.33805e-05 0)
(0.000487462 -9.35423e-05 0)
(0.000513373 -0.000130889 0)
(0.000543836 -0.000164385 0)
(0.000577527 -0.000193334 0)
(0.00061328 -0.000217346 0)
(0.000650073 -0.000236315 0)
(0.000687053 -0.00025038 0)
(0.000723554 -0.00025986 0)
(0.000759077 -0.000265198 0)
(0.000793249 -0.000266954 0)
(0.000825821 -0.000265803 0)
(0.000856699 -0.000262552 0)
(0.000886104 -0.000258038 0)
(0.000914608 -0.00025308 0)
(0.000943181 -0.000248309 0)
(0.000973035 -0.000244079 0)
(0.00100558 -0.000240302 0)
(0.00104218 -0.000236504 0)
(0.001084 -0.000231793 0)
(0.00113179 -0.000225015 0)
(0.00118588 -0.000214843 0)
(0.00124614 -0.000200031 0)
(0.00131201 -0.000179462 0)
(0.0013826 -0.000152424 0)
(0.00145685 -0.000118652 0)
(0.00153343 -7.83246e-05 0)
(0.00161069 -3.20475e-05 0)
(0.00168724 1.91416e-05 0)
(0.00121866 -0.000215107 0)
(0.00124483 -0.00022326 0)
(0.00127667 -0.000225366 0)
(0.00131424 -0.000221104 0)
(0.00135675 -0.000210519 0)
(0.00140305 -0.000193494 0)
(0.00145179 -0.000169802 0)
(0.00150167 -0.000139507 0)
(0.00155143 -0.000102913 0)
(0.00159975 -6.04828e-05 0)
(0.001646 -1.30201e-05 0)
(0.00168999 3.85433e-05 0)
(0.00173099 9.3332e-05 0)
(0.0017681 0.000150666 0)
(0.00180065 0.000209324 0)
(0.00182792 0.000267962 0)
(0.00184885 0.000326036 0)
(0.00186276 0.000382185 0)
(0.00186927 0.000434443 0)
(0.00186724 0.000482559 0)
(0.00185606 0.000525328 0)
(0.00183604 0.000559701 0)
(0.00180604 0.000585564 0)
(0.00176554 0.000602532 0)
(0.0017167 0.000606843 0)
(0.00166031 0.000599415 0)
(0.00159715 0.000583373 0)
(0.00153203 0.000556096 0)
(0.00146885 0.000519491 0)
(0.0014084 0.000483805 0)
(0.00135412 0.000452292 0)
(0.00131055 0.000420825 0)
(0.00127672 0.000391967 0)
(0.00124776 0.000372955 0)
(0.00122079 0.000363261 0)
(0.00119536 0.000355463 0)
(0.00117056 0.000346271 0)
(0.00114494 0.000338641 0)
(0.00111808 0.000333092 0)
(0.00109026 0.00032385 0)
(0.00106056 0.000307572 0)
(0.00102717 0.00029176 0)
(0.000990378 0.000287343 0)
(0.000954775 0.000291751 0)
(0.000927386 0.000285383 0)
(0.000911936 0.000249572 0)
(0.000903947 0.000188089 0)
(0.000891687 0.00013004 0)
(0.000862142 0.000108928 0)
(0.000807398 0.000134474 0)
(0.000729404 0.000185949 0)
(0.00064077 0.000233553 0)
(0.000557691 0.000260188 0)
(0.000491165 0.000262728 0)
(0.000444878 0.000243945 0)
(0.000417754 0.000208347 0)
(0.000406617 0.000161014 0)
(0.000408134 0.000106702 0)
(0.000419613 4.91479e-05 0)
(0.000439038 -8.84398e-06 0)
(0.000465323 -6.52524e-05 0)
(0.000497492 -0.000118546 0)
(0.000534232 -0.000167529 0)
(0.000574514 -0.000211245 0)
(0.000617428 -0.000248921 0)
(0.000662078 -0.000280005 0)
(0.000707555 -0.00030419 0)
(0.000752923 -0.000321495 0)
(0.00079728 -0.000332255 0)
(0.000839842 -0.000337052 0)
(0.000879968 -0.000336586 0)
(0.000917079 -0.000331652 0)
(0.000950471 -0.000323314 0)
(0.000979296 -0.000313098 0)
(0.00100279 -0.000302983 0)
(0.00102082 -0.000295014 0)
(0.00103425 -0.000290788 0)
(0.00104503 -0.000291093 0)
(0.00105579 -0.000295805 0)
(0.00106928 -0.000303979 0)
(0.001088 -0.00031396 0)
(0.0011138 -0.000323521 0)
(0.00114783 -0.000330106 0)
(0.00119041 -0.000331199 0)
(0.0012411 -0.000324685 0)
(0.00129887 -0.000309148 0)
(0.00136234 -0.000284006 0)
(0.00143008 -0.00024946 0)
(0.00150071 -0.000206238 0)
(0.00157306 -0.000155344 0)
(0.000817908 -0.000281545 0)
(0.000856786 -0.000303373 0)
(0.000902353 -0.000317768 0)
(0.000953976 -0.000324006 0)
(0.0010106 -0.000321596 0)
(0.00107087 -0.000310363 0)
(0.00113341 -0.000290304 0)
(0.00119694 -0.000261556 0)
(0.0012603 -0.000224463 0)
(0.00132247 -0.000179625 0)
(0.0013825 -0.000127856 0)
(0.00143969 -7.02226e-05 0)
(0.00149368 -7.87348e-06 0)
(0.00154415 5.78466e-05 0)
(0.00159038 0.000125877 0)
(0.00163183 0.000195778 0)
(0.00166832 0.000266176 0)
(0.00169963 0.000335502 0)
(0.00172493 0.000403699 0)
(0.00174348 0.000469693 0)
(0.00175514 0.000530305 0)
(0.00175853 0.000585181 0)
(0.00175201 0.000634138 0)
(0.00173625 0.000671953 0)
(0.00171051 0.000697392 0)
(0.00167266 0.000713193 0)
(0.00162518 0.00071361 0)
(0.00157029 0.000695659 0)
(0.00150613 0.000668135 0)
(0.00143671 0.000631444 0)
(0.00137045 0.000579962 0)
(0.00130835 0.000525848 0)
(0.00124832 0.000486578 0)
(0.00119454 0.000460739 0)
(0.00115189 0.000438674 0)
(0.00111842 0.000420049 0)
(0.00108929 0.000407701 0)
(0.00106281 0.000397817 0)
(0.00103848 0.000385918 0)
(0.00101275 0.000375672 0)
(0.000981372 0.000373621 0)
(0.000946289 0.000376307 0)
(0.000916823 0.000368561 0)
(0.000901744 0.000336558 0)
(0.000899626 0.00028256 0)
(0.000896064 0.000229748 0)
(0.000871411 0.00020953 0)
(0.000815144 0.000235712 0)
(0.000733857 0.00029234 0)
(0.00064496 0.000349401 0)
(0.000564599 0.000384595 0)
(0.00050134 0.000390682 0)
(0.000456991 0.000370751 0)
(0.000429978 0.000331132 0)
(0.00041769 0.000277582 0)
(0.000417315 0.000214573 0)
(0.000426251 0.000145739 0)
(0.00044233 7.41683e-05 0)
(0.000464243 2.46075e-06 0)
(0.000491198 -6.7593e-05 0)
(0.000522489 -0.000134427 0)
(0.000557637 -0.000196882 0)
(0.000596252 -0.000253862 0)
(0.000637927 -0.000304378 0)
(0.000682233 -0.00034754 0)
(0.000728688 -0.000382557 0)
(0.000776704 -0.000408813 0)
(0.0008255 -0.000426091 0)
(0.000874119 -0.000434771 0)
(0.000921698 -0.000435755 0)
(0.000967788 -0.000429947 0)
(0.00101236 -0.000417715 0)
(0.00105525 -0.00039902 0)
(0.00109542 -0.000374412 0)
(0.00113056 -0.000346332 0)
(0.00115785 -0.000319378 0)
(0.00117523 -0.000299054 0)
(0.00118275 -0.000289692 0)
(0.00118279 -0.000293072 0)
(0.00117945 -0.000308256 0)
(0.00117733 -0.000332202 0)
(0.00118052 -0.000360538 0)
(0.00119193 -0.000388267 0)
(0.00121301 -0.000410538 0)
(0.00124383 -0.000423347 0)
(0.00128343 -0.000424084 0)
(0.00133026 -0.000411676 0)
(0.0013826 -0.000386345 0)
(0.00143885 -0.000349241 0)
(0.0014977 -0.00030199 0)
(0.000420645 -0.000369594 0)
(0.000471257 -0.000407458 0)
(0.000528388 -0.000436324 0)
(0.000591545 -0.000455068 0)
(0.000660076 -0.000462742 0)
(0.000732744 -0.000458767 0)
(0.000808181 -0.000442881 0)
(0.000884933 -0.00041524 0)
(0.00096163 -0.00037639 0)
(0.00103698 -0.00032729 0)
(0.00110984 -0.000269246 0)
(0.00117932 -0.000203823 0)
(0.00124466 -0.000132661 0)
(0.00130546 -5.72258e-05 0)
(0.00136175 2.1154e-05 0)
(0.00141312 0.000101056 0)
(0.00145901 0.000181568 0)
(0.00149955 0.000262353 0)
(0.00153485 0.000342366 0)
(0.00156509 0.000419854 0)
(0.00158973 0.000494826 0)
(0.00160767 0.000567139 0)
(0.00161902 0.00063269 0)
(0.00162306 0.000689773 0)
(0.001617 0.000740424 0)
(0.00160118 0.000778713 0)
(0.00157683 0.000798625 0)
(0.00154039 0.000806879 0)
(0.00149222 0.000802315 0)
(0.00143889 0.000772673 0)
(0.00137977 0.00072667 0)
(0.00131215 0.000683791 0)
(0.00124535 0.0006399 0)
(0.00119016 0.000585379 0)
(0.00114495 0.000532412 0)
(0.00110369 0.00049556 0)
(0.00106616 0.000471339 0)
(0.00103339 0.000452935 0)
(0.0010013 0.000444851 0)
(0.000965742 0.000450032 0)
(0.000930779 0.000454147 0)
(0.000906415 0.000435138 0)
(0.000897205 0.000387076 0)
(0.000894785 0.000329767 0)
(0.000881562 0.000295614 0)
(0.000842595 0.000306029 0)
(0.000776495 0.00035649 0)
(0.000695553 0.000422505 0)
(0.000616153 0.000477517 0)
(0.000549945 0.000505255 0)
(0.000501448 0.000501379 0)
(0.000470051 0.00046944 0)
(0.00045282 0.000416281 0)
(0.000446451 0.00034886 0)
(0.000448179 0.000272766 0)
(0.000455967 0.00019199 0)
(0.00046863 0.000109283 0)
(0.000485778 2.65331e-05 0)
(0.000506633 -5.5061e-05 0)
(0.000530729 -0.000134271 0)
(0.000558503 -0.000209886 0)
(0.000590006 -0.000280642 0)
(0.000625044 -0.00034528 0)
(0.000663253 -0.000402654 0)
(0.000704162 -0.000451765 0)
(0.000747313 -0.000491656 0)
(0.000792283 -0.000521315 0)
(0.000838466 -0.000539955 0)
(0.000884767 -0.000547801 0)
(0.000929714 -0.000546627 0)
(0.000972309 -0.000539019 0)
(0.00101297 -0.000526424 0)
(0.00105343 -0.000507673 0)
(0.00109534 -0.000479704 0)
(0.00113836 -0.000440602 0)
(0.00117946 -0.000392886 0)
(0.00121386 -0.000344397 0)
(0.00123746 -0.000305679 0)
(0.00124884 -0.00028571 0)
(0.00124995 -0.000288636 0)
(0.00124524 -0.000312974 0)
(0.00124006 -0.00035272 0)
(0.00123915 -0.000399327 0)
(0.00124569 -0.000443819 0)
(0.00126104 -0.000478556 0)
(0.00128498 -0.000498465 0)
(0.00131631 -0.000501306 0)
(0.00135341 -0.000487277 0)
(0.00139469 -0.000458112 0)
(0.0014389 -0.000416194 0)
(5.0234e-05 -0.000484219 0)
(0.000104052 -0.000538768 0)
(0.000165834 -0.000582096 0)
(0.000233098 -0.00061337 0)
(0.000306457 -0.000631325 0)
(0.000384864 -0.000635187 0)
(0.000467527 -0.000624295 0)
(0.000553169 -0.000598634 0)
(0.000640325 -0.000558686 0)
(0.000727373 -0.000505537 0)
(0.000812785 -0.000440771 0)
(0.0008952 -0.000366385 0)
(0.000973487 -0.000284553 0)
(0.00104678 -0.000197341 0)
(0.00111438 -0.000106641 0)
(0.00117646 -1.41567e-05 0)
(0.00123303 7.88557e-05 0)
(0.00128341 0.000171278 0)
(0.00132783 0.000262282 0)
(0.00136668 0.000351586 0)
(0.00139992 0.000438874 0)
(0.00142796 0.000522251 0)
(0.00145077 0.000600827 0)
(0.00146693 0.00067556 0)
(0.0014762 0.000742747 0)
(0.00147923 0.000796992 0)
(0.00147327 0.000841251 0)
(0.00145669 0.000874641 0)
(0.00143326 0.000884803 0)
(0.00140197 0.000873603 0)
(0.00135784 0.000854962 0)
(0.00130731 0.000820193 0)
(0.00126035 0.000755909 0)
(0.00121324 0.000682787 0)
(0.00115936 0.000629379 0)
(0.00110432 0.000593522 0)
(0.00105651 0.000562083 0)
(0.00101452 0.000539728 0)
(0.000973563 0.000533715 0)
(0.000936893 0.000529881 0)
(0.00091339 0.000503337 0)
(0.000904805 0.000449092 0)
(0.000899627 0.000392352 0)
(0.000880579 0.00036786 0)
(0.000837325 0.000392126 0)
(0.000772777 0.000453968 0)
(0.000699343 0.000526108 0)
(0.000630597 0.000582432 0)
(0.000575311 0.000607802 0)
(0.000536221 0.000598921 0)
(0.000511804 0.00056046 0)
(0.000498728 0.000500383 0)
(0.000493662 0.000426455 0)
(0.000494175 0.000344532 0)
(0.000498927 0.000258256 0)
(0.00050755 0.000169598 0)
(0.000520193 7.96162e-05 0)
(0.000536586 -1.08871e-05 0)
(0.000556967 -0.000101057 0)
(0.000581722 -0.000189211 0)
(0.000610535 -0.000273636 0)
(0.000643086 -0.00035254 0)
(0.000678919 -0.000424154 0)
(0.000717395 -0.000486974 0)
(0.000757666 -0.000540008 0)
(0.000798826 -0.000582686 0)
(0.00084027 -0.000614196 0)
(0.000881849 -0.000632947 0)
(0.000923219 -0.000637552 0)
(0.000962836 -0.000629313 0)
(0.000998072 -0.000613449 0)
(0.00102718 -0.000596282 0)
(0.00105136 -0.000580062 0)
(0.0010746 -0.000560466 0)
(0.00110096 -0.000529671 0)
(0.00113163 -0.000482961 0)
(0.00116394 -0.000423848 0)
(0.001193 -0.000363926 0)
(0.00121449 -0.000317956 0)
(0.0012268 -0.000297654 0)
(0.00123139 -0.000307567 0)
(0.00123181 -0.000344171 0)
(0.00123217 -0.000397808 0)
(0.00123586 -0.000456082 0)
(0.00124497 -0.000507402 0)
(0.00126013 -0.00054345 0)
(0.00128099 -0.000560056 0)
(0.00130656 -0.000556745 0)
(0.00133582 -0.000535441 0)
(0.00136782 -0.000499165 0)
(-0.000195516 -0.000610903 0)
(-0.000149207 -0.000677596 0)
(-9.38327e-05 -0.000733318 0)
(-3.54187e-05 -0.000776426 0)
(2.91896e-05 -0.000805711 0)
(9.9073e-05 -0.000819328 0)
(0.000175039 -0.000816227 0)
(0.000256222 -0.000795895 0)
(0.000341653 -0.000758277 0)
(0.000429761 -0.000704254 0)
(0.000518807 -0.000635455 0)
(0.000606964 -0.000554168 0)
(0.000692631 -0.000463015 0)
(0.000774474 -0.000364657 0)
(0.000851528 -0.000261512 0)
(0.000923077 -0.000155597 0)
(0.000989091 -4.88515e-05 0)
(0.00104977 5.72187e-05 0)
(0.00110453 0.000161677 0)
(0.00115302 0.000263945 0)
(0.00119577 0.000363129 0)
(0.00123297 0.000458715 0)
(0.00126437 0.000550641 0)
(0.00129007 0.00063725 0)
(0.00131057 0.000715753 0)
(0.00132474 0.000786268 0)
(0.00133127 0.0008477 0)
(0.00133165 0.000892389 0)
(0.00132528 0.000918386 0)
(0.00130782 0.000932235 0)
(0.00128145 0.000926795 0)
(0.0012523 0.000889749 0)
(0.00121571 0.000837683 0)
(0.00116494 0.000796815 0)
(0.00110913 0.000761148 0)
(0.00106265 0.000712685 0)
(0.00102591 0.000661244 0)
(0.000990786 0.000628512 0)
(0.000957063 0.000609859 0)
(0.000933259 0.000578164 0)
(0.00092285 0.000521614 0)
(0.000916128 0.000462539 0)
(0.000897394 0.000436717 0)
(0.000857557 0.000461975 0)
(0.000799523 0.000527308 0)
(0.000734327 0.000604387 0)
(0.000673838 0.00066531 0)
(0.000625681 0.000693557 0)
(0.000592131 0.000685538 0)
(0.000571602 0.000646475 0)
(0.000560879 0.000585058 0)
(0.000556863 0.000509451 0)
(0.00055754 0.000425331 0)
(0.000562081 0.000335747 0)
(0.000570514 0.000242023 0)
(0.000583151 0.000144894 0)
(0.000600163 4.53098e-05 0)
(0.000621386 -5.5435e-05 0)
(0.000646749 -0.000155207 0)
(0.000675838 -0.000252091 0)
(0.000707773 -0.000344195 0)
(0.00074183 -0.000429691 0)
(0.000777493 -0.000506698 0)
(0.000814445 -0.000573259 0)
(0.000852294 -0.000627815 0)
(0.000890174 -0.000670002 0)
(0.000926847 -0.000700469 0)
(0.000961689 -0.00071884 0)
(0.000995389 -0.000722008 0)
(0.00102872 -0.000706634 0)
(0.00106015 -0.000675111 0)
(0.00108572 -0.000637734 0)
(0.00110227 -0.000606075 0)
(0.0011109 -0.000583112 0)
(0.0011167 -0.000560516 0)
(0.00112506 -0.00052615 0)
(0.00113808 -0.000474894 0)
(0.00115387 -0.000413808 0)
(0.00116861 -0.000358617 0)
(0.00117929 -0.000325523 0)
(0.00118506 -0.000324115 0)
(0.00118717 -0.000354375 0)
(0.00118799 -0.00040777 0)
(0.00119001 -0.000470993 0)
(0.00119507 -0.000530427 0)
(0.00120411 -0.000575616 0)
(0.00121719 -0.000600867 0)
(0.00123388 -0.000604962 0)
(0.00125357 -0.000589734 0)
(0.00127572 -0.000558413 0)
(-0.000215942 -0.000712781 0)
(-0.000182925 -0.000785205 0)
(-0.000146622 -0.00084858 0)
(-0.000111477 -0.000901126 0)
(-7.35092e-05 -0.000941929 0)
(-3.14422e-05 -0.000968115 0)
(1.67758e-05 -0.000977955 0)
(7.23786e-05 -0.000969303 0)
(0.000136108 -0.000940976 0)
(0.000207122 -0.000892873 0)
(0.000283773 -0.000826165 0)
(0.000363826 -0.000743236 0)
(0.000445016 -0.000647203 0)
(0.000525288 -0.000541435 0)
(0.000603063 -0.000429093 0)
(0.000677284 -0.000312848 0)
(0.000747238 -0.000194806 0)
(0.000812618 -7.67126e-05 0)
(0.000873565 3.99919e-05 0)
(0.000929873 0.000154457 0)
(0.000981015 0.000266054 0)
(0.00102687 0.000374408 0)
(0.00106732 0.000478701 0)
(0.00110235 0.000577753 0)
(0.00113153 0.000670752 0)
(0.00115439 0.000756228 0)
(0.00117148 0.000830347 0)
(0.0011828 0.000890772 0)
(0.00118623 0.000938729 0)
(0.00118212 0.000969634 0)
(0.00117364 0.0009749 0)
(0.00115824 0.000961494 0)
(0.00113114 0.000943915 0)
(0.00109917 0.00091383 0)
(0.00107456 0.000853635 0)
(0.00105609 0.000777369 0)
(0.00103238 0.000720704 0)
(0.00100115 0.000691826 0)
(0.000973174 0.000661793 0)
(0.00095707 0.000606856 0)
(0.000947557 0.000541511 0)
(0.000930699 0.000503543 0)
(0.000896742 0.000517772 0)
(0.000846584 0.000578551 0)
(0.00078923 0.000658355 0)
(0.000735404 0.000726507 0)
(0.000692498 0.000762891 0)
(0.000662981 0.000761565 0)
(0.000645569 0.000727005 0)
(0.000637339 0.000668051 0)
(0.0006355 0.000593144 0)
(0.000638305 0.000508023 0)
(0.000645121 0.000415663 0)
(0.000655959 0.000317335 0)
(0.000670977 0.000213906 0)
(0.000690127 0.00010666 0)
(0.000712659 -2.53722e-06 0)
(0.000738107 -0.000111429 0)
(0.00076595 -0.000217598 0)
(0.000795132 -0.000319055 0)
(0.000825015 -0.000414136 0)
(0.000855152 -0.000501573 0)
(0.000885166 -0.000580305 0)
(0.000914891 -0.000648867 0)
(0.000944593 -0.000704816 0)
(0.000974562 -0.000745636 0)
(0.00100397 -0.000771189 0)
(0.00103068 -0.00078422 0)
(0.00105333 -0.000786124 0)
(0.00107334 -0.000772958 0)
(0.00109329 -0.000739659 0)
(0.00111297 -0.000689548 0)
(0.00112872 -0.000636263 0)
(0.00113723 -0.000593198 0)
(0.00113927 -0.000561517 0)
(0.00113924 -0.00052997 0)
(0.00114137 -0.000486568 0)
(0.00114665 -0.000430465 0)
(0.00115289 -0.000373903 0)
(0.00115705 -0.000334601 0)
(0.00115725 -0.000326014 0)
(0.0011536 -0.000351573 0)
(0.0011477 -0.000404459 0)
(0.00114179 -0.00047126 0)
(0.00113789 -0.00053707 0)
(0.00113734 -0.000589814 0)
(0.00114063 -0.000622485 0)
(0.0011476 -0.00063316 0)
(0.00115776 -0.000623559 0)
(0.00117061 -0.000597118 0)
(1.47275e-05 -0.000767897 0)
(3.76794e-05 -0.000831533 0)
(5.22485e-05 -0.000888407 0)
(5.92718e-05 -0.000939775 0)
(5.97566e-05 -0.000985266 0)
(5.77696e-05 -0.00102309 0)
(5.77196e-05 -0.00105023 0)
(6.43028e-05 -0.00106234 0)
(8.13705e-05 -0.00105547 0)
(0.000111121 -0.00102667 0)
(0.000153408 -0.000974985 0)
(0.000206314 -0.000901699 0)
(0.000267071 -0.000809952 0)
(0.000332573 -0.000703932 0)
(0.000400019 -0.000587994 0)
(0.000467256 -0.000466026 0)
(0.000532775 -0.000341103 0)
(0.000595741 -0.000215383 0)
(0.000655732 -9.03208e-05 0)
(0.000712668 3.29941e-05 0)
(0.000766992 0.000153966 0)
(0.000818643 0.000271704 0)
(0.000867004 0.000385832 0)
(0.00091161 0.000495592 0)
(0.000952012 0.000599689 0)
(0.000988064 0.000695978 0)
(0.00101955 0.000782451 0)
(0.00104557 0.000858068 0)
(0.00106594 0.000919654 0)
(0.00108193 0.000961244 4.15494e-38)
(0.00109281 0.000982522 0)
(0.00109593 0.000988804 0)
(0.00109387 0.000975137 0)
(0.00109255 0.000929757 0)
(0.00108877 0.000863635 0)
(0.00107163 0.000810697 0)
(0.00104007 0.000785123 0)
(0.00100799 0.000761399 0)
(0.000988641 0.000709522 0)
(0.000980196 0.000635703 0)
(0.00096912 0.000578042 0)
(0.000943757 0.000570284 0)
(0.00090257 0.000616474 0)
(0.000852826 0.000693251 0)
(0.000804676 0.000767898 0)
(0.000765882 0.000815227 0)
(0.00073961 0.000824674 0)
(0.000725175 0.000798196 0)
(0.00072001 0.00074402 0)
(0.000721537 0.000670955 0)
(0.000728013 0.000585441 0)
(0.000738687 0.000491052 0)
(0.000753318 0.000389524 0)
(0.000771735 0.000282042 0)
(0.000793541 0.000170052 0)
(0.000817934 5.55464e-05 0)
(0.000843958 -5.91896e-05 -4.14051e-38)
(0.000871001 -0.000171587 0)
(0.000898525 -0.000279746 0)
(0.000926066 -0.000382078 0)
(0.000953454 -0.000477107 0)
(0.000980712 -0.000563267 0)
(0.00100774 -0.000639257 2.95235e-38)
(0.00103386 -0.000704649 0)
(0.00105813 -0.000758995 0)
(0.00108038 -0.00079948 -1.9404e-38)
(0.00110135 -0.000821455 0)
(0.00112055 -0.000823802 -1.31021e-38)
(0.00113519 -0.000811697 0)
(0.00114308 -0.000790314 0)
(0.00114578 -0.000758144 6.26978e-39)
(0.00114686 -0.000711909 0)
(0.00114756 -0.000656655 0)
(0.00114615 -0.000604919 0)
(0.00114155 -0.000564562 0)
(0.00113582 -0.000530565 0)
(0.0011326 -0.000490573 2.36597e-39)
(0.00113371 -0.000438084 0)
(0.00113743 -0.000380201 0)
(0.00113989 -0.00033385 0)
(0.00113769 -0.000315451 0)
(0.00112949 -0.000332452 0)
(0.0011163 -0.000380896 0)
(0.00110058 -0.000448297 0)
(0.0010852 -0.000519011 0)
(0.00107253 -0.000579297 0)
(0.00106393 -0.000620384 0)
(0.00105976 -0.000639065 1.17377e-38)
(0.00105969 -0.000636447 0)
(0.00106308 -0.000615937 0)
(0.000363481 -0.000801441 0)
(0.000390486 -0.000840225 0)
(0.000405394 -0.000867754 0)
(0.000406099 -0.000890299 0)
(0.000390324 -0.00091388 0)
(0.000358114 -0.000942747 0)
(0.000312733 -0.000976673 0)
(0.000261414 -0.00101078 0)
(0.000213597 -0.00103669 0)
(0.000178178 -0.00104518 0)
(0.000160801 -0.00102954 0)
(0.000162985 -0.000986654 0)
(0.000183036 -0.000917351 0)
(0.000217274 -0.000825505 0)
(0.00026154 -0.000716573 0)
(0.000311831 -0.000596285 0)
(0.000364999 -0.000469651 0)
(0.000418802 -0.000340508 0)
(0.000471954 -0.000211402 0)
(0.000523764 -8.37849e-05 0)
(0.000573311 4.16114e-05 0)
(0.000621495 0.00016434 0)
(0.00066935 0.000283642 0)
(0.000716291 0.000398763 0)
(0.000762077 0.000508439 0)
(0.000806345 0.000611024 0)
(0.000848418 0.000704786 0)
(0.000887653 0.000787395 0)
(0.000923799 0.000855303 0)
(0.000956066 0.00090592 -4.15494e-38)
(0.000982672 0.000939415 0)
(0.00100325 0.000954307 0)
(0.00101907 0.000946425 0)
(0.00102775 0.000920755 0)
(0.0010233 0.000895096 0)
(0.00100657 0.000878555 0)
(0.000989849 0.000855081 0)
(0.000985436 0.000801874 0)
(0.000992161 0.000721633 0)
(0.000996443 0.000647856 0)
(0.000985067 0.000617893 0)
(0.000954956 0.000645013 0)
(0.000912949 0.000713088 0)
(0.000869843 0.00079054 0)
(0.000834583 0.000848277 0)
(0.00081152 0.000870315 0)
(0.000800715 0.00085456 0)
(0.00079991 0.000807487 0)
(0.00080644 0.000737955 0)
(0.000818381 0.000653312 0)
(0.000834617 0.000558197 0)
(0.000854587 0.000455143 0)
(0.000877827 0.000345767 0)
(0.000903695 0.00023166 0)
(0.000931358 0.000114752 0)
(0.000959928 -2.76486e-06 0)
(0.000989015 -0.000118564 4.14051e-38)
(0.00101833 -0.000230685 0)
(0.00104741 -0.000337604 0)
(0.00107607 -0.000438248 0)
(0.00110399 -0.000532006 0)
(0.00113064 -0.000617913 0)
(0.00115569 -0.000693454 -2.95235e-38)
(0.00117904 -0.000755323 0)
(0.00119984 -0.000802437 0)
(0.00121626 -0.000836124 1.9404e-38)
(0.00122746 -0.0008552 0)
(0.00123476 -0.000854357 1.31021e-38)
(0.00123916 -0.000831341 0)
(0.0012392 -0.000791873 0)
(0.00123332 -0.000743265 -6.26978e-39)
(0.00122254 -0.000688052 0)
(0.00120885 -0.00062887 0)
(0.00119244 -0.000574499 0)
(0.00117294 -0.00053406 0)
(0.00115247 -0.000506208 0)
(0.00113571 -0.000478376 -2.36597e-39)
(0.00112658 -0.000438165 0)
(0.00112483 -0.000385428 0)
(0.00112591 -0.000333957 0)
(0.00112376 -0.000302676 0)
(0.00111408 -0.000304643 0)
(0.00109594 -0.000341255 0)
(0.00107142 -0.000403139 0)
(0.00104426 -0.000475118 0)
(0.00101825 -0.000541971 0)
(0.000996194 -0.00059256 0)
(0.00097948 -0.000621424 -1.17377e-38)
(0.000968244 -0.000628139 0)
(0.000661804 -0.000885215 0)
(0.000681021 -0.000907621 0)
(0.000697973 -0.000909604 0)
(0.00070782 -0.000892565 0)
(0.000707051 -0.000862874 0)
(0.000691108 -0.00083241 0)
(0.00065362 -0.000815853 0)
(0.00059012 -0.000824236 0)
(0.000504749 -0.000856718 0)
(0.000410575 -0.0008995 0)
(0.000323496 -0.000933744 0)
(0.000256016 -0.000944249 0)
(0.000213794 -0.000923374 0)
(0.000196548 -0.000870398 0)
(0.000200674 -0.000789366 0)
(0.000221096 -0.0006867 0)
(0.000252751 -0.00056934 0)
(0.000291242 -0.000443553 0)
(0.000333279 -0.000314266 0)
(0.000376854 -0.000184908 0)
(0.000420933 -5.74662e-05 0)
(0.000464214 6.74228e-05 0)
(0.000506448 0.000188856 0)
(0.000548489 0.000306027 0)
(0.000590543 0.000418025 0)
(0.000632652 0.000523605 0)
(0.000674656 0.000621083 0)
(0.000716262 0.000708234 0)
(0.000756881 0.000782668 0)
(0.000795469 0.000842654 0)
(0.00083111 0.000886855 0)
(0.000863482 0.000913708 0)
(0.000891581 0.000923872 0)
(0.00091341 0.000922291 0)
(0.000929849 0.000912007 0)
(0.000947212 0.000886229 0)
(0.000971631 0.000834276 0)
(0.00100029 0.000759539 0)
(0.00102084 0.000687622 0)
(0.00102119 0.000651305 0)
(0.000998816 0.000667194 0)
(0.000961487 0.000726187 0)
(0.00092132 0.000801739 0)
(0.000888657 0.000865195 0)
(0.000868933 0.000897443 0)
(0.00086277 0.000892369 0)
(0.000867962 0.000853659 0)
(0.000881477 0.000789286 0)
(0.000900896 0.000707049 0)
(0.000924657 0.00061261 0)
(0.000951807 0.000509426 0)
(0.00098168 0.000399636 0)
(0.00101357 0.000284984 0)
(0.00104662 0.000167309 0)
(0.00108004 4.86821e-05 0)
(0.00111349 -6.87013e-05 0)
(0.00114657 -0.000183235 0)
(0.00117856 -0.000293926 0)
(0.001209 -0.000399778 0)
(0.00123756 -0.000499098 0)
(0.00126403 -0.000589613 0)
(0.00128789 -0.000669935 0)
(0.00130788 -0.000739903 0)
(0.00132301 -0.000797792 0)
(0.00133352 -0.000838962 0)
(0.00133959 -0.000860375 0)
(0.00133984 -0.000864072 0)
(0.00133323 -0.000852679 0)
(0.00132104 -0.000825406 0)
(0.00130532 -0.000782183 0)
(0.00128717 -0.000726728 0)
(0.00126776 -0.0006629 0)
(0.00124854 -0.000594072 0)
(0.00122907 -0.00052844 0)
(0.00120685 -0.000478362 0)
(0.00118084 -0.000449702 0)
(0.00115443 -0.000433972 0)
(0.00113377 -0.000414062 0)
(0.00112292 -0.000378592 0)
(0.00112019 -0.0003316 0)
(0.00111891 -0.000289969 0)
(0.00111138 -0.00027232 0)
(0.0010929 -0.000288582 0)
(0.00106334 -0.000336255 0)
(0.00102629 -0.00040328 0)
(0.000986893 -0.000473984 0)
(0.000949916 -0.00053459 0)
(0.000918543 -0.000576328 0)
(0.000894117 -0.000595964 0)
(0.000966666 -0.000895796 0)
(0.000954341 -0.000920609 0)
(0.00093809 -0.000927891 0)
(0.000919479 -0.000918142 0)
(0.000899648 -0.000889126 0)
(0.000880463 -0.000837961 0)
(0.000861433 -0.0007674 0)
(0.000834603 -0.000693875 0)
(0.000785771 -0.000645789 0)
(0.000704868 -0.000644671 0)
(0.000596425 -0.000685479 0)
(0.000478276 -0.000740941 0)
(0.000370875 -0.000782256 0)
(0.000287753 -0.000792184 0)
(0.000233537 -0.00076588 0)
(0.000206548 -0.000706352 0)
(0.000202241 -0.000620228 0)
(0.000215317 -0.000515046 0)
(0.000240692 -0.000397814 0)
(0.000274145 -0.000274339 0)
(0.000312605 -0.000149089 0)
(0.000353803 -2.52686e-05 0)
(0.000396049 9.53799e-05 0)
(0.000438577 0.000211472 0)
(0.000481461 0.000322119 0)
(0.00052485 0.000426272 0)
(0.000568935 0.000522583 0)
(0.000613839 0.000609396 0)
(0.000659471 0.000684899 0)
(0.000705551 0.000747325 0)
(0.000751785 0.000794998 0)
(0.000797713 0.000826736 0)
(0.000842512 0.00084258 0)
(0.000885817 0.00084294 0)
(0.000928534 0.000826354 0)
(0.000970884 0.000790974 0)
(0.00100848 0.000741978 0)
(0.00103202 0.000696582 0)
(0.00103336 0.000676909 0)
(0.00101236 0.000695518 0)
(0.000977499 0.000747496 0)
(0.000940975 0.000814243 0)
(0.000913145 0.000873293 0)
(0.00089961 0.00090722 0)
(0.000901171 0.000907946 0)
(0.000915447 0.000876142 0)
(0.00093904 0.000817582 0)
(0.000968913 0.000739302 0)
(0.00100301 0.000647204 0)
(0.00103999 0.000545407 0)
(0.00107896 0.00043667 0)
(0.00111916 0.000323052 0)
(0.00115977 0.000206421 0)
(0.0012001 8.85001e-05 0)
(0.00123988 -2.8969e-05 0)
(0.00127832 -0.000144595 0)
(0.00131462 -0.000256892 0)
(0.00134859 -0.000363864 0)
(0.00137994 -0.000463936 0)
(0.00140796 -0.000556638 0)
(0.00143162 -0.000641066 0)
(0.00145037 -0.00071378 0)
(0.001464 -0.000770847 0)
(0.00147146 -0.000812018 0)
(0.00147139 -0.000838913 0)
(0.00146401 -0.000849664 0)
(0.00145053 -0.000840541 0)
(0.00143129 -0.000811806 0)
(0.00140619 -0.00076797 0)
(0.00137589 -0.000714913 0)
(0.00134166 -0.000658496 0)
(0.00130589 -0.000601789 0)
(0.00127262 -0.000543513 0)
(0.00124488 -0.000483605 0)
(0.00122138 -0.000429629 0)
(0.0011976 -0.000392824 0)
(0.00117103 -0.000376401 0)
(0.00114467 -0.000369804 0)
(0.00112486 -0.000356099 0)
(0.00111546 -0.000325668 0)
(0.00111394 -0.000284126 0)
(0.00111219 -0.000248783 0)
(0.0011012 -0.000237601 0)
(0.00107574 -0.000259172 0)
(0.00103631 -0.000309582 0)
(0.000987856 -0.00037606 0)
(0.000936994 -0.000443335 0)
(0.000889526 -0.000498836 0)
(0.000849158 -0.000535121 0)
(0.00124917 -0.000848237 0)
(0.00121772 -0.000847057 0)
(0.00117928 -0.000830829 0)
(0.0011338 -0.00080568 0)
(0.00108294 -0.000778652 0)
(0.00102882 -0.00075371 0)
(0.000976754 -0.000723405 0)
(0.000934257 -0.000671724 0)
(0.000902416 -0.00059278 0)
(0.000869684 -0.000507061 0)
(0.000816677 -0.000453765 0)
(0.000730206 -0.000458451 0)
(0.000615291 -0.000509125 0)
(0.000491825 -0.000569691 0)
(0.000380815 -0.000609034 0)
(0.000294915 -0.000613599 0)
(0.000237524 -0.000582796 0)
(0.000206656 -0.000521997 0)
(0.00019808 -0.000438387 0)
(0.000207183 -0.000339 0)
(0.000229731 -0.000229972 0)
(0.000262048 -0.000116401 0)
(0.00030133 -2.29398e-06 0)
(0.000345957 0.000109388 0)
(0.000394537 0.000216109 0)
(0.000445677 0.000316327 0)
(0.000498682 0.000408567 0)
(0.000553154 0.000491369 0)
(0.000608695 0.000563293 0)
(0.000664818 0.00062298 0)
(0.000720836 0.000669308 0)
(0.000775736 0.000701674 0)
(0.000828181 0.000720209 0)
(0.000876628 0.000725696 0)
(0.000918949 0.000720068 0)
(0.000951463 0.000708394 0)
(0.000969319 0.000700096 0)
(0.000969408 0.000705957 0)
(0.000953742 0.000731953 0)
(0.000929663 0.000775415 0)
(0.000906845 0.000826045 0)
(0.000893547 0.000870177 0)
(0.00089442 0.000895572 0)
(0.000910159 0.000894862 0)
(0.000938608 0.000866484 0)
(0.000976394 0.000813368 0)
(0.00102029 0.000740513 0)
(0.00106788 0.000652974 0)
(0.0011175 0.000554911 0)
(0.00116807 0.000449489 0)
(0.00121876 0.000339078 0)
(0.00126895 0.000225406 0)
(0.00131793 0.000109909 0)
(0.00136543 -5.65744e-06 0)
(0.00141074 -0.000119409 0)
(0.00145302 -0.000229557 0)
(0.00149204 -0.000334904 0)
(0.00152716 -0.000434987 0)
(0.00155754 -0.000528084 0)
(0.00158268 -0.000610679 0)
(0.00160194 -0.000680647 0)
(0.00161401 -0.000738702 0)
(0.00161809 -0.000784018 0)
(0.00161461 -0.00081226 0)
(0.00160371 -0.000821096 0)
(0.00158465 -0.000812966 0)
(0.00155762 -0.00079046 0)
(0.00152444 -0.000753526 0)
(0.00148753 -0.000701852 0)
(0.00144894 -0.000638075 0)
(0.00140919 -0.00056987 0)
(0.00136756 -0.00050753 0)
(0.00132503 -0.000456233 0)
(0.00128556 -0.00041266 0)
(0.00125266 -0.000372295 0)
(0.00122518 -0.000337845 0)
(0.00119836 -0.000317022 0)
(0.00116929 -0.000312139 0)
(0.00114081 -0.000314012 0)
(0.00111938 -0.000307425 0)
(0.00110926 -0.000283072 0)
(0.00110807 -0.000245362 0)
(0.00110722 -0.000210405 0)
(0.00109631 -0.000196436 0)
(0.0010685 -0.000213544 0)
(0.00102349 -0.000259234 0)
(0.00096672 -0.000321447 0)
(0.000906076 -0.000385254 0)
(0.000848678 -0.000438352 0)
(0.00138317 -0.000774496 0)
(0.00132934 -0.000768271 0)
(0.00127581 -0.000751652 0)
(0.00122177 -0.0007219 0)
(0.00116689 -0.000675757 0)
(0.00111213 -0.000619365 0)
(0.00105719 -0.000569162 0)
(0.00100229 -0.000536038 0)
(0.000952615 -0.000510325 0)
(0.000915288 -0.000469169 0)
(0.000889859 -0.000401441 0)
(0.00086305 -0.000325639 0)
(0.000814423 -0.000280657 0)
(0.00073139 -0.000290879 0)
(0.000620134 -0.000341566 0)
(0.00050117 -0.00039615 0)
(0.000394649 -0.00042713 0)
(0.00031142 -0.000425032 0)
(0.000254037 -0.000392402 0)
(0.000220716 -0.000335898 0)
(0.000208184 -0.000262048 0)
(0.000212877 -0.000176216 0)
(0.000231286 -8.29294e-05 0)
(0.000259735 1.37262e-05 0)
(0.000296481 0.000110123 0)
(0.000340568 0.000203194 0)
(0.000389884 0.000290628 0)
(0.000442741 0.000370569 0)
(0.000497627 0.000441571 0)
(0.000553048 0.00050263 0)
(0.000607438 0.000553267 0)
(0.000659087 0.000593677 0)
(0.000706193 0.000624849 0)
(0.000746876 0.000648698 0)
(0.000779263 0.000668211 0)
(0.000801835 0.000687385 0)
(0.000814454 0.000710208 0)
(0.00081943 0.000738854 0)
(0.000821508 0.000772229 0)
(0.000826575 0.000805794 0)
(0.000839815 0.000832782 0)
(0.000864391 0.000846129 0)
(0.000900952 0.00084053 0)
(0.000948037 0.000813619 0)
(0.00100301 0.000766043 0)
(0.00106309 0.00070044 0)
(0.00112584 0.000620384 0)
(0.0011895 0.000529445 0)
(0.00125288 0.000430675 0)
(0.0013152 0.000326356 0)
(0.00137576 0.000218174 0)
(0.00143397 0.000107706 0)
(0.00148967 -2.72649e-06 0)
(0.00154226 -0.00011125 0)
(0.0015907 -0.000217095 0)
(0.00163453 -0.000319531 0)
(0.00167315 -0.000416324 0)
(0.00170592 -0.000504317 0)
(0.00173194 -0.000582483 0)
(0.00175004 -0.000651242 0)
(0.00175979 -0.000708089 0)
(0.00176111 -0.000748788 0)
(0.00175317 -0.000772862 0)
(0.00173536 -0.000782319 0)
(0.00170882 -0.000776513 0)
(0.0016752 -0.000753458 0)
(0.00163542 -0.000714459 0)
(0.00159045 -0.000664595 0)
(0.00154238 -0.000609184 0)
(0.00149454 -0.000550063 0)
(0.00145023 -0.000486898 0)
(0.00141017 -0.000423377 0)
(0.00137222 -0.000368441 0)
(0.00133473 -0.000328178 0)
(0.00129898 -0.000299546 0)
(0.00126721 -0.000275675 0)
(0.00123882 -0.000255594 0)
(0.00121023 -0.000245141 0)
(0.00117897 -0.00024793 0)
(0.00114725 -0.000257599 0)
(0.00112121 -0.00026045 0)
(0.00110619 -0.000245711 0)
(0.00110209 -0.000213852 0)
(0.00110222 -0.00017718 0)
(0.00109599 -0.000153501 0)
(0.00107388 -0.000156737 0)
(0.00103207 -0.000189661 0)
(0.000973899 -0.000243384 0)
(0.000907388 -0.000303285 0)
(0.00140496 -0.000630921 0)
(0.00133588 -0.000614621 0)
(0.00126726 -0.000590657 0)
(0.00120053 -0.000564398 0)
(0.00113902 -0.000541497 0)
(0.00108563 -0.000519248 0)
(0.00104116 -0.000488513 0)
(0.00100282 -0.000446425 0)
(0.000966039 -0.000402542 0)
(0.000929839 -0.000367427 0)
(0.000898835 -0.000337015 0)
(0.00087806 -0.000295152 0)
(0.000865099 -0.000233569 0)
(0.000848264 -0.00016701 0)
(0.000813074 -0.00012677 0)
(0.000750081 -0.000133415 0)
(0.000660211 -0.00017558 0)
(0.000556103 -0.000221016 0)
(0.000455673 -0.000245239 0)
(0.000372707 -0.000241688 0)
(0.000313052 -0.00021305 0)
(0.000276617 -0.00016455 0)
(0.00026031 -0.00010194 0)
(0.000260367 -3.06361e-05 0)
(0.000272911 4.52992e-05 0)
(0.000295019 0.000122245 0)
(0.000324891 0.000197588 0)
(0.000360673 0.000269378 0)
(0.000400606 0.000336143 0)
(0.000442982 0.000396882 0)
(0.000486178 0.000451085 0)
(0.000528685 0.000498788 0)
(0.000569197 0.000540563 0)
(0.000606755 0.000577425 0)
(0.000640898 0.000610697 0)
(0.00067198 0.000641629 0)
(0.000701359 0.00067094 0)
(0.000731416 0.000698199 0)
(0.000765029 0.000721579 0)
(0.000804896 0.000737995 0)
(0.000852775 0.000743807 0)
(0.000909152 0.000735713 0)
(0.000973175 0.00071162 0)
(0.00104311 0.000671002 0)
(0.00111677 0.000614911 0)
(0.00119213 0.000545426 0)
(0.00126752 0.000465136 0)
(0.0013418 0.000376446 0)
(0.00141411 0.000281412 0)
(0.00148372 0.00018186 0)
(0.00154987 8.00077e-05 0)
(0.00161263 -2.20428e-05 0)
(0.00167135 -0.000123285 0)
(0.00172465 -0.000222894 0)
(0.0017721 -0.000318467 0)
(0.00181301 -0.000407257 0)
(0.00184628 -0.000488419 0)
(0.00187096 -0.000561473 0)
(0.00188676 -0.000623495 0)
(0.00189314 -0.00067158 0)
(0.00188897 -0.000705852 0)
(0.00187415 -0.000726377 0)
(0.00184982 -0.000731141 0)
(0.00181668 -0.000719607 0)
(0.00177523 -0.00069406 0)
(0.00172727 -0.000656793 0)
(0.00167561 -0.000609168 0)
(0.00162283 -0.000553529 0)
(0.0015707 -0.000494747 0)
(0.00152037 -0.000438513 0)
(0.00147344 -0.000387133 0)
(0.00143198 -0.000338938 0)
(0.00139678 -0.000293469 0)
(0.00136596 -0.000254648 0)
(0.00133649 -0.000226544 0)
(0.00130687 -0.00020796 0)
(0.00127774 -0.000194058 0)
(0.00124965 -0.000182865 0)
(0.00122131 -0.000177689 0)
(0.00119056 -0.000182244 0)
(0.0011575 -0.000194273 0)
(0.00112619 -0.00020473 0)
(0.00110263 -0.000203342 0)
(0.00109053 -0.000185344 0)
(0.00108814 -0.000154761 0)
(0.00108799 -0.000123521 0)
(0.0010798 -0.000106872 0)
(0.001055 -0.000115817 0)
(0.0010107 -0.00015055 0)
(0.00132463 -0.000482109 0)
(0.00126467 -0.000469824 0)
(0.00121016 -0.000455764 0)
(0.0011606 -0.000439633 0)
(0.00111415 -0.000420436 0)
(0.00106933 -0.000400002 0)
(0.00102719 -0.000381523 0)
(0.000990671 -0.000364423 0)
(0.000961373 -0.000343992 0)
(0.00093748 -0.000316764 0)
(0.000915704 -0.000283755 0)
(0.000895642 -0.000247862 0)
(0.000880878 -0.000210185 0)
(0.000874834 -0.00016938 0)
(0.000875021 -0.000122818 0)
(0.00087132 -7.00362e-05 0)
(0.000851564 -1.97353e-05 0)
(0.000809499 9.88599e-06 0)
(0.000746836 6.69091e-06 0)
(0.000671044 -2.07928e-05 0)
(0.000591671 -4.94256e-05 0)
(0.000517277 -6.00925e-05 0)
(0.000454881 -4.69706e-05 0)
(0.000409115 -1.38002e-05 0)
(0.000381264 3.27801e-05 0)
(0.000369853 8.71747e-05 0)
(0.000372542 0.000145373 0)
(0.000386537 0.000204451 0)
(0.000409174 0.000262222 0)
(0.000438204 0.000317116 0)
(0.000471808 0.000368131 0)
(0.000508633 0.0004147 0)
(0.000547687 0.000456656 0)
(0.000588455 0.000494024 0)
(0.000630844 0.000526941 0)
(0.000675294 0.000555378 0)
(0.000722652 0.000578998 0)
(0.000774048 0.000596911 0)
(0.000830576 0.000607708 0)
(0.000892994 0.000609581 0)
(0.000961451 0.000600692 0)
(0.0010354 0.000579596 0)
(0.0011137 0.000545564 0)
(0.00119485 0.000498832 0)
(0.00127725 0.000440434 0)
(0.00135952 0.000371843 0)
(0.00144044 0.000294699 0)
(0.00151907 0.000210697 0)
(0.00159448 0.000122063 0)
(0.00166612 3.08803e-05 0)
(0.00173349 -6.14425e-05 0)
(0.00179512 -0.000153479 0)
(0.00184997 -0.000243254 0)
(0.00189756 -0.000328358 0)
(0.00193682 -0.000407678 0)
(0.00196694 -0.000480018 0)
(0.0019875 -0.000542661 0)
(0.00199765 -0.000593598 0)
(0.00199645 -0.000632564 0)
(0.00198417 -0.000658536 0)
(0.00196168 -0.000669935 0)
(0.00192939 -0.000667084 0)
(0.00188837 -0.000651284 0)
(0.00184087 -0.000623393 0)
(0.00178899 -0.000584985 0)
(0.00173443 -0.000538867 0)
(0.00167942 -0.000488312 0)
(0.00162644 -0.000436472 0)
(0.00157721 -0.000385602 0)
(0.00153203 -0.000337054 0)
(0.00149038 -0.000292599 0)
(0.00145206 -0.000254409 0)
(0.00141756 -0.000222827 0)
(0.00138703 -0.000195427 0)
(0.00135938 -0.000169773 0)
(0.00133284 -0.000146779 0)
(0.00130617 -0.000130006 0)
(0.00127902 -0.000121305 0)
(0.00125112 -0.00011844 0)
(0.0012217 -0.000117925 0)
(0.00119004 -0.000119258 0)
(0.0011568 -0.000124721 0)
(0.00112461 -0.000134792 0)
(0.00109727 -0.000145051 0)
(0.00107814 -0.000148347 0)
(0.0010683 -0.00013985 0)
(0.00106556 -0.000120597 0)
(0.00106461 -9.77361e-05 0)
(0.00105852 -8.18105e-05 0)
(0.00128101 -0.000363814 0)
(0.0012419 -0.000360216 0)
(0.00120553 -0.000354935 0)
(0.00117053 -0.00034809 0)
(0.00113669 -0.000339763 0)
(0.00110424 -0.000329252 0)
(0.00107297 -0.000315618 0)
(0.00104238 -0.000298986 0)
(0.0010125 -0.000280531 0)
(0.000984292 -0.000261011 0)
(0.000959002 -0.000239661 0)
(0.00093739 -0.000214792 0)
(0.000919852 -0.000185411 0)
(0.000906638 -0.000152006 0)
(0.00089813 -0.000115491 0)
(0.000895067 -7.59125e-05 0)
(0.000897505 -3.35646e-05 0)
(0.000902901 9.09687e-06 0)
(0.00090545 4.86583e-05 0)
(0.000897549 8.24855e-05 0)
(0.000874267 0.000107808 0)
(0.000836868 0.000122387 0)
(0.000791576 0.000127375 0)
(0.000745238 0.000127963 0)
(0.000702417 0.000130634 0)
(0.000666229 0.000140162 0)
(0.000639336 0.000158335 0)
(0.000623112 0.00018433 0)
(0.000617815 0.00021594 0)
(0.00062299 0.000250637 0)
(0.000637713 0.000286169 0)
(0.000660926 0.00032073 0)
(0.000691606 0.000352968 0)
(0.000728946 0.000381856 0)
(0.00077237 0.000406595 0)
(0.000821598 0.000426437 0)
(0.000876493 0.000440624 0)
(0.000937051 0.000448243 0)
(0.00100316 0.000448309 0)
(0.00107452 0.000439783 0)
(0.00115053 0.000421738 0)
(0.00123027 0.000393587 0)
(0.00131261 0.000355213 0)
(0.00139618 0.000307025 0)
(0.0014795 0.000249848 0)
(0.00156112 0.000184814 0)
(0.00163957 0.000113618 0)
(0.00171406 3.81365e-05 0)
(0.00178404 -4.00926e-05 0)
(0.00184834 -0.000119483 0)
(0.00190572 -0.000198039 0)
(0.00195521 -0.000273915 0)
(0.00199578 -0.000345603 0)
(0.00202675 -0.000411515 0)
(0.0020477 -0.000469531 0)
(0.00205798 -0.000518268 0)
(0.00205722 -0.000556903 0)
(0.00204598 -0.000584078 0)
(0.00202482 -0.000598923 0)
(0.00199414 -0.000601658 0)
(0.00195523 -0.000592434 0)
(0.00191009 -0.000571963 0)
(0.0018605 -0.00054243 0)
(0.00180828 -0.000505913 0)
(0.00175566 -0.000463987 0)
(0.00170458 -0.00041928 0)
(0.00165612 -0.000374736 0)
(0.00161067 -0.0003316 0)
(0.00156834 -0.000289976 0)
(0.00152925 -0.00025051 0)
(0.00149329 -0.000214214 0)
(0.00145973 -0.00018161 0)
(0.00142744 -0.000153072 0)
(0.00139578 -0.000129167 0)
(0.00136517 -0.00010974 0)
(0.00133641 -9.32082e-05 0)
(0.00130946 -7.78716e-05 0)
(0.00128303 -6.38967e-05 0)
(0.00125569 -5.36261e-05 0)
(0.00122705 -4.9754e-05 0)
(0.00119777 -5.30381e-05 0)
(0.00116852 -6.15834e-05 0)
(0.00113936 -7.20269e-05 0)
(0.00111046 -8.14061e-05 0)
(0.00108293 -8.8332e-05 0)
(0.00105895 -9.29488e-05 0)
(0.0010408 -9.59903e-05 0)
(0.00102962 -9.76055e-05 0)
(0.00102454 -9.67885e-05 0)
(0.00133403 -0.000301378 0)
(0.00130628 -0.000299118 0)
(0.00127893 -0.000294127 0)
(0.00125115 -0.000286454 0)
(0.00122238 -0.00027619 0)
(0.00119247 -0.000263685 0)
(0.00116194 -0.000249473 0)
(0.00113163 -0.000233953 0)
(0.00110213 -0.000217253 0)
(0.00107349 -0.000199433 0)
(0.00104565 -0.000180706 0)
(0.00101902 -0.000161279 0)
(0.000994575 -0.000141017 0)
(0.000973505 -0.000119318 0)
(0.000956784 -9.51697e-05 0)
(0.000944998 -6.76147e-05 0)
(0.000938654 -3.67283e-05 0)
(0.000937906 -3.96995e-06 0)
(0.000941506 2.87833e-05 0)
(0.000947499 6.07692e-05 0)
(0.000954541 9.191e-05 0)
(0.000961557 0.000121678 0)
(0.000967009 0.000149049 0)
(0.000969229 0.00017296 0)
(0.000967618 0.000192988 0)
(0.000963086 0.000209633 0)
(0.000957631 0.00022384 0)
(0.000953482 0.00023669 0)
(0.000952617 0.000249129 0)
(0.000956585 0.000261706 0)
(0.000966421 0.000274495 0)
(0.000982727 0.000287154 0)
(0.00100578 0.000299043 0)
(0.00103563 0.000309323 0)
(0.00107219 0.000317075 0)
(0.00111529 0.000321355 0)
(0.00116459 0.000321229 0)
(0.00121969 0.000315773 0)
(0.00128002 0.000304181 0)
(0.00134479 0.000285784 0)
(0.00141298 0.000260055 0)
(0.00148337 0.000226764 0)
(0.00155464 0.000186032 0)
(0.00162534 0.000138354 0)
(0.00169397 8.47159e-05 0)
(0.00175969 2.62451e-05 0)
(0.00182196 -3.59882e-05 0)
(0.0018792 -0.000100429 0)
(0.0019298 -0.000165346 0)
(0.00197294 -0.000229312 0)
(0.00200787 -0.000290885 0)
(0.00203388 -0.00034826 0)
(0.00205041 -0.000399602 0)
(0.00205702 -0.000443652 0)
(0.00205371 -0.000479222 0)
(0.00204115 -0.000505051 0)
(0.00202012 -0.000520805 0)
(0.00199156 -0.000526754 0)
(0.00195695 -0.0005229 0)
(0.00191774 -0.000510037 0)
(0.00187512 -0.000489983 0)
(0.0018304 -0.000463868 0)
(0.00178482 -0.000432382 0)
(0.00173929 -0.000397339 0)
(0.00169453 -0.000360707 0)
(0.00165116 -0.000322993 0)
(0.00160936 -0.000284225 0)
(0.00156897 -0.000245477 0)
(0.00152993 -0.00020833 0)
(0.0014924 -0.000173571 0)
(0.0014564 -0.000141129 0)
(0.00142185 -0.00011092 0)
(0.00138862 -8.34857e-05 0)
(0.00135652 -5.98284e-05 0)
(0.00132545 -4.06673e-05 0)
(0.00129537 -2.58719e-05 0)
(0.00126646 -1.4368e-05 0)
(0.0012393 -4.98942e-06 0)
(0.00121407 2.47247e-06 0)
(0.00119017 6.94487e-06 0)
(0.00116672 6.71302e-06 0)
(0.00114308 6.84733e-07 0)
(0.00111931 -1.05459e-05 0)
(0.00109613 -2.46438e-05 0)
(0.00107443 -3.85476e-05 0)
(0.00105486 -4.98316e-05 0)
(0.00103759 -5.76028e-05 0)
(0.00102246 -6.24487e-05 0)
(0.0010093 -6.57133e-05 0)
(0.00137836 -0.000243578 0)
(0.00134929 -0.000239066 0)
(0.00132066 -0.000232566 0)
(0.00129221 -0.000224336 0)
(0.00126408 -0.000214502 0)
(0.00123659 -0.000203044 0)
(0.00120999 -0.000189929 0)
(0.0011844 -0.000175277 0)
(0.0011599 -0.000159405 0)
(0.00113651 -0.000142694 0)
(0.00111415 -0.000125442 0)
(0.00109267 -0.000107849 0)
(0.00107198 -9.00964e-05 0)
(0.00105227 -7.23804e-05 0)
(0.00103402 -5.47654e-05 0)
(0.0010181 -3.69632e-05 0)
(0.00100559 -1.83634e-05 0)
(0.000997155 1.50861e-06 0)
(0.00099328 2.28625e-05 0)
(0.0009942 4.57118e-05 0)
(0.00099961 6.96312e-05 0)
(0.00100909 9.36867e-05 0)
(0.00102176 0.000116778 0)
(0.00103657 0.000138205 0)
(0.00105291 0.00015772 0)
(0.00107048 0.000175343 0)
(0.00108921 0.000191119 0)
(0.0011092 0.000205028 0)
(0.00113073 0.000217014 0)
(0.00115411 0.000226976 0)
(0.00117974 0.00023476 0)
(0.00120798 0.000240178 0)
(0.00123919 0.000242991 0)
(0.00127359 0.000242865 0)
(0.00131132 0.000239416 0)
(0.00135238 0.00023225 0)
(0.00139661 0.000220924 0)
(0.00144374 0.000205005 0)
(0.00149342 0.00018418 0)
(0.00154499 0.000158297 0)
(0.00159762 0.000127198 0)
(0.00165039 9.09211e-05 0)
(0.00170228 5.00511e-05 0)
(0.00175256 5.36933e-06 0)
(0.00180024 -4.24149e-05 0)
(0.0018436 -9.22357e-05 0)
(0.0018814 -0.000143092 0)
(0.00191311 -0.000193862 0)
(0.00193804 -0.000243077 0)
(0.0019557 -0.00028948 0)
(0.00196612 -0.000332053 0)
(0.00196956 -0.000369845 0)
(0.00196641 -0.000401737 0)
(0.00195699 -0.000426823 0)
(0.0019414 -0.000444932 0)
(0.00192011 -0.000455897 0)
(0.00189368 -0.000459111 0)
(0.00186243 -0.000454682 0)
(0.00182703 -0.000443441 0)
(0.00178856 -0.000425995 0)
(0.00174789 -0.000403044 0)
(0.00170556 -0.000375812 0)
(0.00166219 -0.00034526 0)
(0.00161831 -0.000311708 0)
(0.00157404 -0.000275671 0)
(0.00152945 -0.00023821 0)
(0.00148498 -0.000200341 0)
(0.00144135 -0.000162905 0)
(0.00139918 -0.000126892 0)
(0.00135888 -9.32933e-05 0)
(0.00132093 -6.27364e-05 0)
(0.00128573 -3.55159e-05 0)
(0.00125334 -1.18087e-05 0)
(0.00122371 8.15172e-06 0)
(0.00119662 2.41057e-05 0)
(0.0011718 3.61208e-05 0)
(0.00114915 4.47668e-05 0)
(0.00112864 5.06357e-05 0)
(0.00111033 5.38344e-05 0)
(0.00109428 5.39388e-05 0)
(0.00108021 5.03434e-05 0)
(0.00106748 4.27809e-05 0)
(0.00105533 3.16618e-05 0)
(0.00104319 1.80207e-05 0)
(0.00103097 3.20457e-06 0)
(0.00101904 -1.14365e-05 0)
(0.00100807 -2.47546e-05 0)
(0.000998636 -3.59864e-05 0)
(0.000990929 -4.47563e-05 0)
(0.00134896 -0.000177902 0)
(0.00132211 -0.000174011 0)
(0.00129583 -0.000168603 0)
(0.00127001 -0.000161795 0)
(0.00124486 -0.000153748 0)
(0.00122071 -0.000144617 0)
(0.00119785 -0.000134468 0)
(0.00117651 -0.00012327 0)
(0.0011568 -0.000111003 0)
(0.00113882 -9.77268e-05 0)
(0.00112259 -8.35797e-05 0)
(0.0011081 -6.87402e-05 0)
(0.00109525 -5.34072e-05 0)
(0.00108395 -3.77963e-05 0)
(0.00107413 -2.21415e-05 0)
(0.00106576 -6.6688e-06 0)
(0.00105879 8.3978e-06 0)
(0.00105354 2.29439e-05 0)
(0.00105045 3.70996e-05 0)
(0.00104978 5.09563e-05 0)
(0.00105199 6.46451e-05 0)
(0.00105751 7.81793e-05 0)
(0.00106652 9.1417e-05 0)
(0.00107898 0.000104215 0)
(0.00109478 0.000116388 0)
(0.00111369 0.000127681 0)
(0.00113545 0.000137829 0)
(0.00115976 0.000146589 0)
(0.00118635 0.000153766 0)
(0.00121495 0.000159204 0)
(0.00124538 0.000162697 0)
(0.00127755 0.000164001 0)
(0.00131134 0.000162841 0)
(0.00134665 0.000158831 0)
(0.00138341 0.000151624 0)
(0.00142147 0.000140979 0)
(0.00146053 0.000126554 0)
(0.00150033 0.000108095 0)
(0.00154075 8.57321e-05 0)
(0.0015812 5.96815e-05 0)
(0.00162068 2.99613e-05 0)
(0.00165884 -2.95174e-06 0)
(0.00169535 -3.85578e-05 0)
(0.00172888 -7.63416e-05 0)
(0.00175847 -0.000115757 0)
(0.00178379 -0.000156183 0)
(0.00180477 -0.000196637 0)
(0.00182145 -0.000235864 0)
(0.00183256 -0.000272655 0)
(0.00183693 -0.000305645 0)
(0.00183488 -0.00033376 0)
(0.00182669 -0.000356593 0)
(0.00181219 -0.000374111 0)
(0.00179121 -0.000386392 0)
(0.00176382 -0.000393412 0)
(0.00173145 -0.000395209 0)
(0.0016954 -0.000391657 0)
(0.00165512 -0.000382144 0)
(0.0016098 -0.000366166 0)
(0.0015597 -0.000343749 0)
(0.0015058 -0.000315383 0)
(0.00144916 -0.000281861 0)
(0.00139111 -0.000244367 0)
(0.00133355 -0.000204493 0)
(0.00127836 -0.000163935 0)
(0.00122692 -0.000124336 0)
(0.00118017 -8.72238e-05 0)
(0.00113858 -5.3785e-05 0)
(0.00110231 -2.4538e-05 0)
(0.00107117 5.11267e-07 0)
(0.00104478 2.15709e-05 0)
(0.00102272 3.89283e-05 0)
(0.0010047 5.288e-05 0)
(0.000990356 6.36546e-05 0)
(0.000979131 7.14097e-05 0)
(0.000970512 7.63733e-05 0)
(0.000964062 7.87717e-05 0)
(0.000959486 7.87563e-05 0)
(0.000956597 7.63394e-05 0)
(0.000955179 7.13928e-05 0)
(0.000954858 6.38125e-05 0)
(0.000955109 5.37083e-05 0)
(0.00095534 4.14997e-05 0)
(0.00095503 2.79141e-05 0)
(0.000953851 1.38619e-05 0)
(0.000951794 1.64178e-07 0)
(0.000949002 -1.25723e-05 0)
(0.00094567 -2.39604e-05 0)
(0.000942136 -3.37639e-05 0)
(0.00130555 -0.000122548 0)
(0.00128309 -0.000121561 0)
(0.00126115 -0.000118814 0)
(0.00123916 -0.000114451 0)
(0.00121707 -0.000108774 0)
(0.00119531 -0.000102072 0)
(0.00117445 -9.45425e-05 0)
(0.00115494 -8.6303e-05 0)
(0.00113694 -7.7412e-05 0)
(0.00112047 -6.7925e-05 0)
(0.00110562 -5.792e-05 0)
(0.0010926 -4.74729e-05 0)
(0.0010816 -3.66618e-05 0)
(0.00107272 -2.55628e-05 0)
(0.001066 -1.42577e-05 0)
(0.00106141 -2.88755e-06 0)
(0.00105899 8.37156e-06 0)
(0.00105873 1.93999e-05 0)
(0.00106058 3.00005e-05 0)
(0.0010645 4.008e-05 0)
(0.00107058 4.95798e-05 0)
(0.00107892 5.84037e-05 0)
(0.00108965 6.64764e-05 0)
(0.00110284 7.37458e-05 0)
(0.00111854 8.01196e-05 0)
(0.00113674 8.55164e-05 0)
(0.00115744 8.98728e-05 0)
(0.00118064 9.30068e-05 0)
(0.00120624 9.47424e-05 0)
(0.00123392 9.49559e-05 0)
(0.00126324 9.35021e-05 0)
(0.00129374 9.02617e-05 0)
(0.00132492 8.50416e-05 0)
(0.00135638 7.75811e-05 0)
(0.001388 6.78199e-05 0)
(0.00141943 5.55422e-05 0)
(0.00145015 4.03717e-05 0)
(0.00148028 2.22729e-05 0)
(0.00150999 1.6705e-06 0)
(0.0015382 -2.13349e-05 0)
(0.00156444 -4.63086e-05 0)
(0.00158879 -7.25548e-05 0)
(0.00161015 -9.96928e-05 0)
(0.00162761 -0.000127505 0)
(0.00164054 -0.000155847 0)
(0.0016478 -0.000184564 0)
(0.00164913 -0.000213032 0)
(0.00164534 -0.000241245 0)
(0.00163639 -0.000268693 0)
(0.00162119 -0.00029336 0)
(0.00159821 -0.000313149 0)
(0.00156596 -0.000326673 0)
(0.00152389 -0.000332929 0)
(0.00147301 -0.000331369 0)
(0.00141404 -0.000321871 0)
(0.00134756 -0.000304344 0)
(0.00127658 -0.000279455 0)
(0.00120493 -0.000248778 0)
(0.00113527 -0.000214598 0)
(0.00106948 -0.000179506 0)
(0.00100936 -0.00014571 0)
(0.00095616 -0.000114689 0)
(0.000910047 -8.71343e-05 0)
(0.000870725 -6.31171e-05 0)
(0.000837933 -4.22859e-05 0)
(0.000811337 -2.40142e-05 0)
(0.000790389 -7.61388e-06 0)
(0.000774644 7.46143e-06 0)
(0.000763783 2.13278e-05 0)
(0.000757071 3.38584e-05 0)
(0.000753756 4.49031e-05 0)
(0.00075324 5.43087e-05 0)
(0.000754973 6.19259e-05 0)
(0.000758484 6.76316e-05 0)
(0.000763457 7.13889e-05 0)
(0.000769626 7.31857e-05 0)
(0.000776725 7.30297e-05 0)
(0.000784508 7.09423e-05 0)
(0.000792724 6.69466e-05 0)
(0.000801059 6.10801e-05 0)
(0.000809138 5.34473e-05 0)
(0.00081657 4.42665e-05 0)
(0.000822993 3.38658e-05 0)
(0.000828152 2.26615e-05 0)
(0.000831827 1.10804e-05 0)
(0.000833915 -4.58128e-07 0)
(0.000834652 -1.1622e-05 0)
(0.000834375 -2.21025e-05 0)
(0.000833326 -3.16192e-05 0)
(0.00121903 -6.74357e-05 0)
(0.00119809 -6.51497e-05 0)
(0.00117898 -6.19077e-05 0)
(0.00115953 -5.79476e-05 0)
(0.00113966 -5.3467e-05 0)
(0.00112002 -4.85367e-05 0)
(0.00110133 -4.32185e-05 0)
(0.00108406 -3.76337e-05 0)
(0.00106837 -3.1914e-05 0)
(0.00105424 -2.6149e-05 0)
(0.00104169 -2.03689e-05 0)
(0.00103086 -1.45668e-05 0)
(0.00102191 -8.73329e-06 0)
(0.00101503 -2.86168e-06 0)
(0.00101029 3.04522e-06 0)
(0.00100768 8.92715e-06 0)
(0.0010072 1.46955e-05 0)
(0.00100889 2.02114e-05 0)
(0.00101277 2.53417e-05 0)
(0.00101881 2.99822e-05 0)
(0.00102697 3.40326e-05 0)
(0.00103721 3.73926e-05 0)
(0.00104955 3.99983e-05 0)
(0.00106395 4.18285e-05 0)
(0.00108032 4.28921e-05 0)
(0.00109867 4.3236e-05 0)
(0.0011188 4.29023e-05 0)
(0.00114021 4.21436e-05 0)
(0.00116272 4.12847e-05 0)
(0.00118621 4.03775e-05 0)
(0.00121034 3.92717e-05 0)
(0.00123462 3.76063e-05 0)
(0.00125863 3.47337e-05 0)
(0.00128221 2.99611e-05 0)
(0.00130489 2.26655e-05 0)
(0.00132588 1.23811e-05 0)
(0.00134473 -1.1647e-06 0)
(0.00136177 -1.79988e-05 0)
(0.0013768 -3.80033e-05 0)
(0.0013888 -6.07861e-05 0)
(0.00139751 -8.53663e-05 0)
(0.00140246 -0.000110519 0)
(0.00140183 -0.000134875 0)
(0.00139285 -0.000157417 0)
(0.00137449 -0.000177072 0)
(0.00134704 -0.000192612 0)
(0.00130865 -0.000203158 0)
(0.0012585 -0.00020831 0)
(0.00119974 -0.000207787 0)
(0.00113543 -0.000200551 0)
(0.00106773 -0.000185949 0)
(0.000998689 -0.000165884 0)
(0.000930203 -0.000144567 0)
(0.000864213 -0.000125839 0)
(0.000803316 -0.000111426 0)
(0.000749288 -0.000101442 0)
(0.00070199 -9.51026e-05 0)
(0.000661024 -9.08359e-05 0)
(0.000626332 -8.67389e-05 0)
(0.000597552 -8.12956e-05 0)
(0.00057392 -7.37529e-05 0)
(0.000554723 -6.40863e-05 0)
(0.000539546 -5.27543e-05 0)
(0.000528011 -4.04489e-05 0)
(0.000519685 -2.78447e-05 0)
(0.000514372 -1.55044e-05 0)
(0.000512032 -3.8862e-06 0)
(0.000512262 6.69996e-06 0)
(0.000514575 1.60482e-05 0)
(0.000518902 2.4077e-05 0)
(0.000525207 3.0738e-05 0)
(0.000533227 3.60049e-05 0)
(0.000542667 3.98783e-05 0)
(0.000553191 4.23836e-05 0)
(0.000564358 4.35721e-05 0)
(0.000575706 4.34885e-05 0)
(0.000586817 4.21759e-05 0)
(0.000597297 3.97142e-05 0)
(0.000606776 3.62327e-05 0)
(0.000614898 3.1852e-05 0)
(0.000621323 2.66477e-05 0)
(0.000625697 2.07276e-05 0)
(0.000627749 1.43214e-05 0)
(0.000627422 7.68824e-06 0)
(0.000624855 9.81109e-07 0)
(0.000620237 -5.75071e-06 0)
(0.00061376 -1.2446e-05 0)
(0.000605648 -1.88602e-05 0)
(0.000596047 -2.44066e-05 0)
(0.000954585 -3.62739e-05 0)
(0.000935876 -3.34532e-05 0)
(0.000920616 -3.11215e-05 0)
(0.000905232 -2.90031e-05 0)
(0.000890185 -2.6609e-05 0)
(0.000876363 -2.37837e-05 0)
(0.000864195 -2.06203e-05 0)
(0.000853724 -1.73281e-05 0)
(0.000844855 -1.40971e-05 0)
(0.000837479 -1.10156e-05 0)
(0.000831522 -8.10706e-06 0)
(0.000826959 -5.36773e-06 0)
(0.00082376 -2.77923e-06 0)
(0.000821939 -3.09646e-07 0)
(0.000821535 2.05363e-06 0)
(0.000822535 4.28314e-06 0)
(0.000824929 6.33236e-06 0)
(0.000828707 8.14311e-06 0)
(0.000833854 9.60875e-06 0)
(0.000840337 1.06441e-05 0)
(0.000848103 1.11875e-05 0)
(0.000857113 1.11255e-05 0)
(0.000867399 1.03668e-05 0)
(0.000878931 8.84588e-06 0)
(0.000891529 6.48444e-06 0)
(0.000905174 3.28704e-06 0)
(0.000920251 -6.2412e-07 0)
(0.000937131 -5.02936e-06 0)
(0.000955292 -9.53068e-06 0)
(0.000973492 -1.37722e-05 0)
(0.000990268 -1.77189e-05 0)
(0.00100432 -2.14271e-05 0)
(0.00101465 -2.49976e-05 0)
(0.00102039 -2.87977e-05 0)
(0.00102135 -3.32377e-05 0)
(0.00101741 -3.82345e-05 0)
(0.00100821 -4.36337e-05 0)
(0.000992967 -4.90785e-05 0)
(0.000971381 -5.43738e-05 0)
(0.000943896 -5.94562e-05 0)
(0.00091117 -6.33915e-05 0)
(0.000873692 -6.32061e-05 0)
(0.000832387 -5.66856e-05 0)
(0.00078828 -4.54159e-05 0)
(0.000742378 -3.34658e-05 0)
(0.000695976 -2.4114e-05 0)
(0.000650706 -1.89248e-05 0)
(0.000607628 -1.84944e-05 0)
(0.00056723 -2.32033e-05 0)
(0.000529585 -3.21861e-05 0)
(0.000495144 -4.33525e-05 0)
(0.000464462 -5.45013e-05 0)
(0.000437644 -6.40305e-05 0)
(0.000414029 -7.09795e-05 0)
(0.000392101 -7.47829e-05 0)
(0.000370623 -7.53519e-05 0)
(0.000349447 -7.29485e-05 0)
(0.000328799 -6.80833e-05 0)
(0.000308877 -6.14566e-05 0)
(0.000290105 -5.37973e-05 0)
(0.000273056 -4.57446e-05 0)
(0.000258298 -3.77318e-05 0)
(0.000246179 -3.00764e-05 0)
(0.000236868 -2.29798e-05 0)
(0.000230357 -1.65106e-05 0)
(0.000226435 -1.06417e-05 0)
(0.000224791 -5.35379e-06 0)
(0.000225224 -6.1174e-07 0)
(0.000227606 3.73034e-06 0)
(0.000231623 7.77916e-06 0)
(0.000236888 1.1567e-05 0)
(0.000243134 1.51096e-05 0)
(0.000250094 1.84466e-05 0)
(0.000257533 2.15205e-05 0)
(0.000265237 2.42764e-05 0)
(0.000272992 2.6668e-05 0)
(0.000280581 2.86534e-05 0)
(0.000287803 3.0191e-05 0)
(0.000294475 3.12417e-05 0)
(0.00030044 3.17665e-05 0)
(0.000305577 3.17284e-05 0)
(0.000309798 3.11115e-05 0)
(0.000313005 2.99009e-05 0)
(0.00031509 2.80314e-05 0)
(0.000315992 2.54566e-05 0)
(0.000315687 2.22042e-05 0)
(0.000314093 1.83965e-05 0)
(0.000311195 1.42061e-05 0)
(0.000307129 9.82111e-06 0)
(0.000364326 4.20299e-05 0)
(0.000361973 3.29135e-05 0)
(0.000355712 2.44472e-05 0)
(0.000351863 1.73845e-05 0)
(0.000349056 1.24252e-05 0)
(0.000346084 9.23287e-06 0)
(0.000342967 7.18708e-06 0)
(0.000340037 5.82482e-06 0)
(0.000337539 4.86284e-06 0)
(0.000335581 4.13275e-06 0)
(0.000334186 3.55581e-06 0)
(0.000333351 3.0968e-06 0)
(0.000333067 2.70877e-06 0)
(0.00033329 2.33768e-06 0)
(0.000333971 1.92559e-06 0)
(0.000335086 1.44735e-06 0)
(0.0003366 8.6217e-07 0)
(0.000338439 9.71465e-08 0)
(0.000340477 -9.39685e-07 0)
(0.000342547 -2.33493e-06 0)
(0.000344443 -4.17076e-06 0)
(0.000345913 -6.52001e-06 0)
(0.000346646 -9.4647e-06 0)
(0.000346341 -1.31733e-05 0)
(0.000344638 -1.78266e-05 0)
(0.000341118 -2.33523e-05 0)
(0.00033535 -2.88951e-05 0)
(0.000327287 -3.27731e-05 0)
(0.000317499 -3.31127e-05 0)
(0.000307082 -2.88549e-05 0)
(0.000297215 -2.02407e-05 0)
(0.000288861 -8.44528e-06 0)
(0.000282655 5.05047e-06 0)
(0.00027887 1.89151e-05 0)
(0.000277486 3.21598e-05 0)
(0.000277925 4.3932e-05 0)
(0.000279674 5.33192e-05 0)
(0.000282168 5.96054e-05 0)
(0.000284602 6.23861e-05 0)
(0.000285998 6.13551e-05 0)
(0.000285725 5.63271e-05 0)
(0.000283688 4.76475e-05 0)
(0.000280341 3.61407e-05 0)
(0.000276285 2.29611e-05 0)
(0.000271841 9.44189e-06 0)
(0.000266842 -3.03899e-06 0)
(0.000260835 -1.32847e-05 0)
(0.000253083 -2.06845e-05 0)
(0.000242866 -2.50311e-05 0)
(0.000229832 -2.64604e-05 0)
(0.000214119 -2.54072e-05 0)
(0.00019611 -2.26926e-05 0)
(0.000176442 -1.93273e-05 0)
(0.000155835 -1.6214e-05 0)
(0.000135104 -1.39228e-05 0)
(0.000114891 -1.24326e-05 0)
(9.55458e-05 -1.15287e-05 0)
(7.73476e-05 -1.10287e-05 0)
(6.05929e-05 -1.06768e-05 0)
(4.54849e-05 -1.02286e-05 0)
(3.21583e-05 -9.51435e-06 0)
(2.06464e-05 -8.46489e-06 0)
(1.09993e-05 -7.12453e-06 0)
(3.29376e-06 -5.54718e-06 0)
(-2.45296e-06 -3.82394e-06 0)
(-6.35448e-06 -2.02759e-06 0)
(-8.55659e-06 -2.32719e-07 0)
(-9.16138e-06 1.52607e-06 0)
(-8.36946e-06 3.17784e-06 0)
(-6.3352e-06 4.60935e-06 0)
(-3.11743e-06 5.78169e-06 0)
(1.31241e-06 6.67823e-06 0)
(6.82929e-06 7.33679e-06 0)
(1.32256e-05 7.7479e-06 0)
(2.04043e-05 7.9163e-06 0)
(2.82217e-05 7.84791e-06 0)
(3.65286e-05 7.55297e-06 0)
(4.51691e-05 7.04788e-06 0)
(5.39823e-05 6.35581e-06 0)
(6.28045e-05 5.50445e-06 0)
(7.14703e-05 4.52723e-06 0)
(7.98172e-05 3.459e-06 0)
(8.76838e-05 2.32691e-06 0)
(9.49021e-05 1.17534e-06 0)
(0.000101294 5.78094e-08 0)
(0.000106689 -9.77516e-07 0)
(0.000110975 -1.886e-06 0)
(0.000114116 -2.58871e-06 0)
(0.000116131 -3.00762e-06 0)
)
;

boundaryField
{
    inlet
    {
        type            fixedValue;
        value           nonuniform List<vector> 0();
    }
    outlet
    {
        type            zeroGradient;
    }
    wall
    {
        type            noSlip;
    }
    obstacle
    {
        type            noSlip;
    }
    frontAndBack
    {
        type            empty;
    }
    procBoundary2to1
    {
        type            processor;
        value           nonuniform List<vector> 
30
(
(0.000616451 -5.6496e-05 0)
(0.00126556 -1.41082e-06 0)
(0.00148024 -1.6485e-05 0)
(0.00155795 -2.69138e-05 0)
(0.00152988 -3.74153e-05 0)
(0.00157097 -7.90185e-05 0)
(0.0016473 -0.000140444 0)
(0.0015307 -0.00017544 0)
(0.00119686 -0.00020193 0)
(0.000786014 -0.000253353 0)
(0.00037674 -0.000324923 0)
(-2.61836e-07 -0.000420872 0)
(-0.000252682 -0.000533527 0)
(-0.000262888 -0.000631779 0)
(-1.77089e-05 -0.000695531 0)
(0.000331749 -0.0007485 0)
(0.000641745 -0.000842066 0)
(0.000974936 -0.000852884 0)
(0.00127497 -0.000829259 0)
(0.00143657 -0.000768623 0)
(0.00147534 -0.000638371 0)
(0.00139033 -0.000490589 0)
(0.00132434 -0.000365843 0)
(0.00136317 -0.000300782 0)
(0.00140829 -0.000245769 0)
(0.00137675 -0.000180205 0)
(0.00132941 -0.000122361 0)
(0.00124667 -6.95606e-05 0)
(0.00099051 -3.7456e-05 0)
(0.000315844 5.95897e-05 0)
)
;
    }
    procBoundary2to3
    {
        type            processor;
        value           nonuniform List<vector> 
31
(
(0.000182854 2.02443e-05 0)
(0.000330485 4.5425e-05 0)
(0.000586843 0.000111634 0)
(0.000825505 0.000107905 0)
(0.00131919 0.000251202 0)
(0.00171188 0.000293738 0)
(0.00183022 0.000224282 0)
(0.00176193 7.40117e-05 0)
(0.00164604 -9.80714e-05 0)
(0.00155815 -0.000246361 0)
(0.00148508 -0.000363952 0)
(0.00140192 -0.000450985 0)
(0.00129991 -0.000514347 0)
(0.00118575 -0.000557437 0)
(0.00106935 -0.000581431 0)
(0.000961859 -0.000615476 0)
(0.000961859 -0.000615476 0)
(0.000876511 -0.000594543 0)
(0.00081736 -0.000549857 0)
(0.000799178 -0.00047342 0)
(0.000841224 -0.000356025 0)
(0.000950644 -0.000200606 0)
(0.00104098 -8.18847e-05 0)
(0.00102258 -9.22046e-05 0)
(0.000998267 -6.85581e-05 0)
(0.000984768 -5.10518e-05 0)
(0.000938756 -4.1864e-05 0)
(0.000831587 -3.99745e-05 0)
(0.000585206 -2.83824e-05 0)
(0.000302113 5.4499e-06 0)
(0.000117094 -3.09707e-06 0)
)
;
    }
}


// ************************************************************************* //
