/*--------------------------------*- C++ -*----------------------------------*\
| =========                 |                                                 |
| \\      /  F ield         | OpenFOAM: The Open Source CFD Toolbox           |
|  \\    /   O peration     | Version:  2312                                  |
|   \\  /    A nd           | Website:  www.openfoam.com                      |
|    \\/     M anipulation  |                                                 |
\*---------------------------------------------------------------------------*/
FoamFile
{
    version     2.0;
    format      ascii;
    arch        "LSB;label=32;scalar=64";
    class       surfaceScalarField;
    location    "96000";
    object      phi;
}
// * * * * * * * * * * * * * * * * * * * * * * * * * * * * * * * * * * * * * //

dimensions      [0 3 -1 0 0 0 0];

oriented        oriented;

internalField   nonuniform List<scalar> 
5250
(
-7.298e-05
1.16624e-06
-7.3708e-05
7.28043e-07
-7.39553e-05
2.47225e-07
-7.37099e-05
-2.45345e-07
-7.29637e-05
-7.46167e-07
-7.16962e-05
-1.26754e-06
-6.98979e-05
-1.79831e-06
-6.7568e-05
-2.32994e-06
-6.47132e-05
-2.8548e-06
-6.13473e-05
-3.3659e-06
-5.74904e-05
-3.85687e-06
-5.31684e-05
-4.32194e-06
-4.84125e-05
-4.75598e-06
-4.32579e-05
-5.1546e-06
-3.77438e-05
-5.51412e-06
-3.19121e-05
-5.83161e-06
-2.58071e-05
-6.105e-06
-1.94739e-05
-6.3332e-06
-1.29573e-05
-6.51666e-06
-6.29986e-06
-6.65743e-06
4.56256e-07
-6.75612e-06
7.26808e-06
-6.81183e-06
1.40909e-05
-6.82286e-06
2.08829e-05
-6.79194e-06
2.76048e-05
-6.72191e-06
3.42205e-05
-6.61566e-06
4.06968e-05
-6.47631e-06
4.70039e-05
-6.30717e-06
5.31155e-05
-6.11159e-06
5.90085e-05
-5.89298e-06
6.46632e-05
-5.65472e-06
7.00634e-05
-5.40013e-06
7.51958e-05
-5.13244e-06
8.00505e-05
-4.85473e-06
8.46205e-05
-4.56996e-06
8.89014e-05
-4.28089e-06
9.28915e-05
-3.9901e-06
9.65914e-05
-3.69996e-06
0.000100004
-3.41264e-06
0.000103134
-3.13008e-06
0.000105988
-2.85401e-06
0.000108574
-2.58593e-06
0.000110901
-2.32714e-06
0.00011298
-2.07874e-06
0.000114822
-1.8416e-06
0.000116438
-1.61644e-06
0.000117842
-1.40377e-06
0.000119046
-1.20391e-06
0.000120063
-1.01709e-06
0.000120906
-8.43342e-07
0.000121589
-6.82581e-07
0.000122123
-5.34674e-07
0.000122523
-3.99249e-07
0.000122798
-2.75654e-07
0.000122962
-1.63297e-07
0.000123023
-6.14202e-08
0.000122995
2.76252e-08
0.000122893
1.02316e-07
0.000122724
1.69114e-07
0.000122497
2.27441e-07
0.000122219
2.77552e-07
0.000121899
3.19646e-07
0.000121545
3.54128e-07
0.000121164
3.81545e-07
0.000120761
4.02413e-07
0.000120344
4.17244e-07
0.000119917
4.26496e-07
0.000119487
4.30684e-07
0.000119056
4.30319e-07
0.00011863
4.26046e-07
0.000118212
4.18389e-07
0.000117804
4.07842e-07
0.00011741
3.94147e-07
0.000117032
3.77618e-07
0.000116674
3.58687e-07
0.000116336
3.38108e-07
0.00011602
3.15886e-07
0.000115727
2.92862e-07
0.000115458
2.68606e-07
0.000115214
2.44342e-07
0.000114995
2.18857e-07
0.000114801
1.94288e-07
0.000114633
1.67718e-07
0.00011449
1.43523e-07
0.000114375
1.14672e-07
0.000114283
9.14674e-08
0.000114227
5.60374e-08
0.000114192
3.57287e-08
-1.8075e-08
2.79005e-05
-7.91496e-07
3.02894e-05
-1.66089e-06
3.31292e-05
-2.59253e-06
3.64558e-05
-3.57196e-06
4.02919e-05
-4.5823e-06
4.46339e-05
-5.60951e-06
4.94757e-05
-6.64015e-06
5.48071e-05
-7.66135e-06
6.06131e-05
-8.66075e-06
6.68738e-05
-9.62666e-06
7.35652e-05
-1.05482e-05
8.06586e-05
-1.14154e-05
8.81222e-05
-1.22195e-05
9.59204e-05
-1.29528e-05
0.000104015
-1.36089e-05
0.000112366
-1.41828e-05
0.000120932
-1.46704e-05
0.000129668
-1.50695e-05
0.000138531
-1.53799e-05
0.000147477
-1.56035e-05
0.000156465
-1.57438e-05
0.000165458
-1.58049e-05
0.000174424
-1.57886e-05
0.000183327
-1.56946e-05
0.000192129
-1.55238e-05
0.000200795
-1.5282e-05
0.000209294
-1.49758e-05
0.000217599
-1.46114e-05
0.000225682
-1.41951e-05
0.000233522
-1.37333e-05
0.0002411
-1.32323e-05
0.000248398
-1.26979e-05
0.000255402
-1.21363e-05
0.0002621
-1.15529e-05
0.000268483
-1.09532e-05
0.000274544
-1.03423e-05
0.000280279
-9.72488e-06
0.000285685
-9.10544e-06
0.00029076
-8.48805e-06
0.000295506
-7.87643e-06
0.000299926
-7.27396e-06
0.000304024
-6.68368e-06
0.000307805
-6.10828e-06
0.000311277
-5.55013e-06
0.000314446
-5.01128e-06
0.000317323
-4.49349e-06
0.000319918
-3.99818e-06
0.00032224
-3.52651e-06
0.000324303
-3.07942e-06
0.000326117
-2.6576e-06
0.000327696
-2.26146e-06
0.000329052
-1.89131e-06
0.0003302
-1.54714e-06
0.000331153
-1.22868e-06
0.000331926
-9.35856e-07
0.000332533
-6.684e-07
0.000332986
-4.25372e-07
0.000333294
-2.05971e-07
0.000333469
-5.41638e-09
0.000333536
1.6027e-07
0.000333503
3.09965e-07
0.000333383
4.39782e-07
0.000333187
5.50302e-07
0.000332926
6.42532e-07
0.000332611
7.17435e-07
0.000332252
7.76049e-07
0.000331859
8.19485e-07
0.000331441
8.49037e-07
0.000331005
8.66023e-07
0.00033056
8.7156e-07
0.000330112
8.6604e-07
0.000329669
8.50589e-07
0.000329237
8.26141e-07
0.000328821
7.94193e-07
0.000328424
7.55351e-07
0.000328051
7.11363e-07
0.000327705
6.62113e-07
0.000327388
6.10026e-07
0.000327102
5.5366e-07
0.00032685
4.97063e-07
0.000326633
4.36075e-07
0.000326448
3.78385e-07
0.000326302
3.14047e-07
0.000326187
2.58842e-07
0.000326111
1.90225e-07
0.000326061
1.42121e-07
0.000326053
6.3984e-08
0.000326057
3.11068e-08
-6.94842e-08
0.000234725
-4.75826e-06
0.000238962
-5.89734e-06
0.000243469
-7.09987e-06
0.000248247
-8.34964e-06
0.000253295
-9.63021e-06
0.000258611
-1.09257e-05
0.000264191
-1.222e-05
0.000270027
-1.34974e-05
0.000276109
-1.47425e-05
0.000282423
-1.59407e-05
0.000288952
-1.70781e-05
0.000295679
-1.81423e-05
0.000302582
-1.91218e-05
0.000309636
-2.0007e-05
0.000316817
-2.079e-05
0.000324098
-2.14643e-05
0.000331454
-2.20255e-05
0.000338856
-2.24715e-05
0.000346278
-2.28028e-05
0.000353696
-2.30212e-05
0.000361082
-2.31291e-05
0.000368406
-2.31291e-05
0.000375642
-2.30245e-05
0.000382767
-2.28196e-05
0.000389763
-2.25197e-05
0.000396612
-2.21318e-05
0.000403299
-2.1663e-05
0.000409809
-2.1121e-05
0.000416128
-2.05136e-05
0.000422243
-1.98487e-05
0.000428145
-1.91342e-05
0.000433825
-1.83778e-05
0.000439275
-1.75867e-05
0.000444491
-1.67683e-05
0.000449467
-1.59291e-05
0.0004542
-1.50758e-05
0.000458689
-1.42141e-05
0.000462934
-1.33498e-05
0.000466933
-1.24878e-05
0.00047069
-1.16328e-05
0.000474205
-1.07892e-05
0.000477482
-9.96073e-06
0.000480525
-9.15076e-06
0.000483337
-8.36237e-06
0.000485924
-7.59819e-06
0.000488291
-6.86053e-06
0.000490444
-6.15135e-06
0.00049239
-5.47231e-06
0.000494135
-4.82475e-06
0.000495687
-4.20971e-06
0.000497054
-3.62802e-06
0.000498243
-3.08032e-06
0.000499263
-2.56724e-06
0.000500123
-2.08855e-06
0.000500831
-1.64388e-06
0.000501396
-1.23376e-06
0.000501828
-8.57351e-07
0.000502134
-5.12306e-07
0.000502327
-1.98172e-07
0.000502406
8.15489e-08
0.000502387
3.28962e-07
0.000502279
5.47445e-07
0.000502092
7.37572e-07
0.000501834
9.00375e-07
0.000501514
1.03709e-06
0.000501141
1.1491e-06
0.000500723
1.23774e-06
0.000500268
1.30457e-06
0.000499783
1.3509e-06
0.000499276
1.3785e-06
0.000498753
1.38839e-06
0.000498221
1.38271e-06
0.000497685
1.36198e-06
0.000497151
1.32908e-06
0.000496622
1.2835e-06
0.000496104
1.22951e-06
0.000495602
1.16452e-06
0.000495116
1.09547e-06
0.000494654
1.01589e-06
0.000494213
9.3776e-07
0.000493802
8.47383e-07
0.000493414
7.66301e-07
0.000493061
6.67296e-07
0.00049273
5.89927e-07
0.000492438
4.81993e-07
0.000492164
4.1658e-07
0.000491932
2.95709e-07
0.000491709
2.53933e-07
1.1061e-07
0.00047806
-8.29919e-06
0.000481823
-9.66016e-06
0.000485779
-1.10561e-05
0.000489905
-1.24756e-05
0.000494181
-1.39061e-05
0.000498588
-1.53329e-05
0.000503109
-1.67408e-05
0.000507726
-1.81144e-05
0.000512423
-1.9439e-05
0.000517182
-2.07004e-05
0.00052199
-2.18852e-05
0.000526828
-2.29812e-05
0.000531684
-2.39776e-05
0.000536542
-2.4865e-05
0.000541388
-2.56359e-05
0.000546208
-2.62841e-05
0.000550987
-2.68046e-05
0.00055571
-2.71945e-05
0.000560361
-2.74539e-05
0.000564928
-2.7588e-05
0.000569401
-2.76021e-05
0.000573772
-2.75e-05
0.000578033
-2.72861e-05
0.000582179
-2.69653e-05
0.000586203
-2.65435e-05
0.000590099
-2.60281e-05
0.000593863
-2.54269e-05
0.00059749
-2.47482e-05
0.000600977
-2.40003e-05
0.00060432
-2.31918e-05
0.000607517
-2.2331e-05
0.000610566
-2.14263e-05
0.000613464
-2.04855e-05
0.000616213
-1.95164e-05
0.000618809
-1.8526e-05
0.000621255
-1.75213e-05
0.000623549
-1.65086e-05
0.000625693
-1.54937e-05
0.000627688
-1.44822e-05
0.000629534
-1.3479e-05
0.000631233
-1.24886e-05
0.000632788
-1.15151e-05
0.000634199
-1.05621e-05
0.00063547
-9.6331e-06
0.000636602
-8.73079e-06
0.0006376
-7.85773e-06
0.000638464
-7.01619e-06
0.0006392
-6.20792e-06
0.00063981
-5.43454e-06
0.000640298
-4.69748e-06
0.000640667
-3.99762e-06
0.000640923
-3.33578e-06
0.000641068
-2.71261e-06
0.000641108
-2.12842e-06
0.000641047
-1.58336e-06
0.000640891
-1.07728e-06
0.000640644
-6.10426e-07
0.000640315
-1.83267e-07
0.000639904
2.1303e-07
0.000639415
5.70616e-07
0.000638854
8.89615e-07
0.000638228
1.17387e-06
0.000637541
1.42365e-06
0.000636802
1.64008e-06
0.000636014
1.82441e-06
0.000635185
1.97888e-06
0.000634318
2.10418e-06
0.00063342
2.20269e-06
0.000632496
2.27468e-06
0.000631551
2.32373e-06
0.00063059
2.34938e-06
0.000629616
2.3564e-06
0.000628636
2.34232e-06
0.000627651
2.31429e-06
0.000626668
2.26681e-06
0.000625686
2.21091e-06
0.000624715
2.13599e-06
0.000623751
2.05962e-06
0.000622804
1.9626e-06
0.000621868
1.87338e-06
0.000620957
1.75857e-06
0.000620059
1.66457e-06
0.000619191
1.53471e-06
0.000618336
1.44487e-06
0.000617518
1.3006e-06
0.000616709
1.22563e-06
0.00061594
1.06485e-06
0.000615175
1.01901e-06
8.36853e-07
0.000710287
-9.40165e-06
0.000711514
-1.08876e-05
0.000712843
-1.23856e-05
0.000714253
-1.38848e-05
0.000715719
-1.53727e-05
0.000717223
-1.68366e-05
0.000718745
-1.82628e-05
0.000720269
-1.96379e-05
0.000721779
-2.09492e-05
0.000723263
-2.21845e-05
0.00072471
-2.33325e-05
0.000726112
-2.43827e-05
0.00072746
-2.53262e-05
0.000728751
-2.61554e-05
0.000729979
-2.68645e-05
0.000731144
-2.74487e-05
0.000732244
-2.7905e-05
0.000733282
-2.82324e-05
0.00073426
-2.84316e-05
0.000735177
-2.85054e-05
0.000736033
-2.84582e-05
0.00073683
-2.82972e-05
0.000737572
-2.80281e-05
0.000738263
-2.76562e-05
0.000738908
-2.71877e-05
0.000739509
-2.66296e-05
0.000740071
-2.5989e-05
0.000740597
-2.52739e-05
0.000741089
-2.44922e-05
0.000741549
-2.36519e-05
0.000741979
-2.27609e-05
0.000742379
-2.1827e-05
0.000742751
-2.08575e-05
0.000743095
-1.98597e-05
0.000743409
-1.88403e-05
0.000743693
-1.78056e-05
0.000743946
-1.67617e-05
0.000744167
-1.57142e-05
0.000744353
-1.46683e-05
0.000744502
-1.36286e-05
0.000744613
-1.25996e-05
0.000744684
-1.15853e-05
0.000744711
-1.05894e-05
0.000744693
-9.61503e-06
0.000744627
-8.66529e-06
0.000744512
-7.74278e-06
0.000744346
-6.84989e-06
0.000744127
-5.98864e-06
0.000743853
-5.16101e-06
0.000743524
-4.36825e-06
0.000743138
-3.61171e-06
0.000742696
-2.89307e-06
0.000742196
-2.21258e-06
0.000741638
-1.57073e-06
0.000741025
-9.70242e-07
0.000740359
-4.11513e-07
0.000739638
1.10963e-07
0.000738852
6.02314e-07
0.000738015
1.04969e-06
0.000737127
1.45884e-06
0.000736188
1.82827e-06
0.000735203
2.15946e-06
0.000734173
2.45327e-06
0.000733101
2.71238e-06
0.000731989
2.93626e-06
0.00073084
3.12805e-06
0.000729657
3.28663e-06
0.000728443
3.41666e-06
0.000727202
3.5158e-06
0.000725935
3.59069e-06
0.000724648
3.63672e-06
0.000723341
3.66343e-06
0.000722021
3.66263e-06
0.000720686
3.64857e-06
0.000719346
3.60753e-06
0.000717996
3.56075e-06
0.000716646
3.48559e-06
0.000715292
3.41421e-06
0.000713944
3.31032e-06
0.000712594
3.2229e-06
0.000711258
3.09474e-06
0.000709922
3.00048e-06
0.000708606
2.85104e-06
0.000707291
2.76009e-06
0.000706001
2.59038e-06
0.000704712
2.51452e-06
0.000703454
2.32308e-06
0.000702196
2.27697e-06
2.06125e-06
0.000856609
-8.7915e-06
0.000855973
-1.02514e-05
0.000855295
-1.17073e-05
0.000854561
-1.31506e-05
0.000853759
-1.45709e-05
0.000852879
-1.59567e-05
0.000851913
-1.72967e-05
0.000850855
-1.85803e-05
0.000849703
-1.97972e-05
0.000848456
-2.09375e-05
0.000847116
-2.19923e-05
0.000845686
-2.29533e-05
0.000844174
-2.38137e-05
0.000842586
-2.45678e-05
0.000840933
-2.52111e-05
0.000839225
-2.57405e-05
0.000837474
-2.61543e-05
0.000835694
-2.6452e-05
0.000833897
-2.66345e-05
0.000832096
-2.67045e-05
0.000830304
-2.66667e-05
0.000828533
-2.6526e-05
0.000826792
-2.6287e-05
0.00082509
-2.59542e-05
0.000823435
-2.55331e-05
0.000821835
-2.50295e-05
0.000820296
-2.44498e-05
0.000818823
-2.38008e-05
0.00081742
-2.3089e-05
0.000816089
-2.23212e-05
0.000814832
-2.1504e-05
0.000813649
-2.06439e-05
0.000812539
-1.97472e-05
0.000811499
-1.88201e-05
0.000810527
-1.78682e-05
0.000809619
-1.68973e-05
0.00080877
-1.59127e-05
0.000807975
-1.49192e-05
0.000807228
-1.39218e-05
0.000806525
-1.29248e-05
0.000805857
-1.19323e-05
0.00080522
-1.09484e-05
0.000804607
-9.97655e-06
0.000804013
-9.02012e-06
0.000803429
-8.08219e-06
0.000802852
-7.16562e-06
0.000802276
-6.27309e-06
0.000801694
-5.40666e-06
0.000801101
-4.5688e-06
0.000800495
-3.76157e-06
0.000799869
-2.98616e-06
0.00079922
-2.24422e-06
0.000798546
-1.53812e-06
0.000797843
-8.67501e-07
0.000797105
-2.32373e-07
0.000796332
3.6108e-07
0.00079552
9.23002e-07
0.000794675
1.44715e-06
0.000793795
1.93007e-06
0.000792878
2.37541e-06
0.000791924
2.78231e-06
0.000790931
3.15231e-06
0.000789901
3.48406e-06
0.000788832
3.78111e-06
0.000787727
4.04132e-06
0.000786585
4.26939e-06
0.00078541
4.4618e-06
0.000784201
4.62558e-06
0.000782962
4.75512e-06
0.000781692
4.86045e-06
0.000780396
4.93259e-06
0.000779074
4.98606e-06
0.00077773
5.00676e-06
0.000776362
5.01581e-06
0.000774979
4.99124e-06
0.000773576
4.96379e-06
0.000772161
4.89979e-06
0.000770731
4.84422e-06
0.000769296
4.7461e-06
0.000767847
4.67138e-06
0.000766398
4.5436e-06
0.000764939
4.45938e-06
0.000763485
4.30501e-06
0.000762024
4.22187e-06
0.000760572
4.04205e-06
0.000759115
3.97185e-06
0.000757673
3.76504e-06
0.000756228
3.72138e-06
3.48374e-06
0.000914093
-7.61185e-06
0.000912804
-8.96249e-06
0.000911399
-1.03023e-05
0.000909872
-1.1624e-05
0.00090822
-1.29191e-05
0.000906443
-1.41793e-05
0.000904542
-1.53958e-05
0.000902522
-1.65603e-05
0.00090039
-1.76647e-05
0.000898153
-1.87013e-05
0.000895824
-1.9663e-05
0.000893414
-2.05436e-05
0.000890938
-2.13376e-05
0.000888411
-2.20405e-05
0.000885849
-2.26487e-05
0.000883268
-2.31597e-05
0.000880685
-2.35719e-05
0.000878118
-2.38849e-05
0.000875583
-2.40994e-05
0.000873096
-2.42171e-05
0.000870669
-2.424e-05
0.000868314
-2.41707e-05
0.000866039
-2.40121e-05
0.000863852
-2.37677e-05
0.000861761
-2.34417e-05
0.00085977
-2.30386e-05
0.000857884
-2.25634e-05
0.000856104
-2.20211e-05
0.000854432
-2.14168e-05
0.000852866
-2.07557e-05
0.000851405
-2.00431e-05
0.000850046
-1.92844e-05
0.000848783
-1.84848e-05
0.000847613
-1.76494e-05
0.000846528
-1.67834e-05
0.000845522
-1.58917e-05
0.000844589
-1.49793e-05
0.00084372
-1.40507e-05
0.000842909
-1.31107e-05
0.000842148
-1.21634e-05
0.000841429
-1.12132e-05
0.000840744
-1.02642e-05
0.000840088
-9.31993e-06
0.000839452
-8.38419e-06
0.00083883
-7.46062e-06
0.000838217
-6.55194e-06
0.000837605
-5.66151e-06
0.000836991
-4.79234e-06
0.000836368
-3.94644e-06
0.000835733
-3.12577e-06
0.00083508
-2.33378e-06
0.000834406
-1.57021e-06
0.000833704
-8.35817e-07
0.000832967
-1.30192e-07
0.000832207
5.27206e-07
0.000831413
1.15504e-06
0.00083059
1.74592e-06
0.000829736
2.30137e-06
0.000828847
2.81903e-06
0.000827922
3.30003e-06
0.000826962
3.74226e-06
0.000825966
4.14843e-06
0.000824935
4.51569e-06
0.000823867
4.84831e-06
0.000822766
5.14251e-06
0.000821631
5.4046e-06
0.000820464
5.62898e-06
0.000819265
5.82471e-06
0.000818036
5.98342e-06
0.000816779
6.11808e-06
0.000815495
6.21609e-06
0.000814185
6.29595e-06
0.000812853
6.33879e-06
0.000811498
6.37099e-06
0.000810125
6.36441e-06
0.000808732
6.35682e-06
0.000807325
6.30655e-06
0.000805902
6.26771e-06
0.000804469
6.1791e-06
0.000803022
6.11822e-06
0.00080157
5.99581e-06
0.000800106
5.92281e-06
0.000798641
5.76987e-06
0.000797168
5.69551e-06
0.000795696
5.51349e-06
0.000794219
5.44955e-06
0.000792746
5.23723e-06
0.000791271
5.19652e-06
4.94625e-06
0.00093792
-6.60356e-06
0.000936813
-7.85541e-06
0.000935606
-9.09478e-06
0.000934296
-1.03142e-05
0.000932884
-1.15072e-05
0.000931372
-1.26675e-05
0.000929765
-1.37889e-05
0.00092807
-1.48646e-05
0.000926293
-1.58882e-05
0.000924445
-1.68532e-05
0.000922536
-1.7754e-05
0.000920578
-1.85853e-05
0.000918583
-1.93426e-05
0.000916564
-2.00218e-05
0.000914535
-2.06194e-05
0.000912508
-2.11327e-05
0.000910496
-2.156e-05
0.000908511
-2.19001e-05
0.000906564
-2.21525e-05
0.000904665
-2.23173e-05
0.00090282
-2.23951e-05
0.000901036
-2.2387e-05
0.000899319
-2.22951e-05
0.000897673
-2.21218e-05
0.000896102
-2.18703e-05
0.000894607
-2.15439e-05
0.00089319
-2.11462e-05
0.00089185
-2.06811e-05
0.000890586
-2.01525e-05
0.000889395
-1.95647e-05
0.000888274
-1.89221e-05
0.000887218
-1.82293e-05
0.000886225
-1.74909e-05
0.000885287
-1.67114e-05
0.000884399
-1.58958e-05
0.000883556
-1.50488e-05
0.000882752
-1.41751e-05
0.00088198
-1.32792e-05
0.000881236
-1.23659e-05
0.000880512
-1.14396e-05
0.000879803
-1.05047e-05
0.000879104
-9.56523e-06
0.00087841
-8.62568e-06
0.000877716
-7.68964e-06
0.000877016
-6.76096e-06
0.000876307
-5.84337e-06
0.000875586
-4.94019e-06
0.000874847
-4.05367e-06
0.000874089
-3.18818e-06
0.000873309
-2.34596e-06
0.000872503
-1.52735e-06
0.000871668
-7.35224e-07
0.000870807
2.49418e-08
0.000869915
7.61883e-07
0.000868984
1.45825e-06
0.000868017
2.12177e-06
0.000867015
2.74843e-06
0.000865977
3.3391e-06
0.000864905
3.89151e-06
0.000863797
4.4074e-06
0.000862656
4.88352e-06
0.000861481
5.32337e-06
0.000860274
5.72301e-06
0.000859034
6.08768e-06
0.000857765
6.412e-06
0.000856466
6.70376e-06
0.000855139
6.95539e-06
0.000853786
7.17798e-06
0.000852409
7.36057e-06
0.000851008
7.51893e-06
0.000849587
7.63714e-06
0.000848145
7.73744e-06
0.000846688
7.79659e-06
0.000845213
7.84596e-06
0.000843725
7.85175e-06
0.000842224
7.85819e-06
0.000840714
7.81639e-06
0.000839193
7.78868e-06
0.000837667
7.70473e-06
0.000836133
7.65238e-06
0.000834598
7.53105e-06
0.000833057
7.46436e-06
0.000831517
7.30932e-06
0.000829973
7.23944e-06
0.000828434
7.0527e-06
0.000826892
6.99174e-06
0.000825356
6.77298e-06
0.000823818
6.73402e-06
6.47671e-06
0.000974687
-5.63701e-06
0.000973658
-6.82653e-06
0.000972564
-8.00015e-06
0.000971402
-9.15268e-06
0.000970174
-1.02787e-05
0.000968879
-1.13728e-05
0.00096752
-1.24299e-05
0.0009661
-1.34446e-05
0.000964623
-1.44113e-05
0.000963094
-1.53245e-05
0.00096152
-1.61796e-05
0.000959906
-1.69719e-05
0.000958261
-1.76974e-05
0.000956592
-1.83522e-05
0.000954905
-1.89329e-05
0.000953209
-1.94369e-05
0.000951511
-1.98619e-05
0.000949817
-2.02062e-05
0.000948133
-2.04685e-05
0.000946464
-2.06481e-05
0.000944814
-2.07449e-05
0.000943187
-2.07602e-05
0.000941588
-2.06958e-05
0.00094002
-2.05541e-05
0.000938487
-2.03372e-05
0.000936991
-2.00476e-05
0.000935533
-1.9688e-05
0.000934113
-1.92617e-05
0.000932733
-1.8772e-05
0.000931391
-1.82228e-05
0.000930087
-1.76179e-05
0.000928819
-1.69616e-05
0.000927586
-1.62581e-05
0.000926387
-1.55119e-05
0.000925218
-1.47275e-05
0.000924079
-1.39094e-05
0.000922966
-1.30622e-05
0.000921877
-1.21904e-05
0.00092081
-1.12986e-05
0.000919761
-1.03909e-05
0.000918729
-9.47204e-06
0.000917709
-8.54588e-06
0.0009167
-7.61679e-06
0.000915699
-6.68846e-06
0.000914703
-5.76508e-06
0.00091371
-4.84989e-06
0.000912716
-3.94662e-06
0.000911722
-3.05896e-06
0.000910723
-2.19001e-06
0.000909718
-1.34098e-06
0.00090871
-5.18448e-07
0.000907685
2.88943e-07
0.000906637
1.07293e-06
0.000905574
1.82526e-06
0.000904488
2.54373e-06
0.000903383
3.22768e-06
0.000902256
3.87543e-06
0.000901106
4.48895e-06
0.000899933
5.0645e-06
0.000898736
5.60446e-06
0.000897515
6.10467e-06
0.000896268
6.56945e-06
0.000894998
6.99346e-06
0.000893703
7.38308e-06
0.000892383
7.73119e-06
0.00089104
8.04712e-06
0.000889674
8.32108e-06
0.000888286
8.56635e-06
0.000886877
8.76915e-06
0.000885448
8.94817e-06
0.000884001
9.08384e-06
0.000882537
9.20232e-06
0.000881057
9.27571e-06
0.000879563
9.34054e-06
0.000878058
9.3571e-06
0.000876539
9.37627e-06
0.000875014
9.34168e-06
0.000873479
9.32411e-06
0.00087194
9.24388e-06
0.000870393
9.19928e-06
0.000868845
9.07833e-06
0.000867293
9.01725e-06
0.000865742
8.85961e-06
0.000864188
8.79354e-06
0.000862639
8.60202e-06
0.000861087
8.5436e-06
0.000859541
8.31939e-06
0.000857992
8.28275e-06
8.02424e-06
0.00101478
-4.29325e-06
0.00101337
-5.41353e-06
0.00101188
-6.5139e-06
0.00101032
-7.59018e-06
0.00100868
-8.63848e-06
0.00100696
-9.65503e-06
0.00100517
-1.06358e-05
0.0010033
-1.15758e-05
0.00100136
-1.247e-05
0.000999344
-1.33138e-05
0.000997268
-1.41034e-05
0.000995131
-1.48349e-05
0.000992938
-1.55046e-05
0.000990695
-1.6109e-05
0.000988407
-1.66451e-05
0.000986081
-1.71106e-05
0.000983723
-1.75033e-05
0.000981338
-1.78214e-05
0.000978933
-1.80638e-05
0.000976514
-1.82295e-05
0.000974088
-1.83186e-05
0.00097166
-1.83317e-05
0.000969235
-1.82711e-05
0.000966821
-1.81396e-05
0.000964422
-1.79391e-05
0.000962047
-1.76717e-05
0.000959698
-1.73397e-05
0.000957382
-1.69458e-05
0.000955104
-1.64932e-05
0.000952866
-1.59853e-05
0.000950674
-1.54257e-05
0.00094853
-1.48182e-05
0.000946439
-1.41669e-05
0.000944403
-1.34758e-05
0.000942425
-1.27491e-05
0.000940506
-1.19908e-05
0.000938649
-1.12051e-05
0.000936855
-1.03962e-05
0.000935124
-9.56812e-06
0.000933458
-8.72467e-06
0.000931856
-7.87e-06
0.000930318
-7.00769e-06
0.000928842
-6.14156e-06
0.000927429
-5.27494e-06
0.000926075
-4.41153e-06
0.00092478
-3.55436e-06
0.00092354
-2.7071e-06
0.000922354
-1.87237e-06
0.00092122
-1.0558e-06
0.000920142
-2.62984e-07
0.000919087
5.36124e-07
0.000918066
1.30996e-06
0.000917081
2.05819e-06
0.000916127
2.77937e-06
0.0009152
3.47034e-06
0.000914295
4.13295e-06
0.000913406
4.76406e-06
0.00091253
5.36498e-06
0.000911663
5.93149e-06
0.000910801
6.4666e-06
0.00090994
6.96534e-06
0.000909077
7.43238e-06
0.000908209
7.86128e-06
0.000907333
8.25911e-06
0.000906447
8.61738e-06
0.000905548
8.94631e-06
0.000904635
9.23442e-06
0.000903705
9.49624e-06
0.000902758
9.71591e-06
0.000901792
9.91381e-06
0.000900808
1.00678e-05
0.000899804
1.02064e-05
0.000898782
1.02984e-05
0.000897739
1.03835e-05
0.000896678
1.04181e-05
0.000895597
1.04568e-05
0.0008945
1.04388e-05
0.000893385
1.04394e-05
0.000892255
1.0374e-05
0.000891108
1.03459e-05
0.000889948
1.02379e-05
0.000888775
1.01911e-05
0.00088759
1.00447e-05
0.000886393
9.99037e-06
0.000885186
9.80888e-06
0.00088397
9.75933e-06
0.000882744
9.54544e-06
0.000881512
9.51456e-06
9.27262e-06
0.00101606
-2.54916e-06
0.00101418
-3.53311e-06
0.00101217
-4.49927e-06
0.00101002
-5.44132e-06
0.00100773
-6.35442e-06
0.00100532
-7.23673e-06
0.00100277
-8.08605e-06
0.00100009
-8.89812e-06
0.000997286
-9.66836e-06
0.000994366
-1.03931e-05
0.000991332
-1.10693e-05
0.00098819
-1.16937e-05
0.000984949
-1.22633e-05
0.000981615
-1.27754e-05
0.000978198
-1.32277e-05
0.000974706
-1.36183e-05
0.000971148
-1.39455e-05
0.000967534
-1.4208e-05
0.000963876
-1.4405e-05
0.000960182
-1.45362e-05
0.000956466
-1.46021e-05
0.000952738
-1.4604e-05
0.000949011
-1.45437e-05
0.000945294
-1.4423e-05
0.000941599
-1.42438e-05
0.000937935
-1.40082e-05
0.000934314
-1.37188e-05
0.000930747
-1.33782e-05
0.000927243
-1.29894e-05
0.000923813
-1.25555e-05
0.000920467
-1.20797e-05
0.000917214
-1.15654e-05
0.000914063
-1.10161e-05
0.000911023
-1.04351e-05
0.000908099
-9.8258e-06
0.0009053
-9.19173e-06
0.000902631
-8.53611e-06
0.000900097
-7.86205e-06
0.000897702
-7.17298e-06
0.000895449
-6.47156e-06
0.00089334
-5.76091e-06
0.000891376
-5.04394e-06
0.000889558
-4.32325e-06
0.000887884
-3.60127e-06
0.000886354
-2.8813e-06
0.000884965
-2.16506e-06
0.000883713
-1.45588e-06
0.000882597
-7.56305e-07
0.000881613
-7.14093e-08
0.000880728
6.21778e-07
0.000879969
1.29572e-06
0.000879325
1.95404e-06
0.000878789
2.59426e-06
0.000878351
3.21725e-06
0.000878001
3.81973e-06
0.000877732
4.40188e-06
0.000877536
4.96044e-06
0.000877404
5.49692e-06
0.000877328
6.00731e-06
0.000877301
6.49419e-06
0.000877313
6.9526e-06
0.000877359
7.38668e-06
0.00087743
7.79007e-06
0.00087752
8.16904e-06
0.000877622
8.51523e-06
0.000877731
8.83788e-06
0.00087784
9.12575e-06
0.000877944
9.39213e-06
0.000878038
9.62162e-06
0.000878119
9.83302e-06
0.000878181
1.00051e-05
0.000878224
1.01642e-05
0.000878241
1.02807e-05
0.000878234
1.03914e-05
0.000878196
1.04552e-05
0.00087813
1.05227e-05
0.000878032
1.05372e-05
0.000877904
1.0568e-05
0.00087774
1.05371e-05
0.000877547
1.05389e-05
0.000877319
1.04665e-05
0.000877062
1.04478e-05
0.000876769
1.03379e-05
0.000876451
1.0308e-05
0.000876096
1.01643e-05
0.000875722
1.01337e-05
0.000875307
9.95978e-06
0.000874882
9.93983e-06
9.7433e-06
0.000951697
-6.52675e-07
0.00094958
-1.41576e-06
0.000947241
-2.16043e-06
0.000944685
-2.88535e-06
0.000941918
-3.58684e-06
0.000938944
-4.26343e-06
0.00093577
-4.91168e-06
0.0009324
-5.52849e-06
0.000928844
-6.11158e-06
0.000925109
-6.65821e-06
0.000921205
-7.16537e-06
0.000917142
-7.63063e-06
0.000912931
-8.05224e-06
0.000908584
-8.42871e-06
0.000904115
-8.75849e-06
0.000899537
-9.04028e-06
0.000894865
-9.27336e-06
0.000890114
-9.45762e-06
0.000885302
-9.59319e-06
0.000880446
-9.68027e-06
0.000875564
-9.71926e-06
0.000870671
-9.71098e-06
0.000865784
-9.65684e-06
0.00086092
-9.55895e-06
0.000856095
-9.41967e-06
0.000851329
-9.24121e-06
0.000846636
-9.02587e-06
0.000842034
-8.77604e-06
0.000837538
-8.4942e-06
0.000833166
-8.18297e-06
0.000828931
-7.84496e-06
0.000824848
-7.48264e-06
0.000820931
-7.09859e-06
0.000817191
-6.69521e-06
0.00081364
-6.27474e-06
0.000810288
-5.83938e-06
0.000807143
-5.39125e-06
0.000804213
-4.93204e-06
0.000801503
-4.46368e-06
0.000799019
-3.98764e-06
0.000796764
-3.50524e-06
0.000794738
-3.01801e-06
0.000792942
-2.52742e-06
0.000791375
-2.03378e-06
0.000790032
-1.53843e-06
0.000788909
-1.0425e-06
0.000787999
-5.46106e-07
0.000787288
-4.47227e-08
0.000786783
4.32983e-07
0.000786489
9.16027e-07
0.000786389
1.39612e-06
0.00078647
1.87321e-06
0.00078672
2.34414e-06
0.000787129
2.80773e-06
0.000787687
3.26188e-06
0.000788382
3.70719e-06
0.000789201
4.14125e-06
0.000790133
4.56448e-06
0.000791167
4.97365e-06
0.000792291
5.37039e-06
0.000793493
5.75075e-06
0.000794762
6.11728e-06
0.000796087
6.46482e-06
0.000797459
6.79747e-06
0.000798866
7.10848e-06
0.000800299
7.4042e-06
0.000801749
7.67567e-06
0.000803209
7.9324e-06
0.000804669
8.16223e-06
0.000806123
8.37902e-06
0.000807562
8.56602e-06
0.000808983
8.74306e-06
0.000810376
8.88693e-06
0.000811742
9.02561e-06
0.00081307
9.12696e-06
0.000814363
9.22995e-06
0.00081561
9.29016e-06
0.000816817
9.36119e-06
0.000817972
9.38219e-06
0.000819085
9.42596e-06
0.000820141
9.41027e-06
0.000821156
9.43253e-06
0.000822111
9.3833e-06
0.000823028
9.39051e-06
0.000823881
9.31154e-06
0.000824704
9.31051e-06
0.000825458
9.20643e-06
0.000826194
9.20341e-06
9.08091e-06
0.000823811
1.15981e-06
0.000821713
6.8262e-07
0.000819337
2.15223e-07
0.000816678
-2.26264e-07
0.000813743
-6.51037e-07
0.000810543
-1.06344e-06
0.000807087
-1.45612e-06
0.000803387
-1.82811e-06
0.000799454
-2.1791e-06
0.000795303
-2.50701e-06
0.000790947
-2.80943e-06
0.000786401
-3.0851e-06
0.000781683
-3.33359e-06
0.000776809
-3.55458e-06
0.000771798
-3.74738e-06
0.000766669
-3.91125e-06
0.000761441
-4.046e-06
0.000756136
-4.15238e-06
0.000750775
-4.23181e-06
0.00074538
-4.28587e-06
0.000739977
-4.31574e-06
0.000734587
-4.32145e-06
0.000729234
-4.30326e-06
0.000723938
-4.26316e-06
0.000718721
-4.20318e-06
0.000713605
-4.12501e-06
0.00070861
-4.03054e-06
0.000703755
-3.92148e-06
0.00069906
-3.79944e-06
0.000694543
-3.66592e-06
0.000690221
-3.52229e-06
0.000686108
-3.36968e-06
0.000682218
-3.20914e-06
0.000678565
-3.04155e-06
0.000675157
-2.86761e-06
0.000672006
-2.68787e-06
0.000669117
-2.50277e-06
0.000666498
-2.31235e-06
0.000664151
-2.11658e-06
0.000662079
-1.9156e-06
0.000660283
-1.70953e-06
0.000658763
-1.49834e-06
0.000657518
-1.28178e-06
0.000656543
-1.05911e-06
0.000655835
-8.30308e-07
0.000655388
-5.95679e-07
0.000655197
-3.54684e-07
0.000655256
-1.04071e-07
0.000655546
1.43166e-07
0.000656066
3.95467e-07
0.000656806
6.56125e-07
0.000657757
9.22975e-07
0.000658906
1.19467e-06
0.000660243
1.47048e-06
0.000661756
1.74891e-06
0.000663434
2.02984e-06
0.000665263
2.31207e-06
0.000667232
2.59548e-06
0.000669327
2.87829e-06
0.000671537
3.1608e-06
0.000673847
3.44027e-06
0.000676247
3.71737e-06
0.000678723
3.98867e-06
0.000681265
4.25572e-06
0.000683859
4.51406e-06
0.000686497
4.76659e-06
0.000689165
5.00741e-06
0.000691856
5.24145e-06
0.000694558
5.46073e-06
0.000697264
5.67309e-06
0.000699962
5.8675e-06
0.000702649
6.05593e-06
0.000705313
6.22295e-06
0.000707953
6.38622e-06
0.000710556
6.52406e-06
0.000713124
6.66192e-06
0.000715644
6.76955e-06
0.000718123
6.88268e-06
0.000720545
6.95971e-06
0.000722922
7.04952e-06
0.000725235
7.09663e-06
0.000727502
7.16576e-06
0.0007297
7.18505e-06
0.000731855
7.23626e-06
0.000733935
7.23119e-06
0.000735979
7.2666e-06
0.000737942
7.2431e-06
0.000739883
7.26284e-06
7.23227e-06
0.000653441
2.33364e-06
0.000651955
2.16809e-06
0.000650164
2.00642e-06
0.000648089
1.84895e-06
0.000645743
1.69469e-06
0.000643136
1.54387e-06
0.000640281
1.39877e-06
0.000637193
1.2602e-06
0.000633886
1.12779e-06
0.000630377
1.00197e-06
0.000626684
8.83849e-07
0.000622825
7.73823e-07
0.00061882
6.7132e-07
0.00061469
5.75493e-07
0.000610456
4.85883e-07
0.000606143
4.02608e-07
0.000601771
3.26e-07
0.000597362
2.55921e-07
0.000592939
1.91732e-07
0.00058852
1.32812e-07
0.000584126
7.84866e-08
0.000579777
2.76978e-08
0.00057549
-1.70974e-08
0.000571288
-6.10178e-08
0.000567193
-1.07549e-07
0.00056322
-1.52548e-07
0.000559387
-1.9742e-07
0.000555708
-2.42811e-07
0.000552198
-2.89081e-07
0.000548869
-3.36387e-07
0.000545731
-3.84719e-07
0.000542795
-4.33969e-07
0.00054007
-4.83968e-07
0.000537563
-5.34442e-07
0.00053528
-5.85025e-07
0.000533228
-6.3522e-07
0.000531409
-6.84335e-07
0.000529828
-7.31415e-07
0.000528487
-7.74775e-07
0.000527384
-8.13236e-07
0.000526521
-8.4589e-07
0.000525894
-8.72148e-07
0.000525504
-8.912e-07
0.000525347
-9.02027e-07
0.00052542
-9.04101e-07
0.000525722
-8.97351e-07
0.000526249
-8.81235e-07
0.000526999
-8.54391e-07
0.000527958
-8.15613e-07
0.000529117
-7.6417e-07
0.000530473
-6.99542e-07
0.000532018
-6.21822e-07
0.000533744
-5.31368e-07
0.000535643
-4.28421e-07
0.000537705
-3.13438e-07
0.000539921
-1.86322e-07
0.00054228
-4.62698e-08
0.000544779
9.58516e-08
0.00054741
2.47621e-07
0.000550161
4.09472e-07
0.000553022
5.79292e-07
0.000555983
7.56453e-07
0.000559033
9.38802e-07
0.000562163
1.12615e-06
0.000565361
1.31582e-06
0.000568619
1.50829e-06
0.000571927
1.70009e-06
0.000575275
1.8928e-06
0.000578654
2.08171e-06
0.000582057
2.27011e-06
0.000585473
2.45142e-06
0.000588898
2.63155e-06
0.00059232
2.80102e-06
0.000595736
2.96959e-06
0.000599137
3.12353e-06
0.000602521
3.27803e-06
0.000605877
3.41336e-06
0.000609207
3.552e-06
0.000612501
3.66615e-06
0.000615763
3.7873e-06
0.000618981
3.87875e-06
0.000622164
3.98253e-06
0.000625298
4.05186e-06
0.000628396
4.13758e-06
0.00063144
4.18729e-06
0.000634454
4.25294e-06
0.000637407
4.28972e-06
0.00064034
4.33036e-06
4.37206e-06
0.000515962
2.09224e-06
0.000515939
2.19097e-06
0.000515663
2.28244e-06
0.000515144
2.36751e-06
0.000514392
2.44694e-06
0.000513416
2.52018e-06
0.000512228
2.58663e-06
0.000510842
2.64589e-06
0.000509272
2.69769e-06
0.000507532
2.74215e-06
0.000505636
2.77965e-06
0.0005036
2.81026e-06
0.000501438
2.8334e-06
0.000499165
2.8479e-06
0.000496799
2.85239e-06
0.000494356
2.8456e-06
0.000491854
2.82735e-06
0.000489312
2.79794e-06
0.000486746
2.75768e-06
0.000484172
2.70696e-06
0.000481605
2.64602e-06
0.000479057
2.57507e-06
0.000476546
2.49425e-06
0.000474082
2.4029e-06
0.000471674
2.30023e-06
0.000469336
2.18616e-06
0.000467077
2.0607e-06
0.000464911
1.92411e-06
0.000462845
1.77687e-06
0.000460889
1.6197e-06
0.00045905
1.4534e-06
0.000457338
1.27868e-06
0.000455758
1.09621e-06
0.000454316
9.06698e-07
0.00045302
7.10898e-07
0.000451876
5.09605e-07
0.000450888
3.03597e-07
0.000450063
9.29404e-08
0.000449397
-1.08429e-07
0.000448893
-3.09071e-07
0.000448555
-5.08291e-07
0.000448386
-7.02985e-07
0.000448386
-8.91576e-07
0.000448558
-1.07317e-06
0.0004489
-1.24675e-06
0.000449414
-1.41126e-06
0.000450098
-1.56541e-06
0.000450952
-1.70779e-06
0.000451974
-1.83754e-06
0.000453163
-1.95359e-06
0.000454518
-2.05459e-06
0.000456036
-2.13971e-06
0.000457713
-2.20847e-06
0.000459545
-2.26067e-06
0.000461528
-2.29626e-06
0.000463657
-2.31539e-06
0.000465929
-2.31839e-06
0.000468331
-2.30623e-06
0.000470858
-2.27892e-06
0.000473504
-2.23685e-06
0.000476264
-2.18077e-06
0.000479132
-2.11135e-06
0.000482101
-2.02967e-06
0.000485163
-1.93651e-06
0.000488313
-1.83335e-06
0.000491542
-1.72084e-06
0.000494843
-1.60099e-06
0.00049821
-1.47398e-06
0.000501634
-1.34253e-06
0.00050511
-1.20591e-06
0.000508629
-1.06802e-06
0.000512187
-9.26548e-07
0.000515776
-7.87222e-07
0.00051939
-6.45226e-07
0.000523023
-5.09152e-07
0.000526671
-3.70376e-07
0.000530326
-2.41629e-07
0.000533987
-1.08666e-07
0.000537645
8.48219e-09
0.000541306
1.26365e-07
0.000544958
2.26898e-07
0.000548605
3.35414e-07
0.000552236
4.20751e-07
0.000555859
5.147e-07
0.000559461
5.85078e-07
0.000563054
6.59649e-07
0.000566624
7.20009e-07
0.000570187
7.66937e-07
8.32095e-07
0.000502957
1.13403e-06
0.000503584
1.46571e-06
0.000503989
1.78593e-06
0.000504177
2.09368e-06
0.000504157
2.38834e-06
0.000503934
2.66908e-06
0.00050352
2.93481e-06
0.000502922
3.18451e-06
0.000502151
3.41722e-06
0.000501216
3.63207e-06
0.00050013
3.82835e-06
0.000498904
4.00539e-06
0.000497552
4.16246e-06
0.000496087
4.29866e-06
0.000494522
4.41302e-06
0.000492869
4.50489e-06
0.00049114
4.5743e-06
0.000489346
4.6219e-06
0.000487497
4.6469e-06
0.000485607
4.64729e-06
0.000483691
4.62355e-06
0.000481761
4.57608e-06
0.000479831
4.5051e-06
0.000477914
4.41095e-06
0.000476023
4.29412e-06
0.000474168
4.15507e-06
0.00047236
3.99443e-06
0.000470607
3.81304e-06
0.00046892
3.61172e-06
0.000467305
3.39144e-06
0.000465771
3.15354e-06
0.000464325
2.89946e-06
0.000462974
2.63035e-06
0.000461722
2.34733e-06
0.000460577
2.05172e-06
0.000459543
1.74504e-06
0.000458624
1.42873e-06
0.000457823
1.10447e-06
0.000457142
7.74404e-07
0.000456593
4.40772e-07
0.000456182
1.01792e-07
0.000455893
-2.19738e-07
0.000455734
-5.43369e-07
0.000455707
-8.64997e-07
0.000455816
-1.18233e-06
0.000456062
-1.49286e-06
0.000456446
-1.79526e-06
0.000456969
-2.08809e-06
0.000457631
-2.3693e-06
0.00045843
-2.637e-06
0.000459366
-2.89004e-06
0.000460439
-3.12723e-06
0.000461647
-3.34768e-06
0.000462989
-3.55047e-06
0.000464463
-3.7351e-06
0.000466068
-3.90094e-06
0.000467801
-4.04799e-06
0.000469658
-4.17612e-06
0.000471638
-4.2859e-06
0.000473736
-4.37712e-06
0.00047595
-4.45027e-06
0.000478274
-4.50536e-06
0.000480706
-4.54339e-06
0.000483241
-4.56464e-06
0.000485875
-4.5704e-06
0.000488603
-4.56116e-06
0.000491421
-4.53842e-06
0.000494322
-4.50284e-06
0.000497304
-4.45597e-06
0.000500361
-4.39873e-06
0.000503487
-4.33244e-06
0.000506678
-4.25849e-06
0.000509929
-4.17759e-06
0.000513233
-4.09197e-06
0.000516589
-4.00117e-06
0.000519989
-3.90886e-06
0.000523431
-3.81265e-06
0.000526908
-3.71844e-06
0.000530421
-3.62109e-06
0.000533959
-3.52959e-06
0.000537521
-3.4355e-06
0.000541098
-3.35054e-06
0.000544696
-3.26266e-06
0.000548303
-3.18651e-06
0.000551927
-3.10885e-06
0.000555555
-3.04272e-06
0.000559195
-2.98074e-06
0.000562839
-2.92354e-06
0.000566492
-2.88624e-06
-2.83554e-06
0.000623169
1.47855e-06
0.000622633
2.00187e-06
0.00062191
2.50945e-06
0.000621002
3.00092e-06
0.000619916
3.47456e-06
0.000618657
3.92815e-06
0.000617232
4.35961e-06
0.00061565
4.76715e-06
0.000613918
5.14916e-06
0.000612046
5.50409e-06
0.000610044
5.83034e-06
0.000607923
6.12639e-06
0.000605694
6.39074e-06
0.000603371
6.62212e-06
0.000600965
6.8194e-06
0.000598488
6.98173e-06
0.000595954
7.10846e-06
0.000593376
7.19905e-06
0.00059077
7.25293e-06
0.000588148
7.26995e-06
0.00058552
7.25082e-06
0.0005829
7.19651e-06
0.000580298
7.10713e-06
0.000577727
6.98212e-06
0.000575198
6.82269e-06
0.000572723
6.6301e-06
0.000570312
6.40562e-06
0.000567974
6.15094e-06
0.000565718
5.86764e-06
0.000563552
5.55727e-06
0.000561484
5.22184e-06
0.00055952
4.86349e-06
0.000557666
4.48409e-06
0.000555928
4.08564e-06
0.000554309
3.67027e-06
0.000552814
3.24033e-06
0.000551445
2.7983e-06
0.000550202
2.34673e-06
0.000549088
1.8884e-06
0.000548103
1.42585e-06
0.000547246
9.5939e-07
0.000546536
4.89783e-07
0.000545979
1.33783e-08
0.000545545
-4.30871e-07
0.000545244
-8.81055e-07
0.000545075
-1.32427e-06
0.000545039
-1.75855e-06
0.000545133
-2.18204e-06
0.000545356
-2.59255e-06
0.000545707
-2.98845e-06
0.000546186
-3.36894e-06
0.000546791
-3.73183e-06
0.000547519
-4.07585e-06
0.000548368
-4.39977e-06
0.000549337
-4.70348e-06
0.000550421
-4.9858e-06
0.00055162
-5.24696e-06
0.00055293
-5.48602e-06
0.000554348
-5.70386e-06
0.000555871
-5.89959e-06
0.000557495
-6.07468e-06
0.000559218
-6.22819e-06
0.000561037
-6.36221e-06
0.000562948
-6.47566e-06
0.000564949
-6.57132e-06
0.000567035
-6.64781e-06
0.000569206
-6.70865e-06
0.000571455
-6.752e-06
0.000573781
-6.78216e-06
0.000576179
-6.79671e-06
0.000578647
-6.80071e-06
0.00058118
-6.7911e-06
0.000583776
-6.77366e-06
0.000586429
-6.74466e-06
0.000589138
-6.71051e-06
0.000591896
-6.66686e-06
0.000594704
-6.62068e-06
0.000597553
-6.56705e-06
0.000600445
-6.51338e-06
0.00060337
-6.45433e-06
0.000606332
-6.3977e-06
0.000609318
-6.3372e-06
0.000612337
-6.28145e-06
0.000615373
-6.22266e-06
0.000618437
-6.17199e-06
0.000621512
-6.11775e-06
0.000624608
-6.07733e-06
0.000627715
-6.03012e-06
0.000630836
-6.0075e-06
-5.9744e-06
0.000795359
2.82145e-06
0.000793832
3.52865e-06
0.000792125
4.21707e-06
0.000790241
4.88422e-06
0.000788188
5.52793e-06
0.00078597
6.14582e-06
0.000783595
6.73526e-06
0.000781068
7.29358e-06
0.000778399
7.81815e-06
0.000775597
8.30644e-06
0.000772671
8.75597e-06
0.000769633
9.1644e-06
0.000766495
9.5295e-06
0.000763267
9.84928e-06
0.000759965
1.0122e-05
0.0007566
1.03464e-05
0.000753187
1.05213e-05
0.00074974
1.06461e-05
0.000746272
1.0721e-05
0.000742796
1.07464e-05
0.000739324
1.07229e-05
0.000735869
1.0651e-05
0.000732445
1.0531e-05
0.000729064
1.03633e-05
0.000725737
1.01496e-05
0.000722476
9.89176e-06
0.000719289
9.59191e-06
0.000716188
9.25246e-06
0.00071318
8.87579e-06
0.000710273
8.46431e-06
0.000707474
8.02079e-06
0.000704789
7.54806e-06
0.000702224
7.04889e-06
0.000699784
6.52628e-06
0.000697471
5.98297e-06
0.000695289
5.42195e-06
0.000693241
4.84647e-06
0.000691328
4.25979e-06
0.000689551
3.66518e-06
0.000687911
3.06565e-06
0.000686407
2.46354e-06
0.000685035
1.86221e-06
0.000683785
1.26355e-06
0.000682684
6.7008e-07
0.000681721
8.14547e-08
0.000680885
-4.88399e-07
0.00068018
-1.05335e-06
0.000679606
-1.60808e-06
0.000679157
-2.14369e-06
0.000678827
-2.65855e-06
0.000678614
-3.15552e-06
0.000678515
-3.63261e-06
0.000678528
-4.08912e-06
0.000678651
-4.52298e-06
0.000678882
-4.93383e-06
0.000679215
-5.31955e-06
0.00067965
-5.68152e-06
0.000680182
-6.01804e-06
0.000680809
-6.33102e-06
0.000681528
-6.61822e-06
0.000682336
-6.88258e-06
0.000683229
-7.12152e-06
0.000684206
-7.33911e-06
0.000685262
-7.53199e-06
0.000686396
-7.70553e-06
0.000687604
-7.85538e-06
0.000688884
-7.98847e-06
0.000690231
-8.09904e-06
0.000691645
-8.19585e-06
0.000693119
-8.27138e-06
0.000694655
-8.33648e-06
0.000696245
-8.38145e-06
0.000697891
-8.4196e-06
0.000699585
-8.4386e-06
0.000701329
-8.45462e-06
0.000703115
-8.45223e-06
0.000704945
-8.45088e-06
0.000706809
-8.4316e-06
0.000708714
-8.41755e-06
0.000710645
-8.38573e-06
0.000712611
-8.36349e-06
0.000714597
-8.32317e-06
0.000716612
-8.29694e-06
0.000718641
-8.25186e-06
0.000720695
-8.22579e-06
0.000722757
-8.1795e-06
0.000724838
-8.15798e-06
0.000726922
-8.11415e-06
0.000729017
-8.1023e-06
-8.06798e-06
0.00093517
4.2738e-06
0.000933551
5.14791e-06
0.000931765
6.00303e-06
0.000929814
6.8353e-06
0.000927701
7.6412e-06
0.000925429
8.41751e-06
0.000923003
9.16097e-06
0.000920429
9.86804e-06
0.000917712
1.0535e-05
0.00091486
1.11582e-05
0.000911882
1.17342e-05
0.000908787
1.22597e-05
0.000905584
1.27318e-05
0.000902286
1.3148e-05
0.000898902
1.35057e-05
0.000895445
1.38032e-05
0.000891928
1.40386e-05
0.000888363
1.42108e-05
0.000884765
1.43189e-05
0.000881148
1.43635e-05
0.000877525
1.43459e-05
0.000873909
1.42672e-05
0.000870311
1.4129e-05
0.000866742
1.39325e-05
0.000863212
1.36794e-05
0.000859732
1.33718e-05
0.000856312
1.30122e-05
0.00085296
1.26037e-05
0.000849687
1.21492e-05
0.000846499
1.1652e-05
0.000843404
1.11157e-05
0.000840409
1.05439e-05
0.000837517
9.94016e-06
0.000834735
9.30839e-06
0.000832066
8.65228e-06
0.000829512
7.97574e-06
0.000827076
7.28262e-06
0.000824759
6.57673e-06
0.000822563
5.86161e-06
0.000820487
5.14094e-06
0.000818533
4.41757e-06
0.000816701
3.69508e-06
0.000814987
2.97689e-06
0.000813391
2.26674e-06
0.000811904
1.56797e-06
0.000810531
8.84273e-07
0.000809259
2.18587e-07
0.000808098
-4.46715e-07
0.000807043
-1.08869e-06
0.000806096
-1.71161e-06
0.000805254
-2.31317e-06
0.000804508
-2.88732e-06
0.000803856
-3.43671e-06
0.000803293
-3.96032e-06
0.000802818
-4.45832e-06
0.000802426
-4.92782e-06
0.000802116
-5.37089e-06
0.000801882
-5.78479e-06
0.000801724
-6.1726e-06
0.000801637
-6.53103e-06
0.000801619
-6.86452e-06
0.000801666
-7.16883e-06
0.000801777
-7.44996e-06
0.000801947
-7.70248e-06
0.000802176
-7.93428e-06
0.000802459
-8.13821e-06
0.000802795
-8.32446e-06
0.000803179
-8.48361e-06
0.000803612
-8.62866e-06
0.000804088
-8.74731e-06
0.000804608
-8.85589e-06
0.000805165
-8.93854e-06
0.000805761
-9.0156e-06
0.000806389
-9.06681e-06
0.000807052
-9.11734e-06
0.000807741
-9.14164e-06
0.000808461
-9.1706e-06
0.000809201
-9.17241e-06
0.000809969
-9.18464e-06
0.000810751
-9.16822e-06
0.000811556
-9.16838e-06
0.000812371
-9.13776e-06
0.000813204
-9.13024e-06
0.000814041
-9.08912e-06
0.000814893
-9.07805e-06
0.000815744
-9.02989e-06
0.000816605
-9.01912e-06
0.000817458
-8.96692e-06
0.000818315
-8.95964e-06
-8.90697e-06
0.00101077
5.4275e-06
0.00100948
6.43247e-06
0.00100807
7.41991e-06
0.00100651
8.38599e-06
0.00100483
9.3267e-06
0.00100301
1.02377e-05
0.00100106
1.11143e-05
0.000998972
1.1952e-05
0.000996761
1.27458e-05
0.000994428
1.34913e-05
0.000991978
1.4184e-05
0.000989418
1.48196e-05
0.000986756
1.53944e-05
0.000983999
1.59051e-05
0.000981156
1.63486e-05
0.000978236
1.67225e-05
0.00097525
1.70247e-05
0.000972208
1.72535e-05
0.000969119
1.74079e-05
0.000965995
1.74875e-05
0.000962848
1.74929e-05
0.000959688
1.74264e-05
0.000956527
1.72903e-05
0.000953374
1.70862e-05
0.000950236
1.68164e-05
0.000947124
1.64838e-05
0.000944046
1.60911e-05
0.000941008
1.56417e-05
0.000938018
1.51392e-05
0.000935082
1.45874e-05
0.000932207
1.39905e-05
0.000929398
1.33529e-05
0.00092666
1.26789e-05
0.000923995
1.19728e-05
0.000921408
1.12392e-05
0.000918901
1.04826e-05
0.000916477
9.70708e-06
0.000914136
8.91725e-06
0.000911881
8.11701e-06
0.000909711
7.31073e-06
0.000907627
6.502e-06
0.000905627
5.695e-06
0.000903711
4.89315e-06
0.000901878
4.09946e-06
0.000900129
3.31712e-06
0.000898464
2.54944e-06
0.000896884
1.79803e-06
0.00089537
1.06761e-06
0.000893919
3.61935e-07
0.000892541
-3.3388e-07
0.000891235
-1.00656e-06
0.000889998
-1.65044e-06
0.000888831
-2.27015e-06
0.000887729
-2.8583e-06
0.000886687
-3.41623e-06
0.000885703
-3.94317e-06
0.000884773
-4.44168e-06
0.000883897
-4.90844e-06
0.000883071
-5.34691e-06
0.000882294
-5.75344e-06
0.000881562
-6.13294e-06
0.000880874
-6.4807e-06
0.000880228
-6.80341e-06
0.00087962
-7.0949e-06
0.00087905
-7.36399e-06
0.000878514
-7.6025e-06
0.000878011
-7.82186e-06
0.000877539
-8.01125e-06
0.000877096
-8.18537e-06
0.000876678
-8.32995e-06
0.000876286
-8.46371e-06
0.000875916
-8.56799e-06
0.000875566
-8.66649e-06
0.000875235
-8.73506e-06
0.000874921
-8.80349e-06
0.00087462
-8.84088e-06
0.000874334
-8.88445e-06
0.000874057
-8.89501e-06
0.000873791
-8.91881e-06
0.000873529
-8.90669e-06
0.000873276
-8.91566e-06
0.000873023
-8.88469e-06
0.000872777
-8.88357e-06
0.000872525
-8.83718e-06
0.000872277
-8.83038e-06
0.000872019
-8.77155e-06
0.000871763
-8.76313e-06
0.00087149
-8.69411e-06
0.000871218
-8.68753e-06
-8.60975e-06
0.00101724
6.06737e-06
0.0010165
7.16873e-06
0.00101566
8.25772e-06
0.00101472
9.33014e-06
0.00101367
1.03805e-05
0.0010125
1.14029e-05
0.00101122
1.23914e-05
0.00100984
1.33402e-05
0.00100834
1.42436e-05
0.00100673
1.50959e-05
0.00100503
1.58914e-05
0.00100322
1.6625e-05
0.00100132
1.72921e-05
0.000999339
1.78886e-05
0.000997277
1.84109e-05
0.000995143
1.8856e-05
0.000992946
1.92216e-05
0.000990694
1.95059e-05
0.000988394
1.97082e-05
0.000986053
1.98279e-05
0.000983681
1.98656e-05
0.000981284
1.98229e-05
0.000978873
1.97017e-05
0.000976454
1.95045e-05
0.000974037
1.92343e-05
0.000971626
1.88945e-05
0.000969228
1.84886e-05
0.000966849
1.80206e-05
0.000964494
1.74945e-05
0.000962167
1.69149e-05
0.000959871
1.62864e-05
0.00095761
1.56137e-05
0.000955387
1.49016e-05
0.000953205
1.41552e-05
0.000951065
1.33792e-05
0.000948969
1.25786e-05
0.000946918
1.1758e-05
0.000944913
1.09223e-05
0.000942954
1.00758e-05
0.000941042
9.22317e-06
0.000939175
8.36835e-06
0.000937355
7.51534e-06
0.00093558
6.66755e-06
0.000933851
5.82894e-06
0.000932166
5.00235e-06
0.000930524
4.19103e-06
0.000928924
3.39806e-06
0.000927366
2.62537e-06
0.000925855
1.87311e-06
0.000924375
1.14627e-06
0.00092292
4.48305e-07
0.000921499
-2.28887e-07
0.000920112
-8.83392e-07
0.000918756
-1.50221e-06
0.000917433
-2.09336e-06
0.000916141
-2.65161e-06
0.000914877
-3.17777e-06
0.00091364
-3.67072e-06
0.000912427
-4.13427e-06
0.000911239
-4.56507e-06
0.000910073
-4.96712e-06
0.000908929
-5.33635e-06
0.000907804
-5.6788e-06
0.000906698
-5.98913e-06
0.000905609
-6.27532e-06
0.000904537
-6.53003e-06
0.000903479
-6.76379e-06
0.000902434
-6.96671e-06
0.000901402
-7.15256e-06
0.00090038
-7.30799e-06
0.000899367
-7.45084e-06
0.000898362
-7.56323e-06
0.000897364
-7.66824e-06
0.000896371
-7.74213e-06
0.000895382
-7.81462e-06
0.000894396
-7.85451e-06
0.000893411
-7.89988e-06
0.000892426
-7.91009e-06
0.000891441
-7.93372e-06
0.000890453
-7.91827e-06
0.000889462
-7.92545e-06
0.000888466
-7.88796e-06
0.000887466
-7.88384e-06
0.000886456
-7.82744e-06
0.000885443
-7.81699e-06
0.000884415
-7.74417e-06
0.000883385
-7.7322e-06
0.000882335
-7.6448e-06
0.000881284
-7.63621e-06
-7.53477e-06
0.000979839
6.26749e-06
0.000979544
7.46298e-06
0.000979148
8.65458e-06
0.000978642
9.83523e-06
0.000978026
1.09971e-05
0.000977296
1.21327e-05
0.000976453
1.32348e-05
0.000975496
1.42965e-05
0.00097443
1.53103e-05
0.000973256
1.62692e-05
0.000971982
1.71661e-05
0.000970612
1.79949e-05
0.000969154
1.875e-05
0.000967616
1.94265e-05
0.000966007
2.00203e-05
0.000964335
2.0528e-05
0.000962609
2.09472e-05
0.000960838
2.12765e-05
0.000959031
2.15153e-05
0.000957195
2.16639e-05
0.000955338
2.17232e-05
0.000953466
2.16941e-05
0.000951589
2.1579e-05
0.000949712
2.13811e-05
0.000947843
2.1104e-05
0.000945985
2.0752e-05
0.000944145
2.03294e-05
0.000942324
1.9841e-05
0.000940527
1.92916e-05
0.000938756
1.86863e-05
0.000937012
1.80302e-05
0.000935297
1.73287e-05
0.000933611
1.65871e-05
0.000931956
1.58108e-05
0.00093033
1.50051e-05
0.000928733
1.41752e-05
0.000927165
1.3326e-05
0.000925625
1.24625e-05
0.000924112
1.15893e-05
0.000922624
1.07109e-05
0.000921161
9.83149e-06
0.000919721
8.95509e-06
0.000918303
8.08547e-06
0.000916905
7.22658e-06
0.000915527
6.3808e-06
0.000914166
5.55157e-06
0.000912823
4.74152e-06
0.000911496
3.95208e-06
0.000910183
3.18653e-06
0.000908881
2.4477e-06
0.000907597
1.73303e-06
0.000906323
1.0451e-06
0.000905051
3.88736e-07
0.000903788
-2.4017e-07
0.000902533
-8.37707e-07
0.000901281
-1.39992e-06
0.000900036
-1.9323e-06
0.000898797
-2.43189e-06
0.000897563
-2.90017e-06
0.000896333
-3.33546e-06
0.000895107
-3.74126e-06
0.000893885
-4.11431e-06
0.000892666
-4.45923e-06
0.000891449
-4.77205e-06
0.000890232
-5.05924e-06
0.000889018
-5.31513e-06
0.000887802
-5.54842e-06
0.000886587
-5.75119e-06
0.000885369
-5.93506e-06
0.00088415
-6.08895e-06
0.000882928
-6.22828e-06
0.000881702
-6.33772e-06
0.000880472
-6.43773e-06
0.000879237
-6.50724e-06
0.000877995
-6.57331e-06
0.000876748
-6.60731e-06
0.000875493
-6.64499e-06
0.000874231
-6.64775e-06
0.00087296
-6.66269e-06
0.00087168
-6.63815e-06
0.00087039
-6.63601e-06
0.00086909
-6.58764e-06
0.00086778
-6.5741e-06
0.000866458
-6.50481e-06
0.000865126
-6.48558e-06
0.00086378
-6.39748e-06
0.000862426
-6.37834e-06
0.000861054
-6.27269e-06
0.000859677
-6.25965e-06
-6.13475e-06
0.000942552
6.46206e-06
0.000942228
7.78617e-06
0.00094177
9.11277e-06
0.000941172
1.04336e-05
0.000940429
1.17397e-05
0.000939541
1.30215e-05
0.000938506
1.42696e-05
0.000937328
1.54742e-05
0.000936012
1.66261e-05
0.000934566
1.7716e-05
0.000932996
1.87352e-05
0.000931315
1.96761e-05
0.000929533
2.05318e-05
0.000927664
2.12962e-05
0.000925719
2.19645e-05
0.000923714
2.2533e-05
0.000921663
2.29991e-05
0.000919578
2.33614e-05
0.000917473
2.36196e-05
0.000915362
2.37748e-05
0.000913257
2.3829e-05
0.000911165
2.37853e-05
0.000909097
2.3647e-05
0.00090706
2.34181e-05
0.000905061
2.3103e-05
0.000903107
2.27067e-05
0.000901201
2.22349e-05
0.000899349
2.16934e-05
0.000897552
2.10882e-05
0.000895813
2.04255e-05
0.000894132
1.97114e-05
0.000892508
1.8952e-05
0.000890942
1.81537e-05
0.000889431
1.73222e-05
0.000887972
1.64633e-05
0.000886565
1.55828e-05
0.000885205
1.46859e-05
0.00088389
1.37777e-05
0.000882616
1.2863e-05
0.00088138
1.19465e-05
0.000880179
1.10325e-05
0.00087901
1.01248e-05
0.000877868
9.22733e-06
0.000876751
8.34326e-06
0.000875656
7.47539e-06
0.000874581
6.62698e-06
0.000873522
5.80005e-06
0.000872478
4.99703e-06
0.000871444
4.22018e-06
0.000870421
3.4703e-06
0.000869406
2.74859e-06
0.000868393
2.05775e-06
0.000867385
1.39697e-06
0.000866378
7.66495e-07
0.000865375
1.65686e-07
0.000864367
-3.91904e-07
0.000863356
-9.22006e-07
0.000862343
-1.41818e-06
0.000861325
-1.88215e-06
0.000860302
-2.31304e-06
0.000859274
-2.7131e-06
0.00085824
-3.08024e-06
0.000857199
-3.4181e-06
0.000856151
-3.72382e-06
0.000855094
-4.00244e-06
0.000854029
-4.24991e-06
0.000852954
-4.47326e-06
0.000851869
-4.6665e-06
0.000850773
-4.83911e-06
0.000849666
-4.98235e-06
0.000848547
-5.10917e-06
0.000847416
-5.20693e-06
0.000846272
-5.29333e-06
0.000845115
-5.35026e-06
0.000843944
-5.40183e-06
0.000842759
-5.42242e-06
0.000841559
-5.44491e-06
0.000840344
-5.43343e-06
0.000839114
-5.43279e-06
0.000837869
-5.39316e-06
0.000836609
-5.37552e-06
0.000835332
-5.31116e-06
0.000834041
-5.28286e-06
0.000832733
-5.19647e-06
0.000831411
-5.16409e-06
0.000830071
-5.05748e-06
0.000828721
-5.02797e-06
0.00082735
-4.90165e-06
0.000825972
-4.88222e-06
-4.7325e-06
0.000918369
6.8974e-06
0.000917799
8.35578e-06
0.000917085
9.82667e-06
0.000916219
1.13004e-05
0.000915191
1.27668e-05
0.000913999
1.42141e-05
0.000912639
1.56297e-05
0.000911112
1.7001e-05
0.000909422
1.83156e-05
0.000907576
1.95621e-05
0.000905582
2.07294e-05
0.000903451
2.18076e-05
0.000901195
2.27878e-05
0.000898829
2.36623e-05
0.000896368
2.44249e-05
0.00089383
2.50709e-05
0.000891232
2.55971e-05
0.000888592
2.60018e-05
0.000885927
2.62845e-05
0.000883255
2.64464e-05
0.000880594
2.64905e-05
0.000877957
2.64217e-05
0.000875358
2.6246e-05
0.000872808
2.59688e-05
0.000870315
2.55957e-05
0.000867889
2.51328e-05
0.000865537
2.45868e-05
0.000863266
2.39649e-05
0.000861079
2.32746e-05
0.000858981
2.25236e-05
0.000856973
2.17193e-05
0.000855056
2.08691e-05
0.000853229
1.99803e-05
0.000851492
1.90597e-05
0.000849841
1.81141e-05
0.000848274
1.71497e-05
0.000846787
1.61726e-05
0.000845377
1.51884e-05
0.000844037
1.42023e-05
0.000842765
1.32192e-05
0.000841554
1.22433e-05
0.0008404
1.12789e-05
0.000839298
1.03293e-05
0.000838243
9.39815e-06
0.00083723
8.48829e-06
0.000836254
7.60237e-06
0.000835312
6.74266e-06
0.000834398
5.91118e-06
0.000833509
5.10925e-06
0.00083264
4.33868e-06
0.000831788
3.60091e-06
0.000830949
2.8966e-06
0.00083012
2.22599e-06
0.000829296
1.59102e-06
0.000828469
9.92061e-07
0.000827648
4.28833e-07
0.000826825
-9.87283e-08
0.000826
-5.92593e-07
0.000825173
-1.05589e-06
0.000824342
-1.48217e-06
0.000823503
-1.8739e-06
0.000822655
-2.23181e-06
0.000821795
-2.5585e-06
0.000820923
-2.85214e-06
0.000820038
-3.1167e-06
0.000819138
-3.34999e-06
0.000818222
-3.55727e-06
0.00081729
-3.73457e-06
0.00081634
-3.88924e-06
0.000815373
-4.01516e-06
0.000814386
-4.12261e-06
0.000813381
-4.20207e-06
0.000812356
-4.26791e-06
0.000811312
-4.30578e-06
0.000810246
-4.33601e-06
0.000809161
-4.33723e-06
0.000808054
-4.33811e-06
0.000806928
-4.30723e-06
0.00080578
-4.28511e-06
0.000804613
-4.22615e-06
0.000803425
-4.18769e-06
0.000802218
-4.1041e-06
0.000800991
-4.05635e-06
0.000799746
-3.95076e-06
0.000798483
-3.9013e-06
0.000797201
-3.77518e-06
0.000795905
-3.73228e-06
0.000794589
-3.58552e-06
0.000793265
-3.55832e-06
-3.38974e-06
0.000861076
7.07965e-06
0.000860854
8.57806e-06
0.000860574
1.01067e-05
0.000860219
1.16551e-05
0.000859775
1.32108e-05
0.000859229
1.47597e-05
0.000858572
1.62871e-05
0.000857795
1.77779e-05
0.000856893
1.92172e-05
0.000855865
2.05907e-05
0.000854709
2.18851e-05
0.000853429
2.30878e-05
0.000852029
2.41878e-05
0.000850516
2.51752e-05
0.000848899
2.60421e-05
0.000847188
2.67819e-05
0.000845395
2.73901e-05
0.000843533
2.78637e-05
0.000841615
2.82017e-05
0.000839657
2.84052e-05
0.00083767
2.84772e-05
0.00083567
2.84222e-05
0.000833668
2.82477e-05
0.000831676
2.7961e-05
0.000829703
2.75682e-05
0.00082776
2.70763e-05
0.000825854
2.64927e-05
0.000823993
2.58256e-05
0.000822184
2.50834e-05
0.000820433
2.42751e-05
0.000818743
2.34091e-05
0.000817118
2.24942e-05
0.00081556
2.15385e-05
0.000814069
2.05503e-05
0.000812646
1.9537e-05
0.00081129
1.8506e-05
0.000809999
1.74638e-05
0.00080877
1.64169e-05
0.000807602
1.53709e-05
0.00080649
1.43312e-05
0.000805431
1.33025e-05
0.000804421
1.22891e-05
0.000803455
1.12949e-05
0.00080253
1.03235e-05
0.00080164
9.37762e-06
0.000800783
8.46011e-06
0.000799952
7.57309e-06
0.000799145
6.71852e-06
0.000798356
5.898e-06
0.000797582
5.11291e-06
0.000796818
4.36429e-06
0.000796062
3.65269e-06
0.00079531
2.9788e-06
0.000794557
2.34354e-06
0.000793803
1.74616e-06
0.000793044
1.18756e-06
0.000792277
6.68612e-07
0.000791494
1.89738e-07
0.000790702
-2.62909e-07
0.000789897
-6.77474e-07
0.000789079
-1.05578e-06
0.000788246
-1.39905e-06
0.000787395
-1.70795e-06
0.000786526
-1.98273e-06
0.000785636
-2.2267e-06
0.000784726
-2.43953e-06
0.000783793
-2.62458e-06
0.000782839
-2.78033e-06
0.000781861
-2.91162e-06
0.000780861
-3.01558e-06
0.000779838
-3.09907e-06
0.000778793
-3.15689e-06
0.000777724
-3.19877e-06
0.000776634
-3.21587e-06
0.00077552
-3.22234e-06
0.000774387
-3.204e-06
0.00077323
-3.18177e-06
0.000772056
-3.13312e-06
0.00077086
-3.08893e-06
0.000769648
-3.01431e-06
0.000768416
-2.95513e-06
0.00076717
-2.85812e-06
0.000765905
-2.79141e-06
0.000764629
-2.67459e-06
0.000763336
-2.60858e-06
0.000762034
-2.47321e-06
0.000760719
-2.41733e-06
0.000759397
-2.26303e-06
0.000758067
-2.22895e-06
-2.05554e-06
0.000712699
6.07191e-06
0.000713842
7.43494e-06
0.000715098
8.85114e-06
0.000716444
1.03089e-05
0.000717858
1.17963e-05
0.000719319
1.32989e-05
0.000720806
1.48006e-05
0.000722299
1.62843e-05
0.000723783
1.77331e-05
0.000725243
1.9131e-05
0.000726666
2.04625e-05
0.00072804
2.17131e-05
0.000729358
2.28698e-05
0.000730613
2.39209e-05
0.000731798
2.48567e-05
0.000732911
2.56691e-05
0.000733949
2.63518e-05
0.000734913
2.68999e-05
0.000735805
2.73103e-05
0.000736626
2.75837e-05
0.000737379
2.77248e-05
0.000738061
2.77399e-05
0.000738675
2.76337e-05
0.000739225
2.7411e-05
0.000739716
2.70774e-05
0.000740152
2.66395e-05
0.00074054
2.61053e-05
0.000740882
2.54834e-05
0.000741183
2.47825e-05
0.000741446
2.40119e-05
0.000741674
2.31807e-05
0.000741871
2.22979e-05
0.000742037
2.13722e-05
0.000742175
2.04122e-05
0.000742286
1.94258e-05
0.000742372
1.84207e-05
0.000742431
1.7404e-05
0.000742466
1.63823e-05
0.000742475
1.53617e-05
0.000742459
1.43477e-05
0.000742416
1.33454e-05
0.000742346
1.23592e-05
0.000742248
1.13932e-05
0.00074212
1.04509e-05
0.000741962
9.53543e-06
0.000741773
8.64944e-06
0.000741551
7.79517e-06
0.000741295
6.97452e-06
0.000741004
6.18907e-06
0.000740677
5.43991e-06
0.000740313
4.72807e-06
0.000739911
4.05427e-06
0.000739471
3.4188e-06
0.000738993
2.82193e-06
0.000738476
2.26366e-06
0.000737919
1.74382e-06
0.000737326
1.26192e-06
0.000736698
8.17239e-07
0.000736026
4.09568e-07
0.000735307
4.13586e-08
0.000734556
-3.04862e-07
0.000733767
-6.10079e-07
0.000732941
-8.81924e-07
0.000732081
-1.12252e-06
0.000731187
-1.33274e-06
0.000730261
-1.51324e-06
0.000729303
-1.66641e-06
0.000728315
-1.79299e-06
0.000727299
-1.89549e-06
0.000726257
-1.97375e-06
0.000725189
-2.03122e-06
0.0007241
-2.06699e-06
0.000722987
-2.08615e-06
0.000721857
-2.08574e-06
0.000720707
-2.07298e-06
0.000719545
-2.04185e-06
0.000718367
-2.00342e-06
0.00071718
-1.94662e-06
0.00071598
-1.8889e-06
0.000714777
-1.81097e-06
0.000713563
-1.74062e-06
0.00071235
-1.64526e-06
0.000711128
-1.56935e-06
0.000709912
-1.45903e-06
0.000708689
-1.38542e-06
0.000707477
-1.26095e-06
0.000706258
-1.19899e-06
0.000705054
-1.05911e-06
0.000703847
-1.02119e-06
-8.63141e-07
0.000475322
2.93075e-06
0.000478727
4.03039e-06
0.000482364
5.21339e-06
0.000486205
6.46793e-06
0.000490225
7.77686e-06
0.000494402
9.12138e-06
0.000498719
1.04838e-05
0.000503157
1.18465e-05
0.000507698
1.31922e-05
0.000512325
1.45044e-05
0.00051702
1.57672e-05
0.000521767
1.69658e-05
0.00052655
1.80867e-05
0.000531353
1.91179e-05
0.000536161
2.00492e-05
0.000540958
2.08721e-05
0.00054573
2.158e-05
0.000550461
2.21684e-05
0.000555136
2.26352e-05
0.000559739
2.29813e-05
0.000564255
2.32089e-05
0.000568674
2.33204e-05
0.000572989
2.33188e-05
0.000577192
2.32078e-05
0.000581277
2.29923e-05
0.000585239
2.26784e-05
0.00058907
2.22735e-05
0.000592768
2.17856e-05
0.000596328
2.1223e-05
0.000599745
2.0594e-05
0.000603019
1.99071e-05
0.000606146
1.91707e-05
0.000609125
1.8393e-05
0.000611956
1.75818e-05
0.000614637
1.67445e-05
0.000617169
1.58885e-05
0.000619553
1.50203e-05
0.000621789
1.41461e-05
0.000623879
1.32717e-05
0.000625825
1.24023e-05
0.000627627
1.15426e-05
0.00062929
1.0697e-05
0.000630814
9.86911e-06
0.000632202
9.06241e-06
0.000633458
8.27977e-06
0.000634584
7.52366e-06
0.000635583
6.79619e-06
0.000636458
6.09908e-06
0.000637213
5.43372e-06
0.000637852
4.80122e-06
0.000638378
4.20235e-06
0.000638795
3.6376e-06
0.000639106
3.10731e-06
0.000639316
2.6115e-06
0.00063943
2.15036e-06
0.00063945
1.72337e-06
0.000639383
1.32961e-06
0.000639231
9.69159e-07
0.000639
6.40501e-07
0.0006387
3.41409e-07
0.000638324
7.05633e-08
0.000637881
-1.66793e-07
0.000637376
-3.76755e-07
0.000636813
-5.60158e-07
0.000636199
-7.18091e-07
0.000635537
-8.51746e-07
0.000634833
-9.62471e-07
0.000634092
-1.05155e-06
0.000633317
-1.1205e-06
0.000632514
-1.17049e-06
0.000631686
-1.20322e-06
0.000630838
-1.21955e-06
0.000629974
-1.22159e-06
0.000629097
-1.20959e-06
0.000628211
-1.18639e-06
0.00062732
-1.15114e-06
0.000626425
-1.10813e-06
0.000625533
-1.05443e-06
0.000624641
-9.97023e-07
0.000623759
-9.29127e-07
0.000622881
-8.627e-07
0.00062202
-7.83965e-07
0.000621165
-7.14112e-07
0.000620332
-6.2663e-07
0.000619506
-5.59547e-07
0.000618709
-4.63258e-07
0.000617916
-4.06395e-07
0.000617155
-2.97925e-07
0.000616395
-2.61657e-07
-1.33171e-07
0.000230927
-5.58902e-07
0.000234667
2.90638e-07
0.000238697
1.18321e-06
0.000243015
2.14963e-06
0.000247621
3.17074e-06
0.000252516
4.22687e-06
0.000257697
5.30261e-06
0.00026316
6.38303e-06
0.000268899
7.454e-06
0.000274901
8.50216e-06
0.000281153
9.51494e-06
0.000287638
1.04807e-05
0.000294336
1.13889e-05
0.000301224
1.22301e-05
0.000308277
1.29962e-05
0.000315468
1.36807e-05
0.00032277
1.42781e-05
0.000330154
1.47845e-05
0.000337591
1.51978e-05
0.000345055
1.5518e-05
0.000352516
1.57476e-05
0.000359946
1.58901e-05
0.000367316
1.59493e-05
0.000374596
1.59275e-05
0.000381764
1.58245e-05
0.0003888
1.56419e-05
0.000395687
1.53863e-05
0.000402408
1.50646e-05
0.000408948
1.46836e-05
0.000415291
1.42502e-05
0.000421428
1.37711e-05
0.000427345
1.32528e-05
0.000433037
1.27019e-05
0.000438494
1.21245e-05
0.000443712
1.15267e-05
0.000448686
1.09139e-05
0.000453415
1.02916e-05
0.000457896
9.66466e-06
0.00046213
9.03759e-06
0.000466118
8.41458e-06
0.000469861
7.79939e-06
0.000473363
7.19539e-06
0.000476626
6.60557e-06
0.000479656
6.03255e-06
0.000482457
5.47857e-06
0.000485036
4.94555e-06
0.000487397
4.43506e-06
0.000489547
3.94838e-06
0.000491495
3.48648e-06
0.000493246
3.05006e-06
0.000494809
2.63958e-06
0.000496191
2.25524e-06
0.000497401
1.89712e-06
0.000498447
1.56512e-06
0.000499339
1.25874e-06
0.000500085
9.77453e-07
0.000500694
7.20988e-07
0.000501174
4.8849e-07
0.000501536
2.78967e-07
0.000501787
9.06884e-08
0.00050193
-7.31476e-08
0.000501979
-2.15177e-07
0.000501941
-3.39358e-07
0.000501827
-4.45478e-07
0.000501643
-5.34522e-07
0.000501399
-6.07476e-07
0.000501102
-6.65302e-07
0.000500759
-7.08999e-07
0.000500378
-7.39761e-07
0.000499967
-7.5884e-07
0.000499531
-7.67441e-07
0.000499077
-7.65925e-07
0.000498611
-7.55197e-07
0.000498137
-7.36056e-07
0.000497661
-7.09883e-07
0.000497187
-6.77147e-07
0.000496718
-6.39565e-07
0.000496261
-5.96894e-07
0.000495815
-5.51546e-07
0.000495388
-5.01943e-07
0.000494977
-4.5213e-07
0.000494591
-3.97841e-07
0.000494224
-3.46716e-07
0.000493886
-2.88893e-07
0.000493566
-2.39824e-07
0.000493281
-1.77684e-07
0.00049301
-1.35003e-07
0.000492776
-6.39279e-08
0.000492549
-3.4983e-08
5.6329e-08
2.63386e-05
-1.84143e-06
2.80607e-05
-1.43147e-06
3.02228e-05
-9.78924e-07
3.28568e-05
-4.84298e-07
3.59766e-05
5.08683e-08
3.96391e-05
5.64432e-07
4.38342e-05
1.10746e-06
4.85553e-05
1.6619e-06
5.37915e-05
2.21788e-06
5.95267e-05
2.76697e-06
6.574e-05
3.30162e-06
7.24057e-05
3.81496e-06
7.94937e-05
4.30083e-06
8.697e-05
4.7538e-06
9.4797e-05
5.16923e-06
0.000102934
5.54325e-06
0.00011134
5.87288e-06
0.000119968
6.15603e-06
0.000128774
6.39173e-06
0.000137712
6.58076e-06
0.000146734
6.72553e-06
0.000155798
6.82575e-06
0.000164868
6.87885e-06
0.000173909
6.88717e-06
0.000182881
6.85193e-06
0.000191747
6.7762e-06
0.00020047
6.66319e-06
0.000209019
6.5163e-06
0.000217363
6.33908e-06
0.000225478
6.13517e-06
0.000233341
5.90819e-06
0.000240932
5.66173e-06
0.000248235
5.39928e-06
0.000255235
5.12423e-06
0.000261922
4.83983e-06
0.000268287
4.54911e-06
0.000274323
4.25495e-06
0.000280028
3.95998e-06
0.000285399
3.66662e-06
0.000290436
3.37704e-06
0.000295143
3.09318e-06
0.000299521
2.81676e-06
0.000303578
2.54924e-06
0.000307318
2.29186e-06
0.000310751
2.04564e-06
0.000313885
1.81138e-06
0.000316731
1.5897e-06
0.000319298
1.38103e-06
0.000321599
1.18562e-06
0.000323645
1.00358e-06
0.00032545
8.34855e-07
0.000327026
6.79272e-07
0.000328387
5.36582e-07
0.000329545
4.06452e-07
0.000330516
2.88235e-07
0.000331312
1.81191e-07
0.000331949
8.46347e-08
0.00033244
-3.22522e-09
0.000332792
-7.25749e-08
0.000333018
-1.3532e-07
0.000333135
-1.90339e-07
0.000333157
-2.37681e-07
0.000333096
-2.77525e-07
0.00033296
-3.10193e-07
0.000332762
-3.36219e-07
0.000332511
-3.56141e-07
0.000332216
-3.70473e-07
0.000331887
-3.79639e-07
0.000331531
-3.84114e-07
0.000331156
-3.8437e-07
0.00033077
-3.81014e-07
0.000330379
-3.74506e-07
0.000329989
-3.6542e-07
0.000329607
-3.53842e-07
0.000329236
-3.39698e-07
0.000328882
-3.23197e-07
0.000328548
-3.05137e-07
0.000328237
-2.85519e-07
0.00032795
-2.65171e-07
0.000327692
-2.43645e-07
0.000327462
-2.22143e-07
0.000327264
-1.9944e-07
0.000327095
-1.77651e-07
0.00032696
-1.5388e-07
0.000326852
-1.32445e-07
0.000326781
-1.0647e-07
0.000326732
-8.59593e-08
0.000326722
-5.3793e-08
0.000326723
-3.58749e-08
1.33468e-08
-7.09291e-05
-7.23606e-05
-7.33395e-05
-7.38238e-05
-7.37729e-05
-7.32085e-05
-7.2101e-05
-7.04391e-05
-6.82213e-05
-6.54543e-05
-6.21527e-05
-5.83377e-05
-5.40369e-05
-4.92831e-05
-4.41138e-05
-3.85706e-05
-3.26977e-05
-2.65417e-05
-2.01499e-05
-1.35692e-05
-6.84365e-06
-1.79084e-08
6.86094e-06
1.37481e-05
2.06e-05
2.73762e-05
3.40394e-05
4.05557e-05
4.68948e-05
5.303e-05
5.89382e-05
6.45999e-05
6.99992e-05
7.51234e-05
7.99632e-05
8.45124e-05
8.87673e-05
9.27273e-05
9.63939e-05
9.97709e-05
0.000102864
0.000105681
0.00010823
0.000110522
0.000112568
0.000114379
0.000115969
0.00011735
0.000118535
0.000119539
0.000120374
0.000121053
0.00012159
0.000121996
0.000122284
0.000122466
0.00012255
0.000122547
0.000122474
0.000122339
0.000122149
0.000121911
0.000121634
0.000121323
0.000120987
0.000120631
0.00012026
0.000119881
0.000119497
0.000119112
0.000118731
0.000118357
0.000117991
0.000117638
0.000117298
0.000116975
0.00011667
0.000116384
0.000116119
0.000115875
0.000115653
0.000115454
0.000115276
0.000115122
0.00011499
0.000114883
0.000114797
0.000114743
0.000114708
)
;

boundaryField
{
    inlet
    {
        type            calculated;
        value           nonuniform List<scalar> 0();
    }
    outlet
    {
        type            calculated;
        value           nonuniform List<scalar> 
30
(
0.00011421
0.000326109
0.000491529
0.000614448
0.000700972
0.000754806
0.000789809
0.000822288
0.000856444
0.000880264
0.000874411
0.000826857
0.000741731
0.0006432
0.000573727
0.000570159
0.000633975
0.00073111
0.000819154
0.000870921
0.000880209
0.000858277
0.00082457
0.000791922
0.000756733
0.000702654
0.000615665
0.000492359
0.000326766
0.000114721
)
;
    }
    wall
    {
        type            calculated;
        value           uniform 0;
    }
    obstacle
    {
        type            calculated;
        value           nonuniform List<scalar> 0();
    }
    frontAndBack
    {
        type            empty;
        value           nonuniform List<scalar> 0();
    }
    procBoundary3to2
    {
        type            processor;
        value           nonuniform List<scalar> 
31
(
7.18138e-05
-2.59427e-05
-0.000230759
-0.000474519
-0.000709184
-0.000857219
-0.000915272
-0.000938929
-0.000975654
-0.00101612
-0.00101781
-0.000953594
-0.000825624
-0.000654615
-0.00051572
-1.98674e-06
-0.000502104
-0.000623514
-0.000796702
-0.000936623
-0.00101192
-0.00101788
-0.000980039
-0.000942746
-0.000918804
-0.000861258
-0.000711691
-0.000472181
-0.000227437
-2.50561e-05
6.90877e-05
)
;
    }
}


// ************************************************************************* //
