/*--------------------------------*- C++ -*----------------------------------*\
| =========                 |                                                 |
| \\      /  F ield         | OpenFOAM: The Open Source CFD Toolbox           |
|  \\    /   O peration     | Version:  2312                                  |
|   \\  /    A nd           | Website:  www.openfoam.com                      |
|    \\/     M anipulation  |                                                 |
\*---------------------------------------------------------------------------*/
FoamFile
{
    version     2.0;
    format      ascii;
    arch        "LSB;label=32;scalar=64";
    class       surfaceScalarField;
    location    "162000";
    object      phi;
}
// * * * * * * * * * * * * * * * * * * * * * * * * * * * * * * * * * * * * * //

dimensions      [0 3 -1 0 0 0 0];

oriented        oriented;

internalField   nonuniform List<scalar> 
5250
(
0.000343309
2.23634e-06
0.000339435
3.87418e-06
0.0003341
5.33476e-06
0.000327496
6.60408e-06
0.000320034
7.46201e-06
0.000312152
7.88192e-06
0.000304192
7.96072e-06
0.000296381
7.81057e-06
0.000288861
7.52043e-06
0.000281711
7.14989e-06
0.000274973
6.7378e-06
0.000268668
6.30514e-06
0.000262803
5.86513e-06
0.000257371
5.43211e-06
0.00025235
5.02024e-06
0.000247703
4.64708e-06
0.000243373
4.32976e-06
0.00023927
4.10382e-06
0.000235279
3.99021e-06
0.000231281
3.99811e-06
0.000227137
4.14423e-06
0.000222686
4.45111e-06
0.000217758
4.92774e-06
0.000212173
5.58502e-06
0.000205739
6.43397e-06
0.000198222
7.51751e-06
0.000189366
8.85609e-06
0.000179194
1.0172e-05
0.000168028
1.11659e-05
0.000156504
1.15235e-05
0.000145433
1.10715e-05
0.000135565
9.86727e-06
0.00012741
8.15522e-06
0.000121233
6.17718e-06
0.000117092
4.14118e-06
0.000114843
2.24885e-06
0.000114229
6.13663e-07
0.00011495
-7.2083e-07
0.000116604
-1.6539e-06
0.000118699
-2.09486e-06
0.000120747
-2.04767e-06
0.000122388
-1.6416e-06
0.000123524
-1.13616e-06
0.000124347
-8.22613e-07
0.000125016
-6.6901e-07
0.000125225
-2.09361e-07
0.000124698
5.27346e-07
0.000123145
1.55317e-06
0.00012033
2.81529e-06
0.000115921
4.40853e-06
0.000109943
5.97851e-06
0.000102377
7.56593e-06
9.33096e-05
9.06703e-06
8.29028e-05
1.04068e-05
7.13582e-05
1.15446e-05
5.90095e-05
1.23487e-05
4.61216e-05
1.28879e-05
3.28439e-05
1.32777e-05
1.94602e-05
1.33837e-05
6.2803e-06
1.31799e-05
-6.39931e-06
1.26796e-05
-1.83367e-05
1.19374e-05
-2.93428e-05
1.10061e-05
-3.92247e-05
9.88194e-06
-4.77638e-05
8.53902e-06
-5.48135e-05
7.04976e-06
-6.02837e-05
5.47021e-06
-6.41309e-05
3.84721e-06
-6.63505e-05
2.21953e-06
-6.69603e-05
6.09828e-07
-6.61391e-05
-8.21218e-07
-6.40024e-05
-2.13664e-06
-6.06506e-05
-3.35187e-06
-5.62132e-05
-4.43736e-06
-5.08393e-05
-5.37394e-06
-4.46906e-05
-6.14863e-06
-3.79361e-05
-6.75454e-06
-3.07474e-05
-7.18874e-06
-2.32966e-05
-7.45081e-06
-1.57498e-05
-7.54677e-06
-8.26168e-06
-7.48811e-06
-9.70906e-07
-7.29077e-06
6.00383e-06
-6.97474e-06
1.25667e-05
-6.56284e-06
1.86449e-05
-6.0782e-06
2.41863e-05
-5.54146e-06
2.91542e-05
-4.96789e-06
3.35208e-05
-4.3666e-06
3.72636e-05
-3.74281e-06
-3.10187e-06
0.000750475
1.62887e-05
0.000736917
1.74327e-05
0.000724141
1.81103e-05
0.000712175
1.85705e-05
0.000700862
1.8775e-05
0.000690067
1.8677e-05
0.000679754
1.82733e-05
0.000669958
1.7607e-05
0.000660736
1.6742e-05
0.000652151
1.57347e-05
0.000644265
1.4624e-05
0.000637131
1.34392e-05
0.000630785
1.22109e-05
0.000625241
1.09767e-05
0.000620492
9.7692e-06
0.000616536
8.60246e-06
0.000613363
7.50358e-06
0.000610961
6.50557e-06
0.000609309
5.64221e-06
0.000608369
4.93754e-06
0.000608101
4.41281e-06
0.000608465
4.08738e-06
0.000609418
3.97446e-06
0.000610918
4.08488e-06
0.000612931
4.42118e-06
0.000615492
4.95676e-06
0.000618793
5.55495e-06
0.000622694
6.27102e-06
0.000626804
7.05539e-06
0.000630534
7.79371e-06
0.000633182
8.42355e-06
0.000634099
8.95006e-06
0.000632782
9.47211e-06
0.000628887
1.00724e-05
0.000622202
1.08263e-05
0.000612611
1.184e-05
0.00060002
1.32046e-05
0.000584224
1.50755e-05
0.000565032
1.75377e-05
0.000542904
2.0033e-05
0.000518201
2.26551e-05
0.000491384
2.5176e-05
0.000463026
2.72213e-05
0.000433735
2.84683e-05
0.000404098
2.8968e-05
0.000374754
2.91348e-05
0.000346103
2.91782e-05
0.000319151
2.85051e-05
0.000294105
2.7862e-05
0.000271144
2.73691e-05
0.000250201
2.69213e-05
0.000231322
2.64452e-05
0.000214464
2.59253e-05
0.000199389
2.54818e-05
0.000185605
2.53283e-05
0.000172291
2.56633e-05
0.000158667
2.65118e-05
0.000144979
2.69655e-05
0.0001314
2.69632e-05
0.00011812
2.64594e-05
0.000105384
2.54153e-05
9.34855e-05
2.38362e-05
8.27253e-05
2.17663e-05
7.33336e-05
1.92736e-05
6.54427e-05
1.64299e-05
5.91604e-05
1.33321e-05
5.45405e-05
1.00901e-05
5.15791e-05
6.80866e-06
5.02229e-05
3.57565e-06
5.03869e-05
4.45898e-07
5.18889e-05
-2.32329e-06
5.46426e-05
-4.89031e-06
5.84743e-05
-7.18358e-06
6.32126e-05
-9.17559e-06
6.86865e-05
-1.08479e-05
7.47278e-05
-1.21899e-05
8.11731e-05
-1.31998e-05
8.78363e-05
-1.3852e-05
9.45158e-05
-1.41303e-05
0.000101039
-1.40701e-05
0.000107258
-1.37068e-05
0.000113044
-1.30774e-05
0.000118296
-1.22262e-05
0.000122942
-1.12087e-05
0.000126953
-1.00894e-05
0.000130342
-8.93046e-06
0.000133147
-7.77288e-06
0.000135407
-6.62672e-06
0.000137143
-5.47837e-06
-4.31139e-06
0.000894245
2.84051e-05
0.000882216
2.94614e-05
0.000870251
3.00752e-05
0.00085857
3.02515e-05
0.000847295
3.00501e-05
0.00083646
2.95117e-05
0.00082607
2.86635e-05
0.00081615
2.75269e-05
0.000806762
2.61299e-05
0.00079799
2.45072e-05
0.000789919
2.26947e-05
0.000782632
2.07268e-05
0.000776201
1.86416e-05
0.000770698
1.64796e-05
0.000766185
1.42821e-05
0.0007627
1.2088e-05
0.000760269
9.93456e-06
0.000758911
7.86278e-06
0.000758641
5.91221e-06
0.000759461
4.11831e-06
0.000761361
2.51206e-06
0.000764337
1.11219e-06
0.000768328
-1.66949e-08
0.000773335
-9.22843e-07
0.000779311
-1.55448e-06
0.000786169
-1.90168e-06
0.000793716
-1.99162e-06
0.00080185
-1.86334e-06
0.000810459
-1.55348e-06
0.000819366
-1.11289e-06
0.000828355
-5.65589e-07
0.000837153
1.52131e-07
0.000845398
1.22729e-06
0.000852886
2.58383e-06
0.000859365
4.34732e-06
0.000864644
6.5614e-06
0.000868542
9.30619e-06
0.000870978
1.26393e-05
0.000872036
1.64801e-05
0.000871581
2.0488e-05
0.000869246
2.49906e-05
0.00086455
2.98713e-05
0.000856915
3.48571e-05
0.000845591
3.97922e-05
0.00082995
4.46089e-05
0.000809853
4.9232e-05
0.000785427
5.36039e-05
0.000756015
5.79173e-05
0.000722203
6.16735e-05
0.000685195
6.4377e-05
0.000646076
6.60402e-05
0.000605939
6.65822e-05
0.000565848
6.60165e-05
0.000526778
6.45517e-05
0.000489634
6.24718e-05
0.000455381
5.99171e-05
0.000425105
5.67876e-05
0.000398735
5.33351e-05
0.000375941
4.97575e-05
0.000356463
4.5937e-05
0.000339976
4.19025e-05
0.00032609
3.77225e-05
0.000314372
3.34842e-05
0.000304534
2.91111e-05
0.000296462
2.45023e-05
0.000290039
1.97554e-05
0.000285164
1.49652e-05
0.000281745
1.02273e-05
0.000279705
5.61537e-06
0.000278997
1.15424e-06
0.000279408
-2.73451e-06
0.000280849
-6.33117e-06
0.000283237
-9.57112e-06
0.000286448
-1.2387e-05
0.000290321
-1.47206e-05
0.000294653
-1.65223e-05
0.00029922
-1.77668e-05
0.000303822
-1.84537e-05
0.000308294
-1.86025e-05
0.000312472
-1.8248e-05
0.000316203
-1.74375e-05
0.000319357
-1.62314e-05
0.000321832
-1.47021e-05
0.000323556
-1.29326e-05
0.000324484
-1.10172e-05
0.000324608
-9.05427e-06
0.000323956
-7.12076e-06
0.000322577
-5.24785e-06
0.000320525
-3.42674e-06
-1.65099e-06
0.000962783
4.17606e-05
0.000949692
4.2552e-05
0.000936819
4.29485e-05
0.000924188
4.28817e-05
0.000911871
4.23679e-05
0.000899946
4.14363e-05
0.000888502
4.0107e-05
0.00087763
3.8399e-05
0.000867418
3.63418e-05
0.000857949
3.39766e-05
0.000849293
3.13504e-05
0.000841509
2.8511e-05
0.000834645
2.55055e-05
0.000828747
2.23782e-05
0.000823855
1.91737e-05
0.000820003
1.59404e-05
0.000817211
1.27266e-05
0.000815495
9.57849e-06
0.000814869
6.53782e-06
0.000815346
3.6413e-06
0.000816919
9.39554e-07
0.000819694
-1.66326e-06
0.000823707
-4.02919e-06
0.000828927
-6.14276e-06
0.000835368
-7.99535e-06
0.000843033
-9.56732e-06
0.000851889
-1.08472e-05
0.000861861
-1.18357e-05
0.000872816
-1.25083e-05
0.000884535
-1.28318e-05
0.00089675
-1.27811e-05
0.000909218
-1.23151e-05
0.00092183
-1.13852e-05
0.000934367
-9.95321e-06
0.000946665
-7.95102e-06
0.000958568
-5.3411e-06
0.000969964
-2.08964e-06
0.000980977
1.62628e-06
0.000991531
5.92597e-06
0.00100121
1.08136e-05
0.00100985
1.63427e-05
0.00101723
2.24938e-05
0.00102317
2.89196e-05
0.00102739
3.5574e-05
0.00102963
4.23635e-05
0.00102964
4.92286e-05
0.00102713
5.61138e-05
0.00102216
6.28863e-05
0.00101451
6.93173e-05
0.00100382
7.50684e-05
0.000989834
8.00273e-05
0.000972007
8.44095e-05
0.000950062
8.79616e-05
0.000924064
9.05496e-05
0.000894468
9.2068e-05
0.000861961
9.24234e-05
0.000827119
9.16296e-05
0.000790695
8.97594e-05
0.000753891
8.65613e-05
0.000717806
8.20218e-05
0.00068333
7.63791e-05
0.000651194
6.98584e-05
0.000621996
6.26816e-05
0.000596033
5.5075e-05
0.000573299
4.72355e-05
0.000553717
3.93375e-05
0.000537126
3.15562e-05
0.000523318
2.4036e-05
0.00051207
1.68632e-05
0.000503112
1.01125e-05
0.000496505
3.87215e-06
0.000491879
-1.70531e-06
0.00048892
-6.61256e-06
0.000487398
-1.08644e-05
0.000487099
-1.44221e-05
0.000487851
-1.72744e-05
0.000489501
-1.94166e-05
0.000491907
-2.08597e-05
0.00049493
-2.16253e-05
0.000498428
-2.1746e-05
0.00050227
-2.12794e-05
0.00050634
-2.03015e-05
0.000510525
-1.88876e-05
0.000514686
-1.70929e-05
0.000518635
-1.49664e-05
0.000522179
-1.25982e-05
0.000525135
-1.00772e-05
0.000527358
-7.4707e-06
0.000528759
-4.82801e-06
-2.20419e-06
0.00100206
5.56563e-05
0.000988105
5.65035e-05
0.000974167
5.68868e-05
0.00096028
5.67694e-05
0.000946524
5.61236e-05
0.000933021
5.49391e-05
0.000919889
5.32394e-05
0.000907225
5.1063e-05
0.000895113
4.84531e-05
0.00088363
4.54597e-05
0.000872841
4.214e-05
0.000862801
3.85508e-05
0.000853564
3.47422e-05
0.000845183
3.07594e-05
0.000837712
2.66443e-05
0.000831217
2.24363e-05
0.000825772
1.81715e-05
0.000821467
1.38837e-05
0.000818396
9.60861e-06
0.000816668
5.36915e-06
0.00081642
1.18694e-06
0.000817678
-2.92098e-06
0.000820541
-6.89167e-06
0.000825074
-1.06759e-05
0.000831296
-1.42177e-05
0.00083918
-1.74513e-05
0.000848652
-2.03186e-05
0.000859584
-2.27684e-05
0.000871824
-2.47483e-05
0.000885198
-2.62055e-05
0.000899513
-2.70963e-05
0.00091458
-2.73823e-05
0.000930225
-2.70299e-05
0.000946286
-2.60137e-05
0.000962636
-2.43013e-05
0.000979151
-2.18558e-05
0.000995736
-1.86745e-05
0.00101209
-1.4732e-05
0.00102805
-1.0032e-05
0.00104347
-4.60107e-06
0.00105831
1.50133e-06
0.00107262
8.18535e-06
0.00108615
1.53828e-05
0.00109871
2.30172e-05
0.00111009
3.09839e-05
0.00112011
3.92111e-05
0.00112865
4.75708e-05
0.00113561
5.59301e-05
0.00114079
6.41353e-05
0.00114385
7.20045e-05
0.00114446
7.94205e-05
0.00114254
8.63233e-05
0.00113793
9.25717e-05
0.00113055
9.79376e-05
0.0011204
0.000102215
0.00110752
0.000105301
0.00109204
0.000107114
0.00107418
0.000107614
0.00105397
0.000106773
0.0010314
0.000104589
0.00100667
0.00010111
0.00098013
9.64021e-05
0.000952252
9.0559e-05
0.000923613
8.37142e-05
0.000894825
7.60239e-05
0.000866493
6.76696e-05
0.000839176
5.88725e-05
0.000813356
4.98564e-05
0.000789381
4.08378e-05
0.000767445
3.20487e-05
0.000747617
2.37003e-05
0.000729973
1.59388e-05
0.00071448
8.87979e-06
0.00070099
2.62582e-06
0.000689551
-2.98303e-06
0.000679989
-7.71216e-06
0.000672099
-1.15262e-05
0.000665683
-1.44441e-05
0.000660562
-1.65038e-05
0.000656561
-1.77459e-05
0.000653523
-1.82412e-05
0.000651288
-1.80658e-05
0.00064971
-1.73103e-05
0.000648676
-1.60591e-05
0.000648093
-1.43826e-05
0.000647858
-1.23637e-05
0.000647872
-1.00908e-05
0.000648058
-7.65658e-06
0.000648387
-5.15746e-06
-2.6956e-06
0.000980289
6.92104e-05
0.000966427
7.03656e-05
0.000952323
7.09909e-05
0.000938058
7.10343e-05
0.000923734
7.04476e-05
0.000909446
6.92273e-05
0.000895289
6.7396e-05
0.000881354
6.49978e-05
0.000867723
6.20845e-05
0.00085448
5.87027e-05
0.000841731
5.48893e-05
0.000829606
5.06751e-05
0.000818259
4.60893e-05
0.00080786
4.1159e-05
0.000798597
3.59066e-05
0.000790681
3.03524e-05
0.00078433
2.45227e-05
0.000779764
1.84499e-05
0.000777202
1.21699e-05
0.000776845
5.7267e-06
0.000778773
-7.40831e-07
0.000782859
-7.00709e-06
0.000789144
-1.31769e-05
0.000797545
-1.90766e-05
0.000807907
-2.45802e-05
0.000820013
-2.95574e-05
0.000833613
-3.39182e-05
0.000848466
-3.76218e-05
0.000864367
-4.06494e-05
0.000881145
-4.29835e-05
0.000898657
-4.46077e-05
0.00091678
-4.55062e-05
0.000935412
-4.56615e-05
0.000954453
-4.50547e-05
0.000973813
-4.3661e-05
0.000993408
-4.1451e-05
0.00101314
-3.84061e-05
0.00103292
-3.45161e-05
0.00105266
-2.97642e-05
0.00107221
-2.4155e-05
0.00109142
-1.77113e-05
0.00111007
-1.04596e-05
0.00112793
-2.48287e-06
0.00114455
6.40335e-06
0.00115984
1.56943e-05
0.00117365
2.5402e-05
0.00118584
3.53762e-05
0.00119629
4.5476e-05
0.00120487
5.55599e-05
0.00121145
6.54262e-05
0.00121601
7.48583e-05
0.00121865
8.36829e-05
0.00121948
9.1745e-05
0.00121852
9.88934e-05
0.00121573
0.000105006
0.00121104
0.00010999
0.00120439
0.000113761
0.00119575
0.00011626
0.00118507
0.000117447
0.00117239
0.000117278
0.00115776
0.000115737
0.00114131
0.000112847
0.0011232
0.00010867
0.0011036
0.000103315
0.00108271
9.692e-05
0.00106072
8.96524e-05
0.0010379
8.16937e-05
0.00101452
7.32334e-05
0.000990893
6.44686e-05
0.000967348
5.5594e-05
0.000944251
4.67978e-05
0.000921917
3.82721e-05
0.000900615
3.01824e-05
0.000880574
2.26665e-05
0.000861736
1.58549e-05
0.000844166
9.85778e-06
0.000827897
4.74242e-06
0.000812888
5.65004e-07
0.000799309
-2.92427e-06
0.00078705
-5.48731e-06
0.000776069
-7.25951e-06
0.000766314
-8.31116e-06
0.000757703
-8.69977e-06
0.000750115
-8.47101e-06
0.000743409
-7.67624e-06
0.000737435
-6.38941e-06
0.000732055
-4.71135e-06
0.000727164
-2.76528e-06
0.000722687
-6.80707e-07
1.31304e-06
0.000956504
8.88626e-05
0.000936981
8.98893e-05
0.00091778
9.01915e-05
0.000899054
8.97606e-05
0.000880881
8.86205e-05
0.000863317
8.67913e-05
0.000846448
8.42647e-05
0.000830381
8.10648e-05
0.000815237
7.72284e-05
0.000801153
7.2787e-05
0.000788278
6.77643e-05
0.000776778
6.21751e-05
0.000766842
5.60255e-05
0.000758681
4.93197e-05
0.000752516
4.20715e-05
0.000748551
3.43174e-05
0.000746932
2.61419e-05
0.000747683
1.7699e-05
0.000750671
9.18174e-06
0.000755649
7.48264e-07
0.000762783
-7.87488e-06
0.000771864
-1.60875e-05
0.000782434
-2.3747e-05
0.000794047
-3.069e-05
0.000806382
-3.69148e-05
0.000819189
-4.23644e-05
0.000832311
-4.70408e-05
0.000845678
-5.09879e-05
0.00085929
-5.42622e-05
0.000873223
-5.69158e-05
0.000887601
-5.89855e-05
0.000902583
-6.04885e-05
0.000918342
-6.14207e-05
0.000935045
-6.1758e-05
0.000952835
-6.14504e-05
0.000971811
-6.04273e-05
0.000992007
-5.86023e-05
0.00101338
-5.58891e-05
0.00103582
-5.22035e-05
0.00105914
-4.74718e-05
0.00108306
-4.16374e-05
0.00110729
-3.46831e-05
0.00113146
-2.66546e-05
0.00115549
-1.76305e-05
0.00117895
-7.76265e-06
0.00120114
3.21167e-06
0.00122148
1.50316e-05
0.00123971
2.72521e-05
0.00125553
3.97405e-05
0.0012687
5.22563e-05
0.00127899
6.45617e-05
0.00128626
7.64203e-05
0.0012904
8.75974e-05
0.00129144
9.78618e-05
0.00128944
0.000107005
0.00128456
0.000114862
0.00127702
0.000121305
0.00126705
0.000126233
0.00125494
0.000129559
0.00124098
0.000131237
0.00122544
0.000131272
0.00120857
0.000129717
0.00119057
0.000126668
0.00117163
0.000122255
0.00115192
0.000116629
0.00113161
0.000109966
0.00111084
0.000102463
0.00108975
9.43264e-05
0.00106846
8.57614e-05
0.00104708
7.69721e-05
0.00102571
6.81606e-05
0.00100448
5.95096e-05
0.000983493
5.11669e-05
0.000962902
4.32575e-05
0.000942854
3.59025e-05
0.000923495
2.92174e-05
0.000904962
2.32754e-05
0.000887418
1.81086e-05
0.000870769
1.37247e-05
0.000855128
1.01542e-05
0.00084046
7.40775e-06
0.000826665
5.4841e-06
0.000813609
4.35608e-06
0.000801177
3.9608e-06
0.000789301
4.19981e-06
0.000777971
4.94125e-06
0.000767236
6.02355e-06
0.000757212
7.25891e-06
0.000748084
8.44733e-06
9.40602e-06
0.00101443
0.000117574
0.000985508
0.000118814
0.000956867
0.000118832
0.000928988
0.000117639
0.000902355
0.000115254
0.000877389
0.000111758
0.000854365
0.000107289
0.00083344
0.000101989
0.000814699
9.59696e-05
0.00079819
8.92955e-05
0.000783972
8.19828e-05
0.000772122
7.40255e-05
0.000762701
6.54464e-05
0.000755703
5.6317e-05
0.000751053
4.67219e-05
0.000748626
3.67442e-05
0.000748241
2.65272e-05
0.000749647
1.62928e-05
0.000752563
6.26626e-06
0.000756697
-3.38642e-06
0.000761343
-1.25207e-05
0.000766056
-2.08008e-05
0.000770234
-2.79243e-05
0.000773234
-3.36905e-05
0.000774528
-3.82089e-05
0.000774003
-4.18394e-05
0.000772011
-4.50483e-05
0.00076926
-4.82368e-05
0.000766624
-5.16259e-05
0.000764995
-5.5287e-05
0.00076519
-5.91809e-05
0.000767897
-6.31957e-05
0.000773646
-6.71695e-05
0.000782797
-7.09089e-05
0.000795545
-7.41985e-05
0.000811935
-7.68177e-05
0.000831881
-7.85479e-05
0.000855184
-7.91916e-05
0.000881547
-7.85671e-05
0.000910602
-7.65264e-05
0.000941905
-7.29411e-05
0.000974961
-6.77388e-05
0.00100919
-6.0881e-05
0.00104396
-5.24053e-05
0.00107863
-4.24263e-05
0.0011129
-3.10652e-05
0.00114644
-1.85014e-05
0.00117867
-4.98443e-06
0.00120884
9.56861e-06
0.00123651
2.45922e-05
0.00126121
3.98617e-05
0.00128253
5.50947e-05
0.00130012
7.00146e-05
0.00131363
8.43461e-05
0.00132283
9.78036e-05
0.00132758
0.00011012
0.00132783
0.000121049
0.0013237
0.00013037
0.00131536
0.000137892
0.00130312
0.000143475
0.00128736
0.000147035
0.00126853
0.000148544
0.00124716
0.000148043
0.00122379
0.000145627
0.00119898
0.000141434
0.00117329
0.00013566
0.0011472
0.000128551
0.00112116
0.000120365
0.00109554
0.000111385
0.00107059
0.000101921
0.00104649
9.22626e-05
0.00102335
8.26443e-05
0.00100124
7.32836e-05
0.000980096
6.43982e-05
0.00095986
5.61388e-05
0.000940516
4.85616e-05
0.000922077
4.17139e-05
0.000904479
3.57074e-05
0.000887524
3.06798e-05
0.000870979
2.66987e-05
0.000854687
2.36998e-05
0.000838636
2.15351e-05
0.000822929
2.00635e-05
0.000807717
1.91723e-05
0.000793171
1.87462e-05
0.000779483
1.86287e-05
0.000766887
1.86197e-05
0.000755637
1.85089e-05
0.000745976
1.81085e-05
1.72688e-05
0.00107973
0.000144714
0.00105078
0.000147763
0.00102089
0.000148727
0.000990696
0.000147832
0.000960749
0.000145201
0.000931519
0.000140988
0.000903479
0.000135329
0.000877141
0.000128327
0.000852986
0.000120125
0.000831349
0.000110932
0.000812368
0.000100964
0.000795996
9.03975e-05
0.000782063
7.93794e-05
0.000770362
6.80179e-05
0.000760738
5.63466e-05
0.000753027
4.4455e-05
0.00074679
3.27642e-05
0.00074097
2.2112e-05
0.000733848
1.33887e-05
0.000723484
6.97715e-06
0.000708389
2.57448e-06
0.00068822
-6.31845e-07
0.00066406
-3.7635e-06
0.000637141
-6.77223e-06
0.000609122
-1.01893e-05
0.000581684
-1.44014e-05
0.000556353
-1.97174e-05
0.000534468
-2.63524e-05
0.000517107
-3.42645e-05
0.000505022
-4.32024e-05
0.000498637
-5.27957e-05
0.000498088
-6.26467e-05
0.000503294
-7.23752e-05
0.000514023
-8.16378e-05
0.000529954
-9.01299e-05
0.000550718
-9.75821e-05
0.000575925
-0.000103754
0.000605169
-0.000108436
0.000638037
-0.000111435
0.000674102
-0.000112592
0.00071293
-0.000111768
0.000754062
-0.000108872
0.000797026
-0.000103845
0.00084131
-9.66893e-05
0.000886349
-8.74652e-05
0.000931557
-7.62731e-05
0.00097637
-6.3314e-05
0.00102018
-4.87918e-05
0.00106274
-3.2994e-05
0.00110349
-1.61577e-05
0.00114191
1.44155e-06
0.00117747
1.95309e-05
0.00120975
3.77429e-05
0.00123829
5.57985e-05
0.00126273
7.33643e-05
0.0012827
9.01485e-05
0.0012979
0.000105849
0.00130809
0.000120179
0.00131311
0.000132877
0.00131288
0.000143707
0.00130745
0.000152465
0.00129699
0.000158996
0.00128184
0.000163196
0.00126246
0.000165005
0.00123945
0.000164442
0.00121349
0.00016162
0.00118534
0.00015671
0.00115575
0.000149945
0.00112548
0.000141664
0.00109516
0.000132238
0.00106543
0.000121995
0.00103677
0.000111298
0.00100946
0.000100596
0.000983626
9.02324e-05
0.000959406
8.03591e-05
0.000936824
7.11431e-05
0.000915609
6.29292e-05
0.00089529
5.60258e-05
0.000875571
5.0399e-05
0.000856566
4.57038e-05
0.000838654
4.16116e-05
0.000822136
3.80532e-05
0.000807039
3.51604e-05
0.000793182
3.30294e-05
0.000780405
3.15233e-05
0.000768751
3.02822e-05
0.000758492
2.88787e-05
0.000750004
2.6997e-05
0.00074361
2.45029e-05
2.13926e-05
0.00104305
0.00016127
0.00102312
0.000167686
0.00100044
0.000171412
0.000975841
0.000172428
0.000950227
0.000170815
0.000924372
0.000166842
0.000898791
0.000160911
0.000873776
0.000153342
0.000849454
0.000144447
0.000825926
0.00013446
0.000803334
0.000123555
0.000781779
0.000111953
0.000761165
9.99942e-05
0.000741027
8.81557e-05
0.000720336
7.70374e-05
0.000697421
6.73695e-05
0.00067032
5.98651e-05
0.000637529
5.4903e-05
0.000598609
5.23087e-05
0.000554317
5.12699e-05
0.000506452
5.04389e-05
0.000457429
4.83913e-05
0.000409543
4.41222e-05
0.000365449
3.73219e-05
0.000327128
2.81321e-05
0.000295783
1.69432e-05
0.000271796
4.2697e-06
0.000255603
-1.01595e-05
0.000246445
-2.51058e-05
0.000243572
-4.03299e-05
0.000246322
-5.55456e-05
0.000254168
-7.04926e-05
0.0002667
-8.49071e-05
0.000283589
-9.85267e-05
0.000304563
-0.000111104
0.000329393
-0.000122412
0.000357878
-0.000132239
0.000389831
-0.000140389
0.000425064
-0.000146668
0.000463364
-0.000150892
0.000504478
-0.000152882
0.000548094
-0.000152488
0.00059383
-0.000149581
0.000641267
-0.000144126
0.000689899
-0.000136098
0.000739253
-0.000125627
0.000788772
-0.000112833
0.000837962
-9.79819e-05
0.000886338
-8.13697e-05
0.000933489
-6.33082e-05
0.000979049
-4.41189e-05
0.00102271
-2.41297e-05
0.00106407
-3.61824e-06
0.00110244
1.74264e-05
0.00113761
3.81967e-05
0.00116918
5.85757e-05
0.00119678
7.82527e-05
0.00122002
9.69403e-05
0.00123856
0.000114339
0.00125211
0.000130153
0.00126047
0.000144108
0.00126351
0.000155958
0.00126122
0.000165482
0.00125371
0.000172519
0.00124116
0.000176992
0.0012239
0.000178871
0.00120244
0.000178171
0.00117737
0.000175022
0.00114937
0.000169657
0.00111932
0.000162292
0.0010881
0.00015322
0.00105645
0.000142948
0.00102506
0.000131986
0.00099468
0.000120608
0.000965894
0.000109146
0.000938755
9.82822e-05
0.00091306
8.86241e-05
0.000888995
8.00908e-05
0.000867282
7.21116e-05
0.000848532
6.44541e-05
0.000832542
5.76017e-05
0.000818342
5.22526e-05
0.000804929
4.85735e-05
0.000791971
4.5988e-05
0.000779925
4.35685e-05
0.000769638
4.05691e-05
0.000761831
3.66857e-05
0.000756818
3.20104e-05
0.000754479
2.68415e-05
2.14826e-05
0.00089335
0.000165519
0.000885733
0.000175304
0.000874902
0.000182243
0.000861063
0.000186267
0.000844363
0.000187515
0.0008249
0.000186306
0.000802907
0.000182904
0.000778827
0.000177422
0.000753331
0.000169942
0.000727083
0.000160708
0.000700368
0.00015027
0.00067281
0.000139511
0.000643211
0.000129593
0.000609554
0.000121813
0.00056983
0.000116761
0.000522848
0.000114351
0.000468864
0.000113849
0.000409797
0.00011397
0.000348858
0.000113247
0.000289772
0.000110356
0.000235673
0.000104537
0.000188489
9.55755e-05
0.000149077
8.35342e-05
0.000117568
6.88314e-05
9.37468e-05
5.19529e-05
7.72889e-05
3.3401e-05
6.79827e-05
1.3576e-05
6.41967e-05
-6.37348e-06
6.52106e-05
-2.61197e-05
7.08089e-05
-4.59281e-05
8.05506e-05
-6.52873e-05
9.39559e-05
-8.38979e-05
0.000110573
-0.000101524
0.000130033
-0.000117987
0.00015208
-0.000133151
0.000176578
-0.00014691
0.000203504
-0.000159166
0.000232929
-0.000169814
0.000264982
-0.000178721
0.0002998
-0.00018571
0.000337476
-0.000190557
0.000378009
-0.000193021
0.000421257
-0.000192829
0.00046692
-0.000189788
0.00051457
-0.000183748
0.000563672
-0.000174729
0.000613649
-0.00016281
0.000663899
-0.000148232
0.00071387
-0.00013134
0.000763078
-0.000112516
0.000811103
-9.2144e-05
0.000857549
-7.05757e-05
0.000902137
-4.82072e-05
0.000944969
-2.54053e-05
0.000985526
-2.35975e-06
0.0010233
2.07976e-05
0.00105813
4.34288e-05
0.00108968
6.53909e-05
0.00111761
8.64084e-05
0.00114156
0.000106199
0.00116119
0.000124479
0.00117619
0.00014096
0.0011863
0.000155372
0.00119134
0.000167479
0.00119126
0.000177076
0.00118615
0.000183978
0.00117623
0.000188092
0.0011618
0.000189446
0.00114337
0.000188087
0.00112156
0.00018411
0.00109693
0.000177849
0.00107012
0.000169759
0.00104202
0.000160086
0.00101353
0.00014909
0.000985195
0.000137485
0.000957408
0.000126069
0.000931126
0.000114906
0.00090765
0.000103567
0.000887432
9.23289e-05
0.000869378
8.2508e-05
0.000851754
7.52259e-05
0.000833878
7.01289e-05
0.000816814
6.56378e-05
0.000802458
6.03434e-05
0.000791987
5.404e-05
0.000785067
4.74892e-05
0.000780361
4.1391e-05
0.000776769
3.56024e-05
0.000774355
2.92561e-05
2.16464e-05
0.000659025
0.000163982
0.000657215
0.000177114
0.000652265
0.000187193
0.000644576
0.000193955
0.000634361
0.00019773
0.00062183
0.000198837
0.00060725
0.000197484
0.00059068
0.000193992
0.000571581
0.000189041
0.000548626
0.000183664
0.000519858
0.000179038
0.000483257
0.000176112
0.000437604
0.000175246
0.000383368
0.000176049
0.000322658
0.00017747
0.000258873
0.000178136
0.000195994
0.000176729
0.000137713
0.000172251
8.66644e-05
0.000164296
4.42374e-05
0.000152783
1.08791e-05
0.000137896
-1.35511e-05
0.000120006
-2.97083e-05
9.96913e-05
-3.83295e-05
7.74526e-05
-4.02272e-05
5.38506e-05
-3.62167e-05
2.93905e-05
-2.7006e-05
4.36531e-06
-1.45795e-05
-1.88e-05
1.07682e-06
-4.1776e-05
1.9052e-05
-6.39033e-05
3.86419e-05
-8.48772e-05
5.92046e-05
-0.000104461
8.01981e-05
-0.000122518
0.000101202
-0.000138991
0.000121949
-0.000153898
0.000142355
-0.000167316
0.000162554
-0.000179365
0.000182906
-0.000190165
0.000203982
-0.000199797
0.000226513
-0.000208241
0.000251292
-0.000215336
0.000279033
-0.000220763
0.000310271
-0.000224067
0.000345212
-0.000224729
0.000383748
-0.000222284
0.000425418
-0.000216398
0.000469558
-0.00020695
0.000515395
-0.000194069
0.000562124
-0.00017807
0.000609038
-0.000159429
0.000655542
-0.000138649
0.000701193
-0.000116227
0.0007457
-9.27144e-05
0.000788718
-6.84233e-05
0.000830129
-4.37699e-05
0.000869989
-1.9063e-05
0.000907719
5.69888e-06
0.000943141
2.99689e-05
0.000975995
5.35543e-05
0.00100598
7.62115e-05
0.00103278
9.7677e-05
0.00105608
0.000117663
0.00107557
0.000135879
0.00109101
0.000152042
0.00110221
0.000165877
0.00110903
0.000177158
0.00111138
0.000185742
0.0011093
0.000191523
0.00110298
0.000194407
0.00109264
0.000194456
0.00107858
0.000191901
0.00106144
0.000186905
0.00104193
0.000179592
0.00102057
0.000170452
0.000997816
0.000160237
0.000974636
0.000149249
0.000952162
0.00013738
0.000930549
0.00012518
0.00090871
0.000114168
0.000885836
0.000105382
0.00086311
9.79518e-05
0.00084345
8.97892e-05
0.000829267
7.98208e-05
0.000820433
6.91772e-05
0.000814474
5.99987e-05
0.000808784
5.31798e-05
0.000802802
4.73723e-05
0.000798277
4.0128e-05
0.000797515
3.00175e-05
1.80321e-05
0.000395104
0.000157088
0.000400608
0.00017161
0.000404373
0.000183428
0.000405698
0.000192631
0.000403796
0.000199632
0.000397729
0.000204904
0.000386278
0.000208934
0.000367978
0.000212293
0.000341448
0.00021557
0.000305934
0.000219178
0.00026185
0.000223122
0.000211061
0.000226901
0.000156661
0.000229646
0.000102364
0.000230347
5.17342e-05
0.0002281
7.60435e-06
0.000222266
-2.82094e-05
0.000212542
-5.49662e-05
0.000199008
-7.25361e-05
0.000181866
-8.12752e-05
0.000161522
-8.19007e-05
0.000138521
-7.53566e-05
0.000113462
-6.26681e-05
8.70028e-05
-4.49022e-05
5.96867e-05
-2.31215e-05
3.207e-05
1.71532e-06
4.55366e-06
2.74713e-05
-2.13906e-05
5.53249e-05
-4.66537e-05
8.41417e-05
-7.05929e-05
0.000113111
-9.28728e-05
0.000141488
-0.000113254
0.00016858
-0.000131553
0.000193715
-0.000147652
0.000216251
-0.000161527
0.000235609
-0.000173256
0.00025134
-0.000183047
0.000263223
-0.000191247
0.000271385
-0.000198327
0.000276415
-0.000204828
0.000279426
-0.000211253
0.000282003
-0.000217913
0.000286009
-0.000224769
0.000293284
-0.000231342
0.000305321
-0.000236765
0.000322999
-0.000239963
0.000346519
-0.000239918
0.00037544
-0.000235871
0.000408878
-0.000227508
0.000445726
-0.000214917
0.000484838
-0.000198541
0.000525171
-0.000178981
0.000565948
-0.000157004
0.000606502
-0.000133268
0.000646499
-0.000108421
0.00068565
-8.29203e-05
0.000723733
-5.71463e-05
0.000760814
-3.13818e-05
0.000796643
-5.86021e-06
0.000830883
1.93137e-05
0.000863378
4.37165e-05
0.000893848
6.72071e-05
0.000921973
8.95377e-05
0.000947409
0.000110443
0.00096982
0.000129631
0.000988893
0.000146804
0.00100436
0.000161694
0.00101604
0.000174061
0.00102387
0.000183691
0.00102782
0.000190459
0.0010279
0.000194371
0.00102434
0.000195469
0.00101745
0.000193794
0.00100745
0.000189591
0.000994556
0.000183344
0.000979406
0.000175387
0.000962854
0.000165801
0.000945203
0.000155032
0.000926221
0.000144162
0.000906505
0.000133883
0.000888439
0.000123449
0.000874884
0.000111506
0.000866488
9.81849e-05
0.000860574
8.57349e-05
0.000853235
7.65168e-05
0.00084285
7.03834e-05
0.000831704
6.43258e-05
0.000824141
5.49352e-05
0.000822745
4.15246e-05
0.000825503
2.72585e-05
1.74869e-05
0.000151034
0.000149024
0.000156529
0.000166116
0.000158478
0.000181478
0.000155738
0.000195371
0.000147411
0.000207959
0.000132876
0.000219439
0.000111956
0.000229855
8.50504e-05
0.000239198
5.33614e-05
0.000247259
1.8878e-05
0.000253662
-1.58336e-05
0.000257833
-4.81058e-05
0.000259173
-7.55597e-05
0.0002571
-9.64115e-05
0.000251198
-0.00010958
0.000241269
-0.000114652
0.000227338
-0.000111763
0.000209653
-0.000101404
0.000188649
-8.44212e-05
0.000164883
-6.17777e-05
0.000138879
-3.45238e-05
0.000111267
-3.71959e-06
8.26575e-05
2.95059e-05
5.37773e-05
6.40229e-05
2.51697e-05
9.92038e-05
-3.11091e-06
0.000134617
-3.086e-05
0.000170443
-5.72157e-05
0.00020589
-8.21008e-05
0.000240625
-0.000105328
0.000274418
-0.000126666
0.000307028
-0.000145865
0.00033815
-0.000162674
0.000367355
-0.000176858
0.000394048
-0.000188219
0.000417438
-0.000196646
0.000436542
-0.000202151
0.000450224
-0.00020493
0.000457325
-0.000205428
0.000456898
-0.0002044
0.000448581
-0.000202936
0.00043305
-0.000202382
0.000412337
-0.000204056
0.000389718
-0.000208724
0.000369043
-0.00021609
0.000353804
-0.000224724
0.000346409
-0.000232523
0.000347905
-0.000237367
0.000358074
-0.000237677
0.000375831
-0.000232674
0.00039963
-0.00022234
0.000427875
-0.000207226
0.000459062
-0.000188192
0.000492002
-0.000166208
0.000525763
-0.000142182
0.000559744
-0.000116901
0.000593582
-9.09844e-05
0.00062708
-6.48796e-05
0.000660096
-3.88768e-05
0.000692693
-1.32825e-05
0.000724621
1.17878e-05
0.000755677
3.61513e-05
0.000785602
5.96127e-05
0.000814093
8.19519e-05
0.000840812
0.000102912
0.000865406
0.00012221
0.000887545
0.000139555
0.000906947
0.000154659
0.000923366
0.000167272
0.000936607
0.000177218
0.000946597
0.000184382
0.000953374
0.000188692
0.000956982
0.000190186
0.000957514
0.00018906
0.000955325
0.000185532
0.000950975
0.000179737
0.00094483
0.000171946
0.000937093
0.000162769
0.000928507
0.000152748
0.00092055
0.00014184
0.000914134
0.000129865
0.000908017
0.000117623
0.000899231
0.000106972
0.000885865
9.91008e-05
0.000869665
9.27161e-05
0.000855546
8.45029e-05
0.000847893
7.19792e-05
0.000846561
5.62665e-05
0.000845879
4.22069e-05
0.000837564
3.55739e-05
3.95677e-05
-0.00011129
0.00014527
-0.000109749
0.000164575
-0.00011107
0.0001828
-0.000115367
0.000199668
-0.00012246
0.000215052
-0.000131709
0.000228688
-0.000142174
0.00024032
-0.000152582
0.000249606
-0.000161469
0.000256146
-0.000167316
0.000259508
-0.000168772
0.000259289
-0.000164762
0.000255163
-0.000154689
0.000247027
-0.000138417
0.000234926
-0.000116246
0.000219098
-8.88452e-05
0.000199938
-5.69973e-05
0.000177805
-2.17066e-05
0.000153359
1.60447e-05
0.000127131
5.51294e-05
9.97941e-05
9.45464e-05
7.18503e-05
0.000133498
4.37061e-05
0.000171499
1.5776e-05
0.000208551
-1.18824e-05
0.000244112
-3.86717e-05
0.000277787
-6.45347e-05
0.000309871
-8.93e-05
0.000340593
-0.000112823
0.000370179
-0.000134914
0.00039884
-0.000155327
0.000426744
-0.000173768
0.000453987
-0.000189917
0.000480574
-0.000203445
0.000506406
-0.000214052
0.000531259
-0.000221499
0.000554729
-0.000225621
0.000576132
-0.000226332
0.000594342
-0.000223638
0.000607628
-0.000217687
0.000613572
-0.00020888
0.000609309
-0.000198118
0.000592381
-0.000187128
0.000562238
-0.00017858
0.000521587
-0.000175439
0.000476275
-0.000179411
0.000433265
-0.000189514
0.000398221
-0.000202323
0.000374304
-0.00021376
0.000362292
-0.000220662
0.000361299
-0.000221348
0.000369554
-0.000215481
0.000385001
-0.000203639
0.000405668
-0.000186874
0.000429865
-0.000166379
0.00045627
-0.000143305
0.000483916
-0.000118631
0.000512173
-9.31363e-05
0.000540711
-6.7415e-05
0.000569278
-4.18495e-05
0.000597755
-1.66887e-05
0.000626471
7.43457e-06
0.000655276
3.08082e-05
0.00068394
5.32874e-05
0.000712211
7.46404e-05
0.000739792
9.46296e-05
0.000766346
0.000113001
0.000791511
0.000129493
0.000814928
0.000143856
0.000836281
0.000155866
0.000855322
0.00016534
0.000871848
0.000172167
0.000885699
0.000176335
0.000896842
0.000177916
0.000905355
0.00017702
0.000911263
0.000173829
0.000914517
0.000168692
0.000915251
0.000162035
0.000913818
0.000154181
0.000910216
0.000145442
0.000903642
0.000136439
0.000893318
0.000127946
0.000880291
0.000119999
0.000868148
0.000111244
0.00086109
9.97735e-05
0.00086041
8.51829e-05
0.000862322
7.00672e-05
0.000859311
5.92782e-05
0.000844337
5.71804e-05
0.000814878
6.50328e-05
-0.00029578
0.000138658
-0.00028911
0.000157905
-0.000282326
0.000176016
-0.000274973
0.000192314
-0.000266583
0.000206662
-0.000256481
0.000218587
-0.000243983
0.000227821
-0.000228335
0.000233958
-0.000208938
0.000236748
-0.000185344
0.000235914
-0.000157403
0.000231348
-0.000125281
0.000223042
-8.93063e-05
0.000211052
-5.0076e-05
0.000195696
-8.32552e-06
0.000177347
3.51684e-05
0.000156444
7.93012e-05
0.000133673
0.000123181
0.000109479
0.000166086
8.42261e-05
0.000207526
5.83548e-05
0.000247142
3.22342e-05
0.000284779
6.06839e-06
0.000319821
-1.92653e-05
0.000352408
-4.44697e-05
0.000382935
-6.9199e-05
0.000411696
-9.32948e-05
0.000438964
-0.000116568
0.000464922
-0.000138782
0.000489651
-0.000159643
0.000513138
-0.000178813
0.000535293
-0.000195924
0.000555981
-0.000210605
0.000575043
-0.000222507
0.000592339
-0.000231349
0.000607793
-0.000236953
0.000621475
-0.000239303
0.00063369
-0.000238547
0.00064498
-0.000234929
0.000656005
-0.000228711
0.000667142
-0.000220018
0.00067766
-0.000208636
0.000684621
-0.000194089
0.00068257
-0.000176529
0.000665248
-0.000158118
0.000629233
-0.000143396
0.000577149
-0.00013743
0.000517382
-0.000142556
0.000459999
-0.000156377
0.000412471
-0.000173134
0.00037827
-0.000187147
0.000357733
-0.000194944
0.000349425
-0.000195331
0.000351179
-0.000188628
0.000360726
-0.000175927
0.000375994
-0.000158573
0.000395227
-0.000137864
0.000417106
-0.000115015
0.000440611
-9.09203e-05
0.000465111
-6.63494e-05
0.000490257
-4.18343e-05
0.000515411
-1.77192e-05
0.000540835
5.38389e-06
0.000566574
2.7548e-05
0.000592535
4.86798e-05
0.000618619
6.85452e-05
0.000644664
8.69567e-05
0.000670432
0.000103725
0.000695628
0.00011866
0.000719914
0.000131579
0.000742928
0.000142327
0.000764302
0.000150793
0.000783712
0.000156925
0.000800901
0.000160727
0.000815657
0.000162264
0.000827801
0.000161684
0.000837286
0.000159208
0.000844239
0.000155081
0.000848869
0.000149551
0.000851432
0.00014288
0.000852615
0.000135257
0.00085398
0.000126581
0.000857521
0.000116458
0.000863973
0.000104792
0.000871057
9.26897e-05
0.000873433
8.28073e-05
0.000865098
7.84024e-05
0.000842837
8.15392e-05
0.000808194
9.18229e-05
0.000106651
-0.000313836
0.000125363
-0.000298339
0.000142409
-0.000280336
0.000158013
-0.000259659
0.000171637
-0.000236003
0.000183007
-0.000209141
0.000191724
-0.000178896
0.000197577
-0.000145179
0.000200241
-0.000108036
0.000199606
-6.77081e-05
0.000195586
-2.45822e-05
0.000188222
2.08345e-05
0.000177625
6.77295e-05
0.000164157
0.00011536
0.000148066
0.000162966
0.000129741
0.00020981
0.0001096
0.000255389
8.80936e-05
0.000299298
6.55695e-05
0.000341132
4.23923e-05
0.000380639
1.88475e-05
0.000417743
-4.86943e-06
0.000452493
-2.86816e-05
0.000485659
-5.24309e-05
0.000517245
-7.60561e-05
0.000547427
-9.93807e-05
0.000576316
-0.000122184
0.000603934
-0.000144186
0.000630192
-0.00016504
0.000654884
-0.000184335
0.000677694
-0.000201623
0.000698219
-0.000216449
0.000716009
-0.000228394
0.000730609
-0.000237107
0.000741619
-0.000242359
0.000748744
-0.000244077
0.000751786
-0.000242344
0.000750657
-0.000237419
0.000745477
-0.000229748
0.000736723
-0.000219957
0.000725603
-0.000208898
0.000714577
-0.000197609
0.000707081
-0.000186593
0.000705289
-0.000174737
0.000706783
-0.000159612
0.000703434
-0.000140047
0.000684913
-0.000118909
0.000645115
-0.000102758
0.000586605
-9.78672e-05
0.000519436
-0.000105964
0.00045525
-0.000122961
0.000402006
-0.0001417
0.000362895
-0.00015622
0.000337896
-0.000163629
0.000325406
-0.000163437
0.000323261
-0.000156428
0.000329285
-0.000143889
0.000341468
-0.000127197
0.00035815
-0.000107602
0.000378013
-8.62124e-05
0.000400019
-6.384e-05
0.000423523
-4.12241e-05
0.000447796
-1.88891e-05
0.000472404
2.94082e-06
0.000497254
2.38293e-05
0.000522311
4.34878e-05
0.000547538
6.173e-05
0.000572859
7.84038e-05
0.00059815
9.33693e-05
0.000623237
0.000106492
0.00064791
0.000117654
0.000671938
0.000126764
0.000695101
0.000133762
0.000717198
0.00013863
0.000738065
0.000141398
0.000757601
0.000142148
0.000775801
0.000141008
0.000792737
0.000138146
0.00080852
0.000133767
0.000823282
0.000128118
0.000837047
0.000121492
0.000849325
0.000114302
0.000858509
0.000107275
0.000861677
0.000101624
0.000855447
9.89199e-05
0.000837789
0.000100465
0.000809641
0.00010655
0.000774969
0.000116211
0.000739159
0.000127634
0.000138783
-0.00017895
0.000107692
-0.000157809
0.000121268
-0.00013308
0.000133284
-0.000104784
0.00014334
-7.29626e-05
0.000151186
-3.77401e-05
0.000156502
7.19063e-07
0.000159118
4.20556e-05
0.000158904
8.58259e-05
0.000155836
0.000131503
0.000149908
0.000178488
0.000141238
0.000226112
0.000130001
0.000273803
0.000116466
0.000320944
0.000100925
0.000366975
8.37099e-05
0.000411429
6.51461e-05
0.000453971
4.55515e-05
0.000494399
2.51414e-05
0.000532588
4.20352e-06
0.000569086
-1.76511e-05
0.000603791
-3.95739e-05
0.000636739
-6.16301e-05
0.000667996
-8.36875e-05
0.000697527
-0.000105588
0.000725262
-0.000127115
0.000751068
-0.000147991
0.000774761
-0.000167879
0.000796114
-0.000186393
0.000814885
-0.000203106
0.000830841
-0.000217579
0.000843771
-0.000229379
0.000853487
-0.00023811
0.000859827
-0.000243447
0.000862686
-0.000245218
0.000862111
-0.000243502
0.000858306
-0.000238539
0.000851506
-0.000230619
0.000841922
-0.000220165
0.00082959
-0.000207625
0.000813954
-0.000193263
0.000793924
-0.000177579
0.00076942
-0.000162089
0.000743563
-0.00014888
0.000722497
-0.000138546
0.000711101
-0.000128651
0.000707442
-0.000115251
0.000701579
-9.6894e-05
0.000680988
-7.72769e-05
0.000638494
-6.34693e-05
0.000576828
-6.12955e-05
0.000506606
-7.14778e-05
0.000439699
-8.93131e-05
0.000383893
-0.000107823
0.000342
-0.000121545
0.000313813
-0.00012824
0.000297838
-0.000127914
0.000292194
-0.000121553
0.000295048
-0.000110457
0.000304696
-9.58596e-05
0.000319661
-7.88053e-05
0.000338618
-6.01814e-05
0.000360471
-4.07421e-05
0.000384521
-2.11088e-05
0.000410285
-1.93532e-06
0.000436982
1.67915e-05
0.000464435
3.42769e-05
0.000492387
5.04511e-05
0.000520617
6.51401e-05
0.000548917
7.81915e-05
0.000577084
8.94869e-05
0.000604904
9.89443e-05
0.000632142
0.000106524
0.000658537
0.000112234
0.000683797
0.000116138
0.000707589
0.000118356
0.000729519
0.000119078
0.000749102
0.000118562
0.000765731
0.000117139
0.000778628
0.000115221
0.000786813
0.000113307
0.000789138
0.000111976
0.00078456
0.000111853
0.000772711
0.000113474
0.000754525
0.000117105
0.000732416
0.000122575
0.000709699
0.000129267
0.000689646
0.000136264
0.000674753
0.000142527
0.000147076
5.40241e-05
8.80405e-05
7.726e-05
9.80319e-05
0.000104034
0.000106511
0.000134196
0.000113178
0.000167539
0.000117843
0.00020373
0.00012031
0.000242395
0.000120453
0.000283092
0.000118207
0.000325344
0.000113584
0.000368588
0.000106665
0.000412254
9.75713e-05
0.000455802
8.64525e-05
0.000498753
7.35153e-05
0.000540674
5.90034e-05
0.000581211
4.31733e-05
0.000620104
2.62527e-05
0.000657201
8.45525e-06
0.000692859
-1.05173e-05
0.000727022
-2.99589e-05
0.000759183
-4.98126e-05
0.000789514
-6.99044e-05
0.000817973
-9.00889e-05
0.000844469
-0.000110184
0.000868833
-0.000129952
0.000890816
-0.000149099
0.000910103
-0.000167277
0.000926313
-0.00018409
0.000939034
-0.000199113
0.000947864
-0.000211936
0.000952483
-0.000222198
0.000952709
-0.000229605
0.000948554
-0.000233956
0.000940247
-0.000235139
0.00092816
-0.000233132
0.000912752
-0.000228093
0.000894619
-0.000220407
0.000874525
-0.000210524
0.000853378
-0.000199018
0.000832548
-0.000186795
0.000813894
-0.000174609
0.000798419
-0.000162104
0.000784473
-0.000148142
0.000768342
-0.000132749
0.000747798
-0.000118002
0.000725257
-0.00010611
0.00070688
-9.68734e-05
0.000697503
-8.75168e-05
0.000695258
-7.50319e-05
0.000690837
-5.90488e-05
0.000672562
-4.302e-05
0.000633383
-3.22995e-05
0.000574687
-3.06172e-05
0.000505578
-3.87132e-05
0.000437791
-5.37577e-05
0.000379687
-7.01361e-05
0.000334574
-8.28014e-05
0.000302271
-8.92496e-05
0.000281478
-8.96639e-05
0.00027075
-8.51318e-05
0.000268592
-7.66479e-05
0.00027352
-6.51092e-05
0.0002842
-5.14214e-05
0.000299507
-3.64162e-05
0.000318345
-2.0773e-05
0.00034006
-4.92404e-06
0.000364424
9.91284e-06
0.000390576
2.42993e-05
0.000417853
3.78635e-05
0.000445698
5.0346e-05
0.000473614
6.15713e-05
0.000501128
7.14298e-05
0.000527777
7.98751e-05
0.000553091
8.69201e-05
0.000576591
9.26382e-05
0.000597788
9.71593e-05
0.000616197
0.000100669
0.000631362
0.000103397
0.000642887
0.000105614
0.000650505
0.000107604
0.000654162
0.000109649
0.00065415
0.000111988
0.000651222
0.000114781
0.000646636
0.000118059
0.000642032
0.00012171
0.000639154
0.000125453
0.000639546
0.000128875
0.000644343
0.000131466
0.000654162
0.000132708
0.000132126
0.000317184
6.9874e-05
0.000338861
7.63548e-05
0.000363855
8.15173e-05
0.000391876
8.51563e-05
0.000422592
8.71276e-05
0.0004556
8.73018e-05
0.000490457
8.55955e-05
0.000526682
8.19815e-05
0.00056379
7.64763e-05
0.000601329
6.91262e-05
0.000638901
5.9999e-05
0.000676162
4.91919e-05
0.000712798
3.68791e-05
0.000748551
2.32502e-05
0.000783261
8.46356e-06
0.000816874
-7.36036e-06
0.000849331
-2.40023e-05
0.00088013
-4.13163e-05
0.000909277
-5.91054e-05
0.000936669
-7.72049e-05
0.00096218
-9.5415e-05
0.000985593
-0.000113503
0.00100662
-0.00013121
0.00102491
-0.000148243
0.00104009
-0.000164274
0.00105176
-0.000178951
0.00105958
-0.000191908
0.00106324
-0.000202772
0.00106249
-0.000211192
0.00105716
-0.000216866
0.00104711
-0.000219552
0.00103227
-0.000219122
0.00101279
-0.000215655
0.000989079
-0.000209421
0.000961827
-0.00020084
0.000931951
-0.000190531
0.000900568
-0.000179142
0.000868623
-0.000167073
0.000836568
-0.00015474
0.00080506
-0.000143101
0.000776144
-0.000133188
0.000752873
-0.000124872
0.000736753
-0.000116629
0.000725691
-0.00010694
0.000715426
-9.58451e-05
0.000703424
-8.48708e-05
0.00069119
-7.52835e-05
0.000682775
-6.6617e-05
0.000680808
-5.70816e-05
0.000683054
-4.5266e-05
0.00068238
-3.16254e-05
0.000670656
-1.88932e-05
0.000642628
-1.06854e-05
0.000597583
-8.71191e-06
0.000539361
-1.19147e-05
0.000475224
-1.86645e-05
0.000414235
-2.82598e-05
0.000362909
-3.83388e-05
0.000323726
-4.5948e-05
0.000296316
-4.9238e-05
0.000279001
-4.77947e-05
0.000270039
-4.24595e-05
0.000268044
-3.44213e-05
0.000271937
-2.46661e-05
0.000280858
-1.38444e-05
0.000293167
-2.3963e-06
0.000308819
8.64713e-06
0.00032698
1.97032e-05
0.000346941
3.03844e-05
0.000368056
4.04564e-05
0.00038973
4.97556e-05
0.000411424
5.81814e-05
0.000432656
6.56882e-05
0.000453012
7.22823e-05
0.000472159
7.80119e-05
0.000489866
8.29621e-05
0.000506023
8.72399e-05
0.00052067
9.0967e-05
0.000534014
9.42593e-05
0.000546445
9.72188e-05
0.000558524
9.99093e-05
0.000570958
0.000102347
0.000584537
0.00010448
0.000600054
0.000106193
0.000618213
0.000107295
0.000639537
0.000107551
0.000664306
0.000106697
0.000692541
0.000104473
0.000100662
0.000578816
5.62606e-05
0.000595691
5.948e-05
0.000615715
6.14927e-05
0.000638637
6.22349e-05
0.000664127
6.16367e-05
0.000691774
5.9655e-05
0.000721107
5.62625e-05
0.00075168
5.14093e-05
0.000783113
4.50425e-05
0.000815083
3.7157e-05
0.000847257
2.78251e-05
0.000879317
1.71316e-05
0.000910973
5.22339e-06
0.000941964
-7.74103e-06
0.000972068
-2.16411e-05
0.00100101
-3.63014e-05
0.00102856
-5.15525e-05
0.00105447
-6.72276e-05
0.00107849
-8.31254e-05
0.00110031
-9.9019e-05
0.00111955
-0.000114664
0.00113584
-0.000129792
0.00114874
-0.000144108
0.0011578
-0.000157304
0.00116259
-0.000169057
0.00116268
-0.000179045
0.00115774
-0.000186967
0.00114756
-0.000192588
0.00113212
-0.000195758
0.00111168
-0.000196425
0.00108675
-0.00019462
0.00105807
-0.000190444
0.00102653
-0.000184119
0.000993121
-0.000176007
0.000958818
-0.000166538
0.000924526
-0.000156239
0.000891189
-0.000145804
0.000859882
-0.000135766
0.000831258
-0.000126116
0.000804797
-0.00011664
0.00077921
-0.000107601
0.000754092
-9.97542e-05
0.000730955
-9.34917e-05
0.000712245
-8.82305e-05
0.000699236
-8.28355e-05
0.000690811
-7.64467e-05
0.000684414
-6.88857e-05
0.000678286
-6.04891e-05
0.000672901
-5.16972e-05
0.000670426
-4.27904e-05
0.000672707
-3.39068e-05
0.000678858
-2.50439e-05
0.000684
-1.5828e-05
0.000681251
-5.96277e-06
0.000665984
3.35246e-06
0.000637687
9.6327e-06
0.000598626
1.08009e-05
0.000552679
7.60853e-06
0.000504108
2.62276e-06
0.000456633
-1.76264e-06
0.000413619
-4.78138e-06
0.000377824
-6.66411e-06
0.000350635
-7.23259e-06
0.000332229
-6.25982e-06
0.000321708
-3.3236e-06
0.000318146
1.16618e-06
0.000319912
6.88053e-06
0.000326054
1.35618e-05
0.00033571
2.07281e-05
0.000348177
2.79896e-05
0.00036287
3.5062e-05
0.000379299
4.17528e-05
0.000397052
4.79352e-05
0.000415799
5.35354e-05
0.000435295
5.85158e-05
0.000455389
6.28681e-05
0.000476027
6.66018e-05
0.000497253
6.97411e-05
0.000519202
7.231e-05
0.000542091
7.43306e-05
0.000566196
7.58037e-05
0.000591837
7.67058e-05
0.000619329
7.69877e-05
0.000648952
7.65702e-05
0.000680901
7.53452e-05
0.000715263
7.31894e-05
0.000751983
6.99767e-05
0.000790845
6.56109e-05
6.00216e-05
0.000847621
4.75612e-05
0.000859196
4.79049e-05
0.000873492
4.7197e-05
0.000890329
4.53974e-05
0.000909456
4.25097e-05
0.000930566
3.85453e-05
0.000953362
3.34664e-05
0.000977528
2.72428e-05
0.00100267
1.98999e-05
0.00102832
1.15042e-05
0.00105394
2.21077e-06
0.00107955
-8.48111e-06
0.00110468
-1.99031e-05
0.00112896
-3.20281e-05
0.00115204
-4.47122e-05
0.00117354
-5.78026e-05
0.00119311
-7.11216e-05
0.00121034
-8.44649e-05
0.00122483
-9.7609e-05
0.00123612
-0.000110314
0.00124379
-0.00012233
0.00124741
-0.00013341
0.00124662
-0.000143321
0.00124115
-0.000151833
0.00123081
-0.000158718
0.00121553
-0.000163769
0.00119539
-0.000166829
0.00117061
-0.00016781
0.00114158
-0.00016672
0.00110883
-0.000163676
0.00107311
-0.000158905
0.00103539
-0.000152726
0.000996819
-0.000145544
0.00095865
-0.000137837
0.000922152
-0.00013004
0.000888311
-0.000122398
0.000857575
-0.000115068
0.00083006
-0.000108251
0.000806021
-0.000102077
0.00078579
-9.64083e-05
0.000769059
-9.08703e-05
0.000754457
-8.51518e-05
0.00074022
-7.92552e-05
0.000725444
-7.34549e-05
0.000710624
-6.80153e-05
0.000697107
-6.29293e-05
0.000686124
-5.79029e-05
0.00067818
-5.25449e-05
0.000673057
-4.65738e-05
0.000670188
-3.99215e-05
0.000669016
-3.27348e-05
0.000669193
-2.52215e-05
0.000670873
-1.7508e-05
0.000674631
-9.72056e-06
0.000680209
-2.22514e-06
0.000685484
4.35756e-06
0.000686549
9.73606e-06
0.000680052
1.41048e-05
0.000664994
1.76816e-05
0.000642908
2.03226e-05
0.000616399
2.17284e-05
0.000588244
2.14902e-05
0.000560647
2.03642e-05
0.000535189
1.91984e-05
0.000513253
1.86124e-05
0.000495548
1.88715e-05
0.000482462
1.99664e-05
0.000474234
2.17896e-05
0.000470792
2.417e-05
0.000471853
2.69292e-05
0.000477019
2.98955e-05
0.000485861
3.29115e-05
0.000497959
3.58372e-05
0.000512938
3.85558e-05
0.000530482
4.0972e-05
0.000550337
4.30128e-05
0.000572316
4.46236e-05
0.000596288
4.57682e-05
0.000622177
4.64212e-05
0.000649948
4.65603e-05
0.000679594
4.61573e-05
0.000711124
4.51759e-05
0.000744535
4.35762e-05
0.000779791
4.13143e-05
0.000816784
3.83526e-05
0.000855335
3.46384e-05
0.000895181
3.01304e-05
0.000935955
2.48367e-05
1.8741e-05
0.00107368
3.92412e-05
0.00108399
3.75982e-05
0.00109601
3.51744e-05
0.00110948
3.19285e-05
0.00112417
2.78182e-05
0.00113988
2.2837e-05
0.00115634
1.70046e-05
0.00117322
1.03621e-05
0.00119011
3.01536e-06
0.00120717
-5.55828e-06
0.00122418
-1.48018e-05
0.0012403
-2.45983e-05
0.00125522
-3.48269e-05
0.00126857
-4.5379e-05
0.00127999
-5.61261e-05
0.00128909
-6.69021e-05
0.00129549
-7.75277e-05
0.00129885
-8.78191e-05
0.00129883
-9.75878e-05
0.00129515
-0.000106634
0.00128756
-0.000114744
0.00127586
-0.000121711
0.00125994
-0.000127396
0.00123987
-0.000131762
0.00121591
-0.000134763
0.0011885
-0.000136358
0.00115824
-0.000136571
0.00112593
-0.000135498
0.00109252
-0.000133305
0.00105904
-0.000130202
0.00102655
-0.000126412
0.000995944
-0.000122121
0.000967832
-0.000117432
0.000942401
-0.000112406
0.00091951
-0.00010715
0.000898882
-0.000101769
0.000880134
-9.6321e-05
0.000862678
-9.07942e-05
0.000845779
-8.51789e-05
0.000828918
-7.95466e-05
0.000812066
-7.40188e-05
0.000795577
-6.8663e-05
0.000779764
-6.34415e-05
0.000764587
-5.82783e-05
0.000749728
-5.31566e-05
0.000734945
-4.81457e-05
0.000720383
-4.33416e-05
0.000706626
-3.8788e-05
0.000694485
-3.44321e-05
0.0006847
-3.01366e-05
0.000677696
-2.57312e-05
0.000673532
-2.10577e-05
0.000672018
-1.59938e-05
0.000672829
-1.05308e-05
0.000675483
-4.87932e-06
0.000679259
5.81727e-07
0.000683426
5.5683e-06
0.00068751
1.00213e-05
0.000691196
1.39954e-05
0.000694102
1.74162e-05
0.000695768
2.00628e-05
0.000695312
2.19461e-05
0.00069239
2.32865e-05
0.00068741
2.41787e-05
0.000681267
2.47552e-05
0.000675003
2.51354e-05
0.000669543
2.54261e-05
0.000665609
2.57238e-05
0.00066377
2.60088e-05
0.000664446
2.62538e-05
0.000667865
2.64759e-05
0.000674124
2.66526e-05
0.000683216
2.67449e-05
0.000695074
2.66985e-05
0.000709589
2.6457e-05
0.000726629
2.59725e-05
0.000746053
2.51996e-05
0.000767723
2.40985e-05
0.000791497
2.26471e-05
0.000817221
2.08365e-05
0.000844737
1.86405e-05
0.000873893
1.60206e-05
0.000904502
1.29665e-05
0.000936338
9.47921e-06
0.000969148
5.54201e-06
0.00100263
1.15616e-06
0.00103657
-3.81425e-06
0.00107052
-9.10748e-06
-1.47342e-05
0.00115946
2.82411e-05
0.00117098
2.608e-05
0.00118287
2.32865e-05
0.00119497
1.98237e-05
0.00120712
1.56697e-05
0.00121915
1.08072e-05
0.00123089
5.26331e-06
0.00124228
-1.03052e-06
0.00125331
-8.00785e-06
0.00126321
-1.54641e-05
0.00127169
-2.32796e-05
0.00127845
-3.13531e-05
0.00128323
-3.96075e-05
0.0012858
-4.79551e-05
0.00128594
-5.62676e-05
0.00128345
-6.44107e-05
0.00127817
-7.22476e-05
0.00127
-7.9645e-05
0.00125889
-8.64816e-05
0.0012449
-9.26465e-05
0.00122821
-9.80468e-05
0.00120912
-0.000102626
0.00118809
-0.000106361
0.00116557
-0.000109242
0.00114208
-0.00011128
0.00111823
-0.000112508
0.00109463
-0.000112968
0.00107183
-0.000112701
0.00105028
-0.000111746
0.00103022
-0.000110141
0.00101172
-0.000107916
0.000994714
-0.000105116
0.000979077
-0.000101794
0.000964663
-9.79919e-05
0.000951242
-9.37282e-05
0.000938479
-8.90073e-05
0.00092601
-8.38516e-05
0.00091353
-7.83143e-05
0.000900819
-7.24678e-05
0.00088766
-6.63873e-05
0.000873788
-6.01472e-05
0.000858969
-5.3844e-05
0.000843136
-4.76087e-05
0.000826443
-4.15852e-05
0.00080919
-3.5904e-05
0.000791711
-3.0666e-05
0.000774297
-2.59275e-05
0.000757213
-2.17042e-05
0.000740768
-1.79877e-05
0.000725366
-1.47342e-05
0.000711497
-1.1862e-05
0.000699693
-9.25366e-06
0.000690469
-6.76962e-06
0.000684209
-4.27134e-06
0.000681006
-1.6759e-06
0.000680569
1.01825e-06
0.000682369
3.76894e-06
0.000685857
6.53312e-06
0.000690617
9.23496e-06
0.000696278
1.17558e-05
0.000702383
1.39569e-05
0.000708588
1.57411e-05
0.000714778
1.70966e-05
0.000720906
1.80513e-05
0.00072701
1.86509e-05
0.000733201
1.89441e-05
0.000739658
1.89688e-05
0.000746623
1.8759e-05
0.000754265
1.83673e-05
0.00076274
1.77784e-05
0.000772261
1.6955e-05
0.000782995
1.59186e-05
0.000795068
1.46723e-05
0.000808562
1.32045e-05
0.000823527
1.14916e-05
0.000839969
9.53016e-06
0.000857861
7.30814e-06
0.00087715
4.8089e-06
0.000897777
2.02019e-06
0.000919535
-9.21435e-07
0.000942228
-4.05246e-06
0.000965758
-7.50914e-06
0.000990025
-1.13003e-05
0.00101475
-1.52469e-05
0.00103965
-1.93585e-05
0.00106441
-2.36075e-05
0.00108856
-2.79631e-05
0.00111182
-3.23601e-05
-3.67306e-05
0.00110996
1.69209e-05
0.00112113
1.49112e-05
0.00113213
1.22886e-05
0.00114291
9.03604e-06
0.00115343
5.15463e-06
0.00116362
6.12863e-07
0.00117303
-4.14354e-06
0.00118141
-9.40856e-06
0.00118846
-1.50557e-05
0.00119407
-2.10803e-05
0.00119821
-2.74191e-05
0.00120083
-3.39712e-05
0.00120186
-4.06414e-05
0.00120124
-4.73357e-05
0.00119894
-5.39592e-05
0.00119495
-6.0423e-05
0.00118934
-6.66433e-05
0.00118224
-7.25403e-05
0.0011738
-7.80439e-05
0.00116425
-8.31004e-05
0.00115387
-8.76648e-05
0.00114292
-9.16762e-05
0.00113162
-9.50617e-05
0.00112015
-9.77688e-05
0.00110866
-9.97857e-05
0.00109725
-0.000101098
0.00108596
-0.00010168
0.00107476
-0.000101504
0.00106357
-0.000100558
0.00105229
-9.88608e-05
0.00104081
-9.6432e-05
0.00102898
-9.32844e-05
0.00101662
-8.94363e-05
0.00100355
-8.49228e-05
0.000989634
-7.98123e-05
0.000974837
-7.42107e-05
0.000959225
-6.82388e-05
0.000942923
-6.20122e-05
0.000926103
-5.56481e-05
0.000908982
-4.92659e-05
0.000891806
-4.29718e-05
0.000874816
-3.68544e-05
0.000858187
-3.09794e-05
0.000842
-2.53979e-05
0.00082627
-2.01742e-05
0.000810971
-1.53673e-05
0.000796072
-1.1028e-05
0.000781564
-7.19646e-06
0.000767511
-3.93409e-06
0.000754035
-1.2586e-06
0.000741263
9.09756e-07
0.000729413
2.59658e-06
0.000718766
3.87718e-06
0.000709621
4.8741e-06
0.000702251
5.6941e-06
0.000696851
6.41815e-06
0.000693515
7.10451e-06
0.000692259
7.78938e-06
0.000693014
8.48008e-06
0.000695616
9.15384e-06
0.000699809
9.76369e-06
0.000705291
1.02598e-05
0.000711786
1.06013e-05
0.000719082
1.07547e-05
0.000727038
1.06952e-05
0.000735587
1.03956e-05
0.00074474
9.81585e-06
0.000754598
8.90083e-06
0.000765211
7.75356e-06
0.000776578
6.41207e-06
0.000788661
4.87151e-06
0.000801406
3.17345e-06
0.000814718
1.36034e-06
0.000828599
-6.75929e-07
0.000843155
-3.06476e-06
0.000858343
-5.65771e-06
0.000874137
-8.48597e-06
0.000890488
-1.15416e-05
0.000907279
-1.47714e-05
0.000924337
-1.79797e-05
0.000941542
-2.12572e-05
0.00095875
-2.4717e-05
0.000975694
-2.82443e-05
0.0009922
-3.17524e-05
0.001008
-3.51624e-05
0.00102283
-3.84357e-05
0.00103642
-4.15554e-05
0.00104853
-4.44616e-05
-4.70621e-05
0.00106959
9.88824e-06
0.00107727
7.22726e-06
0.0010855
4.06046e-06
0.00109409
4.41416e-07
0.00110248
-3.23519e-06
0.00111042
-7.32401e-06
0.001118
-1.17288e-05
0.0011251
-1.65032e-05
0.00113166
-2.1617e-05
0.00113758
-2.69973e-05
0.00114274
-3.25789e-05
0.00114708
-3.83098e-05
0.00115056
-4.41249e-05
0.00115314
-4.99193e-05
0.00115478
-5.55959e-05
0.00115544
-6.10819e-05
0.0011551
-6.63047e-05
0.00115375
-7.11933e-05
0.00115139
-7.56784e-05
0.00114797
-7.9688e-05
0.00114346
-8.31497e-05
0.00113777
-8.59904e-05
0.00113086
-8.81466e-05
0.00112268
-8.9586e-05
0.00111321
-9.03238e-05
0.00110247
-9.03524e-05
0.00109043
-8.96445e-05
0.00107711
-8.81843e-05
0.00106253
-8.59768e-05
0.00104672
-8.30467e-05
0.00102972
-7.94355e-05
0.00101164
-7.52018e-05
0.000992633
-7.04304e-05
0.000972935
-6.52246e-05
0.000952813
-5.96908e-05
0.000932537
-5.39347e-05
0.000912352
-4.80532e-05
0.000892486
-4.2146e-05
0.00087315
-3.63122e-05
0.000854515
-3.06317e-05
0.000836724
-2.51806e-05
0.00081989
-2.00201e-05
0.000804102
-1.51913e-05
0.00078945
-1.0746e-05
0.000775999
-6.72285e-06
0.000763774
-3.14283e-06
0.000752822
-7.58944e-08
0.000742886
2.73965e-06
0.000733969
4.98297e-06
0.00072597
6.74069e-06
0.000718859
8.02017e-06
0.000712611
8.84429e-06
0.00070726
9.22834e-06
0.000702868
9.26637e-06
0.000699483
9.07956e-06
0.000697166
8.73477e-06
0.000695959
8.31128e-06
0.000695883
7.86588e-06
0.000696934
7.4291e-06
0.00069907
7.0172e-06
0.000702206
6.62847e-06
0.000706228
6.23755e-06
0.000711026
5.80298e-06
0.000716503
5.27784e-06
0.000722589
4.60867e-06
0.000729244
3.74131e-06
0.000736436
2.62407e-06
0.000744095
1.24168e-06
0.000752304
-4.55483e-07
0.000761064
-2.3483e-06
0.000770388
-4.45214e-06
0.000780255
-6.69334e-06
0.000790598
-8.98312e-06
0.000801222
-1.13003e-05
0.000811877
-1.37193e-05
0.00082248
-1.62611e-05
0.000832853
-1.88587e-05
0.000842825
-2.15134e-05
0.000852454
-2.44006e-05
0.000861622
-2.7148e-05
0.00087003
-2.96644e-05
0.000877281
-3.19685e-05
0.000883055
-3.4018e-05
0.000887039
-3.57362e-05
0.000888938
-3.70615e-05
0.000888545
-3.80434e-05
0.000885814
-3.8824e-05
0.000880836
-3.94836e-05
-3.99382e-05
0.00108527
6.09601e-06
0.00108975
2.74735e-06
0.00109464
-8.25125e-07
0.00109987
-4.78801e-06
0.0011053
-8.6676e-06
0.00111073
-1.27545e-05
0.0011161
-1.71012e-05
0.00112127
-2.16679e-05
0.00112605
-2.64026e-05
0.00113031
-3.12516e-05
0.00113389
-3.61619e-05
0.00113666
-4.10751e-05
0.00113846
-4.59232e-05
0.00113917
-5.063e-05
0.00113869
-5.51172e-05
0.00113691
-5.93011e-05
0.0011337
-6.30956e-05
0.00112892
-6.64187e-05
0.00112245
-6.92032e-05
0.00111416
-7.13979e-05
0.00110398
-7.29715e-05
0.00109189
-7.39032e-05
0.00107792
-7.41793e-05
0.00106215
-7.38142e-05
0.00104464
-7.28063e-05
0.00102542
-7.11374e-05
0.00100466
-6.88795e-05
0.000982566
-6.60951e-05
0.000959429
-6.28388e-05
0.000935551
-5.91694e-05
0.000911273
-5.51569e-05
0.000886943
-5.08723e-05
0.00086289
-4.63771e-05
0.000839412
-4.17472e-05
0.000816798
-3.70767e-05
0.000795317
-3.24538e-05
0.000775136
-2.78721e-05
0.000756359
-2.33691e-05
0.000739058
-1.90109e-05
0.000723273
-1.48465e-05
0.000709011
-1.09186e-05
0.000696238
-7.24752e-06
0.000684889
-3.8423e-06
0.000674864
-7.20768e-07
0.000666224
1.91736e-06
0.000658857
4.22443e-06
0.00065261
6.17025e-06
0.000647623
7.72699e-06
0.000643737
8.86944e-06
0.000640871
9.60582e-06
0.000638942
9.95006e-06
0.000637855
9.93037e-06
0.000637461
9.62274e-06
0.000637677
9.05043e-06
0.000638514
8.24272e-06
0.000639955
7.29406e-06
0.000641981
6.28483e-06
0.00064458
5.2672e-06
0.000647737
4.2719e-06
0.000651418
3.33603e-06
0.000655553
2.49334e-06
0.000660059
1.73213e-06
0.000664863
9.98516e-07
0.000669909
2.31468e-07
0.000674983
-4.64475e-07
0.000680004
-1.27964e-06
0.000685042
-2.41427e-06
0.00069008
-3.79613e-06
0.000694964
-5.33998e-06
0.000699669
-7.05275e-06
0.00070402
-8.80395e-06
0.000707636
-1.03087e-05
0.000709978
-1.13258e-05
0.000710603
-1.1925e-05
0.000709335
-1.24507e-05
0.000706272
-1.31983e-05
0.000701581
-1.41675e-05
0.000695202
-1.51351e-05
0.000686541
-1.57388e-05
0.000675866
-1.6473e-05
0.000663505
-1.7304e-05
0.000649723
-1.81867e-05
0.000634771
-1.90653e-05
0.000618897
-1.98622e-05
0.000602371
-2.05354e-05
0.000585468
-2.11404e-05
0.000568454
-2.181e-05
0.000551612
-2.26416e-05
-2.36314e-05
0.00104182
2.41775e-06
0.00104589
-1.32225e-06
0.00104961
-4.54094e-06
0.00105279
-7.96716e-06
0.00105567
-1.155e-05
0.00105814
-1.52251e-05
0.00106003
-1.89906e-05
0.00106118
-2.28139e-05
0.00106139
-2.66131e-05
0.00106051
-3.03791e-05
0.00105845
-3.40992e-05
0.00105509
-3.77141e-05
0.00105031
-4.11457e-05
0.00104399
-4.43086e-05
0.00103599
-4.71167e-05
0.00102617
-4.94841e-05
0.00101442
-5.13376e-05
0.00100062
-5.26219e-05
0.000984729
-5.33121e-05
0.000966741
-5.34104e-05
0.000946702
-5.29324e-05
0.000924722
-5.19233e-05
0.000900987
-5.04438e-05
0.000875755
-4.85823e-05
0.000849427
-4.64783e-05
0.000822342
-4.40528e-05
0.000794824
-4.13615e-05
0.00076727
-3.85407e-05
0.000740089
-3.56587e-05
0.000713683
-3.2763e-05
0.000688398
-2.98719e-05
0.000664512
-2.69862e-05
0.000642236
-2.41016e-05
0.000621693
-2.12034e-05
0.000602904
-1.82877e-05
0.000585872
-1.54227e-05
0.000570581
-1.25804e-05
0.000557
-9.78871e-06
0.000545089
-7.09958e-06
0.000534793
-4.55033e-06
0.000526042
-2.16815e-06
0.000518827
-3.16698e-08
0.000512883
2.10103e-06
0.00050826
3.90264e-06
0.000504729
5.44813e-06
0.000502224
6.72966e-06
0.000500657
7.73674e-06
0.000499932
8.45182e-06
0.000499969
8.83293e-06
0.000500751
8.82389e-06
0.000502208
8.493e-06
0.000504275
7.86344e-06
0.000506937
6.96059e-06
0.000510148
5.83949e-06
0.000513805
4.58612e-06
0.00051777
3.32859e-06
0.000521853
2.20216e-06
0.000525816
1.3035e-06
0.000529411
6.7695e-07
0.000532404
3.43458e-07
0.000534594
3.0368e-07
0.00053578
5.45735e-07
0.000535744
1.03413e-06
0.000534287
1.68881e-06
0.000531419
2.40309e-06
0.000527017
3.12259e-06
0.000520872
3.73146e-06
0.000513095
3.9803e-06
0.000503892
3.86325e-06
0.00049348
3.3592e-06
0.000482078
2.59761e-06
0.000469901
1.86859e-06
0.000457173
1.402e-06
0.000444117
1.13159e-06
0.000430934
7.31915e-07
0.000417831
-9.54142e-08
0.000404736
-1.07243e-06
0.000392006
-2.405e-06
0.000380228
-3.96067e-06
0.000369495
-5.74005e-06
0.000359586
-7.39475e-06
0.00035042
-9.02127e-06
0.000341957
-1.06017e-05
0.000334186
-1.20919e-05
0.000327102
-1.3451e-05
0.000320622
-1.46608e-05
0.000314534
-1.5722e-05
0.000308517
-1.66242e-05
-1.72961e-05
0.000903683
3.04703e-06
0.000902726
-3.64867e-07
0.000901595
-3.40983e-06
0.000899923
-6.29539e-06
0.000897551
-9.17771e-06
0.000894224
-1.18988e-05
0.000889615
-1.43816e-05
0.000883464
-1.66629e-05
0.000875691
-1.88396e-05
0.000866279
-2.0967e-05
0.000855201
-2.30215e-05
0.000842431
-2.49438e-05
0.000827942
-2.66569e-05
0.000811695
-2.80619e-05
0.000793619
-2.90404e-05
0.00077361
-2.9475e-05
0.000751566
-2.92932e-05
0.000727442
-2.84982e-05
0.000701304
-2.71741e-05
0.00067335
-2.54568e-05
0.000643897
-2.34795e-05
0.000613255
-2.12809e-05
0.000582033
-1.92217e-05
0.000550755
-1.73045e-05
0.000519829
-1.55521e-05
0.00048977
-1.39935e-05
0.000461068
-1.266e-05
0.0004341
-1.15723e-05
0.000409154
-1.0713e-05
0.000386425
-1.00344e-05
0.00036605
-9.49648e-06
0.000348029
-8.96499e-06
0.000332194
-8.26693e-06
0.000318418
-7.42681e-06
0.000306561
-6.4315e-06
0.000296413
-5.27433e-06
0.0002878
-3.9672e-06
0.000280558
-2.54665e-06
0.000274531
-1.07247e-06
0.000269621
3.59708e-07
0.000265847
1.60585e-06
0.000263023
2.79169e-06
0.000261248
3.87648e-06
0.000260306
4.84456e-06
0.000260063
5.69081e-06
0.000260378
6.41529e-06
0.0002611
7.01437e-06
0.000262071
7.48046e-06
0.000263108
7.79615e-06
0.000263966
7.96643e-06
0.000264482
7.97683e-06
0.000264604
7.741e-06
0.000264267
7.29734e-06
0.000263442
6.66528e-06
0.00026214
5.8878e-06
0.000260418
5.05083e-06
0.000258358
4.26193e-06
0.000256053
3.6089e-06
0.000253587
3.14288e-06
0.000251035
2.89512e-06
0.000248451
2.88718e-06
0.000245864
3.13294e-06
0.000243295
3.60316e-06
0.000240775
4.20918e-06
0.00023835
4.82771e-06
0.00023621
5.26304e-06
0.000234335
5.60639e-06
0.000232548
5.7671e-06
0.000230727
5.68468e-06
0.000228727
5.35874e-06
0.000226491
4.83372e-06
0.000224178
4.18108e-06
0.000222116
3.46435e-06
0.00022054
2.70802e-06
0.00021937
1.90137e-06
0.000218239
1.03542e-06
0.000217018
1.49048e-07
0.000215499
-8.86306e-07
0.000213259
-1.7204e-06
0.00021008
-2.56061e-06
0.000206036
-3.35164e-06
0.000201097
-4.08212e-06
0.000195246
-4.7503e-06
0.000188509
-5.35536e-06
0.000180959
-5.90014e-06
0.000172693
-6.3949e-06
0.000163824
-6.85334e-06
0.000154487
-7.28743e-06
-7.71403e-06
0.000533354
0.00053299
0.00052958
0.000523284
0.000514107
0.000502208
0.000487826
0.000471163
0.000452324
0.000431357
0.000408335
0.000383391
0.000356734
0.000328673
0.000299632
0.000270157
0.000240864
0.000212366
0.000185192
0.000159735
0.000136255
0.000114974
9.57527e-05
7.84483e-05
6.28961e-05
4.89026e-05
3.62426e-05
2.46704e-05
1.39573e-05
3.92292e-06
-5.57356e-06
-1.45386e-05
-2.28055e-05
-3.02323e-05
-3.66638e-05
-4.19381e-05
-4.59053e-05
-4.8452e-05
-4.95244e-05
-4.91647e-05
-4.75589e-05
-4.47672e-05
-4.08907e-05
-3.60461e-05
-3.03553e-05
-2.394e-05
-1.69257e-05
-9.44522e-06
-1.64906e-06
6.31736e-06
1.42942e-05
2.20352e-05
2.93325e-05
3.59978e-05
4.18856e-05
4.69364e-05
5.11984e-05
5.48073e-05
5.79502e-05
6.08453e-05
6.37325e-05
6.68654e-05
7.04685e-05
7.46777e-05
7.95054e-05
8.47685e-05
9.03749e-05
9.6142e-05
0.000101827
0.000107185
0.000112019
0.0001162
0.000119665
0.000122373
0.000124274
0.000125309
0.000125458
0.000124572
0.000122852
0.000120291
0.000116939
0.000112857
0.000108107
0.000102752
9.68515e-05
9.04566e-05
8.36033e-05
7.63158e-05
)
;

boundaryField
{
    inlet
    {
        type            calculated;
        value           nonuniform List<scalar> 0();
    }
    outlet
    {
        type            calculated;
        value           nonuniform List<scalar> 0();
    }
    wall
    {
        type            calculated;
        value           uniform 0;
    }
    obstacle
    {
        type            calculated;
        value           nonuniform List<scalar> 0();
    }
    frontAndBack
    {
        type            empty;
        value           nonuniform List<scalar> 0();
    }
    procBoundary2to1
    {
        type            processor;
        value           nonuniform List<scalar> 
30
(
-0.000345546
-0.000764528
-0.000906361
-0.000976138
-0.00101595
-0.000993843
-0.000976157
-0.00104314
-0.00110687
-0.0010596
-0.0008976
-0.000657488
-0.00038821
-0.00014297
0.000115044
0.000302392
0.00032713
0.000196621
-3.43724e-05
-0.000299018
-0.000565202
-0.000838921
-0.00106536
-0.00114846
-0.00109864
-0.00106255
-0.00108148
-0.00103815
-0.000904312
-0.000530307
)
;
    }
    procBoundary2to3
    {
        type            processor;
        value           nonuniform List<scalar> 
31
(
4.03655e-05
0.000138352
0.000317865
0.000529313
0.000648878
0.000718679
0.000739991
0.000738113
0.000739486
0.000754389
0.000774191
0.00080113
0.000826049
0.000815483
0.000773974
8.04717e-05
0.000766576
0.000707026
0.000666459
0.000669112
0.000724005
0.000831486
0.000977236
0.00110399
0.00113381
0.00105886
0.000873712
0.000535305
0.000302181
0.000144905
6.86018e-05
)
;
    }
}


// ************************************************************************* //
