/*--------------------------------*- C++ -*----------------------------------*\
| =========                 |                                                 |
| \\      /  F ield         | OpenFOAM: The Open Source CFD Toolbox           |
|  \\    /   O peration     | Version:  2312                                  |
|   \\  /    A nd           | Website:  www.openfoam.com                      |
|    \\/     M anipulation  |                                                 |
\*---------------------------------------------------------------------------*/
FoamFile
{
    version     2.0;
    format      ascii;
    arch        "LSB;label=32;scalar=64";
    class       surfaceScalarField;
    location    "164000";
    object      phi;
}
// * * * * * * * * * * * * * * * * * * * * * * * * * * * * * * * * * * * * * //

dimensions      [0 3 -1 0 0 0 0];

oriented        oriented;

internalField   nonuniform List<scalar> 
5250
(
0.000335273
7.21309e-06
0.000326597
8.67637e-06
0.000316502
1.00942e-05
0.000305186
1.13168e-05
0.00029314
1.20455e-05
0.000280889
1.22513e-05
0.00026883
1.20583e-05
0.000257216
1.16141e-05
0.000246191
1.10251e-05
0.00023584
1.03508e-05
0.000226214
9.62628e-06
0.000217336
8.8784e-06
0.00020921
8.12593e-06
0.000201829
7.38074e-06
0.000195174
6.6553e-06
0.000189213
5.96063e-06
0.000183906
5.3075e-06
0.000179196
4.70966e-06
0.000175023
4.17327e-06
0.000171321
3.70194e-06
0.000168006
3.3145e-06
0.000164971
3.03518e-06
0.000162093
2.87764e-06
0.000159236
2.85727e-06
0.000156255
2.98167e-06
0.000152987
3.26789e-06
0.000149254
3.73245e-06
0.000144847
4.40745e-06
0.000139546
5.30111e-06
0.000133399
6.14688e-06
0.00012671
6.68836e-06
0.000120019
6.69168e-06
0.000113949
6.06923e-06
0.000109085
4.86472e-06
0.000105839
3.24597e-06
0.000104438
1.40103e-06
0.000104894
-4.56086e-07
0.000106907
-2.0129e-06
0.00011033
-3.42307e-06
0.000114912
-4.58249e-06
0.000120579
-5.66644e-06
0.000126884
-6.30515e-06
0.000133358
-6.47413e-06
0.000139515
-6.15726e-06
0.000144878
-5.36246e-06
0.000149187
-4.30929e-06
0.000152614
-3.42679e-06
0.000155581
-2.96728e-06
0.000158306
-2.72467e-06
0.000160667
-2.36097e-06
0.000162465
-1.79846e-06
0.000163546
-1.08062e-06
0.000163647
-1.01093e-07
0.000162344
1.3028e-06
0.000159202
3.1425e-06
0.000153952
5.24953e-06
0.000146534
7.41791e-06
0.000137041
9.49332e-06
0.00012565
1.13913e-05
0.00011275
1.29001e-05
9.86943e-05
1.40553e-05
8.36276e-05
1.50667e-05
6.79144e-05
1.57132e-05
5.19546e-05
1.59598e-05
3.6131e-05
1.58236e-05
2.07834e-05
1.53476e-05
6.18011e-06
1.46033e-05
-7.49416e-06
1.36743e-05
-1.99832e-05
1.2489e-05
-3.10104e-05
1.10272e-05
-4.03928e-05
9.38242e-06
-4.80098e-05
7.61705e-06
-5.37942e-05
5.78436e-06
-5.77263e-05
3.93211e-06
-5.98257e-05
2.09946e-06
-6.0115e-05
2.89222e-07
-5.88975e-05
-1.2175e-06
-5.62688e-05
-2.62868e-06
-5.23714e-05
-3.89737e-06
-4.73808e-05
-4.99066e-06
-4.14897e-05
-5.89102e-06
-3.48996e-05
-6.59016e-06
-2.78131e-05
-7.08652e-06
-2.04275e-05
-7.3856e-06
-1.29281e-05
-7.49937e-06
-5.48273e-06
-7.44535e-06
1.76167e-06
-7.2444e-06
8.68518e-06
-6.92351e-06
1.51879e-05
-6.50275e-06
-6.00039e-06
0.000765596
2.30845e-05
0.000749426
2.48462e-05
0.000733549
2.59709e-05
0.000718051
2.68154e-05
0.000702766
2.73308e-05
0.000687568
2.74489e-05
0.000672476
2.71499e-05
0.000657612
2.64779e-05
0.000643129
2.55088e-05
0.000629166
2.43136e-05
0.000615847
2.29449e-05
0.000603282
2.14439e-05
0.000591562
1.98462e-05
0.000580759
1.8183e-05
0.000570928
1.64866e-05
0.000562101
1.47874e-05
0.000554293
1.31157e-05
0.000547502
1.15009e-05
0.000541724
9.95154e-06
0.000536949
8.47609e-06
0.000533163
7.10064e-06
0.000530355
5.84304e-06
0.000528509
4.72398e-06
0.000527606
3.76007e-06
0.000527635
2.95344e-06
0.000528596
2.30661e-06
0.000530512
1.81632e-06
0.00053345
1.46911e-06
0.000537533
1.21792e-06
0.000542664
1.0164e-06
0.000548504
8.48175e-07
0.000554572
6.24133e-07
0.000560314
3.27376e-07
0.000565191
-1.2446e-08
0.000568969
-5.32635e-07
0.000571288
-9.17258e-07
0.000571922
-1.09046e-06
0.000570839
-9.29586e-07
0.000567721
-3.05066e-07
0.000562543
5.9486e-07
0.000554931
1.9458e-06
0.000544596
4.02979e-06
0.000531496
6.62611e-06
0.000515766
9.57254e-06
0.00049764
1.27639e-05
0.000477472
1.5858e-05
0.00045572
1.83253e-05
0.0004329
1.9853e-05
0.000409511
2.0664e-05
0.000386024
2.11267e-05
0.000362969
2.12564e-05
0.000341266
2.06223e-05
0.00032078
2.0385e-05
0.000301502
2.05804e-05
0.000283541
2.11037e-05
0.000267099
2.16911e-05
0.000252429
2.2088e-05
0.000239521
2.24018e-05
0.000227815
2.30969e-05
0.000216198
2.45171e-05
0.000203445
2.68081e-05
0.00018942
2.90923e-05
0.000174441
3.06923e-05
0.000158754
3.16467e-05
0.000142724
3.18535e-05
0.000126822
3.12494e-05
0.000111569
2.98559e-05
9.74791e-05
2.77645e-05
8.48909e-05
2.50772e-05
7.40227e-05
2.18954e-05
6.50438e-05
1.83613e-05
5.8042e-05
1.46188e-05
5.30302e-05
1.07961e-05
4.99448e-05
7.01749e-06
4.86645e-05
3.37975e-06
4.90121e-05
-5.83907e-08
5.10079e-05
-3.21329e-06
5.4395e-05
-6.01573e-06
5.89479e-05
-8.45036e-06
6.44472e-05
-1.04899e-05
7.06757e-05
-1.21195e-05
7.74038e-05
-1.33182e-05
8.43976e-05
-1.40803e-05
9.14407e-05
-1.44287e-05
9.83375e-05
-1.43962e-05
0.000104921
-1.40288e-05
0.000111061
-1.33846e-05
0.000116667
-1.25294e-05
0.000121688
-1.15237e-05
-1.04126e-05
0.000924948
3.58666e-05
0.000911855
3.79386e-05
0.000898357
3.94693e-05
0.000884686
4.04858e-05
0.000870959
4.10586e-05
0.000857186
4.12218e-05
0.000843355
4.09806e-05
0.000829499
4.03345e-05
0.000815704
3.93033e-05
0.000802091
3.79271e-05
0.000788784
3.62513e-05
0.000775909
3.43195e-05
0.000763583
3.21715e-05
0.000751921
2.9845e-05
0.00074103
2.7378e-05
0.000731009
2.48085e-05
0.000721952
2.21722e-05
0.000713952
1.95011e-05
0.000707079
1.68242e-05
0.000701381
1.41742e-05
0.000696899
1.15832e-05
0.000693669
9.07247e-06
0.000691721
6.67229e-06
0.000691038
4.44335e-06
0.000691596
2.39553e-06
0.000693351
5.50975e-07
0.00069635
-1.18205e-06
0.000700533
-2.7141e-06
0.000705759
-4.00835e-06
0.000711918
-5.14246e-06
0.00071894
-6.1735e-06
0.000726684
-7.1204e-06
0.000735011
-7.99927e-06
0.000743788
-8.7898e-06
0.00075269
-9.43421e-06
0.000761605
-9.83204e-06
0.000770405
-9.89086e-06
0.000778993
-9.5172e-06
0.00078732
-8.6327e-06
0.000795102
-7.18691e-06
0.000802187
-5.13883e-06
0.000808671
-2.45475e-06
0.000814343
9.54035e-07
0.000819084
4.83212e-06
0.000822618
9.22913e-06
0.000824495
1.39817e-05
0.000823895
1.89246e-05
0.000819821
2.39276e-05
0.000811521
2.89641e-05
0.000798666
3.39813e-05
0.000780941
3.89812e-05
0.000757198
4.43656e-05
0.000728096
4.94868e-05
0.000694765
5.39115e-05
0.0006583
5.75688e-05
0.000619874
6.01168e-05
0.000580663
6.12989e-05
0.000541746
6.13195e-05
0.000504103
6.07399e-05
0.000468767
5.98531e-05
0.000437321
5.82543e-05
0.000409908
5.65051e-05
0.000385929
5.46709e-05
0.000365068
5.25075e-05
0.000347037
4.98847e-05
0.000331499
4.67879e-05
0.000317991
4.33635e-05
0.000305943
3.98133e-05
0.000295171
3.58489e-05
0.000285692
3.1374e-05
0.000277507
2.65467e-05
0.000270648
2.14775e-05
0.000265176
1.62688e-05
0.000261172
1.10209e-05
0.000258724
5.82834e-06
0.000257948
7.17262e-07
0.000258361
-3.6266e-06
0.000260037
-7.69099e-06
0.000262866
-1.12802e-05
0.000266671
-1.42946e-05
0.000271226
-1.66745e-05
0.0002763
-1.8392e-05
0.000281663
-1.94431e-05
0.00028708
-1.98465e-05
0.00029233
-1.96453e-05
0.000297208
-1.89075e-05
0.000301544
-1.77203e-05
0.000305196
-1.61818e-05
0.000308064
-1.43918e-05
-1.24393e-05
0.00101282
4.96411e-05
0.000998802
5.19565e-05
0.000984391
5.38807e-05
0.000969614
5.52625e-05
0.000954566
5.61071e-05
0.000939352
5.64358e-05
0.000924077
5.62558e-05
0.000908841
5.55696e-05
0.000893754
5.43906e-05
0.000878934
5.27475e-05
0.000864505
5.06804e-05
0.000850588
4.82365e-05
0.000837293
4.54661e-05
0.000824721
4.24169e-05
0.000812966
3.91336e-05
0.000802116
3.56584e-05
0.000792253
3.20352e-05
0.000783444
2.83099e-05
0.000775742
2.45263e-05
0.000769187
2.07289e-05
0.000763808
1.69618e-05
0.000759614
1.32665e-05
0.000756603
9.68367e-06
0.0007548
6.24682e-06
0.000754219
2.97602e-06
0.000754902
-1.32392e-07
0.000756863
-3.14264e-06
0.00076008
-5.93096e-06
0.000764598
-8.52645e-06
0.00077041
-1.09542e-05
0.000777455
-1.32187e-05
0.000785631
-1.52967e-05
0.000794797
-1.7165e-05
0.000804792
-1.8785e-05
0.000815454
-2.00957e-05
0.000826648
-2.10264e-05
0.000838261
-2.15044e-05
0.000850204
-2.14593e-05
0.000862403
-2.08325e-05
0.000874798
-1.95814e-05
0.000887322
-1.76628e-05
0.000899902
-1.50349e-05
0.000912559
-1.17026e-05
0.000925098
-7.70711e-06
0.000937469
-3.14176e-06
0.000949424
2.02614e-06
0.000960602
7.74658e-06
0.000970666
1.3864e-05
0.000979257
2.03732e-05
0.000985981
2.72569e-05
0.000990459
3.45032e-05
0.000992783
4.20415e-05
0.000992661
4.96095e-05
0.000989816
5.67562e-05
0.00098359
6.37947e-05
0.000973139
7.05683e-05
0.00095771
7.67279e-05
0.000936916
8.21134e-05
0.000911052
8.66035e-05
0.000880753
9.01522e-05
0.000846204
9.28037e-05
0.000808594
9.41148e-05
0.000769495
9.377e-05
0.000730208
9.17943e-05
0.000691838
8.82548e-05
0.000655279
8.33471e-05
0.000621304
7.73376e-05
0.000590626
7.04916e-05
0.000563476
6.2999e-05
0.000539826
5.50244e-05
0.000519529
4.68435e-05
0.000502365
3.86413e-05
0.000488129
3.05053e-05
0.00047661
2.25394e-05
0.000467597
1.48417e-05
0.000460813
7.50123e-06
0.000456531
6.55079e-07
0.000454105
-5.26456e-06
0.000453319
-1.04949e-05
0.000453944
-1.49188e-05
0.000455799
-1.85298e-05
0.000458725
-2.13181e-05
0.000462564
-2.32822e-05
0.000467149
-2.44316e-05
0.000472309
-2.48047e-05
0.000477873
-2.44717e-05
0.000483671
-2.35185e-05
0.000489517
-2.20278e-05
0.000495193
-2.00681e-05
-1.77129e-05
0.00105781
6.14684e-05
0.0010453
6.44663e-05
0.00103216
6.7027e-05
0.00101832
6.91026e-05
0.0010038
7.06193e-05
0.000988718
7.15215e-05
0.000973205
7.17695e-05
0.000957431
7.13435e-05
0.00094156
7.02619e-05
0.000925728
6.85794e-05
0.000910064
6.63446e-05
0.000894701
6.35992e-05
0.000879776
6.0391e-05
0.000865419
5.6774e-05
0.000851746
5.28065e-05
0.000838855
4.85494e-05
0.000826822
4.40684e-05
0.0008157
3.94321e-05
0.000805519
3.47069e-05
0.000796298
2.99501e-05
0.000788054
2.52055e-05
0.000780817
2.05039e-05
0.000774634
1.58663e-05
0.000769575
1.13062e-05
0.000765721
6.82947e-06
0.000763151
2.43728e-06
0.000762065
-2.05606e-06
0.000762637
-6.50346e-06
0.000764949
-1.08382e-05
0.000769021
-1.50264e-05
0.000774799
-1.89964e-05
0.000782187
-2.26842e-05
0.000791099
-2.60776e-05
0.00080143
-2.91154e-05
0.000813048
-3.1714e-05
0.000825814
-3.3793e-05
0.000839599
-3.52888e-05
0.000854285
-3.61458e-05
0.000869773
-3.63202e-05
0.000885975
-3.57829e-05
0.000902813
-3.45016e-05
0.000920217
-3.24384e-05
0.0009381
-2.95861e-05
0.000956362
-2.59685e-05
0.000974822
-2.16017e-05
0.000993319
-1.64713e-05
0.0010116
-1.05353e-05
0.0010293
-3.83047e-06
0.00104631
3.35571e-06
0.00106243
1.11445e-05
0.00107745
1.94745e-05
0.00109122
2.82793e-05
0.00110345
3.73775e-05
0.00111359
4.6617e-05
0.00112146
5.59171e-05
0.00112689
6.51442e-05
0.00112951
7.4108e-05
0.00112906
8.25591e-05
0.00112542
9.02512e-05
0.00111852
9.70459e-05
0.00110866
0.000102668
0.00109591
0.000106862
0.00108004
0.000109643
0.00106086
0.000110974
0.00103834
0.000110771
0.00101269
0.000108996
0.000984373
0.000105657
0.000954035
0.00010083
0.000922406
9.46274e-05
0.000890234
8.71963e-05
0.000858349
7.87286e-05
0.000827542
6.94483e-05
0.000798447
5.96005e-05
0.000771532
4.94545e-05
0.000747075
3.92986e-05
0.000725151
2.94258e-05
0.000705708
2.00974e-05
0.000688913
1.15304e-05
0.00067455
3.86812e-06
0.000662657
-3.02557e-06
0.000653062
-8.93447e-06
0.000645524
-1.378e-05
0.000639793
-1.75513e-05
0.000635621
-2.02598e-05
0.00063276
-2.19438e-05
0.00063098
-2.26914e-05
0.000630087
-2.26258e-05
0.00062992
-2.18611e-05
0.000630344
-2.0492e-05
-1.86079e-05
0.00103399
7.26673e-05
0.00102228
7.61716e-05
0.00101009
7.92146e-05
0.000997479
8.17159e-05
0.000984481
8.36169e-05
0.000971116
8.48864e-05
0.000957373
8.55132e-05
0.000943235
8.54813e-05
0.000928727
8.47693e-05
0.00091393
8.33765e-05
0.000898949
8.13258e-05
0.00088389
7.86584e-05
0.000868848
7.54334e-05
0.0008539
7.17211e-05
0.000839113
6.75941e-05
0.000824548
6.31142e-05
0.000810286
5.83309e-05
0.000796433
5.32848e-05
0.000783132
4.80073e-05
0.000770565
4.2518e-05
0.000758951
3.68189e-05
0.000748559
3.08964e-05
0.000739694
2.47313e-05
0.000732691
1.83083e-05
0.0007279
1.16204e-05
0.000725657
4.68052e-06
0.000725868
-2.26714e-06
0.00072851
-9.1451e-06
0.000733575
-1.59033e-05
0.000740926
-2.23776e-05
0.000750269
-2.8339e-05
0.000761297
-3.3712e-05
0.000773709
-3.849e-05
0.000787234
-4.26408e-05
0.000801642
-4.61214e-05
0.000816783
-4.89346e-05
0.00083259
-5.10951e-05
0.000849045
-5.2601e-05
0.000866168
-5.34435e-05
0.000883998
-5.36127e-05
0.000902581
-5.30852e-05
0.000921964
-5.18213e-05
0.000942165
-4.97871e-05
0.000963147
-4.69497e-05
0.000984807
-4.32623e-05
0.00100701
-3.8676e-05
0.00102965
-3.31712e-05
0.00105257
-2.67557e-05
0.00107538
-1.94468e-05
0.00109779
-1.12686e-05
0.0011196
-2.33227e-06
0.00114003
7.84563e-06
0.00115891
1.84931e-05
0.00117595
2.95819e-05
0.00119092
4.09465e-05
0.0012037
5.23637e-05
0.00121423
6.35742e-05
0.00122249
7.43031e-05
0.00122835
8.43896e-05
0.00123172
9.36735e-05
0.00123244
0.000101953
0.00123024
0.00010906
0.00122506
0.000114823
0.00121695
0.00011908
0.00120601
0.000121716
0.00119235
0.000122658
0.00117614
0.000121869
0.00115759
0.000119372
0.00113698
0.000115244
0.00111456
0.000109617
0.00109062
0.000102669
0.00106545
9.461e-05
0.00103939
8.56659e-05
0.00101277
7.60725e-05
0.000985997
6.60732e-05
0.000959499
5.59238e-05
0.000933716
4.58799e-05
0.000909077
3.61693e-05
0.000885949
2.69958e-05
0.000864376
1.8548e-05
0.000844458
1.09832e-05
0.000826247
4.43144e-06
0.000809814
-1.1182e-06
0.000795194
-5.64011e-06
0.000782249
-8.99928e-06
0.000770879
-1.1321e-05
0.000760979
-1.27258e-05
0.000752446
-1.3328e-05
0.000745167
-1.32135e-05
-1.2438e-05
0.00104142
9.34806e-05
0.00101994
9.76521e-05
0.000998162
0.00010099
0.000976423
0.000103456
0.000955009
0.000105031
0.000934195
0.0001057
0.000914216
0.000105492
0.000895179
0.000104519
0.000877008
0.00010294
0.000859505
0.00010088
0.000842459
9.8372e-05
0.000825732
9.53858e-05
0.000809257
9.19077e-05
0.000793069
8.79092e-05
0.000777287
8.33762e-05
0.000762072
7.83291e-05
0.000747601
7.28025e-05
0.000734075
6.68102e-05
0.000721756
6.03271e-05
0.000710978
5.32956e-05
0.000702141
4.56562e-05
0.000695641
3.73958e-05
0.000691765
2.86075e-05
0.000690605
1.94689e-05
0.000692019
1.02064e-05
0.000695719
9.80203e-07
0.000701902
-8.44984e-06
0.000710028
-1.72717e-05
0.000719342
-2.52167e-05
0.000729239
-3.22747e-05
0.000739254
-3.8354e-05
0.000749072
-4.35304e-05
0.000758553
-4.79708e-05
0.00076778
-5.1868e-05
0.000776811
-5.51523e-05
0.000785764
-5.78875e-05
0.000794942
-6.0273e-05
0.000804767
-6.24262e-05
0.000815709
-6.43853e-05
0.000828209
-6.61126e-05
0.000842633
-6.75097e-05
0.000859249
-6.8437e-05
0.000878201
-6.8739e-05
0.000899511
-6.82596e-05
0.000923104
-6.6855e-05
0.000948825
-6.43978e-05
0.000976434
-6.07798e-05
0.00100558
-5.5901e-05
0.00103582
-4.96876e-05
0.00106666
-4.2108e-05
0.00109753
-3.32018e-05
0.00112842
-2.30474e-05
0.00115874
-1.18232e-05
0.00118782
4.95583e-07
0.00121479
1.39815e-05
0.00123931
2.78393e-05
0.00126095
4.19365e-05
0.00127927
5.5982e-05
0.00129396
6.97015e-05
0.00130481
8.28205e-05
0.00131172
9.50511e-05
0.00131467
0.000106107
0.00131379
0.000115707
0.00130925
0.000123614
0.0013013
0.000129669
0.00129017
0.000133781
0.00127614
0.000135904
0.00125947
0.00013604
0.00124047
0.000134243
0.00121947
0.000130618
0.00119682
0.000125323
0.00117288
0.000118553
0.00114801
0.000110528
0.00112258
0.000101506
0.00109688
9.17782e-05
0.00107117
8.16314e-05
0.0010457
7.13465e-05
0.00102067
6.1198e-05
0.000996244
5.14248e-05
0.000972592
4.22e-05
0.000949914
3.36606e-05
0.000928398
2.59483e-05
0.000908084
1.91953e-05
0.000888979
1.34649e-05
0.000871227
8.75245e-06
0.000854898
5.008e-06
0.000839977
2.19507e-06
0.000826349
3.00535e-07
0.000813899
-7.63822e-07
-9.48795e-07
0.00113641
0.000120268
0.00110669
0.000127366
0.00107474
0.000132938
0.00104129
0.000136906
0.00100708
0.000139241
0.000972774
0.00014001
0.000938945
0.000139321
0.00090614
0.000137324
0.000874908
0.000134171
0.000845757
0.00013003
0.000819044
0.000125085
0.000794914
0.000119515
0.000773328
0.000113494
0.000754058
0.000107179
0.000736791
0.000100643
0.000721316
9.38049e-05
0.000707658
8.64597e-05
0.000696061
7.84075e-05
0.0006868
6.95885e-05
0.000680034
6.00615e-05
0.000675793
4.98963e-05
0.000673981
3.9208e-05
0.000674413
2.81758e-05
0.000676804
1.70779e-05
0.000680864
6.14633e-06
0.000686062
-4.21745e-06
0.000691679
-1.40668e-05
0.000696913
-2.25059e-05
0.000700293
-2.85965e-05
0.000700213
-3.21946e-05
0.000695869
-3.40107e-05
0.000687559
-3.52199e-05
0.000676398
-3.68103e-05
0.000663819
-3.9289e-05
0.000651448
-4.27811e-05
0.000640784
-4.72237e-05
0.000632985
-5.24739e-05
0.000628897
-5.83383e-05
0.000629087
-6.45746e-05
0.000633882
-7.09078e-05
0.000643418
-7.7046e-05
0.000657682
-8.27013e-05
0.00067655
-8.76063e-05
0.000699809
-9.15193e-05
0.000727181
-9.42266e-05
0.000758317
-9.55335e-05
0.00079281
-9.5273e-05
0.000830205
-9.32963e-05
0.000870003
-8.94859e-05
0.000911656
-8.37604e-05
0.00095454
-7.60863e-05
0.000997986
-6.64932e-05
0.00104125
-5.50829e-05
0.00108377
-4.20237e-05
0.00112531
-2.75589e-05
0.00116508
-1.19349e-05
0.00120238
4.63271e-06
0.00123663
2.17349e-05
0.0012673
3.90366e-05
0.00129391
5.62048e-05
0.00131609
7.28722e-05
0.00133349
8.87037e-05
0.00134585
0.000103352
0.00135296
0.0001165
0.00135476
0.000127869
0.00135131
0.000137229
0.00134282
0.000144396
0.00132962
0.000149242
0.00131217
0.00015169
0.00129104
0.000151745
0.00126687
0.000149497
0.00124032
0.0001451
0.00121208
0.000138769
0.00118277
0.000130814
0.00115298
0.000121568
0.00112325
0.000111361
0.00109403
0.000100569
0.00106565
8.95771e-05
0.00103839
7.86866e-05
0.00101244
6.81465e-05
0.000987868
5.82372e-05
0.000964621
4.91952e-05
0.000942724
4.10918e-05
0.000922283
3.39059e-05
0.000903351
2.76851e-05
0.000885794
2.25652e-05
0.000869328
1.86609e-05
0.000853659
1.59692e-05
0.000838522
1.43733e-05
1.37136e-05
0.00119135
0.000136606
0.00117028
0.000148433
0.00114471
0.000158506
0.00111507
0.00016655
0.00108196
0.000172346
0.00104629
0.000175687
0.00100914
0.000176463
0.00097166
0.000174809
0.000934714
0.000171118
0.000898949
0.000165795
0.000864822
0.000159213
0.000832621
0.000151717
0.000802622
0.000143493
0.000775269
0.000134533
0.000751175
0.000124736
0.000730902
0.000114078
0.000714589
0.000102773
0.000701765
9.12318e-05
0.000691617
7.97359e-05
0.000683585
6.80937e-05
0.000677722
5.57591e-05
0.000674465
4.24651e-05
0.000673715
2.89261e-05
0.000673843
1.69498e-05
0.000671498
8.49145e-06
0.000663073
4.2081e-06
0.000645929
3.07652e-06
0.000619911
3.512e-06
0.000586932
4.38244e-06
0.000549814
4.92349e-06
0.000511438
4.36511e-06
0.000474479
1.73948e-06
0.000441042
-3.37351e-06
0.000412923
-1.11698e-05
0.00039131
-2.11682e-05
0.000376706
-3.26195e-05
0.000369106
-4.48734e-05
0.000368168
-5.74011e-05
0.00037337
-6.97762e-05
0.000384134
-8.16714e-05
0.000399913
-9.28256e-05
0.000420243
-0.000103031
0.000444746
-0.000112109
0.000473125
-0.000119899
0.000505144
-0.000126245
0.000540598
-0.000130987
0.000579285
-0.00013396
0.000620971
-0.000134983
0.000665369
-0.000133884
0.000712116
-0.000130507
0.000760781
-0.000124751
0.000810848
-0.00011656
0.000861739
-0.000105974
0.00091284
-9.31245e-05
0.00096351
-7.82283e-05
0.00101317
-6.15908e-05
0.00106132
-4.35232e-05
0.00110745
-2.43946e-05
0.00115101
-4.51886e-06
0.0011912
1.6014e-05
0.00122764
3.64322e-05
0.00125983
5.65119e-05
0.00128731
7.58685e-05
0.00130965
9.41587e-05
0.00132649
0.000111031
0.00133756
0.000126163
0.00134269
0.000139263
0.00134187
0.000150066
0.00133519
0.000158364
0.00132291
0.000164032
0.00130541
0.000166993
0.00128328
0.000167228
0.00125721
0.000164844
0.00122798
0.000160042
0.00119651
0.000153033
0.00116372
0.000144152
0.00113041
0.000133878
0.00109736
0.000122632
0.00106528
0.000110763
0.00103466
9.877e-05
0.0010057
8.71929e-05
0.000978622
7.62764e-05
0.000953652
6.6062e-05
0.000930758
5.67993e-05
0.000909485
4.89582e-05
0.000889252
4.27982e-05
0.00086979
3.81234e-05
0.000851237
3.4522e-05
0.000833882
3.17286e-05
2.97123e-05
0.00112271
0.00013624
0.00111814
0.00015301
0.00110847
0.000168169
0.00109385
0.000181176
0.00107454
0.00019165
0.00105089
0.000199339
0.00102326
0.00020409
0.000992231
0.000205841
0.000958752
0.000204596
0.000924098
0.000200449
0.000889646
0.000193665
0.000856752
0.00018461
0.000826561
0.000173684
0.00079963
0.000161464
0.000775669
0.000148697
0.000753741
0.000136006
0.000733019
0.000123495
0.000713569
0.000110682
0.00069635
9.69549e-05
0.00068214
8.23032e-05
0.000670021
6.78787e-05
0.000656609
5.58767e-05
0.000637113
4.84218e-05
0.000607721
4.63421e-05
0.000567168
4.90451e-05
0.00051662
5.47551e-05
0.000459443
6.02537e-05
0.00040027
6.26855e-05
0.000343966
6.06866e-05
0.000294578
5.43112e-05
0.000254571
4.43726e-05
0.000224664
3.16461e-05
0.000204506
1.67843e-05
0.000193057
2.78853e-07
0.000188281
-1.63913e-05
0.000189353
-3.36922e-05
0.000195391
-5.09112e-05
0.000205662
-6.76724e-05
0.000219569
-8.36826e-05
0.000236625
-9.8728e-05
0.000256457
-0.000112657
0.000278806
-0.000125381
0.000303537
-0.000136839
0.000330638
-0.000147
0.000360199
-0.000155807
0.000392391
-0.000163179
0.000427395
-0.000168963
0.000465361
-0.000172949
0.000506342
-0.000174864
0.000550245
-0.00017441
0.000596797
-0.000171304
0.000645591
-0.000165354
0.000696076
-0.00015646
0.00074765
-0.000144699
0.00079969
-0.000130268
0.000851578
-0.000113479
0.0009027
-9.46449e-05
0.000952563
-7.42576e-05
0.00100067
-5.26216e-05
0.00104692
-3.02433e-05
0.00109073
-7.37349e-06
0.00113131
1.59258e-05
0.00116838
3.88045e-05
0.00120145
6.10901e-05
0.00123007
8.24101e-05
0.0012538
0.00010243
0.00127226
0.000120803
0.00128513
0.000137198
0.00129216
0.000151329
0.00129327
0.000162931
0.00128849
0.000171764
0.00127802
0.000177707
0.00126212
0.000180739
0.00124133
0.000180831
0.00121631
0.000178054
0.00118774
0.000172718
0.00115648
0.000165141
0.00112359
0.000155522
0.00109002
0.00014433
0.00105646
0.000132333
0.00102367
0.000119981
0.00099257
0.000107379
0.000963576
9.50559e-05
0.000936336
8.40391e-05
0.000910421
7.48729e-05
0.000886135
6.70847e-05
0.000864327
5.99306e-05
0.000845501
5.33486e-05
0.000829284
4.7945e-05
4.421e-05
0.00095826
0.000123913
0.000966506
0.000144764
0.000970448
0.000164227
0.000969996
0.000181628
0.000965219
0.000196427
0.000956336
0.000208223
0.000943738
0.000216688
0.000927988
0.000221591
0.000909634
0.000222951
0.000888989
0.000221094
0.000866153
0.000216501
0.000841182
0.000209581
0.000814101
0.000200765
0.00078518
0.000190384
0.000755413
0.000178464
0.000726647
0.000164772
0.000700904
0.000149238
0.000678979
0.000132607
0.000658978
0.000116956
0.000636066
0.000105215
0.000604189
9.97554e-05
0.000558744
0.000101322
0.000498923
0.000108242
0.000428724
0.000116541
0.000355257
0.000122512
0.000286152
0.00012386
0.000226557
0.000119849
0.000178516
0.000110726
0.000141988
9.72147e-05
0.000116077
8.02219e-05
9.97698e-05
6.06797e-05
9.201e-05
3.94059e-05
9.17567e-05
1.70376e-05
9.72793e-05
-5.24371e-06
0.000107547
-2.66591e-05
0.000121596
-4.77411e-05
0.000138606
-6.79209e-05
0.000157788
-8.68544e-05
0.00017842
-0.000104315
0.000199869
-0.000120177
0.000221628
-0.000134416
0.000243344
-0.000147097
0.000264865
-0.000158361
0.000286269
-0.000168404
0.000307887
-0.000177425
0.000330287
-0.000185579
0.000354223
-0.0001929
0.00038052
-0.000199245
0.000409927
-0.000204272
0.000442983
-0.000207465
0.000479897
-0.000208219
0.000520503
-0.000205959
0.000564319
-0.000200276
0.000610638
-0.000191018
0.000658611
-0.000178241
0.000707438
-0.000162306
0.000756434
-0.000143641
0.000804935
-0.000122758
0.00085251
-0.000100197
0.000898697
-7.64306e-05
0.000943194
-5.187e-05
0.000986006
-2.68866e-05
0.00102669
-1.87899e-06
0.00106445
2.33298e-05
0.00109911
4.77528e-05
0.00113025
7.1284e-05
0.00115746
9.3599e-05
0.00118028
0.000114376
0.00119833
0.000133281
0.00121128
0.000149974
0.00121888
0.00016417
0.00122093
0.000175654
0.00121748
0.000184196
0.0012087
0.00018961
0.00119481
0.000191938
0.00117623
0.000191306
0.00115367
0.000187695
0.0011279
0.000181299
0.00109944
0.000172786
0.00106912
0.000162648
0.00103821
0.000150898
0.00100759
0.000138001
0.000977371
0.000125271
0.000947851
0.000113558
0.00092039
0.000102334
0.000896602
9.0873e-05
0.000876721
7.9812e-05
0.000859325
7.07439e-05
0.000842813
6.44578e-05
6.01486e-05
0.000750124
0.000106272
0.000765115
0.000129773
0.000777297
0.000152044
0.000786448
0.000172478
0.000792271
0.000190604
0.000794451
0.000206043
0.000792661
0.000218478
0.000786603
0.000227648
0.000776164
0.00023339
0.000761579
0.000235679
0.000743487
0.000234593
0.000722853
0.000230215
0.000701063
0.000222555
0.000679772
0.000211675
0.00066011
0.000198127
0.000641362
0.000183519
0.000620175
0.000170426
0.000591152
0.00016163
0.000549028
0.000159079
0.000491392
0.000162851
0.00042048
0.000170667
0.000343044
0.000178758
0.000267661
0.000183626
0.000201025
0.000183177
0.000146753
0.000176784
0.000105842
0.000164772
7.77865e-05
0.000147904
6.13781e-05
0.000127135
5.51363e-05
0.000103456
5.75354e-05
7.78229e-05
6.71315e-05
5.10835e-05
8.25927e-05
2.39447e-05
0.000102254
-2.6235e-06
0.000125066
-2.80555e-05
0.000150912
-5.25051e-05
0.000178604
-7.54337e-05
0.000207203
-9.65194e-05
0.000235862
-0.000115514
0.000263787
-0.00013224
0.000290214
-0.000146605
0.000314418
-0.000158619
0.000335741
-0.00016842
0.000353671
-0.00017629
0.000367932
-0.000182664
0.000378624
-0.000188117
0.000386344
-0.000193299
0.000392259
-0.000198815
0.000398046
-0.000205032
0.000405647
-0.000211873
0.000416914
-0.000218732
0.000433249
-0.000224553
0.000455368
-0.000228078
0.000483262
-0.00022817
0.000516269
-0.000224025
0.000553377
-0.000215349
0.000593388
-0.000202317
0.000635179
-0.000185432
0.000677824
-0.000165403
0.000720607
-0.00014298
0.000762995
-0.000118819
0.00080463
-9.35057e-05
0.000845262
-6.75183e-05
0.000884495
-4.11119e-05
0.000922571
-1.47461e-05
0.000958627
1.16967e-05
0.000992444
3.74672e-05
0.00102364
6.23996e-05
0.00105183
8.61912e-05
0.0010766
0.000108505
0.00109757
0.000129003
0.00111437
0.00014737
0.00112676
0.000163273
0.00113456
0.000176395
0.0011376
0.000186567
0.00113582
0.000193713
0.00112947
0.000197657
0.00111885
0.000198321
0.0011041
0.000196046
0.00108568
0.000191208
0.00106459
0.000183736
0.00104168
0.000173808
0.00101714
0.000162537
0.000991506
0.000150908
0.000966476
0.000138588
0.00094375
0.000125061
0.000923093
0.000111529
0.000902608
0.000100298
0.000881171
9.21809e-05
0.00086009
8.55383e-05
7.81978e-05
0.000506668
8.94488e-05
0.000522056
0.000114384
0.000535865
0.000138236
0.000547858
0.000160484
0.000557742
0.000180719
0.000565354
0.000198431
0.000570705
0.000213127
0.000573937
0.000224417
0.000575275
0.000232052
0.000575007
0.000235947
0.000573383
0.000236217
0.000570321
0.000233278
0.000564874
0.000228001
0.000554732
0.000221817
0.000536244
0.000216615
0.000505445
0.000214318
0.00045974
0.000216131
0.000399669
0.000221701
0.000329776
0.000228972
0.000257565
0.000235063
0.000190786
0.000237446
0.000135007
0.000234537
9.28219e-05
0.000225811
6.46028e-05
0.000211396
4.94103e-05
0.000191977
4.57245e-05
0.000168457
5.17673e-05
0.000141862
6.57272e-05
0.000113175
8.59091e-05
8.32746e-05
0.000110734
5.29976e-05
0.000138763
2.30553e-05
0.000168999
-6.29175e-06
0.000200973
-3.45973e-05
0.000234235
-6.13178e-05
0.000268038
-8.63076e-05
0.00030195
-0.000109346
0.000335623
-0.000130193
0.000368713
-0.000148604
0.000400812
-0.000164338
0.000431395
-0.000177188
0.000459782
-0.000187007
0.000485112
-0.000193751
0.000506347
-0.000197525
0.000522315
-0.000198632
0.000531839
-0.000197641
0.00053399
-0.00019545
0.00052852
-0.000193346
0.000516405
-0.000192916
0.000500134
-0.000195603
0.000483374
-0.000201972
0.000470014
-0.000211193
0.000463193
-0.000221257
0.000464663
-0.00022964
0.000474768
-0.00023413
0.000492708
-0.000233289
0.00051702
-0.000226629
0.000546052
-0.000214464
0.000578254
-0.000197605
0.00061235
-0.000177076
0.000647466
-0.000153934
0.000682944
-0.000128984
0.000718408
-0.000102982
0.000753587
-7.62916e-05
0.000788177
-4.93355e-05
0.000822236
-2.23629e-05
0.000855292
4.41197e-06
0.000887029
3.06626e-05
0.0009171
5.612e-05
0.000945114
8.04906e-05
0.000970663
0.000103454
0.000993377
0.000124657
0.00101291
0.000143738
0.00102891
0.000160392
0.00104111
0.000174371
0.00104942
0.000185404
0.00105381
0.000193262
0.00105416
0.000197971
0.00105053
0.000199682
0.00104341
0.000198329
0.00103323
0.000193913
0.00101996
0.000187082
0.00100385
0.000178646
0.000986179
0.000168577
0.000968156
0.000156611
0.000949381
0.000143836
0.000928577
0.000132333
0.000906141
0.000122734
0.000885089
0.000113233
0.000868767
0.000101861
8.91887e-05
0.0002704
6.98886e-05
0.000289661
9.51231e-05
0.000308508
0.000119389
0.000326762
0.000142231
0.000344287
0.000163194
0.000360852
0.000181866
0.000376066
0.000197913
0.00038932
0.000211163
0.000399721
0.000221651
0.000406002
0.000229666
0.000406458
0.00023576
0.000398992
0.000240744
0.000381434
0.000245559
0.000352232
0.000251019
0.000311395
0.000257452
0.000261293
0.000264421
0.000206643
0.000270781
0.000153397
0.000274946
0.000106949
0.000275421
7.10167e-05
0.000270995
4.72838e-05
0.000261179
3.58971e-05
0.000245923
3.59501e-05
0.000225758
4.58376e-05
0.000201508
6.37053e-05
0.000174109
8.76516e-05
0.000144511
0.000115917
0.000113597
0.000146881
8.22104e-05
0.000179254
5.09015e-05
0.000212065
2.01867e-05
0.000244956
-9.83523e-06
0.000277305
-3.86417e-05
0.000308828
-6.61201e-05
0.000339645
-9.21345e-05
0.000369877
-0.000116539
0.000399665
-0.000139134
0.000429129
-0.000159658
0.000458334
-0.000177808
0.000487267
-0.00019327
0.000515827
-0.000205748
0.000543811
-0.000214991
0.00057089
-0.00022083
0.000596557
-0.000223192
0.000620022
-0.000222098
0.000640045
-0.000217663
0.000654709
-0.000210114
0.000661325
-0.000199962
0.0006569
-0.000188491
0.000639605
-0.000178309
0.000610617
-0.000172984
0.000574705
-0.000175281
0.000538596
-0.000185147
0.000508438
-0.000199482
0.000488105
-0.000213797
0.000478941
-0.000224125
0.000480341
-0.000228029
0.000490583
-0.000224706
0.000507574
-0.000214595
0.00052936
-0.000198862
0.000554295
-0.000178869
0.000581245
-0.000155934
0.000609376
-0.000131114
0.000638278
-0.000105193
0.000667654
-7.87119e-05
0.000697315
-5.20239e-05
0.000727107
-2.53804e-05
0.000756768
1.0018e-06
0.000785983
2.69047e-05
0.000814399
5.20751e-05
0.000841628
7.6225e-05
0.000867266
9.90189e-05
0.000890897
0.000120107
0.000912147
0.000139142
0.000930734
0.000155785
0.000946406
0.000169732
0.000958871
0.000180796
0.000967954
0.000188888
0.000973748
0.000193889
0.000976354
0.000195722
0.00097562
0.000194647
0.000971581
0.000191121
0.000964964
0.000185262
0.000956545
0.000176996
0.000946188
0.000166969
0.000933497
0.000156527
0.000919633
0.000146197
0.000907465
0.000134901
0.000899072
0.000121626
0.000893326
0.000107606
9.58284e-05
4.08032e-05
4.70518e-05
6.36418e-05
7.22845e-05
8.58822e-05
9.71482e-05
0.000106997
0.000121116
0.000126358
0.000143833
0.000143212
0.000165012
0.000156656
0.000184469
0.000165647
0.000202172
0.000169117
0.000218181
0.000166114
0.000232669
0.000156039
0.000245836
0.000138954
0.000257829
0.000115888
0.000268625
8.89754e-05
0.000277932
6.12578e-05
0.000285169
3.61551e-05
0.000289523
1.68368e-05
0.000290099
5.57463e-06
0.000286208
3.5641e-06
0.000277432
1.09683e-05
0.000263591
2.70653e-05
0.000245082
5.03919e-05
0.000222597
7.9296e-05
0.000196854
0.000112095
0.000168709
0.00014719
0.000139014
0.000183226
0.000108476
0.000219144
7.76786e-05
0.000254283
4.70712e-05
0.000288284
1.69001e-05
0.000320511
-1.20397e-05
0.000350869
-4.01933e-05
0.000379775
-6.75474e-05
0.000407567
-9.39128e-05
0.000434527
-0.000119094
0.000460819
-0.000142831
0.000486479
-0.000164794
0.000511423
-0.000184602
0.00053547
-0.000201855
0.000558379
-0.00021618
0.000579906
-0.000227275
0.000599849
-0.000234933
0.000618117
-0.000239098
0.000634806
-0.000239881
0.000650255
-0.000237547
0.000665056
-0.000232464
0.000679917
-0.000224975
0.000694922
-0.000214967
0.000708036
-0.000201604
0.000714124
-0.000184397
0.000706543
-0.000165403
0.000681282
-0.00015002
0.000640505
-0.000144371
0.00059203
-0.000151007
0.000545235
-0.000167002
0.00050716
-0.000186051
0.00048115
-0.000202019
0.000467491
-0.000211046
0.000464678
-0.000211783
0.000470475
-0.000204659
0.000482635
-0.000191029
0.000499233
-0.000172531
0.000518815
-0.000150695
0.000540386
-0.000126764
0.000563327
-0.000101653
0.000587318
-7.60149e-05
0.000612177
-5.02392e-05
0.000637751
-2.45724e-05
0.000664034
6.21646e-07
0.000690914
2.51957e-05
0.000717968
4.91703e-05
0.000744807
7.21798e-05
0.000771019
9.38951e-05
0.000796192
0.000113968
0.000819922
0.000132054
0.000841812
0.000147843
0.000861533
0.000161074
0.000878897
0.000171525
0.000893757
0.000179029
0.000905899
0.00018358
0.000915221
0.000185325
0.000921973
0.000184369
0.00092649
0.000180746
0.000928714
0.000174773
0.00092852
0.000167162
0.000926615
0.000158432
0.000924362
0.00014845
0.000922115
0.000137148
0.000918107
0.000125634
0.000909867
0.000115846
-0.000185491
2.8227e-05
-0.000166572
5.33653e-05
-0.000148224
7.88005e-05
-0.000130908
0.0001038
-0.000115279
0.000128204
-0.000101819
0.000151553
-9.10088e-05
0.000173658
-8.31223e-05
0.000194285
-7.81889e-05
0.000213248
-7.5878e-05
0.000230358
-7.54311e-05
0.000245389
-7.56483e-05
0.000258046
-7.49732e-05
0.00026795
-7.16813e-05
0.00027464
-6.41492e-05
0.000277637
-5.11496e-05
0.000276524
-3.20343e-05
0.000270984
-6.67601e-06
0.00026085
2.45061e-05
0.00024625
6.03619e-05
0.000227735
9.96628e-05
0.000205781
0.000141175
0.000181084
0.000183643
0.000154386
0.000225981
0.00012637
0.000267376
9.76194e-05
0.000307224
6.86277e-05
0.000345206
3.96964e-05
0.000381218
1.10596e-05
0.000414938
-1.68198e-05
0.000447274
-4.43761e-05
0.000478499
-7.14182e-05
0.00050876
-9.78086e-05
0.000538169
-0.000123322
0.000566728
-0.000147652
0.000594295
-0.000170398
0.000620588
-0.000191088
0.000645221
-0.000209236
0.00066775
-0.000224383
0.000687682
-0.000236112
0.000704535
-0.000244128
0.000717858
-0.000248256
0.000727227
-0.000248467
0.000732386
-0.00024504
0.000733334
-0.000238495
0.000730251
-0.000229381
0.00072391
-0.000218634
0.000716814
-0.000207871
0.00071316
-0.00019795
0.0007157
-0.000186937
0.000721503
-0.000171206
0.000721446
-0.000149963
0.000705482
-0.000128407
0.000669757
-0.000115282
0.000619298
-0.000116543
0.000564366
-0.000131119
0.000514621
-0.000152273
0.000475834
-0.00017226
0.000449821
-0.00018577
0.00043583
-0.000190668
0.000431916
-0.000187115
0.000435822
-0.000176437
0.000445466
-0.000160339
0.000459157
-0.000140456
0.000475645
-0.000118141
0.000494074
-9.44431e-05
0.000513946
-7.01117e-05
0.000535027
-4.56531e-05
0.000556999
-2.13507e-05
0.000579948
2.24677e-06
0.000604128
2.49904e-05
0.000629255
4.70524e-05
0.000655068
6.80829e-05
0.000681233
8.78034e-05
0.000707358
0.000105929
0.000733027
0.000122174
0.00075783
0.000136272
0.000781366
0.000147988
0.000803226
0.000157168
0.000823058
0.000163749
0.000840661
0.000167722
0.000855915
0.000169115
0.000868592
0.000168069
0.000878447
0.000164917
0.000885571
0.000160038
0.000890326
0.000153677
0.000892673
0.000146103
0.000891886
0.000137935
0.000887576
0.000129944
0.00012218
-0.000310674
1.70038e-05
-0.000298142
4.08332e-05
-0.000284564
6.52227e-05
-0.000270242
8.94784e-05
-0.000255377
0.000113339
-0.000240106
0.000136281
-0.000224451
0.000158003
-0.000208262
0.000178097
-0.000191239
0.000196224
-0.000172885
0.000212004
-0.00015258
0.000225084
-0.000129615
0.00023508
-0.000103326
0.000241661
-7.3155e-05
0.000244468
-3.8788e-05
0.00024327
-2.11922e-07
0.000237948
4.22183e-05
0.000228554
8.77081e-05
0.00021536
0.000135294
0.000198664
0.000184057
0.000178972
0.00023302
0.000156818
0.000281317
0.000132787
0.000328215
0.000107488
0.000373215
8.13703e-05
0.000416009
5.48262e-05
0.000456536
2.80999e-05
0.000494819
1.4134e-06
0.000531281
-2.54021e-05
0.000566243
-5.1782e-05
0.000599665
-7.77979e-05
0.000631547
-0.0001033
0.000661809
-0.000128071
0.000690299
-0.000151812
0.000716791
-0.000174144
0.000741009
-0.000194616
0.000762658
-0.000212737
0.000781464
-0.000228041
0.000797183
-0.000240102
0.000809598
-0.000248527
0.000818581
-0.000253111
0.000824192
-0.000253867
0.000826504
-0.00025078
0.000825487
-0.000244023
0.000821327
-0.000234335
0.000814211
-0.000222265
0.000803126
-0.000207548
0.00078602
-0.000190765
0.000763088
-0.000175018
0.000739717
-0.000163566
0.000723799
-0.000155288
0.000718339
-0.000144504
0.000716779
-0.000126847
0.000706486
-0.000104988
0.000677739
-8.77966e-05
0.00063033
-8.37099e-05
0.000572669
-9.46117e-05
0.000515594
-0.000115185
0.000467053
-0.000137229
0.000430673
-0.000154288
0.000406833
-0.000163275
0.000394187
-0.000163792
0.000390745
-0.000156896
0.000394462
-0.000144173
0.000403502
-0.000127181
0.000416376
-0.000107318
0.000431959
-8.56947e-05
0.000449501
-6.31946e-05
0.000468632
-4.04817e-05
0.000488811
-1.79327e-05
0.000509903
3.8984e-06
0.000532009
2.4947e-05
0.000555078
4.50132e-05
0.000579017
6.38651e-05
0.000603641
8.13046e-05
0.000628693
9.71219e-05
0.000653853
0.000111112
0.000678745
0.000123096
0.000702983
0.000132931
0.000726208
0.000140524
0.000748101
0.000145829
0.000768349
0.000148867
0.000786674
0.000149744
0.000802954
0.000148637
0.000817251
0.000145741
0.000829652
0.000141276
0.000840233
0.000135521
0.000849406
0.000128763
0.00085827
0.00012108
0.000112285
-0.000270821
1.34528e-05
-0.000264574
3.45865e-05
-0.000255268
5.59172e-05
-0.000243022
7.72317e-05
-0.000227791
9.81077e-05
-0.000209632
0.000118122
-0.000188507
0.000136878
-0.000164348
0.000153938
-0.000137023
0.000168899
-0.000106385
0.000181366
-7.22794e-05
0.000190979
-3.46284e-05
0.000197429
6.56513e-06
0.000200468
5.10617e-05
0.000199972
9.84546e-05
0.000195877
0.000148171
0.000188231
0.000199498
0.000177226
0.000251698
0.00016316
0.000303944
0.000146418
0.000355473
0.000127443
0.000405619
0.000106672
0.000453846
8.45604e-05
0.000499875
6.14581e-05
0.000543537
3.77092e-05
0.000584756
1.36068e-05
0.000623933
-1.10769e-05
0.000661031
-3.56848e-05
0.000695796
-6.01669e-05
0.000728376
-8.43622e-05
0.000758682
-0.000108104
0.000786552
-0.000131169
0.000811751
-0.00015327
0.000833992
-0.000174053
0.000852975
-0.000193128
0.00086844
-0.00021008
0.000880152
-0.00022445
0.000887906
-0.000235795
0.000891604
-0.0002438
0.000891248
-0.000248171
0.000886828
-0.000248691
0.000878556
-0.000245594
0.000867059
-0.000239283
0.000852903
-0.000229867
0.000836632
-0.000218064
0.000820071
-0.000205705
0.000806057
-0.000193534
0.000794943
-0.000179652
0.000782496
-0.000162571
0.000763849
-0.000144919
0.000739973
-0.000131412
0.000718525
-0.000123056
0.000706848
-0.00011517
0.000703868
-0.000102008
0.000699101
-8.30297e-05
0.00067986
-6.44687e-05
0.000640229
-5.49808e-05
0.000584493
-5.94489e-05
0.000523119
-7.58548e-05
0.000466195
-9.73647e-05
0.000419673
-0.000116752
0.000385537
-0.000129656
0.000363401
-0.000134761
0.000351819
-0.000132591
0.00034905
-0.000124412
0.000353328
-0.000111596
0.000363052
-9.54183e-05
0.000376883
-7.70256e-05
0.000393736
-5.73351e-05
0.000412977
-3.7174e-05
0.000433942
-1.70659e-05
0.000456146
2.74275e-06
0.000479378
2.17816e-05
0.000503546
3.96964e-05
0.000528521
5.63296e-05
0.000554167
7.14766e-05
0.00058031
8.49691e-05
0.000606742
9.6663e-05
0.00063323
0.000106443
0.000659522
0.000114231
0.00068536
0.000119991
0.000710486
0.00012374
0.00073468
0.00012555
0.000757773
0.000125544
0.000779618
0.000123896
0.000800058
0.000120835
0.000818938
0.000116641
0.000836071
0.00011163
0.000850993
0.000106159
0.000100744
-8.68731e-05
1.56146e-05
-8.50865e-05
3.27998e-05
-7.92363e-05
5.00671e-05
-6.9178e-05
6.71734e-05
-5.48368e-05
8.37665e-05
-3.61857e-05
9.94713e-05
-1.32334e-05
0.000113926
1.39599e-05
0.000126744
4.52623e-05
0.000137597
8.04917e-05
0.000146136
0.000119394
0.000152077
0.000161632
0.000155191
0.000206767
0.000155333
0.000254291
0.000152448
0.000303593
0.000146575
0.000353979
0.000137846
0.000404726
0.000126478
0.000455151
0.000112735
0.000504644
9.69259e-05
0.000552686
7.94014e-05
0.000598863
6.04942e-05
0.00064293
4.0494e-05
0.00068471
1.9678e-05
0.000724318
-1.89919e-06
0.000761923
-2.3998e-05
0.000797049
-4.6203e-05
0.000829771
-6.84068e-05
0.000860054
-9.04499e-05
0.000887833
-0.000112141
0.000912965
-0.000133236
0.000935237
-0.000153441
0.000954385
-0.000172418
0.000970098
-0.000189767
0.000982004
-0.000205033
0.000989726
-0.000217802
0.000992965
-0.000227689
0.000991462
-0.000234292
0.000985081
-0.000237419
0.000974011
-0.000237101
0.000958535
-0.000233216
0.000938789
-0.000225849
0.000915385
-0.000215878
0.000889527
-0.000204009
0.000861592
-0.000190129
0.000831067
-0.00017518
0.00079952
-0.000161986
0.000772008
-0.00015214
0.000752892
-0.000143455
0.000740547
-0.000132574
0.00072856
-0.000119425
0.000712804
-0.0001073
0.000696127
-9.84929e-05
0.000685356
-9.1237e-05
0.000683731
-8.14049e-05
0.000686026
-6.67636e-05
0.000680716
-4.96713e-05
0.00065728
-3.60127e-05
0.000612859
-3.14339e-05
0.000553731
-3.82366e-05
0.000490869
-5.38904e-05
0.000433847
-7.26336e-05
0.000387637
-8.85508e-05
0.000353443
-9.83972e-05
0.000330701
-0.00010167
0.000318153
-9.90473e-05
0.000314251
-9.15162e-05
0.00031747
-8.02448e-05
0.000326528
-6.63936e-05
0.000340275
-5.09207e-05
0.000357761
-3.45522e-05
0.000378354
-1.78497e-05
0.000401406
-1.27035e-06
0.000426538
1.45641e-05
0.000453044
2.98233e-05
0.000480607
4.39136e-05
0.000508902
5.66738e-05
0.000537616
6.79493e-05
0.000566432
7.76277e-05
0.00059502
8.56431e-05
0.00062303
9.19811e-05
0.00065009
9.66811e-05
0.000675799
9.98403e-05
0.00069973
0.000101614
0.000721411
0.000102216
0.000740332
0.000101914
0.000755946
0.000101027
0.000767653
9.99232e-05
0.000774797
9.90141e-05
9.87486e-05
0.000172232
2.10417e-05
0.000171423
3.36085e-05
0.000175221
4.62687e-05
0.000183688
5.87065e-05
0.000196814
7.06414e-05
0.000214505
8.17803e-05
0.00023661
9.18198e-05
0.00026291
0.000100445
0.000293147
0.00010736
0.000326988
0.000112294
0.000364036
0.00011503
0.000403813
0.000115413
0.000445778
0.000113369
0.000489335
0.00010889
0.000533881
0.000102029
0.000578824
9.29033e-05
0.000623608
8.16942e-05
0.000667747
6.8596e-05
0.000710825
5.38483e-05
0.000752488
3.77382e-05
0.000792453
2.05296e-05
0.000830575
2.37165e-06
0.000867031
-1.67775e-05
0.00090142
-3.62884e-05
0.000933519
-5.60967e-05
0.000963313
-7.59973e-05
0.000990688
-9.57824e-05
0.00101545
-0.000115208
0.00103731
-0.000134003
0.00105594
-0.000151868
0.00107095
-0.000168455
0.00108194
-0.000183402
0.00108853
-0.000196356
0.00109043
-0.000206934
0.0010874
-0.000214773
0.00107935
-0.00021964
0.00106635
-0.000221293
0.00104845
-0.000219518
0.00102588
-0.000214531
0.000999428
-0.000206764
0.000969994
-0.000196415
0.000938296
-0.00018418
0.000905831
-0.000171543
0.00087485
-0.000159148
0.000845881
-0.000146212
0.000816702
-0.000132807
0.000785664
-0.000121102
0.000755182
-0.000112973
0.000730128
-0.00010752
0.000712809
-0.000102107
0.000700683
-9.51728e-05
0.000689536
-8.73468e-05
0.000678212
-7.99127e-05
0.000669605
-7.27973e-05
0.000667277
-6.44364e-05
0.000671102
-5.34956e-05
0.000675487
-4.0398e-05
0.000671556
-2.7503e-05
0.000651456
-1.81364e-05
0.000612266
-1.47004e-05
0.000557234
-1.76012e-05
0.000495009
-2.63259e-05
0.000435737
-3.9126e-05
0.000386152
-5.20851e-05
0.000348657
-6.15517e-05
0.000322579
-6.54386e-05
0.000306289
-6.39544e-05
0.000298365
-5.84701e-05
0.000297663
-5.02185e-05
0.000303135
-4.00244e-05
0.000313755
-2.84693e-05
0.00032854
-1.60551e-05
0.000346313
-3.20958e-06
0.000367154
8.98231e-06
0.000390178
2.08897e-05
0.000414722
3.21306e-05
0.000440201
4.24703e-05
0.000466076
5.17519e-05
0.000491839
5.98804e-05
0.000516999
6.68206e-05
0.00054109
7.25905e-05
0.000563669
7.72611e-05
0.000584334
8.09488e-05
0.000602738
8.38117e-05
0.000618613
8.60384e-05
0.000631801
8.78398e-05
0.000642293
8.94313e-05
0.000650284
9.10228e-05
9.27927e-05
0.000456871
3.09261e-05
0.000451317
3.91616e-05
0.000450523
4.70628e-05
0.000454644
5.45859e-05
0.000463653
6.16322e-05
0.000477399
6.80346e-05
0.000495632
7.35863e-05
0.000518019
7.80581e-05
0.000544163
8.12162e-05
0.000573618
8.28394e-05
0.000605904
8.27441e-05
0.000640502
8.08148e-05
0.000676865
7.70055e-05
0.000714443
7.13129e-05
0.00075271
6.37622e-05
0.000791203
5.44104e-05
0.000829523
4.3374e-05
0.000867284
3.08349e-05
0.000904156
1.69767e-05
0.000939871
2.02241e-06
0.000974275
-1.38744e-05
0.00100712
-3.04726e-05
0.00103792
-4.75809e-05
0.0010666
-6.49665e-05
0.00109292
-8.24131e-05
0.00111659
-9.96708e-05
0.00113728
-0.000116473
0.00115461
-0.000132533
0.00116814
-0.000147538
0.00117744
-0.000161168
0.00118208
-0.000173095
0.00118164
-0.000182966
0.00117576
-0.000190472
0.00116421
-0.000195379
0.00114693
-0.000197497
0.00112408
-0.000196787
0.0010962
-0.000193413
0.00106419
-0.000187514
0.00102899
-0.000179329
0.000991743
-0.000169517
0.000954069
-0.00015874
0.000917232
-0.000147343
0.000881719
-0.00013603
0.000848535
-0.000125964
0.00081983
-0.000117507
0.000796759
-0.000109736
0.000777443
-0.000101786
0.000758522
-9.40521e-05
0.000738633
-8.76307e-05
0.000719426
-8.29003e-05
0.000703309
-7.9056e-05
0.000690873
-7.49101e-05
0.0006807
-6.97404e-05
0.000671448
-6.35453e-05
0.000663729
-5.67172e-05
0.000659847
-4.96131e-05
0.000661692
-4.2243e-05
0.000668286
-3.40968e-05
0.000674617
-2.44683e-05
0.00067353
-1.36128e-05
0.00065984
-3.9118e-06
0.000632278
1.23705e-06
0.000592886
2.6515e-07
0.00054505
-4.24856e-06
0.000493438
-9.94032e-06
0.000443302
-1.53019e-05
0.000399402
-2.00542e-05
0.000364912
-2.39808e-05
0.000340383
-2.56892e-05
0.000325093
-2.47341e-05
0.000317761
-2.11371e-05
0.000317046
-1.53409e-05
0.000321798
-7.96103e-06
0.00033048
2.99984e-07
0.000342807
8.56259e-06
0.000357909
1.70287e-05
0.000375133
2.52462e-05
0.000393905
3.29803e-05
0.000413707
4.0078e-05
0.000434079
4.64487e-05
0.000454619
5.20502e-05
0.000474995
5.68851e-05
0.000494954
6.09899e-05
0.000514334
6.44321e-05
0.000533076
6.72966e-05
0.000551234
6.96814e-05
0.00056898
7.16854e-05
0.000586601
7.34014e-05
7.4897e-05
0.000748523
4.09118e-05
0.000741687
4.59975e-05
0.000738258
5.04915e-05
0.000738524
5.432e-05
0.000742694
5.74616e-05
0.000750841
5.98882e-05
0.000762905
6.15223e-05
0.000778717
6.22459e-05
0.000798015
6.19183e-05
0.000820461
6.03934e-05
0.00084565
5.75555e-05
0.000873125
5.33396e-05
0.000902418
4.77126e-05
0.000933074
4.06565e-05
0.000964611
3.22254e-05
0.00099647
2.25509e-05
0.00102811
1.17315e-05
0.00105909
-1.41561e-07
0.0010893
-1.32375e-05
0.00111828
-2.69521e-05
0.00114561
-4.12081e-05
0.00117095
-5.58088e-05
0.00119391
-7.05465e-05
0.00121413
-8.51827e-05
0.00123118
-9.94621e-05
0.00124462
-0.000113116
0.00125403
-0.000125876
0.00125898
-0.000137488
0.00125914
-0.000147698
0.00125423
-0.000156251
0.00124404
-0.000162914
0.00122857
-0.000167491
0.00120794
-0.000169839
0.00118249
-0.00016993
0.00115282
-0.000167825
0.00111967
-0.000163636
0.00108389
-0.000157635
0.00104663
-0.000150254
0.00100921
-0.000141907
0.000972744
-0.000133055
0.000938273
-0.000124269
0.000906828
-0.000115898
0.000878714
-0.000107917
0.000853123
-0.000100373
0.000829251
-9.36349e-05
0.000807455
-8.79398e-05
0.000788653
-8.29838e-05
0.000772762
-7.81612e-05
0.000758246
-7.31144e-05
0.00074333
-6.79847e-05
0.000727467
-6.31933e-05
0.000711565
-5.90079e-05
0.000697094
-5.52688e-05
0.00068507
-5.15218e-05
0.000675698
-4.73447e-05
0.000668625
-4.25402e-05
0.000663467
-3.70856e-05
0.000660319
-3.09487e-05
0.000659942
-2.40917e-05
0.000663158
-1.68287e-05
0.000669171
-9.92402e-06
0.000674348
-3.94051e-06
0.000673424
1.18923e-06
0.000663454
5.72188e-06
0.000644106
9.40765e-06
0.000617387
1.1417e-05
0.00058639
1.0942e-05
0.000553705
8.70424e-06
0.000521954
6.06204e-06
0.000493097
4.12335e-06
0.000468524
3.43541e-06
0.000449117
4.06668e-06
0.000435328
5.82763e-06
0.00042715
8.47756e-06
0.00042393
1.17833e-05
0.00042539
1.55684e-05
0.000430994
1.96423e-05
0.000440154
2.382e-05
0.000452301
2.79308e-05
0.00046692
3.18297e-05
0.000483565
3.54054e-05
0.000501869
3.85814e-05
0.000521547
4.1312e-05
0.000542394
4.35849e-05
0.000564286
4.54048e-05
0.000587178
4.67894e-05
0.000611099
4.77643e-05
0.000636144
4.83568e-05
4.85831e-05
0.000967847
4.13628e-05
0.000969198
4.46457e-05
0.000972355
4.73348e-05
0.000977367
4.93079e-05
0.000984342
5.04862e-05
0.000993416
5.08147e-05
0.00100468
5.02563e-05
0.00101816
4.87678e-05
0.00103379
4.6292e-05
0.0010514
4.27773e-05
0.00107076
3.82007e-05
0.00109153
3.25689e-05
0.00111333
2.59102e-05
0.00113571
1.82788e-05
0.00115817
9.7646e-06
0.0011801
6.1861e-07
0.00120201
-1.01778e-05
0.00122314
-2.12679e-05
0.00124273
-3.28322e-05
0.00126046
-4.46827e-05
0.00127591
-5.66585e-05
0.00128868
-6.85781e-05
0.00129837
-8.02381e-05
0.00130462
-9.14277e-05
0.00130709
-0.000101933
0.0013055
-0.000111526
0.00129959
-0.000119969
0.00128916
-0.00012706
0.00127416
-0.000132696
0.00125475
-0.000136842
0.00123127
-0.00013943
0.00120422
-0.000140441
0.0011743
-0.000139918
0.00114235
-0.000137982
0.00110938
-0.000134853
0.00107654
-0.000130798
0.00104497
-0.00012606
0.00101556
-0.000120847
0.000988955
-0.000115304
0.000965402
-0.000109501
0.000944634
-0.0001035
0.000926166
-9.74305e-05
0.000909663
-9.14136e-05
0.000894705
-8.54156e-05
0.000880364
-7.92932e-05
0.000865425
-7.3001e-05
0.000849163
-6.67219e-05
0.000831755
-6.07531e-05
0.000813905
-5.52644e-05
0.000796128
-5.02081e-05
0.000778402
-4.54673e-05
0.000760426
-4.10315e-05
0.000742167
-3.70104e-05
0.000724149
-3.35029e-05
0.000707289
-3.04847e-05
0.000692534
-2.77852e-05
0.000680551
-2.5103e-05
0.000671666
-2.20633e-05
0.000665939
-1.83653e-05
0.000663142
-1.4031e-05
0.000662653
-9.43587e-06
0.00066371
-4.99702e-06
0.000665806
-9.06958e-07
0.000668325
3.20307e-06
0.000670823
6.90917e-06
0.000672378
9.86267e-06
0.000671387
1.19324e-05
0.000666716
1.33756e-05
0.000658452
1.43262e-05
0.000647639
1.4936e-05
0.000635735
1.53396e-05
0.000624086
1.57162e-05
0.000613786
1.61275e-05
0.000605697
1.65666e-05
0.000600323
1.71574e-05
0.000597937
1.79538e-05
0.000598639
1.89409e-05
0.000602406
2.00526e-05
0.00060914
2.11969e-05
0.000618689
2.22801e-05
0.00063087
2.32245e-05
0.000645484
2.3968e-05
0.000662328
2.4468e-05
0.000681206
2.47069e-05
0.00070194
2.46704e-05
0.000724386
2.43439e-05
0.000748442
2.37081e-05
0.000774035
2.27639e-05
2.14927e-05
0.00103149
3.13158e-05
0.00104258
3.35618e-05
0.00105463
3.52853e-05
0.00106753
3.64065e-05
0.00108119
3.68216e-05
0.00109557
3.64392e-05
0.00111062
3.51992e-05
0.00112632
3.30726e-05
0.00114255
3.00579e-05
0.00115915
2.61764e-05
0.0011759
2.14512e-05
0.00119257
1.59038e-05
0.00120889
9.58633e-06
0.00122463
2.5452e-06
0.00123982
-5.42449e-06
0.00125433
-1.39008e-05
0.00126699
-2.28353e-05
0.00127773
-3.20025e-05
0.00128619
-4.12907e-05
0.0012921
-5.05987e-05
0.00129523
-5.97917e-05
0.00129537
-6.87107e-05
0.00129233
-7.72032e-05
0.00128603
-8.51245e-05
0.00127644
-9.23417e-05
0.00126365
-9.87395e-05
0.00124791
-0.000104231
0.00122962
-0.000108764
0.00120923
-0.000112309
0.00118725
-0.000114863
0.00116427
-0.000116446
0.00114093
-0.000117105
0.00111792
-0.000116907
0.00109584
-0.000115901
0.00107509
-0.000114105
0.00105584
-0.000111547
0.00103806
-0.000108283
0.0010216
-0.000104385
0.00100622
-9.99237e-05
0.000991689
-9.49709e-05
0.000977768
-8.958e-05
0.000964115
-8.37773e-05
0.000950301
-7.75996e-05
0.000936035
-7.1149e-05
0.000921322
-6.45805e-05
0.000906343
-5.80223e-05
0.000891152
-5.1531e-05
0.000875535
-4.51357e-05
0.000859174
-3.89037e-05
0.000841922
-3.2956e-05
0.000823893
-2.74384e-05
0.000805353
-2.24915e-05
0.00078656
-1.82168e-05
0.000767728
-1.4671e-05
0.000749104
-1.18614e-05
0.000731074
-9.75519e-06
0.000714198
-8.22648e-06
0.000699201
-7.06693e-06
0.000686869
-6.03317e-06
0.000677743
-4.90485e-06
0.000671789
-3.4819e-06
0.000668509
-1.71648e-06
0.000667261
3.41217e-07
0.000667937
2.52635e-06
0.000670052
4.79439e-06
0.000673021
6.89389e-06
0.0006763
8.6534e-06
0.000679612
1.00634e-05
0.000682796
1.11419e-05
0.000685838
1.18942e-05
0.00068877
1.24075e-05
0.00069175
1.27364e-05
0.000694964
1.29139e-05
0.000698569
1.29613e-05
0.000702823
1.29033e-05
0.000708016
1.2761e-05
0.000714412
1.25444e-05
0.000722224
1.22409e-05
0.000731599
1.18224e-05
0.000742612
1.12666e-05
0.000755279
1.05576e-05
0.000769569
9.67801e-06
0.000785433
8.60374e-06
0.000802814
7.32603e-06
0.000821634
5.85056e-06
0.000841809
4.16915e-06
0.000863215
2.30158e-06
0.000885647
3.31789e-07
-1.95787e-06
0.000995469
2.05704e-05
0.00100735
2.16814e-05
0.00102028
2.23523e-05
0.00103417
2.25236e-05
0.00104883
2.21542e-05
0.00106403
2.12409e-05
0.00107951
1.97202e-05
0.00109507
1.7514e-05
0.00111052
1.46068e-05
0.00112569
1.10036e-05
0.00114045
6.69555e-06
0.0011547
1.65385e-06
0.001168
-3.71725e-06
0.00118023
-9.67933e-06
0.00119092
-1.61153e-05
0.00119995
-2.29302e-05
0.00120716
-3.00476e-05
0.00121251
-3.73494e-05
0.00121593
-4.4715e-05
0.00121737
-5.20358e-05
0.00121678
-5.92053e-05
0.00121419
-6.61216e-05
0.00120968
-7.26908e-05
0.00120339
-7.88309e-05
0.00119552
-8.4475e-05
0.00118635
-8.95704e-05
0.00117619
-9.40742e-05
0.00116536
-9.79278e-05
0.00115409
-0.000101044
0.00114258
-0.000103356
0.00113097
-0.000104835
0.00111931
-0.000105442
0.00110755
-0.000105149
0.00109561
-0.000103962
0.00108343
-0.000101918
0.00107091
-9.9034e-05
0.00105796
-9.53296e-05
0.00104442
-9.08431e-05
0.00103013
-8.56342e-05
0.00101494
-7.97828e-05
0.000998765
-7.3403e-05
0.000981636
-6.66475e-05
0.000963716
-5.96798e-05
0.000945208
-5.26406e-05
0.000926276
-4.56493e-05
0.000907076
-3.88223e-05
0.000887829
-3.22834e-05
0.000868842
-2.61486e-05
0.000850419
-2.04809e-05
0.000832769
-1.53059e-05
0.000815979
-1.06487e-05
0.000800033
-6.54602e-06
0.000784843
-3.02641e-06
0.000770322
-1.50653e-07
0.000756235
2.22617e-06
0.000742594
3.88585e-06
0.000729441
4.92594e-06
0.000716938
5.43652e-06
0.00070535
5.55476e-06
0.000695005
5.44053e-06
0.000686282
5.24096e-06
0.000679491
5.07447e-06
0.000674796
5.0358e-06
0.000672155
5.16806e-06
0.000671494
5.45458e-06
0.000672564
5.8244e-06
0.000675017
6.20035e-06
0.000678562
6.51861e-06
0.000682976
6.72764e-06
0.000688085
6.78545e-06
0.00069387
6.62186e-06
0.000700369
6.23813e-06
0.000707561
5.72111e-06
0.00071546
5.0623e-06
0.000724084
4.27943e-06
0.000733432
3.41338e-06
0.000743477
2.49888e-06
0.000754189
1.52922e-06
0.000765544
4.67836e-07
0.000777688
-8.77288e-07
0.000790669
-2.42403e-06
0.000804483
-4.1355e-06
0.000819102
-6.01501e-06
0.000834394
-7.96667e-06
0.000850197
-9.95217e-06
0.000866511
-1.21448e-05
0.000883269
-1.44565e-05
0.00090045
-1.68497e-05
-1.92905e-05
0.000990131
1.58888e-05
0.000996281
1.55314e-05
0.00100386
1.47741e-05
0.0010127
1.36868e-05
0.00102257
1.22813e-05
0.00103329
1.05224e-05
0.00104467
8.33687e-06
0.00105653
5.65649e-06
0.00106867
2.46199e-06
0.00108081
-1.13127e-06
0.00109265
-5.14995e-06
0.00110397
-9.65835e-06
0.00111482
-1.45733e-05
0.00112501
-1.98673e-05
0.00113439
-2.54967e-05
0.00114286
-3.14004e-05
0.00115033
-3.75146e-05
0.00115672
-4.37434e-05
0.00116196
-4.9948e-05
0.00116594
-5.6023e-05
0.00116863
-6.1892e-05
0.00116999
-6.74839e-05
0.00117003
-7.27312e-05
0.00116877
-7.75642e-05
0.0011662
-8.19055e-05
0.00116229
-8.56659e-05
0.00115697
-8.87572e-05
0.00115017
-9.11188e-05
0.00114186
-9.27348e-05
0.00113206
-9.35644e-05
0.00112079
-9.35589e-05
0.00110803
-9.26838e-05
0.0010938
-9.09194e-05
0.0010781
-8.8262e-05
0.00106091
-8.47298e-05
0.00104225
-8.03696e-05
0.00102218
-7.52666e-05
0.00100088
-6.95423e-05
0.000978585
-6.33353e-05
0.000955604
-5.6802e-05
0.000932313
-5.01116e-05
0.000909081
-4.3416e-05
0.00088625
-3.68486e-05
0.000864131
-3.05212e-05
0.000842988
-2.45068e-05
0.000823032
-1.88659e-05
0.000804402
-1.36539e-05
0.000787164
-8.91011e-06
0.000771342
-4.65883e-06
0.000756986
-9.49885e-07
0.00074399
2.34697e-06
0.000732375
5.06874e-06
0.000722101
7.24762e-06
0.000713058
8.89294e-06
0.000705268
1.00163e-05
0.000698551
1.06023e-05
0.000692755
1.07218e-05
0.000687724
1.04676e-05
0.00068336
9.91901e-06
0.000679619
9.18174e-06
0.0006765
8.35992e-06
0.000674035
7.53928e-06
0.000672288
6.78281e-06
0.000671327
6.12899e-06
0.000671201
5.58067e-06
0.000671918
5.1072e-06
0.000673455
4.66378e-06
0.000675769
4.20444e-06
0.000678818
3.67877e-06
0.000682573
3.03006e-06
0.000686976
2.21904e-06
0.000691981
1.23311e-06
0.000697768
-6.54953e-08
0.000704252
-1.42163e-06
0.000711448
-2.91663e-06
0.000719319
-4.45831e-06
0.000727791
-5.97305e-06
0.000736773
-7.45281e-06
0.000746212
-8.97077e-06
0.000755923
-1.05882e-05
0.000765781
-1.22819e-05
0.00077564
-1.39948e-05
0.000785451
-1.58264e-05
0.000795294
-1.78091e-05
0.000804959
-1.96172e-05
0.000814131
-2.13166e-05
0.000822579
-2.29046e-05
0.000830065
-2.43362e-05
-2.55325e-05
0.00101284
1.25463e-05
0.00101747
1.09007e-05
0.00102313
9.10921e-06
0.00102958
7.24248e-06
0.00103663
5.22769e-06
0.00104417
2.98183e-06
0.00105202
4.87957e-07
0.00106029
-2.61667e-06
0.00106879
-6.0331e-06
0.00107745
-9.79833e-06
0.00108618
-1.38727e-05
0.00109475
-1.82341e-05
0.00110303
-2.28543e-05
0.00111087
-2.77004e-05
0.00111809
-3.27178e-05
0.00112453
-3.78404e-05
0.00113
-4.29849e-05
0.0011343
-4.80436e-05
0.00113725
-5.29037e-05
0.0011387
-5.74661e-05
0.00113846
-6.16532e-05
0.00113638
-6.54036e-05
0.00113232
-6.86711e-05
0.00112616
-7.14016e-05
0.00111781
-7.35594e-05
0.00110723
-7.50909e-05
0.00109436
-7.58871e-05
0.00107917
-7.59282e-05
0.00106178
-7.5339e-05
0.00104228
-7.40694e-05
0.00102082
-7.2097e-05
0.000997563
-6.94259e-05
0.000972724
-6.60804e-05
0.000946583
-6.21207e-05
0.000919484
-5.76311e-05
0.000891846
-5.27317e-05
0.000864143
-4.75632e-05
0.000836851
-4.22507e-05
0.000810415
-3.68992e-05
0.000785184
-3.15707e-05
0.000761412
-2.63395e-05
0.000739288
-2.12921e-05
0.000718934
-1.64946e-05
0.000700413
-1.2e-05
0.000683752
-7.84616e-06
0.000668929
-4.04308e-06
0.000655839
-5.63512e-07
0.000644571
2.3575e-06
0.000634982
4.93072e-06
0.000626924
7.10848e-06
0.000620406
8.86416e-06
0.000615286
1.01887e-05
0.00061145
1.10842e-05
0.000608787
1.15554e-05
0.000607182
1.16212e-05
0.00060645
1.13348e-05
0.000606397
1.07749e-05
0.000606925
9.93944e-06
0.00060794
8.90405e-06
0.000609346
7.77574e-06
0.000611069
6.63707e-06
0.000613064
5.54379e-06
0.000615305
4.54235e-06
0.000617765
3.66913e-06
0.000620423
2.92239e-06
0.000623266
2.26404e-06
0.000626274
1.65531e-06
0.000629424
1.05447e-06
0.000632719
3.84018e-07
0.000636104
-3.54985e-07
0.000639641
-1.31789e-06
0.000643351
-2.47687e-06
0.000647121
-3.83543e-06
0.000651051
-5.35203e-06
0.000654967
-6.83223e-06
0.000658505
-7.99657e-06
0.000661212
-8.6794e-06
0.000662729
-8.9704e-06
0.00066291
-9.15128e-06
0.000661794
-9.47294e-06
0.000659488
-9.97544e-06
0.000656026
-1.05329e-05
0.000651092
-1.08924e-05
0.00064441
-1.11269e-05
0.000636309
-1.15167e-05
0.000626985
-1.19923e-05
0.00061661
-1.25299e-05
0.000605344
-1.30699e-05
-1.35433e-05
0.000972061
8.43185e-06
0.000977185
5.77666e-06
0.000982746
3.54733e-06
0.000988733
1.2558e-06
0.000994995
-1.03401e-06
0.00100142
-3.44662e-06
0.00100805
-6.1407e-06
0.00101451
-9.07473e-06
0.00102057
-1.20891e-05
0.00102608
-1.53108e-05
0.00103098
-1.87714e-05
0.00103518
-2.2437e-05
0.00103858
-2.62506e-05
0.00104101
-3.01351e-05
0.00104226
-3.39684e-05
0.00104211
-3.76869e-05
0.00104036
-4.1239e-05
0.00103681
-4.44935e-05
0.00103123
-4.7326e-05
0.00102341
-4.96394e-05
0.00101314
-5.13898e-05
0.00100029
-5.2545e-05
0.000984737
-5.31223e-05
0.000966478
-5.31426e-05
0.000945589
-5.26704e-05
0.000922369
-5.18706e-05
0.000896937
-5.04549e-05
0.000869427
-4.84184e-05
0.000840086
-4.59985e-05
0.000809337
-4.33204e-05
0.000777724
-4.04833e-05
0.000745869
-3.75709e-05
0.000714398
-3.46098e-05
0.00068389
-3.16129e-05
0.000654845
-2.85852e-05
0.000627643
-2.55302e-05
0.000602523
-2.2443e-05
0.000579601
-1.93286e-05
0.000558892
-1.61909e-05
0.000540397
-1.30747e-05
0.000524096
-1.00387e-05
0.000509922
-7.11894e-06
0.000497779
-4.35088e-06
0.000487564
-1.78489e-06
0.00047914
5.77865e-07
0.000472364
2.73279e-06
0.000467163
4.63685e-06
0.000463244
6.27682e-06
0.000460535
7.63927e-06
0.000458934
8.71024e-06
0.000458346
9.45175e-06
0.000458716
9.81832e-06
0.000459951
9.84986e-06
0.000461957
9.54928e-06
0.000464653
8.92466e-06
0.000467982
8.00595e-06
0.000471895
6.86199e-06
0.000476235
5.5999e-06
0.000480792
4.34718e-06
0.000485346
3.2215e-06
0.000489682
2.30092e-06
0.000493599
1.62649e-06
0.00049691
1.23217e-06
0.000499437
1.14134e-06
0.00050103
1.32947e-06
0.000501569
1.72526e-06
0.000500972
2.25245e-06
0.000499188
2.83868e-06
0.000496171
3.40112e-06
0.00049186
3.95567e-06
0.000486292
4.25036e-06
0.000479572
4.24258e-06
0.000471849
3.88754e-06
0.000463278
3.21919e-06
0.000454013
2.43269e-06
0.000444213
1.80381e-06
0.000434048
1.48494e-06
0.000423695
1.38281e-06
0.000413298
1.24601e-06
0.000402963
8.62049e-07
0.000392837
1.50475e-07
0.000382885
-5.80688e-07
0.000373431
-1.43835e-06
0.000364817
-2.51307e-06
0.00035688
-3.58029e-06
0.000349551
-4.66232e-06
0.000342786
-5.76566e-06
0.000336583
-6.86694e-06
-7.94123e-06
0.000853804
6.86331e-06
0.000855686
3.89438e-06
0.000857685
1.54772e-06
0.000859761
-8.19598e-07
0.000861982
-3.25537e-06
0.000863962
-5.4265e-06
0.000865278
-7.45644e-06
0.000865626
-9.42337e-06
0.000864904
-1.13663e-05
0.000862948
-1.33552e-05
0.000859618
-1.54413e-05
0.000854797
-1.76163e-05
0.000848386
-1.98399e-05
0.000840319
-2.20676e-05
0.000830589
-2.42384e-05
0.00081915
-2.62476e-05
0.000805823
-2.79128e-05
0.000790334
-2.90046e-05
0.000772335
-2.93265e-05
0.000751504
-2.8809e-05
0.000727658
-2.75438e-05
0.00070084
-2.57266e-05
0.000671162
-2.34445e-05
0.000639109
-2.10896e-05
0.000605349
-1.89105e-05
0.000570394
-1.69153e-05
0.000535081
-1.51418e-05
0.000500289
-1.36262e-05
0.000466705
-1.24144e-05
0.00043489
-1.15058e-05
0.000405256
-1.08491e-05
0.000378054
-1.03689e-05
0.000353443
-9.99936e-06
0.00033147
-9.63969e-06
0.000311947
-9.06191e-06
0.000294724
-8.30764e-06
0.000279656
-7.37492e-06
0.000266584
-6.25624e-06
0.000255367
-4.97384e-06
0.00024588
-3.58772e-06
0.000238002
-2.16075e-06
0.000231604
-7.21186e-07
0.000226651
6.02375e-07
0.000223077
1.78879e-06
0.000220756
2.89917e-06
0.000219573
3.91552e-06
0.000219384
4.82598e-06
0.000220045
5.61614e-06
0.0002214
6.28367e-06
0.000223289
6.82126e-06
0.000225533
7.208e-06
0.00022793
7.42136e-06
0.000230302
7.47774e-06
0.000232497
7.354e-06
0.000234422
6.99977e-06
0.000235977
6.4515e-06
0.000237089
5.74972e-06
0.000237728
4.96107e-06
0.000237905
4.16988e-06
0.00023767
3.45682e-06
0.000237089
2.88159e-06
0.00023623
2.48613e-06
0.000235153
2.30876e-06
0.000233919
2.3756e-06
0.000232577
2.67113e-06
0.000231168
3.13449e-06
0.000229732
3.68811e-06
0.000228314
4.25651e-06
0.000226988
4.72778e-06
0.000225888
5.05486e-06
0.000224861
5.27775e-06
0.00022379
5.31364e-06
0.000222532
5.14524e-06
0.000220957
4.79479e-06
0.000219072
4.31754e-06
0.000217095
3.78062e-06
0.000215348
3.23226e-06
0.000214046
2.68418e-06
0.000213171
2.12117e-06
0.000212505
1.52843e-06
0.000211744
9.11731e-07
0.000210868
2.94419e-07
0.000209765
-3.34962e-07
0.00020814
-8.87572e-07
0.000205992
-1.43236e-06
0.000203277
-1.94745e-06
0.000199942
-2.43057e-06
0.000195957
-2.88224e-06
-3.30575e-06
0.000504021
0.000507915
0.000509463
0.000508643
0.000505388
0.000499962
0.000492505
0.000483082
0.000471715
0.00045836
0.000442919
0.000425303
0.000405463
0.000383395
0.000359157
0.000332909
0.000304996
0.000275992
0.000246665
0.000217856
0.000190312
0.000164586
0.000141141
0.000120052
0.000101141
8.4226e-05
6.90842e-05
5.5458e-05
4.30436e-05
3.15378e-05
2.06887e-05
1.03198e-05
3.20394e-07
-9.31929e-06
-1.83812e-05
-2.66888e-05
-3.40638e-05
-4.032e-05
-4.52938e-05
-4.88816e-05
-5.10423e-05
-5.17635e-05
-5.11611e-05
-4.93723e-05
-4.64732e-05
-4.25576e-05
-3.77317e-05
-3.21155e-05
-2.58319e-05
-1.90106e-05
-1.18026e-05
-4.38125e-06
3.0965e-06
1.04505e-05
1.74503e-05
2.39018e-05
2.96515e-05
3.46126e-05
3.87824e-05
4.22392e-05
4.51208e-05
4.7607e-05
4.99157e-05
5.22913e-05
5.49625e-05
5.80969e-05
6.17851e-05
6.60416e-05
7.07693e-05
7.58242e-05
8.1102e-05
8.64156e-05
9.15608e-05
9.63556e-05
0.000100673
0.000104454
0.000107686
0.00011037
0.000112491
0.00011402
0.000114932
0.000115226
0.000114891
0.000114003
0.000112571
0.000110624
0.000108193
0.000105311
)
;

boundaryField
{
    inlet
    {
        type            calculated;
        value           nonuniform List<scalar> 0();
    }
    outlet
    {
        type            calculated;
        value           nonuniform List<scalar> 0();
    }
    wall
    {
        type            calculated;
        value           uniform 0;
    }
    obstacle
    {
        type            calculated;
        value           nonuniform List<scalar> 0();
    }
    frontAndBack
    {
        type            empty;
        value           nonuniform List<scalar> 0();
    }
    procBoundary2to1
    {
        type            processor;
        value           nonuniform List<scalar> 
30
(
-0.000342486
-0.000781468
-0.00093773
-0.00102659
-0.00106964
-0.00104518
-0.00106223
-0.00116319
-0.00120769
-0.00112235
-0.000945933
-0.000732483
-0.000489844
-0.00025084
-1.79663e-05
0.000204316
0.000321897
0.000274372
8.47113e-05
-0.000177659
-0.000466755
-0.000758508
-0.000968298
-0.00102145
-0.000984724
-0.00098545
-0.00100949
-0.000967946
-0.000852235
-0.000497158
)
;
    }
    procBoundary2to3
    {
        type            processor;
        value           nonuniform List<scalar> 
31
(
2.11883e-05
0.0001261
0.000310091
0.000500467
0.000631239
0.000738997
0.00080241
0.00082386
0.000817883
0.000814786
0.000826874
0.000842041
0.000857776
0.000886687
0.000897185
0.000108511
0.000881243
0.000868164
0.000862534
0.000776792
0.00065624
0.000604497
0.000662457
0.000801125
0.000909098
0.000917783
0.000836307
0.000593355
0.000330981
0.000191322
0.000102005
)
;
    }
}


// ************************************************************************* //
