/*--------------------------------*- C++ -*----------------------------------*\
| =========                 |                                                 |
| \\      /  F ield         | OpenFOAM: The Open Source CFD Toolbox           |
|  \\    /   O peration     | Version:  2312                                  |
|   \\  /    A nd           | Website:  www.openfoam.com                      |
|    \\/     M anipulation  |                                                 |
\*---------------------------------------------------------------------------*/
FoamFile
{
    version     2.0;
    format      ascii;
    arch        "LSB;label=32;scalar=64";
    class       surfaceScalarField;
    location    "1000";
    object      phi;
}
// * * * * * * * * * * * * * * * * * * * * * * * * * * * * * * * * * * * * * //

dimensions      [0 3 -1 0 0 0 0];

oriented        oriented;

internalField   nonuniform List<scalar> 
5250
(
0.000626695
2.79625e-10
0.000626694
2.60678e-10
0.000626694
2.22709e-10
0.000626694
2.06273e-10
0.000626694
1.919e-10
0.000626694
1.75812e-10
0.000626694
1.61244e-10
0.000626693
1.48162e-10
0.000626693
1.35647e-10
0.000626693
1.24031e-10
0.000626693
1.1343e-10
0.000626693
1.03873e-10
0.000626693
9.5143e-11
0.000626693
8.72492e-11
0.000626693
8.00106e-11
0.000626693
7.34579e-11
0.000626692
6.74266e-11
0.000626692
6.19688e-11
0.000626692
5.69359e-11
0.000626692
5.23948e-11
0.000626692
4.82071e-11
0.000626692
4.44501e-11
0.000626692
4.0991e-11
0.000626692
3.79121e-11
0.000626692
3.50837e-11
0.000626692
3.25921e-11
0.000626692
3.03079e-11
0.000626692
2.83188e-11
0.000626692
2.64955e-11
0.000626692
2.49281e-11
0.000626692
2.34862e-11
0.000626692
2.22613e-11
0.000626692
2.11223e-11
0.000626692
2.01634e-11
0.000626692
1.92525e-11
0.000626692
1.84858e-11
0.000626692
1.77309e-11
0.000626692
1.70881e-11
0.000626692
1.64252e-11
0.000626692
1.58466e-11
0.000626692
1.52212e-11
0.000626692
1.46597e-11
0.000626692
1.4033e-11
0.000626692
1.34572e-11
0.000626692
1.28057e-11
0.000626692
1.22011e-11
0.000626692
1.15195e-11
0.000626692
1.08889e-11
0.000626692
1.01893e-11
0.000626692
9.55434e-12
0.000626692
8.86707e-12
0.000626692
8.26108e-12
0.000626692
7.62042e-12
0.000626692
7.06272e-12
0.000626692
6.41086e-12
0.000626692
5.99873e-12
0.000626692
5.59917e-12
0.000626692
5.33532e-12
0.000626692
5.09947e-12
0.000626692
5.02099e-12
0.000626692
4.9874e-12
0.000626692
5.121e-12
0.000626692
5.30702e-12
0.000626692
5.66296e-12
0.000626692
6.07073e-12
0.000626692
6.64268e-12
0.000626692
7.2576e-12
0.000626692
8.02118e-12
0.000626692
8.81183e-12
0.000626692
9.78088e-12
0.000626691
1.07539e-11
0.000626691
1.18193e-11
0.000626691
1.28283e-11
0.000626691
1.39138e-11
0.000626691
1.48517e-11
0.000626691
1.59895e-11
0.000626691
1.6429e-11
0.000626691
1.85797e-11
0.000626691
1.55509e-11
0.000626691
2.62968e-11
0.000626691
3.28544e-12
0.000626691
5.84371e-11
0.000626691
-4.24771e-11
0.000626691
1.11182e-10
0.000626691
-2.23145e-11
0.000626691
-2.73639e-11
0.000626691
2.26093e-10
0.000626691
-2.29511e-11
5.77784e-11
0.000668852
5.49317e-10
0.000668851
5.06376e-10
0.000668851
4.49469e-10
0.000668851
4.02844e-10
0.000668851
3.69597e-10
0.000668851
3.40509e-10
0.00066885
3.12095e-10
0.00066885
2.85694e-10
0.00066885
2.61587e-10
0.00066885
2.39605e-10
0.00066885
2.19412e-10
0.00066885
2.01005e-10
0.00066885
1.84123e-10
0.00066885
1.68766e-10
0.00066885
1.54681e-10
0.00066885
1.41887e-10
0.000668849
1.30146e-10
0.000668849
1.19498e-10
0.000668849
1.09722e-10
0.000668849
1.00874e-10
0.000668849
9.27476e-11
0.000668849
8.54144e-11
0.000668849
7.86788e-11
0.000668849
7.26241e-11
0.000668849
6.7063e-11
0.000668849
6.20874e-11
0.000668849
5.75168e-11
0.000668849
5.34491e-11
0.000668849
4.97085e-11
0.000668849
4.63986e-11
0.000668849
4.33472e-11
0.000668849
4.06628e-11
0.000668849
3.81759e-11
0.000668849
3.60001e-11
0.000668849
3.3967e-11
0.000668849
3.2196e-11
0.000668849
3.05186e-11
0.000668849
2.90605e-11
0.000668849
2.76539e-11
0.000668849
2.64311e-11
0.000668849
2.52255e-11
0.000668849
2.41767e-11
0.000668849
2.3121e-11
0.000668849
2.22063e-11
0.000668849
2.12704e-11
0.000668849
2.04618e-11
0.000668849
1.96133e-11
0.000668849
1.88831e-11
0.000668849
1.81143e-11
0.000668849
1.74697e-11
0.000668849
1.67956e-11
0.000668849
1.62578e-11
0.000668849
1.5706e-11
0.000668849
1.53085e-11
0.000668849
1.49192e-11
0.000668849
1.47018e-11
0.000668849
1.45046e-11
0.000668849
1.449e-11
0.000668849
1.45074e-11
0.000668849
1.47201e-11
0.000668849
1.49796e-11
0.000668849
1.54455e-11
0.000668849
1.59671e-11
0.000668849
1.67001e-11
0.000668849
1.74913e-11
0.000668849
1.8494e-11
0.000668849
1.9552e-11
0.000668849
2.08174e-11
0.000668849
2.21279e-11
0.000668849
2.36318e-11
0.000668849
2.51619e-11
0.000668849
2.68756e-11
0.000668848
2.85987e-11
0.000668848
3.05148e-11
0.000668848
3.24214e-11
0.000668848
3.45603e-11
0.000668848
3.65649e-11
0.000668848
3.91748e-11
0.000668848
4.07516e-11
0.000668848
4.54084e-11
0.000668848
4.39572e-11
0.000668848
5.59597e-11
0.000668848
4.67226e-11
0.000668848
6.73669e-11
0.000668848
6.80854e-11
0.000668848
6.47841e-11
0.000668848
1.0483e-10
0.000668848
1.01703e-10
1.30204e-10
0.000669569
7.86458e-10
0.000669569
7.25898e-10
0.000669568
6.60696e-10
0.000669568
5.92437e-10
0.000669568
5.3874e-10
0.000669568
4.95114e-10
0.000669568
4.53847e-10
0.000669568
4.14907e-10
0.000669567
3.79398e-10
0.000669567
3.47152e-10
0.000669567
3.17708e-10
0.000669567
2.90842e-10
0.000669567
2.66323e-10
0.000669567
2.43979e-10
0.000669567
2.23588e-10
0.000669567
2.05007e-10
0.000669567
1.88047e-10
0.000669567
1.72598e-10
0.000669567
1.58496e-10
0.000669567
1.45657e-10
0.000669567
1.33942e-10
0.000669567
1.23286e-10
0.000669567
1.13568e-10
0.000669567
1.04739e-10
0.000669566
9.66928e-11
0.000669566
8.93949e-11
0.000669566
8.27485e-11
0.000669566
7.67308e-11
0.000669566
7.12542e-11
0.000669566
6.63048e-11
0.000669566
6.18018e-11
0.000669566
5.77396e-11
0.000669566
5.40434e-11
0.000669566
5.07139e-11
0.000669566
4.7681e-11
0.000669566
4.49516e-11
0.000669566
4.24603e-11
0.000669566
4.02191e-11
0.000669566
3.81662e-11
0.000669566
3.63194e-11
0.000669566
3.46211e-11
0.000669566
3.3094e-11
0.000669566
3.1684e-11
0.000669566
3.04192e-11
0.000669566
2.92491e-11
0.000669566
2.82059e-11
0.000669566
2.72419e-11
0.000669566
2.63946e-11
0.000669566
2.56211e-11
0.000669566
2.49627e-11
0.000669566
2.43789e-11
0.000669566
2.39144e-11
0.000669566
2.353e-11
0.000669566
2.3272e-11
0.000669566
2.31014e-11
0.000669566
2.30644e-11
0.000669566
2.31294e-11
0.000669566
2.33435e-11
0.000669566
2.36707e-11
0.000669566
2.41542e-11
0.000669566
2.47581e-11
0.000669566
2.55249e-11
0.000669566
2.64182e-11
0.000669566
2.74797e-11
0.000669566
2.86723e-11
0.000669566
3.00366e-11
0.000669566
3.15322e-11
0.000669566
3.32018e-11
0.000669566
3.5002e-11
0.000669566
3.69784e-11
0.000669566
3.90932e-11
0.000669566
4.13907e-11
0.000669566
4.382e-11
0.000669566
4.64394e-11
0.000669566
4.92022e-11
0.000669566
5.21891e-11
0.000669566
5.5336e-11
0.000669566
5.88126e-11
0.000669566
6.23881e-11
0.000669566
6.67158e-11
0.000669566
7.0689e-11
0.000669566
7.70657e-11
0.000669566
8.24737e-11
0.000669566
9.05393e-11
0.000669566
9.99831e-11
0.000669566
1.099e-10
0.000669566
1.16173e-10
0.000669566
1.40713e-10
1.5247e-10
0.000669577
9.97461e-10
0.000669576
9.21369e-10
0.000669576
8.41904e-10
0.000669576
7.57884e-10
0.000669576
6.87962e-10
0.000669576
6.30289e-10
0.000669576
5.77108e-10
0.000669576
5.2743e-10
0.000669576
4.82171e-10
0.000669575
4.41083e-10
0.000669575
4.03642e-10
0.000669575
3.69472e-10
0.000669575
3.3832e-10
0.000669575
3.09907e-10
0.000669575
2.84008e-10
0.000669575
2.60385e-10
0.000669575
2.38855e-10
0.000669575
2.19218e-10
0.000669575
2.01324e-10
0.000669575
1.85005e-10
0.000669575
1.70142e-10
0.000669575
1.56591e-10
0.000669575
1.44256e-10
0.000669575
1.33014e-10
0.000669575
1.2279e-10
0.000669575
1.13477e-10
0.000669575
1.05016e-10
0.000669575
9.73136e-11
0.000669575
9.03232e-11
0.000669575
8.39652e-11
0.000669575
7.82017e-11
0.000669575
7.29632e-11
0.000669575
6.82212e-11
0.000669574
6.39139e-11
0.000669574
6.00202e-11
0.000669574
5.64853e-11
0.000669574
5.3295e-11
0.000669574
5.04001e-11
0.000669574
4.77922e-11
0.000669574
4.54275e-11
0.000669574
4.33031e-11
0.000669574
4.13803e-11
0.000669574
3.96609e-11
0.000669574
3.81106e-11
0.000669574
3.67365e-11
0.000669574
3.55084e-11
0.000669574
3.44369e-11
0.000669574
3.34961e-11
0.000669574
3.2701e-11
0.000669574
3.20293e-11
0.000669574
3.14989e-11
0.000669574
3.10902e-11
0.000669574
3.0824e-11
0.000669574
3.06829e-11
0.000669574
3.0689e-11
0.000669574
3.08264e-11
0.000669574
3.11184e-11
0.000669574
3.15491e-11
0.000669574
3.21407e-11
0.000669574
3.28775e-11
0.000669574
3.37823e-11
0.000669574
3.48396e-11
0.000669574
3.6072e-11
0.000669574
3.74636e-11
0.000669574
3.90369e-11
0.000669574
4.07758e-11
0.000669574
4.27028e-11
0.000669574
4.48024e-11
0.000669574
4.70979e-11
0.000669574
4.95746e-11
0.000669574
5.22562e-11
0.000669574
5.51296e-11
0.000669574
5.82208e-11
0.000669574
6.15254e-11
0.000669574
6.50767e-11
0.000669574
6.88808e-11
0.000669574
7.29807e-11
0.000669574
7.73965e-11
0.000669574
8.21909e-11
0.000669574
8.73575e-11
0.000669574
9.31647e-11
0.000669574
9.90418e-11
0.000669574
1.07244e-10
0.000669574
1.1345e-10
0.000669574
1.23479e-10
0.000669574
1.36141e-10
0.000669574
1.34182e-10
0.000669574
1.65032e-10
1.73868e-10
0.000669576
1.1701e-09
0.000669576
1.07758e-09
0.000669576
9.85739e-10
0.000669576
8.91554e-10
0.000669576
8.10091e-10
0.000669576
7.40893e-10
0.000669576
6.77732e-10
0.000669575
6.19312e-10
0.000669575
5.661e-10
0.000669575
5.1778e-10
0.000669575
4.73785e-10
0.000669575
4.33681e-10
0.000669575
3.97131e-10
0.000669575
3.63815e-10
0.000669575
3.33448e-10
0.000669575
3.05762e-10
0.000669575
2.80524e-10
0.000669575
2.57514e-10
0.000669575
2.36539e-10
0.000669575
2.17418e-10
0.000669575
1.99993e-10
0.000669575
1.84111e-10
0.000669575
1.69642e-10
0.000669575
1.56459e-10
0.000669575
1.44456e-10
0.000669575
1.33526e-10
0.000669575
1.2358e-10
0.000669575
1.14529e-10
0.000669575
1.063e-10
0.000669575
9.88179e-11
0.000669575
9.20221e-11
0.000669575
8.58497e-11
0.000669575
8.02505e-11
0.000669575
7.51714e-11
0.000669575
7.05714e-11
0.000669575
6.64056e-11
0.000669575
6.26405e-11
0.000669575
5.92382e-11
0.000669575
5.6172e-11
0.000669574
5.34102e-11
0.000669574
5.0932e-11
0.000669574
4.87112e-11
0.000669574
4.67324e-11
0.000669574
4.49744e-11
0.000669574
4.34269e-11
0.000669574
4.2073e-11
0.000669574
4.09068e-11
0.000669574
3.99157e-11
0.000669574
3.90976e-11
0.000669574
3.84435e-11
0.000669574
3.79545e-11
0.000669574
3.76246e-11
0.000669574
3.7457e-11
0.000669574
3.74481e-11
0.000669574
3.76026e-11
0.000669574
3.79183e-11
0.000669574
3.84012e-11
0.000669574
3.90503e-11
0.000669574
3.9872e-11
0.000669574
4.08659e-11
0.000669574
4.20387e-11
0.000669574
4.33904e-11
0.000669574
4.49281e-11
0.000669574
4.66524e-11
0.000669574
4.85707e-11
0.000669574
5.06844e-11
0.000669574
5.30017e-11
0.000669574
5.55245e-11
0.000669574
5.82624e-11
0.000669574
6.12187e-11
0.000669574
6.44052e-11
0.000669574
6.78279e-11
0.000669574
7.1502e-11
0.000669574
7.54381e-11
0.000669574
7.96583e-11
0.000669574
8.41797e-11
0.000669574
8.90361e-11
0.000669574
9.42424e-11
0.000669574
9.98793e-11
0.000669574
1.05848e-10
0.000669574
1.12596e-10
0.000669574
1.19047e-10
0.000669574
1.27922e-10
0.000669574
1.33958e-10
0.000669574
1.4435e-10
0.000669574
1.57513e-10
0.000669574
1.53428e-10
0.000669574
1.86435e-10
1.93729e-10
0.000669576
1.2957e-09
0.000669576
1.1898e-09
0.000669576
1.08824e-09
0.000669576
9.87731e-10
0.000669575
8.98872e-10
0.000669575
8.21583e-10
0.000669575
7.5122e-10
0.000669575
6.86528e-10
0.000669575
6.27611e-10
0.000669575
5.74074e-10
0.000669575
5.25342e-10
0.000669575
4.80947e-10
0.000669575
4.40499e-10
0.000669575
4.0364e-10
0.000669575
3.70046e-10
0.000669575
3.39423e-10
0.000669575
3.11507e-10
0.000669575
2.86056e-10
0.000669575
2.62854e-10
0.000669575
2.41703e-10
0.000669575
2.22422e-10
0.000669575
2.04848e-10
0.000669575
1.88833e-10
0.000669575
1.74241e-10
0.000669575
1.60948e-10
0.000669575
1.48841e-10
0.000669575
1.37819e-10
0.000669575
1.27787e-10
0.000669575
1.1866e-10
0.000669575
1.10361e-10
0.000669575
1.02818e-10
0.000669575
9.59672e-11
0.000669575
8.97495e-11
0.000669575
8.41113e-11
0.000669575
7.9004e-11
0.000669575
7.43827e-11
0.000669575
7.02076e-11
0.000669574
6.64415e-11
0.000669574
6.30518e-11
0.000669574
6.00081e-11
0.000669574
5.72843e-11
0.000669574
5.48558e-11
0.000669574
5.27024e-11
0.000669574
5.08048e-11
0.000669574
4.91479e-11
0.000669574
4.77171e-11
0.000669574
4.65019e-11
0.000669574
4.5492e-11
0.000669574
4.46806e-11
0.000669574
4.40611e-11
0.000669574
4.36298e-11
0.000669574
4.33829e-11
0.000669574
4.33192e-11
0.000669574
4.34373e-11
0.000669574
4.37372e-11
0.000669574
4.42197e-11
0.000669574
4.48859e-11
0.000669574
4.5738e-11
0.000669574
4.67777e-11
0.000669574
4.80084e-11
0.000669574
4.94326e-11
0.000669574
5.10545e-11
0.000669574
5.28775e-11
0.000669574
5.49067e-11
0.000669574
5.71464e-11
0.000669574
5.96029e-11
0.000669574
6.22814e-11
0.000669574
6.51896e-11
0.000669574
6.83343e-11
0.000669574
7.17246e-11
0.000669574
7.53702e-11
0.000669574
7.92824e-11
0.000669574
8.34746e-11
0.000669574
8.79612e-11
0.000669574
9.27616e-11
0.000669574
9.78931e-11
0.000669574
1.03385e-10
0.000669574
1.09243e-10
0.000669574
1.15545e-10
0.000669574
1.22152e-10
0.000669574
1.29563e-10
0.000669574
1.36502e-10
0.000669574
1.46039e-10
0.000669574
1.52254e-10
0.000669574
1.63158e-10
0.000669574
1.76822e-10
0.000669574
1.71286e-10
0.000669574
2.0671e-10
2.14591e-10
0.000669575
1.3679e-09
0.000669575
1.25373e-09
0.000669575
1.14634e-09
0.000669575
1.04281e-09
0.000669575
9.50316e-10
0.000669575
8.68632e-10
0.000669575
7.94275e-10
0.000669575
7.2613e-10
0.000669575
6.64068e-10
0.000669575
6.07631e-10
0.000669575
5.56246e-10
0.000669575
5.0943e-10
0.000669575
4.66771e-10
0.000669575
4.27892e-10
0.000669575
3.92453e-10
0.000669575
3.60145e-10
0.000669575
3.30689e-10
0.000669575
3.03831e-10
0.000669575
2.79342e-10
0.000669575
2.57015e-10
0.000669575
2.36659e-10
0.000669575
2.18102e-10
0.000669575
2.01188e-10
0.000669575
1.85773e-10
0.000669575
1.71727e-10
0.000669575
1.58933e-10
0.000669575
1.47281e-10
0.000669575
1.36674e-10
0.000669575
1.27021e-10
0.000669575
1.18242e-10
0.000669575
1.10262e-10
0.000669575
1.03013e-10
0.000669575
9.64338e-11
0.000669575
9.0469e-11
0.000669574
8.50672e-11
0.000669574
8.01826e-11
0.000669574
7.57728e-11
0.000669574
7.18e-11
0.000669574
6.82297e-11
0.000669574
6.50311e-11
0.000669574
6.21764e-11
0.000669574
5.96409e-11
0.000669574
5.7403e-11
0.000669574
5.54434e-11
0.000669574
5.37459e-11
0.000669574
5.22959e-11
0.000669574
5.1082e-11
0.000669574
5.00938e-11
0.000669574
4.93235e-11
0.000669574
4.87644e-11
0.000669574
4.84117e-11
0.000669574
4.82615e-11
0.000669574
4.83114e-11
0.000669574
4.85597e-11
0.000669574
4.90056e-11
0.000669574
4.96496e-11
0.000669574
5.04916e-11
0.000669574
5.15341e-11
0.000669574
5.27779e-11
0.000669574
5.4227e-11
0.000669574
5.58828e-11
0.000669574
5.7751e-11
0.000669574
5.9834e-11
0.000669574
6.21386e-11
0.000669574
6.46685e-11
0.000669574
6.7432e-11
0.000669574
7.04341e-11
0.000669574
7.36845e-11
0.000669574
7.71903e-11
0.000669574
8.09627e-11
0.000669574
8.50116e-11
0.000669574
8.93501e-11
0.000669574
9.39918e-11
0.000669574
9.89518e-11
0.000669574
1.04248e-10
0.000669574
1.09897e-10
0.000669574
1.15925e-10
0.000669574
1.22332e-10
0.000669574
1.29197e-10
0.000669574
1.36358e-10
0.000669574
1.44353e-10
0.000669574
1.51778e-10
0.000669574
1.61981e-10
0.000669574
1.68465e-10
0.000669574
1.80001e-10
0.000669574
1.94393e-10
0.000669574
1.87874e-10
0.000669574
2.25824e-10
2.34097e-10
0.000669575
1.38353e-09
0.000669575
1.26659e-09
0.000669575
1.1578e-09
0.000669575
1.05493e-09
0.000669575
9.62615e-10
0.000669575
8.80278e-10
0.000669575
8.05249e-10
0.000669575
7.36597e-10
0.000669575
6.74059e-10
0.000669575
6.17141e-10
0.000669575
5.6529e-10
0.000669575
5.1803e-10
0.000669575
4.74949e-10
0.000669575
4.35671e-10
0.000669575
3.99856e-10
0.000669575
3.67195e-10
0.000669575
3.37408e-10
0.000669575
3.10242e-10
0.000669575
2.85465e-10
0.000669575
2.6287e-10
0.000669575
2.42264e-10
0.000669575
2.23476e-10
0.000669575
2.06345e-10
0.000669575
1.9073e-10
0.000669575
1.76496e-10
0.000669575
1.63528e-10
0.000669575
1.51713e-10
0.000669575
1.40955e-10
0.000669574
1.31163e-10
0.000669574
1.22256e-10
0.000669574
1.14159e-10
0.000669574
1.06805e-10
0.000669574
1.00131e-10
0.000669574
9.4082e-11
0.000669574
8.86064e-11
0.000669574
8.36584e-11
0.000669574
7.91954e-11
0.000669574
7.51799e-11
0.000669574
7.15771e-11
0.000669574
6.83563e-11
0.000669574
6.54898e-11
0.000669574
6.29531e-11
0.000669574
6.07249e-11
0.000669574
5.87859e-11
0.000669574
5.71205e-11
0.000669574
5.5714e-11
0.000669574
5.45553e-11
0.000669574
5.36341e-11
0.000669574
5.29428e-11
0.000669574
5.24743e-11
0.000669574
5.22242e-11
0.000669574
5.21881e-11
0.000669574
5.23634e-11
0.000669574
5.27484e-11
0.000669574
5.33417e-11
0.000669574
5.41437e-11
0.000669574
5.51542e-11
0.000669574
5.63755e-11
0.000669574
5.78081e-11
0.000669574
5.94563e-11
0.000669574
6.13214e-11
0.000669574
6.34096e-11
0.000669574
6.57232e-11
0.000669574
6.82702e-11
0.000669574
7.10542e-11
0.000669574
7.40848e-11
0.000669574
7.73675e-11
0.000669574
8.09132e-11
0.000669574
8.47297e-11
0.000669574
8.88295e-11
0.000669574
9.32235e-11
0.000669574
9.79258e-11
0.000669574
1.0295e-10
0.000669574
1.08313e-10
0.000669574
1.14032e-10
0.000669574
1.20123e-10
0.000669574
1.26611e-10
0.000669574
1.33494e-10
0.000669574
1.40851e-10
0.000669574
1.48507e-10
0.000669574
1.57035e-10
0.000669574
1.64927e-10
0.000669574
1.7577e-10
0.000669574
1.82602e-10
0.000669574
1.94835e-10
0.000669574
2.10122e-10
0.000669574
2.0295e-10
0.000669574
2.43554e-10
2.51708e-10
0.000669574
1.34213e-09
0.000669574
1.22767e-09
0.000669574
1.12213e-09
0.000669574
1.02405e-09
0.000669574
9.35836e-10
0.000669574
8.5647e-10
0.000669574
7.84017e-10
0.000669574
7.17779e-10
0.000669574
6.5742e-10
0.000669574
6.02431e-10
0.000669574
5.52296e-10
0.000669574
5.06569e-10
0.000669574
4.64858e-10
0.000669574
4.26808e-10
0.000669574
3.92092e-10
0.000669574
3.60418e-10
0.000669574
3.31518e-10
0.000669574
3.0515e-10
0.000669574
2.81092e-10
0.000669574
2.59145e-10
0.000669574
2.39125e-10
0.000669574
2.20865e-10
0.000669574
2.04211e-10
0.000669574
1.89027e-10
0.000669574
1.75182e-10
0.000669574
1.62563e-10
0.000669574
1.51062e-10
0.000669574
1.40586e-10
0.000669574
1.31044e-10
0.000669574
1.22361e-10
0.000669574
1.14466e-10
0.000669574
1.07297e-10
0.000669574
1.00792e-10
0.000669574
9.49e-11
0.000669574
8.95701e-11
0.000669574
8.47582e-11
0.000669574
8.04229e-11
0.000669574
7.65281e-11
0.000669574
7.30402e-11
0.000669574
6.99299e-11
0.000669574
6.71704e-11
0.000669574
6.47387e-11
0.000669574
6.26142e-11
0.000669574
6.07793e-11
0.000669574
5.92188e-11
0.000669574
5.79195e-11
0.000669574
5.68708e-11
0.000669574
5.60633e-11
0.000669574
5.54897e-11
0.000669574
5.51439e-11
0.000669574
5.50211e-11
0.000669574
5.51179e-11
0.000669574
5.54312e-11
0.000669574
5.59601e-11
0.000669574
5.67025e-11
0.000669574
5.76596e-11
0.000669574
5.88304e-11
0.000669574
6.02182e-11
0.000669574
6.18227e-11
0.000669574
6.36493e-11
0.000669574
6.56986e-11
0.000669574
6.79781e-11
0.000669574
7.04899e-11
0.000669574
7.3243e-11
0.000669574
7.62411e-11
0.000669574
7.94953e-11
0.000669574
8.30113e-11
0.000669574
8.68015e-11
0.000669574
9.08742e-11
0.000669574
9.52434e-11
0.000669574
9.99204e-11
0.000669574
1.04921e-10
0.000669574
1.10259e-10
0.000669574
1.15953e-10
0.000669574
1.2202e-10
0.000669574
1.28477e-10
0.000669574
1.35351e-10
0.000669574
1.42642e-10
0.000669574
1.50434e-10
0.000669574
1.58543e-10
0.000669574
1.67585e-10
0.000669574
1.75963e-10
0.000669574
1.87499e-10
0.000669574
1.9481e-10
0.000669574
2.07885e-10
0.000669574
2.24258e-10
0.000669574
2.16637e-10
0.000669574
2.59869e-10
2.67835e-10
0.000669574
1.24573e-09
0.000669574
1.13822e-09
0.000669574
1.04054e-09
0.000669574
9.52066e-10
0.000669574
8.71998e-10
0.000669574
7.98861e-10
0.000669574
7.31912e-10
0.000669574
6.70832e-10
0.000669574
6.15172e-10
0.000669574
5.64396e-10
0.000669574
5.18052e-10
0.000669574
4.75743e-10
0.000669574
4.37118e-10
0.000669574
4.01851e-10
0.000669574
3.69653e-10
0.000669574
3.40252e-10
0.000669574
3.13413e-10
0.000669574
2.88908e-10
0.000669574
2.66542e-10
0.000669574
2.46126e-10
0.000669574
2.27497e-10
0.000669574
2.10497e-10
0.000669574
1.94989e-10
0.000669574
1.80842e-10
0.000669574
1.67941e-10
0.000669574
1.56178e-10
0.000669574
1.45456e-10
0.000669574
1.35682e-10
0.000669574
1.26779e-10
0.000669574
1.18668e-10
0.000669574
1.11288e-10
0.000669574
1.04579e-10
0.000669574
9.84955e-11
0.000669574
9.29863e-11
0.000669574
8.80115e-11
0.000669574
8.35236e-11
0.000669574
7.94901e-11
0.000669574
7.58703e-11
0.000669574
7.26403e-11
0.000669574
6.97652e-11
0.000669574
6.72285e-11
0.000669574
6.50012e-11
0.000669574
6.3073e-11
0.000669574
6.14198e-11
0.000669574
6.00368e-11
0.000669574
5.89037e-11
0.000669574
5.802e-11
0.000669574
5.73689e-11
0.000669574
5.6953e-11
0.000669574
5.67581e-11
0.000669574
5.67891e-11
0.000669574
5.70342e-11
0.000669574
5.74998e-11
0.000669574
5.81762e-11
0.000669574
5.90709e-11
0.000669574
6.01762e-11
0.000669574
6.15004e-11
0.000669574
6.30381e-11
0.000669574
6.47981e-11
0.000669574
6.67773e-11
0.000669574
6.89856e-11
0.000669574
7.14222e-11
0.000669574
7.40983e-11
0.000669574
7.70151e-11
0.000669574
8.01857e-11
0.000669574
8.36133e-11
0.000669574
8.73131e-11
0.000669574
9.12902e-11
0.000669574
9.55622e-11
0.000669574
1.00136e-10
0.000669574
1.05032e-10
0.000669574
1.1026e-10
0.000669574
1.15843e-10
0.000669574
1.21791e-10
0.000669574
1.28134e-10
0.000669574
1.34881e-10
0.000669574
1.42072e-10
0.000669574
1.49698e-10
0.000669574
1.57864e-10
0.000669574
1.66371e-10
0.000669574
1.75887e-10
0.000669574
1.84718e-10
0.000669574
1.96954e-10
0.000669574
2.04749e-10
0.000669574
2.18821e-10
0.000669574
2.36609e-10
0.000669574
2.29134e-10
0.000669574
2.7541e-10
2.8385e-10
0.000669573
1.09927e-09
0.000669573
1.00172e-09
0.000669573
9.15725e-10
0.000669573
8.42711e-10
0.000669574
7.74995e-10
0.000669574
7.1071e-10
0.000669574
6.51675e-10
0.000669574
5.98199e-10
0.000669574
5.49468e-10
0.000669574
5.04939e-10
0.000669574
4.64229e-10
0.000669574
4.27052e-10
0.000669574
3.93062e-10
0.000669574
3.62015e-10
0.000669574
3.33624e-10
0.000669574
3.07697e-10
0.000669574
2.83987e-10
0.000669574
2.62344e-10
0.000669574
2.42554e-10
0.000669574
2.24498e-10
0.000669574
2.0799e-10
0.000669574
1.92937e-10
0.000669574
1.79177e-10
0.000669574
1.66639e-10
0.000669574
1.55178e-10
0.000669574
1.44744e-10
0.000669574
1.35209e-10
0.000669574
1.26537e-10
0.000669574
1.18613e-10
0.000669574
1.11415e-10
0.000669574
1.04839e-10
0.000669574
9.88725e-11
0.000669574
9.3432e-11
0.000669574
8.85255e-11
0.000669574
8.40782e-11
0.000669574
8.00981e-11
0.000669574
7.65078e-11
0.000669574
7.33192e-11
0.000669574
7.04605e-11
0.000669574
6.79512e-11
0.000669574
6.57258e-11
0.000669574
6.38107e-11
0.000669574
6.21457e-11
0.000669574
6.07625e-11
0.000669574
5.96054e-11
0.000669574
5.871e-11
0.000669574
5.80237e-11
0.000669574
5.75858e-11
0.000669574
5.73456e-11
0.000669574
5.73452e-11
0.000669574
5.75352e-11
0.000669574
5.796e-11
0.000669574
5.8571e-11
0.000669574
5.94152e-11
0.000669574
6.04443e-11
0.000669574
6.17074e-11
0.000669574
6.31569e-11
0.000669574
6.4844e-11
0.000669574
6.67217e-11
0.000669574
6.88436e-11
0.000669574
7.11637e-11
0.000669574
7.37382e-11
0.000669574
7.65226e-11
0.000669574
7.9575e-11
0.000669574
8.28534e-11
0.000669574
8.64176e-11
0.000669574
9.02282e-11
0.000669574
9.43467e-11
0.000669574
9.87367e-11
0.000669574
1.03461e-10
0.000669574
1.08487e-10
0.000669574
1.13879e-10
0.000669574
1.19608e-10
0.000669574
1.25742e-10
0.000669574
1.32254e-10
0.000669574
1.39216e-10
0.000669574
1.46613e-10
0.000669574
1.54502e-10
0.000669574
1.6294e-10
0.000669574
1.71787e-10
0.000669574
1.81714e-10
0.000669574
1.90985e-10
0.000669574
2.03969e-10
0.000669574
2.12319e-10
0.000669574
2.27622e-10
0.000669574
2.46997e-10
0.000669574
2.39749e-10
0.000669574
2.89678e-10
3.00439e-10
0.000669573
9.11067e-10
0.000669573
8.254e-10
0.000669573
7.54951e-10
0.000669573
7.02212e-10
0.000669573
6.4926e-10
0.000669573
5.9543e-10
0.000669573
5.46589e-10
0.000669574
5.03011e-10
0.000669574
4.63233e-10
0.000669574
4.26704e-10
0.000669574
3.93288e-10
0.000669574
3.62712e-10
0.000669574
3.34744e-10
0.000669574
3.09133e-10
0.000669574
2.85707e-10
0.000669574
2.64258e-10
0.000669574
2.44647e-10
0.000669574
2.26697e-10
0.000669574
2.10292e-10
0.000669574
1.9528e-10
0.000669574
1.8157e-10
0.000669574
1.69026e-10
0.000669574
1.57578e-10
0.000669574
1.47107e-10
0.000669574
1.37557e-10
0.000669574
1.28826e-10
0.000669574
1.20871e-10
0.000669574
1.13602e-10
0.000669574
1.06986e-10
0.000669574
1.00945e-10
0.000669574
9.54551e-11
0.000669574
9.04466e-11
0.000669574
8.59014e-11
0.000669574
8.17626e-11
0.000669574
7.80361e-11
0.000669574
7.46815e-11
0.000669574
7.16976e-11
0.000669574
6.90309e-11
0.000669574
6.66845e-11
0.000669574
6.46083e-11
0.000669574
6.28148e-11
0.000669574
6.12587e-11
0.000669574
5.99598e-11
0.000669574
5.8876e-11
0.000669574
5.80322e-11
0.000669574
5.73885e-11
0.000669574
5.69738e-11
0.000669574
5.67498e-11
0.000669574
5.67478e-11
0.000669574
5.69304e-11
0.000669574
5.73304e-11
0.000669574
5.79117e-11
0.000669574
5.87084e-11
0.000669574
5.96863e-11
0.000669574
6.08797e-11
0.000669574
6.22564e-11
0.000669574
6.38509e-11
0.000669574
6.56332e-11
0.000669574
6.76382e-11
0.000669574
6.98384e-11
0.000669574
7.227e-11
0.000669574
7.49082e-11
0.000669574
7.77909e-11
0.000669574
8.08956e-11
0.000669574
8.42624e-11
0.000669574
8.78709e-11
0.000669574
9.17637e-11
0.000669574
9.5922e-11
0.000669574
1.00392e-10
0.000669574
1.05155e-10
0.000669574
1.10263e-10
0.000669574
1.15698e-10
0.000669574
1.21515e-10
0.000669574
1.27699e-10
0.000669574
1.34313e-10
0.000669574
1.4134e-10
0.000669574
1.4886e-10
0.000669574
1.56843e-10
0.000669574
1.65457e-10
0.000669574
1.7446e-10
0.000669574
1.84702e-10
0.000669574
1.94223e-10
0.000669574
2.079e-10
0.000669574
2.16599e-10
0.000669574
2.3321e-10
0.000669574
2.53816e-10
0.000669574
2.47431e-10
0.000669574
3.01281e-10
3.15802e-10
0.000669572
6.90722e-10
0.000669572
6.11243e-10
0.000669573
5.69839e-10
0.000669573
5.4145e-10
0.000669573
5.00086e-10
0.000669573
4.57113e-10
0.000669573
4.21125e-10
0.000669573
3.89454e-10
0.000669573
3.60111e-10
0.000669574
3.32988e-10
0.000669574
3.08215e-10
0.000669574
2.8548e-10
0.000669574
2.6467e-10
0.000669574
2.45526e-10
0.000669574
2.28011e-10
0.000669574
2.11894e-10
0.000669574
1.97164e-10
0.000669574
1.83608e-10
0.000669574
1.71234e-10
0.000669574
1.59842e-10
0.000669574
1.49461e-10
0.000669574
1.39899e-10
0.000669574
1.31201e-10
0.000669574
1.23185e-10
0.000669574
1.15909e-10
0.000669574
1.092e-10
0.000669574
1.03125e-10
0.000669574
9.7519e-11
0.000669574
9.24598e-11
0.000669574
8.77877e-11
0.000669574
8.35902e-11
0.000669574
7.97086e-11
0.000669574
7.62361e-11
0.000669574
7.30214e-11
0.000669574
7.0176e-11
0.000669574
6.75659e-11
0.000669574
6.53108e-11
0.000669574
6.32584e-11
0.000669574
6.15203e-11
0.000669574
5.99493e-11
0.000669574
5.86636e-11
0.000669574
5.75226e-11
0.000669574
5.66502e-11
0.000669574
5.59083e-11
0.000669574
5.5425e-11
0.000669574
5.50639e-11
0.000669574
5.49572e-11
0.000669574
5.49682e-11
0.000669574
5.52314e-11
0.000669574
5.56077e-11
0.000669574
5.62335e-11
0.000669574
5.697e-11
0.000669574
5.79583e-11
0.000669574
5.90587e-11
0.000669574
6.04142e-11
0.000669574
6.1884e-11
0.000669574
6.3613e-11
0.000669574
6.54604e-11
0.000669574
6.75731e-11
0.000669574
6.9812e-11
0.000669574
7.23254e-11
0.000669574
7.49774e-11
0.000669574
7.79181e-11
0.000669574
8.10147e-11
0.000669574
8.44186e-11
0.000669574
8.80005e-11
0.000669574
9.19127e-11
0.000669574
9.60289e-11
0.000669574
1.00504e-10
0.000669574
1.05213e-10
0.000669574
1.10316e-10
0.000669574
1.15687e-10
0.000669574
1.21493e-10
0.000669574
1.27607e-10
0.000669574
1.34204e-10
0.000669574
1.41154e-10
0.000669574
1.48653e-10
0.000669574
1.56547e-10
0.000669574
1.65139e-10
0.000669574
1.74045e-10
0.000669574
1.84326e-10
0.000669574
1.93791e-10
0.000669574
2.07847e-10
0.000669574
2.16738e-10
0.000669574
2.3436e-10
0.000669574
2.55778e-10
0.000669574
2.50103e-10
0.000669574
3.05883e-10
3.24273e-10
0.000669572
4.25961e-10
0.000669572
3.9109e-10
0.000669572
3.8462e-10
0.000669573
3.55276e-10
0.000669573
3.22212e-10
0.000669573
3.00262e-10
0.000669573
2.80889e-10
0.000669573
2.61463e-10
0.000669573
2.43547e-10
0.000669573
2.27246e-10
0.000669574
2.1237e-10
0.000669574
1.98555e-10
0.000669574
1.85854e-10
0.000669574
1.7402e-10
0.000669574
1.6315e-10
0.000669574
1.53013e-10
0.000669574
1.4373e-10
0.000669574
1.3508e-10
0.000669574
1.2719e-10
0.000669574
1.19833e-10
0.000669574
1.13147e-10
0.000669574
1.06908e-10
0.000669574
1.0126e-10
0.000669574
9.59834e-11
0.000669574
9.12291e-11
0.000669574
8.67784e-11
0.000669574
8.279e-11
0.000669574
7.90468e-11
0.000669574
7.57122e-11
0.000669574
7.2569e-11
0.000669574
6.97961e-11
0.000669574
6.71801e-11
0.000669574
6.48839e-11
0.000669574
6.27075e-11
0.000669574
6.08396e-11
0.000669574
5.90902e-11
0.000669574
5.76445e-11
0.000669574
5.62961e-11
0.000669574
5.52263e-11
0.000669574
5.42253e-11
0.000669574
5.34874e-11
0.000669574
5.28107e-11
0.000669574
5.23954e-11
0.000669574
5.20343e-11
0.000669574
5.19326e-11
0.000669574
5.18841e-11
0.000669574
5.21002e-11
0.000669574
5.23712e-11
0.000669574
5.29112e-11
0.000669574
5.35024e-11
0.000669574
5.43536e-11
0.000669574
5.52492e-11
0.000669574
5.64122e-11
0.000669574
5.76255e-11
0.000669574
5.9113e-11
0.000669574
6.06571e-11
0.000669574
6.24822e-11
0.000669574
6.43712e-11
0.000669574
6.65489e-11
0.000669574
6.87998e-11
0.000669574
7.13492e-11
0.000669574
7.39845e-11
0.000669574
7.69315e-11
0.000669574
7.99808e-11
0.000669574
8.33596e-11
0.000669574
8.68617e-11
0.000669574
9.07162e-11
0.000669574
9.472e-11
0.000669574
9.91059e-11
0.000669574
1.03671e-10
0.000669574
1.08655e-10
0.000669574
1.13852e-10
0.000669574
1.1951e-10
0.000669574
1.25419e-10
0.000669574
1.31843e-10
0.000669574
1.38557e-10
0.000669574
1.45863e-10
0.000669574
1.53499e-10
0.000669574
1.61882e-10
0.000669574
1.705e-10
0.000669574
1.80528e-10
0.000669574
1.89515e-10
0.000669574
2.0295e-10
0.000669574
2.1114e-10
0.000669575
2.28636e-10
0.000669575
2.50297e-10
0.000669575
2.45331e-10
0.000669575
3.00766e-10
3.20601e-10
0.000669572
1.51726e-10
0.000669572
1.75557e-10
0.000669572
1.65171e-10
0.000669572
1.41728e-10
0.000669573
1.36611e-10
0.000669573
1.36505e-10
0.000669573
1.32621e-10
0.000669573
1.27262e-10
0.000669573
1.2198e-10
0.000669573
1.16717e-10
0.000669573
1.11847e-10
0.000669574
1.07021e-10
0.000669574
1.02584e-10
0.000669574
9.82003e-11
0.000669574
9.42228e-11
0.000669574
9.02814e-11
0.000669574
8.67335e-11
0.000669574
8.32162e-11
0.000669574
8.00851e-11
0.000669574
7.69635e-11
0.000669574
7.42187e-11
0.000669574
7.14687e-11
0.000669574
6.90811e-11
0.000669574
6.66728e-11
0.000669574
6.46166e-11
0.000669574
6.25247e-11
0.000669574
6.07741e-11
0.000669574
5.89774e-11
0.000669574
5.75188e-11
0.000669574
5.5998e-11
0.000669574
5.47644e-11
0.000669574
5.33954e-11
0.000669574
5.23551e-11
0.000669574
5.12669e-11
0.000669574
5.04955e-11
0.000669574
4.96331e-11
0.000669574
4.90759e-11
0.000669574
4.84371e-11
0.000669574
4.81141e-11
0.000669574
4.76889e-11
0.000669574
4.75646e-11
0.000669574
4.73458e-11
0.000669574
4.74401e-11
0.000669574
4.74383e-11
0.000669574
4.77599e-11
0.000669574
4.79994e-11
0.000669574
4.85822e-11
0.000669574
4.90971e-11
0.000669574
4.99488e-11
0.000669574
5.07033e-11
0.000669574
5.17948e-11
0.000669574
5.27984e-11
0.000669574
5.41542e-11
0.000669574
5.54303e-11
0.000669574
5.70683e-11
0.000669574
5.86335e-11
0.000669574
6.05692e-11
0.000669574
6.24399e-11
0.000669574
6.46891e-11
0.000669574
6.68834e-11
0.000669574
6.94656e-11
0.000669574
7.20058e-11
0.000669574
7.49461e-11
0.000669574
7.7861e-11
0.000669574
8.11924e-11
0.000669574
8.45186e-11
0.000669574
8.82828e-11
0.000669574
9.20655e-11
0.000669574
9.63144e-11
0.000669574
1.00607e-10
0.000669574
1.054e-10
0.000669574
1.10262e-10
0.000669574
1.15668e-10
0.000669574
1.21164e-10
0.000669574
1.27259e-10
0.000669575
1.33468e-10
0.000669575
1.40353e-10
0.000669575
1.47371e-10
0.000669575
1.55226e-10
0.000669575
1.63108e-10
0.000669575
1.72515e-10
0.000669575
1.80842e-10
0.000669575
1.93825e-10
0.000669575
2.01115e-10
0.000669575
2.17385e-10
0.000669575
2.37538e-10
0.000669575
2.32112e-10
0.000669575
2.82894e-10
3.00789e-10
0.000669572
-9.28219e-11
0.000669572
-8.77726e-11
0.000669572
-6.26166e-11
0.000669572
-5.36554e-11
0.000669572
-5.22464e-11
0.000669573
-4.21019e-11
0.000669573
-2.90182e-11
0.000669573
-1.85849e-11
0.000669573
-1.04557e-11
0.000669573
-3.25577e-12
0.000669573
2.76263e-12
0.000669573
8.32231e-12
0.000669574
1.30969e-11
0.000669574
1.72923e-11
0.000669574
2.07417e-11
0.000669574
2.37963e-11
0.000669574
2.62746e-11
0.000669574
2.85253e-11
0.000669574
3.03205e-11
0.000669574
3.19641e-11
0.000669574
3.32042e-11
0.000669574
3.43816e-11
0.000669574
3.52215e-11
0.000669574
3.60485e-11
0.000669574
3.65977e-11
0.000669574
3.7199e-11
0.000669574
3.75491e-11
0.000669574
3.79783e-11
0.000669574
3.81757e-11
0.000669574
3.84939e-11
0.000669574
3.8746e-11
0.000669574
3.92036e-11
0.000669574
3.90461e-11
0.000669574
3.92729e-11
0.000669574
3.9346e-11
0.000669574
3.95901e-11
0.000669574
3.96961e-11
0.000669574
3.9993e-11
0.000669574
4.01282e-11
0.000669574
4.0436e-11
0.000669574
4.06217e-11
0.000669574
4.10492e-11
0.000669574
4.13872e-11
0.000669574
4.19523e-11
0.000669574
4.2392e-11
0.000669574
4.30703e-11
0.000669574
4.36566e-11
0.000669574
4.45088e-11
0.000669574
4.52895e-11
0.000669574
4.63603e-11
0.000669574
4.73526e-11
0.000669574
4.86114e-11
0.000669574
4.97913e-11
0.000669574
5.12559e-11
0.000669574
5.26517e-11
0.000669574
5.43464e-11
0.000669574
5.59828e-11
0.000669574
5.79291e-11
0.000669574
5.98257e-11
0.000669574
6.20412e-11
0.000669574
6.42166e-11
0.000669574
6.67203e-11
0.000669574
6.91958e-11
0.000669574
7.20114e-11
0.000669574
7.48135e-11
0.000669574
7.79706e-11
0.000669574
8.11316e-11
0.000669574
8.46671e-11
0.000669574
8.82255e-11
0.000669574
9.21836e-11
0.000669575
9.61843e-11
0.000669575
1.00616e-10
0.000669575
1.05109e-10
0.000669575
1.1007e-10
0.000669575
1.15105e-10
0.000669575
1.20653e-10
0.000669575
1.26283e-10
0.000669575
1.3248e-10
0.000669575
1.38757e-10
0.000669575
1.45727e-10
0.000669575
1.52655e-10
0.000669575
1.60871e-10
0.000669575
1.68003e-10
0.000669575
1.78948e-10
0.000669575
1.85679e-10
0.000669575
1.9978e-10
0.000669575
2.17232e-10
0.000669575
2.11162e-10
0.000669575
2.54742e-10
2.66678e-10
0.000669572
-3.84159e-10
0.000669572
-3.28504e-10
0.000669572
-2.91825e-10
0.000669572
-2.69231e-10
0.000669573
-2.44189e-10
0.000669573
-2.14769e-10
0.000669573
-1.87075e-10
0.000669573
-1.63052e-10
0.000669573
-1.41938e-10
0.000669573
-1.22979e-10
0.000669573
-1.06183e-10
0.000669573
-9.09009e-11
0.000669574
-7.7362e-11
0.000669574
-6.5097e-11
0.000669574
-5.43585e-11
0.000669574
-4.4614e-11
0.000669574
-3.59939e-11
0.000669574
-2.81546e-11
0.000669574
-2.13083e-11
0.000669574
-1.50902e-11
0.000669574
-9.6327e-12
0.000669574
-4.62505e-12
0.000669574
-3.02822e-13
0.000669574
3.52617e-12
0.000669574
6.97509e-12
0.000669574
1.01836e-11
0.000669574
1.29455e-11
0.000669574
1.55333e-11
0.000669574
1.774e-11
0.000669574
1.98276e-11
0.000669574
2.15952e-11
0.000669574
2.32943e-11
0.000669574
2.47034e-11
0.000669574
2.61067e-11
0.000669574
2.72886e-11
0.000669574
2.85012e-11
0.000669574
2.9519e-11
0.000669574
3.06962e-11
0.000669574
3.1798e-11
0.000669574
3.27055e-11
0.000669574
3.34664e-11
0.000669574
3.44208e-11
0.000669574
3.52124e-11
0.000669574
3.61269e-11
0.000669574
3.69804e-11
0.000669574
3.80272e-11
0.000669574
3.89807e-11
0.000669574
4.00959e-11
0.000669574
4.1132e-11
0.000669574
4.23682e-11
0.000669574
4.35451e-11
0.000669574
4.49391e-11
0.000669574
4.62863e-11
0.000669574
4.78488e-11
0.000669574
4.93529e-11
0.000669574
5.10835e-11
0.000669574
5.27734e-11
0.000669574
5.47017e-11
0.000669574
5.66007e-11
0.000669574
5.8747e-11
0.000669574
6.08744e-11
0.000669574
6.32585e-11
0.000669574
6.56352e-11
0.000669574
6.82791e-11
0.000669574
7.09278e-11
0.000669574
7.38562e-11
0.000669575
7.68026e-11
0.000669575
8.00443e-11
0.000669575
8.33174e-11
0.000669575
8.69056e-11
0.000669575
9.05373e-11
0.000669575
9.45081e-11
0.000669575
9.85326e-11
0.000669575
1.02925e-10
0.000669575
1.07378e-10
0.000669575
1.12231e-10
0.000669575
1.17148e-10
0.000669575
1.22507e-10
0.000669575
1.27915e-10
0.000669575
1.33873e-10
0.000669575
1.39755e-10
0.000669575
1.46719e-10
0.000669575
1.52729e-10
0.000669575
1.61584e-10
0.000669575
1.67241e-10
0.000669575
1.7793e-10
0.000669575
1.91568e-10
0.000669575
1.84925e-10
0.000669575
2.2053e-10
2.25229e-10
0.000669572
-6.45838e-10
0.000669572
-5.56031e-10
0.000669572
-4.99071e-10
0.000669572
-4.6583e-10
0.000669573
-4.22004e-10
0.000669573
-3.73614e-10
0.000669573
-3.3241e-10
0.000669573
-2.96274e-10
0.000669573
-2.63554e-10
0.000669573
-2.33664e-10
0.000669573
-2.06789e-10
0.000669574
-1.82567e-10
0.000669574
-1.60857e-10
0.000669574
-1.41286e-10
0.000669574
-1.23736e-10
0.000669574
-1.07953e-10
0.000669574
-9.36614e-11
0.000669574
-8.08126e-11
0.000669574
-6.94072e-11
0.000669574
-5.8893e-11
0.000669574
-4.95951e-11
0.000669574
-4.11716e-11
0.000669574
-3.36637e-11
0.000669574
-2.68571e-11
0.000669574
-2.07783e-11
0.000669574
-1.51811e-11
0.000669574
-1.02286e-11
0.000669574
-5.67257e-12
0.000669574
-1.63751e-12
0.000669574
1.95578e-12
0.000669574
5.21746e-12
0.000669574
8.27747e-12
0.000669574
1.09823e-11
0.000669574
1.35065e-11
0.000669574
1.57351e-11
0.000669574
1.78586e-11
0.000669574
1.97383e-11
0.000669574
2.15495e-11
0.000669574
2.31485e-11
0.000669574
2.47133e-11
0.000669574
2.61346e-11
0.000669574
2.78147e-11
0.000669574
2.92693e-11
0.000669574
3.03858e-11
0.000669574
3.16166e-11
0.000669574
3.29005e-11
0.000669574
3.41219e-11
0.000669574
3.5469e-11
0.000669574
3.67612e-11
0.000669574
3.81631e-11
0.000669574
3.95149e-11
0.000669574
4.10003e-11
0.000669574
4.24545e-11
0.000669574
4.40533e-11
0.000669574
4.56291e-11
0.000669574
4.73603e-11
0.000669574
4.90806e-11
0.000669574
5.09666e-11
0.000669574
5.28511e-11
0.000669574
5.4905e-11
0.000669574
5.69617e-11
0.000669574
5.91969e-11
0.000669574
6.14459e-11
0.000669575
6.38839e-11
0.000669575
6.63455e-11
0.000669575
6.9006e-11
0.000669575
7.16995e-11
0.000669575
7.46028e-11
0.000669575
7.75471e-11
0.000669575
8.07133e-11
0.000669575
8.39267e-11
0.000669575
8.73755e-11
0.000669575
9.08738e-11
0.000669575
9.4622e-11
0.000669575
9.84181e-11
0.000669575
1.02479e-10
0.000669575
1.06583e-10
0.000669575
1.10973e-10
0.000669575
1.15399e-10
0.000669575
1.20187e-10
0.000669575
1.24927e-10
0.000669575
1.30431e-10
0.000669575
1.35244e-10
0.000669575
1.42441e-10
0.000669575
1.4697e-10
0.000669575
1.54856e-10
0.000669575
1.64938e-10
0.000669575
1.57377e-10
0.000669575
1.85012e-10
1.84265e-10
0.000669572
-8.74154e-10
0.000669572
-7.67128e-10
0.000669573
-6.81473e-10
0.000669573
-6.26462e-10
0.000669573
-5.71242e-10
0.000669573
-5.11898e-10
0.000669573
-4.57598e-10
0.000669573
-4.10422e-10
0.000669573
-3.67918e-10
0.000669573
-3.29246e-10
0.000669574
-2.94412e-10
0.000669574
-2.62751e-10
0.000669574
-2.33958e-10
0.000669574
-2.08277e-10
0.000669574
-1.84674e-10
0.000669574
-1.63537e-10
0.000669574
-1.44537e-10
0.000669574
-1.27438e-10
0.000669574
-1.11841e-10
0.000669574
-9.77615e-11
0.000669574
-8.51127e-11
0.000669574
-7.36313e-11
0.000669574
-6.33707e-11
0.000669574
-5.40542e-11
0.000669574
-4.55928e-11
0.000669574
-3.80182e-11
0.000669574
-3.11154e-11
0.000669574
-2.49039e-11
0.000669574
-1.92911e-11
0.000669574
-1.4199e-11
0.000669574
-9.55943e-12
0.000669574
-5.35324e-12
0.000669574
-1.54982e-12
0.000669574
1.85347e-12
0.000669574
5.00304e-12
0.000669574
7.90476e-12
0.000669574
1.0555e-11
0.000669574
1.30037e-11
0.000669574
1.527e-11
0.000669574
1.73844e-11
0.000669574
1.93435e-11
0.000669574
2.11778e-11
0.000669574
2.29077e-11
0.000669574
2.46583e-11
0.000669574
2.6485e-11
0.000669574
2.79193e-11
0.000669574
2.93338e-11
0.000669574
3.08245e-11
0.000669574
3.23155e-11
0.000669574
3.38294e-11
0.000669574
3.53449e-11
0.000669574
3.6883e-11
0.000669574
3.84406e-11
0.000669574
4.00417e-11
0.000669574
4.16745e-11
0.000669574
4.33608e-11
0.000669574
4.50884e-11
0.000669574
4.68792e-11
0.000669574
4.87194e-11
0.000669574
5.06305e-11
0.000669574
5.25978e-11
0.000669575
5.46432e-11
0.000669575
5.67517e-11
0.000669575
5.89452e-11
0.000669575
6.12076e-11
0.000669575
6.35609e-11
0.000669575
6.59882e-11
0.000669575
6.85115e-11
0.000669575
7.11122e-11
0.000669575
7.3813e-11
0.000669575
7.65922e-11
0.000669575
7.94737e-11
0.000669575
8.24312e-11
0.000669575
8.54913e-11
0.000669575
8.86223e-11
0.000669575
9.18552e-11
0.000669575
9.51542e-11
0.000669575
9.85591e-11
0.000669575
1.02026e-10
0.000669575
1.05642e-10
0.000669575
1.09286e-10
0.000669575
1.1344e-10
0.000669575
1.17262e-10
0.000669575
1.2246e-10
0.000669575
1.25432e-10
0.000669575
1.3073e-10
0.000669575
1.37816e-10
0.000669575
1.30479e-10
0.000669575
1.51991e-10
1.48309e-10
0.000669573
-1.04783e-09
0.000669573
-9.25103e-10
0.000669573
-8.32646e-10
0.000669573
-7.67391e-10
0.000669573
-6.95894e-10
0.000669573
-6.24536e-10
0.000669573
-5.60745e-10
0.000669573
-5.04013e-10
0.000669574
-4.53125e-10
0.000669574
-4.07072e-10
0.000669574
-3.64724e-10
0.000669574
-3.27413e-10
0.000669574
-2.93106e-10
0.000669574
-2.6192e-10
0.000669574
-2.34071e-10
0.000669574
-2.08911e-10
0.000669574
-1.86266e-10
0.000669574
-1.6541e-10
0.000669574
-1.46645e-10
0.000669574
-1.29914e-10
0.000669574
-1.1453e-10
0.000669574
-1.00649e-10
0.000669574
-8.82002e-11
0.000669574
-7.68844e-11
0.000669574
-6.65544e-11
0.000669574
-5.72722e-11
0.000669574
-4.88673e-11
0.000669574
-4.12575e-11
0.000669574
-3.43787e-11
0.000669574
-2.80899e-11
0.000669574
-2.2435e-11
0.000669574
-1.72486e-11
0.000669574
-1.25838e-11
0.000669574
-8.28858e-12
0.000669574
-4.4105e-12
0.000669574
-8.2386e-13
0.000669574
2.35435e-12
0.000669574
5.34006e-12
0.000669574
8.08825e-12
0.000669574
1.06318e-11
0.000669574
1.29926e-11
0.000669574
1.51948e-11
0.000669574
1.72745e-11
0.000669574
1.92271e-11
0.000669574
2.10772e-11
0.000669574
2.30889e-11
0.000669574
2.48574e-11
0.000669574
2.63321e-11
0.000669574
2.79192e-11
0.000669574
2.95224e-11
0.000669574
3.11109e-11
0.000669574
3.27023e-11
0.000669574
3.43004e-11
0.000669574
3.5909e-11
0.000669574
3.75339e-11
0.000669574
3.91825e-11
0.000669574
4.08582e-11
0.000669574
4.25668e-11
0.000669574
4.43102e-11
0.000669575
4.60935e-11
0.000669575
4.79173e-11
0.000669575
4.97862e-11
0.000669575
5.17001e-11
0.000669575
5.36625e-11
0.000669575
5.56725e-11
0.000669575
5.77328e-11
0.000669575
5.98415e-11
0.000669575
6.20001e-11
0.000669575
6.42054e-11
0.000669575
6.64577e-11
0.000669575
6.87523e-11
0.000669575
7.10882e-11
0.000669575
7.34586e-11
0.000669575
7.58625e-11
0.000669575
7.82917e-11
0.000669575
8.07475e-11
0.000669575
8.32229e-11
0.000669575
8.57254e-11
0.000669575
8.82492e-11
0.000669575
9.08328e-11
0.000669575
9.34223e-11
0.000669575
9.63384e-11
0.000669575
9.89435e-11
0.000669575
1.02445e-10
0.000669575
1.0407e-10
0.000669575
1.07427e-10
0.000669575
1.12266e-10
0.000669575
1.05555e-10
0.000669575
1.22023e-10
1.18193e-10
0.000669573
-1.17822e-09
0.000669573
-1.04939e-09
0.000669573
-9.37503e-10
0.000669573
-8.56462e-10
0.000669573
-7.78606e-10
0.000669574
-7.03618e-10
0.000669574
-6.31764e-10
0.000669574
-5.70553e-10
0.000669574
-5.14246e-10
0.000669574
-4.62697e-10
0.000669574
-4.17038e-10
0.000669574
-3.75035e-10
0.000669574
-3.36834e-10
0.000669574
-3.02095e-10
0.000669574
-2.71121e-10
0.000669574
-2.42747e-10
0.000669574
-2.17297e-10
0.000669574
-1.9427e-10
0.000669574
-1.73041e-10
0.000669574
-1.54079e-10
0.000669574
-1.36999e-10
0.000669574
-1.21297e-10
0.000669574
-1.07195e-10
0.000669574
-9.4416e-11
0.000669574
-8.28883e-11
0.000669574
-7.23236e-11
0.000669574
-6.28118e-11
0.000669574
-5.41641e-11
0.000669574
-4.63909e-11
0.000669574
-3.92298e-11
0.000669574
-3.28014e-11
0.000669574
-2.69344e-11
0.000669574
-2.15753e-11
0.000669574
-1.67427e-11
0.000669574
-1.22872e-11
0.000669574
-8.24763e-12
0.000669574
-4.54372e-12
0.000669574
-1.15164e-12
0.000669574
1.90251e-12
0.000669574
4.76274e-12
0.000669574
7.41179e-12
0.000669574
9.8744e-12
0.000669574
1.21752e-11
0.000669574
1.43306e-11
0.000669574
1.63717e-11
0.000669574
1.83068e-11
0.000669574
2.01739e-11
0.000669574
2.21477e-11
0.000669574
2.39122e-11
0.000669574
2.53025e-11
0.000669574
2.69504e-11
0.000669574
2.85635e-11
0.000669574
3.01512e-11
0.000669574
3.17344e-11
0.000669574
3.33198e-11
0.000669574
3.49087e-11
0.000669574
3.65063e-11
0.000669575
3.81158e-11
0.000669575
3.97412e-11
0.000669575
4.13844e-11
0.000669575
4.30477e-11
0.000669575
4.47319e-11
0.000669575
4.64378e-11
0.000669575
4.81651e-11
0.000669575
4.99132e-11
0.000669575
5.16802e-11
0.000669575
5.34642e-11
0.000669575
5.52617e-11
0.000669575
5.70694e-11
0.000669575
5.88822e-11
0.000669575
6.06953e-11
0.000669575
6.25023e-11
0.000669575
6.42977e-11
0.000669575
6.60742e-11
0.000669575
6.78265e-11
0.000669575
6.95481e-11
0.000669575
7.12352e-11
0.000669575
7.28849e-11
0.000669575
7.44913e-11
0.000669575
7.60702e-11
0.000669575
7.75621e-11
0.000669575
7.91404e-11
0.000669575
8.031e-11
0.000669575
8.2242e-11
0.000669575
8.27285e-11
0.000669575
8.46853e-11
0.000669575
8.78261e-11
0.000669575
8.22694e-11
0.000669575
9.47463e-11
9.22164e-11
0.000669574
-1.24243e-09
0.000669574
-1.10751e-09
0.000669574
-1.00142e-09
0.000669574
-9.16588e-10
0.000669574
-8.31513e-10
0.000669574
-7.47637e-10
0.000669574
-6.74873e-10
0.000669574
-6.08089e-10
0.000669574
-5.49802e-10
0.000669574
-4.95379e-10
0.000669574
-4.46626e-10
0.000669574
-4.02829e-10
0.000669574
-3.62152e-10
0.000669574
-3.25898e-10
0.000669574
-2.93452e-10
0.000669574
-2.6357e-10
0.000669574
-2.36262e-10
0.000669574
-2.12075e-10
0.000669574
-1.89805e-10
0.000669574
-1.69711e-10
0.000669574
-1.51312e-10
0.000669574
-1.3477e-10
0.000669574
-1.19924e-10
0.000669574
-1.06108e-10
0.000669574
-9.37924e-11
0.000669574
-8.26934e-11
0.000669574
-7.25305e-11
0.000669574
-6.32967e-11
0.000669574
-5.4837e-11
0.000669574
-4.72918e-11
0.000669574
-4.03647e-11
0.000669574
-3.40728e-11
0.000669574
-2.83074e-11
0.000669574
-2.31213e-11
0.000669574
-1.83687e-11
0.000669574
-1.40168e-11
0.000669574
-1.00649e-11
0.000669574
-6.42072e-12
0.000669574
-3.11018e-12
0.000669574
-5.65998e-14
0.000669574
2.73247e-12
0.000669574
5.33716e-12
0.000669574
7.7609e-12
0.000669574
1.00271e-11
0.000669574
1.21512e-11
0.000669574
1.41555e-11
0.000669574
1.60648e-11
0.000669574
1.78975e-11
0.000669574
1.98837e-11
0.000669574
2.15528e-11
0.000669574
2.2931e-11
0.000669574
2.45126e-11
0.000669574
2.60779e-11
0.000669574
2.76062e-11
0.000669574
2.91193e-11
0.000669575
3.06244e-11
0.000669575
3.21238e-11
0.000669575
3.36188e-11
0.000669575
3.51128e-11
0.000669575
3.66069e-11
0.000669575
3.81025e-11
0.000669575
3.95991e-11
0.000669575
4.10962e-11
0.000669575
4.25914e-11
0.000669575
4.40823e-11
0.000669575
4.55648e-11
0.000669575
4.70347e-11
0.000669575
4.84857e-11
0.000669575
4.99122e-11
0.000669575
5.13056e-11
0.000669575
5.26589e-11
0.000669575
5.39619e-11
0.000669575
5.52064e-11
0.000669575
5.63808e-11
0.000669575
5.74766e-11
0.000669575
5.84815e-11
0.000669575
5.93876e-11
0.000669575
6.01834e-11
0.000669575
6.08612e-11
0.000669575
6.14256e-11
0.000669575
6.18335e-11
0.000669575
6.22218e-11
0.000669575
6.22232e-11
0.000669575
6.27228e-11
0.000669575
6.19931e-11
0.000669575
6.24142e-11
0.000669575
6.36484e-11
0.000669575
5.9005e-11
0.000669575
6.73114e-11
6.67297e-11
0.000669574
-1.25868e-09
0.000669574
-1.12553e-09
0.000669574
-1.00871e-09
0.000669574
-9.17073e-10
0.000669574
-8.35302e-10
0.000669574
-7.54857e-10
0.000669574
-6.82584e-10
0.000669574
-6.15994e-10
0.000669574
-5.57929e-10
0.000669574
-5.03141e-10
0.000669574
-4.55197e-10
0.000669574
-4.1007e-10
0.000669574
-3.70607e-10
0.000669574
-3.33958e-10
0.000669574
-3.00509e-10
0.000669574
-2.7102e-10
0.000669574
-2.43765e-10
0.000669574
-2.18976e-10
0.000669574
-1.9645e-10
0.000669574
-1.76008e-10
0.000669574
-1.57446e-10
0.000669574
-1.40838e-10
0.000669574
-1.25809e-10
0.000669574
-1.11829e-10
0.000669574
-9.93242e-11
0.000669574
-8.79232e-11
0.000669574
-7.77042e-11
0.000669574
-6.82273e-11
0.000669574
-5.96958e-11
0.000669574
-5.20062e-11
0.000669574
-4.48769e-11
0.000669574
-3.85188e-11
0.000669574
-3.26727e-11
0.000669574
-2.73111e-11
0.000669574
-2.24607e-11
0.000669574
-1.80605e-11
0.000669574
-1.39903e-11
0.000669574
-1.02899e-11
0.000669574
-6.8979e-12
0.000669574
-3.794e-12
0.000669574
-9.18679e-13
0.000669574
1.68221e-12
0.000669574
4.12157e-12
0.000669574
6.39605e-12
0.000669574
8.52512e-12
0.000669574
1.05239e-11
0.000669574
1.24113e-11
0.000669574
1.42005e-11
0.000669574
1.59273e-11
0.000669574
1.77927e-11
0.000669574
1.93532e-11
0.000669574
2.066e-11
0.000669574
2.21243e-11
0.000669575
2.35819e-11
0.000669575
2.50018e-11
0.000669575
2.63989e-11
0.000669575
2.77824e-11
0.000669575
2.91516e-11
0.000669575
3.05071e-11
0.000669575
3.18493e-11
0.000669575
3.31785e-11
0.000669575
3.44928e-11
0.000669575
3.57901e-11
0.000669575
3.70662e-11
0.000669575
3.83169e-11
0.000669575
3.95355e-11
0.000669575
4.07156e-11
0.000669575
4.18482e-11
0.000669575
4.29248e-11
0.000669575
4.39337e-11
0.000669575
4.48646e-11
0.000669575
4.57035e-11
0.000669575
4.64388e-11
0.000669575
4.70542e-11
0.000669575
4.75376e-11
0.000669575
4.78717e-11
0.000669575
4.8045e-11
0.000669575
4.8039e-11
0.000669575
4.78312e-11
0.000669575
4.73877e-11
0.000669575
4.66457e-11
0.000669575
4.56819e-11
0.000669575
4.43206e-11
0.000669575
4.31369e-11
0.000669575
4.10998e-11
0.000669575
3.97541e-11
0.000669575
3.87108e-11
0.000669575
3.48403e-11
0.000669575
3.79942e-11
3.76049e-11
0.000669575
-1.2017e-09
0.000669575
-1.0766e-09
0.000669575
-9.73424e-10
0.000669575
-8.89119e-10
0.000669575
-8.06609e-10
0.000669575
-7.27669e-10
0.000669575
-6.57498e-10
0.000669575
-5.94865e-10
0.000669575
-5.38563e-10
0.000669575
-4.86326e-10
0.000669575
-4.40638e-10
0.000669574
-3.97413e-10
0.000669574
-3.59859e-10
0.000669574
-3.24257e-10
0.000669574
-2.93206e-10
0.000669574
-2.64399e-10
0.000669574
-2.37912e-10
0.000669574
-2.14552e-10
0.000669574
-1.93016e-10
0.000669574
-1.73301e-10
0.000669574
-1.55435e-10
0.000669574
-1.39399e-10
0.000669574
-1.24686e-10
0.000669574
-1.11405e-10
0.000669574
-9.92687e-11
0.000669574
-8.81402e-11
0.000669574
-7.83013e-11
0.000669574
-6.90823e-11
0.000669574
-6.07929e-11
0.000669574
-5.32834e-11
0.000669574
-4.64004e-11
0.000669574
-4.01637e-11
0.000669574
-3.44739e-11
0.000669574
-2.92987e-11
0.000669574
-2.45528e-11
0.000669574
-2.02397e-11
0.000669574
-1.63174e-11
0.000669574
-1.26935e-11
0.000669574
-9.41219e-12
0.000669574
-6.37415e-12
0.000669574
-3.60549e-12
0.000669574
-1.04265e-12
0.000669574
1.30055e-12
0.000669574
3.48943e-12
0.000669574
5.53134e-12
0.000669574
7.44204e-12
0.000669574
9.23959e-12
0.000669574
1.09362e-11
0.000669574
1.25494e-11
0.000669574
1.41109e-11
0.000669574
1.57847e-11
0.000669575
1.71871e-11
0.000669575
1.83628e-11
0.000669575
1.96915e-11
0.000669575
2.10034e-11
0.000669575
2.22812e-11
0.000669575
2.35363e-11
0.000669575
2.4772e-11
0.000669575
2.59875e-11
0.000669575
2.71816e-11
0.000669575
2.83531e-11
0.000669575
2.9499e-11
0.000669575
3.06151e-11
0.000669575
3.16959e-11
0.000669575
3.27345e-11
0.000669575
3.37228e-11
0.000669575
3.46514e-11
0.000669575
3.55092e-11
0.000669575
3.62845e-11
0.000669575
3.69625e-11
0.000669575
3.75286e-11
0.000669575
3.79651e-11
0.000669575
3.82551e-11
0.000669575
3.83765e-11
0.000669575
3.83099e-11
0.000669575
3.80294e-11
0.000669575
3.75146e-11
0.000669575
3.6741e-11
0.000669575
3.57024e-11
0.000669575
3.42947e-11
0.000669575
3.24706e-11
0.000669575
3.01947e-11
0.000669575
2.73583e-11
0.000669575
2.41871e-11
0.000669575
2.05864e-11
0.000669575
1.67075e-11
0.000669575
1.25403e-11
0.000669575
8.59349e-12
0.000669575
4.22468e-12
1.30116e-12
0.000669575
-1.10227e-09
0.000669575
-9.84152e-10
0.000669575
-8.81145e-10
0.000669575
-8.02525e-10
0.000669575
-7.32568e-10
0.000669575
-6.64464e-10
0.000669575
-6.01379e-10
0.000669575
-5.44762e-10
0.000669575
-4.9291e-10
0.000669575
-4.47401e-10
0.000669575
-4.05319e-10
0.000669575
-3.6661e-10
0.000669575
-3.32182e-10
0.000669575
-2.99834e-10
0.000669575
-2.71532e-10
0.000669575
-2.45092e-10
0.000669575
-2.20971e-10
0.000669575
-1.99747e-10
0.000669575
-1.79732e-10
0.000669575
-1.61782e-10
0.000669575
-1.45603e-10
0.000669575
-1.30642e-10
0.000669575
-1.17312e-10
0.000669574
-1.05058e-10
0.000669574
-9.38419e-11
0.000669574
-8.36312e-11
0.000669574
-7.43794e-11
0.000669574
-6.60336e-11
0.000669574
-5.82941e-11
0.000669574
-5.13238e-11
0.000669574
-4.49609e-11
0.000669574
-3.91646e-11
0.000669574
-3.38843e-11
0.000669574
-2.90637e-11
0.000669574
-2.46747e-11
0.000669574
-2.06656e-11
0.000669574
-1.70063e-11
0.000669574
-1.36769e-11
0.000669574
-1.06085e-11
0.000669574
-7.80736e-12
0.000669574
-5.23866e-12
0.000669574
-2.86013e-12
0.000669574
-6.61191e-13
0.000669574
1.2965e-12
0.000669574
3.15562e-12
0.000669574
4.89667e-12
0.000669574
6.53386e-12
0.000669574
8.07544e-12
0.000669574
9.53751e-12
0.000669575
1.09308e-11
0.000669575
1.22918e-11
0.000669575
1.37108e-11
0.000669575
1.49304e-11
0.000669575
1.59611e-11
0.000669575
1.71373e-11
0.000669575
1.82865e-11
0.000669575
1.94098e-11
0.000669575
2.05094e-11
0.000669575
2.15919e-11
0.000669575
2.26476e-11
0.000669575
2.36798e-11
0.000669575
2.46782e-11
0.000669575
2.56435e-11
0.000669575
2.6562e-11
0.000669575
2.7431e-11
0.000669575
2.8234e-11
0.000669575
2.89652e-11
0.000669575
2.96053e-11
0.000669575
3.01458e-11
0.000669575
3.05637e-11
0.000669575
3.08477e-11
0.000669575
3.09704e-11
0.000669575
3.0916e-11
0.000669575
3.06503e-11
0.000669575
3.01533e-11
0.000669575
2.9385e-11
0.000669575
2.83195e-11
0.000669575
2.69127e-11
0.000669575
2.5161e-11
0.000669575
2.28774e-11
0.000669575
1.9972e-11
0.000669575
1.63848e-11
0.000669575
1.23255e-11
0.000669575
6.95342e-12
0.000669575
1.579e-12
0.000669575
-5.82359e-12
0.000669575
-1.43375e-11
0.000669575
-1.94858e-11
0.000669575
-3.38601e-11
-4.34021e-11
0.000669576
-9.40957e-10
0.000669576
-8.33686e-10
0.000669576
-7.4951e-10
0.000669575
-6.88301e-10
0.000669575
-6.29645e-10
0.000669575
-5.71016e-10
0.000669575
-5.17573e-10
0.000669575
-4.69678e-10
0.000669575
-4.25572e-10
0.000669575
-3.8625e-10
0.000669575
-3.50304e-10
0.000669575
-3.18194e-10
0.000669575
-2.87764e-10
0.000669575
-2.61349e-10
0.000669575
-2.36095e-10
0.000669575
-2.14176e-10
0.000669575
-1.93207e-10
0.000669575
-1.75077e-10
0.000669575
-1.5785e-10
0.000669575
-1.42257e-10
0.000669575
-1.28545e-10
0.000669575
-1.15726e-10
0.000669575
-1.03699e-10
0.000669575
-9.32564e-11
0.000669575
-8.34605e-11
0.000669575
-7.46513e-11
0.000669575
-6.66332e-11
0.000669575
-5.92699e-11
0.000669575
-5.24784e-11
0.000669575
-4.64037e-11
0.000669575
-4.08138e-11
0.000669574
-3.57047e-11
0.000669574
-3.10649e-11
0.000669574
-2.68155e-11
0.000669574
-2.29532e-11
0.000669574
-1.94196e-11
0.000669574
-1.62072e-11
0.000669574
-1.32654e-11
0.000669574
-1.05908e-11
0.000669574
-8.14022e-12
0.000669574
-5.90954e-12
0.000669574
-3.8583e-12
0.000669574
-1.99365e-12
0.000669574
-2.90572e-13
0.000669574
1.39536e-12
0.000669574
2.90795e-12
0.000669574
4.30019e-12
0.000669575
5.61755e-12
0.000669575
6.85486e-12
0.000669575
8.04402e-12
0.000669575
9.17924e-12
0.000669575
1.03576e-11
0.000669575
1.15111e-11
0.000669575
1.24906e-11
0.000669575
1.3412e-11
0.000669575
1.44234e-11
0.000669575
1.53997e-11
0.000669575
1.637e-11
0.000669575
1.73173e-11
0.000669575
1.82589e-11
0.000669575
1.9166e-11
0.000669575
2.00549e-11
0.000669575
2.08956e-11
0.000669575
2.17019e-11
0.000669575
2.24414e-11
0.000669575
2.31256e-11
0.000669575
2.37187e-11
0.000669575
2.42308e-11
0.000669575
2.46209e-11
0.000669575
2.48887e-11
0.000669575
2.49908e-11
0.000669575
2.49274e-11
0.000669575
2.46508e-11
0.000669575
2.41508e-11
0.000669575
2.33732e-11
0.000669575
2.22999e-11
0.000669575
2.08673e-11
0.000669575
1.90438e-11
0.000669575
1.67337e-11
0.000669575
1.38682e-11
0.000669575
1.03157e-11
0.000669575
5.91273e-12
0.000669575
7.77173e-13
0.000669575
-6.69474e-12
0.000669575
-1.39372e-11
0.000669575
-2.53189e-11
0.000669575
-3.87025e-11
0.000669575
-4.66233e-11
0.000669575
-7.29283e-11
-9.40715e-11
0.000669576
-7.5188e-10
0.000669576
-6.37998e-10
0.000669576
-5.70354e-10
0.000669576
-5.3449e-10
0.000669576
-4.95865e-10
0.000669575
-4.50862e-10
0.000669575
-4.0866e-10
0.000669575
-3.71711e-10
0.000669575
-3.384e-10
0.000669575
-3.07562e-10
0.000669575
-2.79816e-10
0.000669575
-2.54399e-10
0.000669575
-2.31399e-10
0.000669575
-2.09959e-10
0.000669575
-1.90715e-10
0.000669575
-1.73021e-10
0.000669575
-1.5678e-10
0.000669575
-1.42053e-10
0.000669575
-1.28625e-10
0.000669575
-1.16254e-10
0.000669575
-1.05146e-10
0.000669575
-9.48516e-11
0.000669575
-8.54639e-11
0.000669575
-7.68954e-11
0.000669575
-6.90909e-11
0.000669575
-6.19403e-11
0.000669574
-5.53799e-11
0.000669574
-4.93739e-11
0.000669574
-4.38941e-11
0.000669574
-3.88705e-11
0.000669574
-3.42902e-11
0.000669574
-3.00918e-11
0.000669574
-2.62646e-11
0.000669574
-2.27728e-11
0.000669574
-1.95957e-11
0.000669574
-1.66995e-11
0.000669574
-1.40683e-11
0.000669574
-1.1669e-11
0.000669574
-9.49135e-12
0.000669574
-7.50379e-12
0.000669574
-5.69578e-12
0.000669574
-4.03829e-12
0.000669574
-2.52004e-12
0.000669574
-1.10996e-12
0.000669574
1.74583e-13
0.000669574
1.31409e-12
0.000669574
2.40368e-12
0.000669574
3.4415e-12
0.000669574
4.42662e-12
0.000669574
5.37686e-12
0.000669574
6.29205e-12
0.000669574
7.18971e-12
0.000669574
8.06855e-12
0.000669574
8.92829e-12
0.000669574
9.76084e-12
0.000669574
1.06118e-11
0.000669574
1.14696e-11
0.000669574
1.23304e-11
0.000669574
1.31789e-11
0.000669574
1.4022e-11
0.000669574
1.48485e-11
0.000669574
1.56614e-11
0.000669574
1.64419e-11
0.000669574
1.71858e-11
0.000669575
1.78636e-11
0.000669575
1.84736e-11
0.000669575
1.899e-11
0.000669575
1.94191e-11
0.000669575
1.97375e-11
0.000669575
1.99424e-11
0.000669575
2.00056e-11
0.000669575
1.99068e-11
0.000669575
1.96072e-11
0.000669575
1.90857e-11
0.000669575
1.83017e-11
0.000669575
1.72028e-11
0.000669575
1.57388e-11
0.000669575
1.38636e-11
0.000669575
1.14141e-11
0.000669575
8.48554e-12
0.000669575
4.40219e-12
0.000669575
4.02484e-14
0.000669575
-6.57954e-12
0.000669575
-1.34795e-11
0.000669575
-2.35526e-11
0.000669575
-3.78216e-11
0.000669575
-5.27599e-11
0.000669575
-6.89726e-11
0.000669575
-1.03615e-10
-1.37905e-10
0.000669568
-5.04904e-10
0.000669568
-4.24946e-10
0.000669568
-3.66008e-10
0.000669568
-3.49902e-10
0.000669568
-3.38208e-10
0.000669567
-3.10932e-10
0.000669567
-2.81839e-10
0.000669567
-2.57497e-10
0.000669567
-2.35872e-10
0.000669567
-2.15513e-10
0.000669567
-1.96689e-10
0.000669567
-1.79569e-10
0.000669567
-1.63928e-10
0.000669567
-1.49486e-10
0.000669567
-1.36298e-10
0.000669567
-1.24255e-10
0.000669567
-1.13142e-10
0.000669567
-1.03002e-10
0.000669566
-9.36619e-11
0.000669566
-8.51139e-11
0.000669566
-7.71953e-11
0.000669566
-6.99725e-11
0.000669566
-6.32866e-11
0.000669566
-5.71394e-11
0.000669566
-5.14651e-11
0.000669566
-4.62732e-11
0.000669566
-4.14697e-11
0.000669566
-3.70674e-11
0.000669566
-3.29905e-11
0.000669566
-2.92704e-11
0.000669566
-2.58354e-11
0.000669566
-2.27173e-11
0.000669566
-1.98428e-11
0.000669566
-1.72443e-11
0.000669566
-1.48568e-11
0.000669566
-1.27121e-11
0.000669566
-1.07495e-11
0.000669566
-9.00103e-12
0.000669566
-7.40442e-12
0.000669566
-5.99269e-12
0.000669566
-4.70275e-12
0.000669566
-3.56695e-12
0.000669566
-2.52333e-12
0.000669566
-1.60479e-12
0.000669566
-7.51509e-13
0.000669566
-1.42981e-14
0.000669566
7.94417e-13
0.000669566
1.49438e-12
0.000669566
2.18596e-12
0.000669566
2.83252e-12
0.000669566
3.4992e-12
0.000669566
4.14505e-12
0.000669566
4.83108e-12
0.000669566
5.50725e-12
0.000669566
6.20267e-12
0.000669566
6.77974e-12
0.000669566
7.50717e-12
0.000669566
8.23325e-12
0.000669566
9.00463e-12
0.000669566
9.76532e-12
0.000669566
1.05585e-11
0.000669566
1.13217e-11
0.000669566
1.20959e-11
0.000669566
1.28176e-11
0.000669566
1.35258e-11
0.000669566
1.41564e-11
0.000669566
1.47437e-11
0.000669566
1.52128e-11
0.000669566
1.56048e-11
0.000669566
1.58591e-11
0.000669566
1.60017e-11
0.000669566
1.59571e-11
0.000669566
1.57613e-11
0.000669566
1.53439e-11
0.000669566
1.4735e-11
0.000669566
1.38662e-11
0.000669566
1.27143e-11
0.000669566
1.13477e-11
0.000669566
9.24685e-12
0.000669566
7.73653e-12
0.000669566
2.91298e-12
0.000669566
3.63187e-12
0.000669566
-9.79968e-12
0.000669566
-3.5198e-12
0.000669566
-2.66986e-11
0.000669566
-3.57247e-11
0.000669566
-3.80824e-11
0.000669566
-8.70959e-11
0.000669566
-1.09494e-10
-1.69347e-10
0.000668851
-2.8065e-10
0.000668851
-2.07602e-10
0.000668851
-1.1834e-10
0.00066885
-1.51273e-10
0.00066885
-1.71185e-10
0.00066885
-1.50329e-10
0.00066885
-1.37653e-10
0.00066885
-1.3166e-10
0.00066885
-1.23623e-10
0.00066885
-1.14447e-10
0.00066885
-1.0576e-10
0.00066885
-9.76999e-11
0.000668849
-9.01469e-11
0.000668849
-8.30938e-11
0.000668849
-7.64991e-11
0.000668849
-7.03684e-11
0.000668849
-6.4701e-11
0.000668849
-5.94229e-11
0.000668849
-5.45163e-11
0.000668849
-4.99675e-11
0.000668849
-4.5721e-11
0.000668849
-4.17646e-11
0.000668849
-3.80582e-11
0.000668849
-3.45955e-11
0.000668849
-3.13465e-11
0.000668849
-2.83077e-11
0.000668849
-2.5467e-11
0.000668849
-2.28154e-11
0.000668849
-2.03411e-11
0.000668849
-1.80458e-11
0.000668849
-1.59173e-11
0.000668849
-1.39604e-11
0.000668849
-1.21757e-11
0.000668849
-1.05589e-11
0.000668849
-9.08905e-12
0.000668849
-7.77322e-12
0.000668849
-6.6072e-12
0.000668849
-5.57472e-12
0.000668849
-4.6689e-12
0.000668849
-3.87992e-12
0.000668849
-3.19217e-12
0.000668849
-2.60118e-12
0.000668849
-2.08702e-12
0.000668849
-1.64272e-12
0.000668849
-1.24912e-12
0.000668849
-9.00173e-13
0.000668849
-5.6691e-13
0.000668849
-2.451e-13
0.000668849
6.9991e-14
0.000668849
3.74768e-13
0.000668849
7.15584e-13
0.000668849
1.09166e-12
0.000668849
1.51261e-12
0.000668849
1.97292e-12
0.000668849
2.47867e-12
0.000668849
3.02715e-12
0.000668849
3.62608e-12
0.000668849
4.26677e-12
0.000668849
4.94933e-12
0.000668849
5.65847e-12
0.000668849
6.39348e-12
0.000668849
7.13755e-12
0.000668849
7.88621e-12
0.000668849
8.62078e-12
0.000668849
9.33579e-12
0.000668849
1.00091e-11
0.000668849
1.06359e-11
0.000668849
1.11964e-11
0.000668849
1.16834e-11
0.000668849
1.20798e-11
0.000668849
1.23853e-11
0.000668849
1.25826e-11
0.000668849
1.26671e-11
0.000668849
1.26261e-11
0.000668849
1.24457e-11
0.000668849
1.21656e-11
0.000668849
1.15872e-11
0.000668849
1.13411e-11
0.000668849
9.32462e-12
0.000668849
1.17563e-11
0.000668849
8.34741e-13
0.000668849
2.26434e-11
0.000668849
-3.24607e-11
0.000668849
6.24881e-11
0.000668849
-8.5497e-11
0.000668849
2.90396e-11
0.000668849
4.13688e-11
0.000668849
-2.2184e-10
0.000668849
-1.71305e-11
-1.04601e-10
0.000626694
0.000626694
0.000626694
0.000626694
0.000626694
0.000626693
0.000626693
0.000626693
0.000626693
0.000626693
0.000626693
0.000626693
0.000626693
0.000626693
0.000626693
0.000626692
0.000626692
0.000626692
0.000626692
0.000626692
0.000626692
0.000626692
0.000626692
0.000626692
0.000626692
0.000626692
0.000626692
0.000626692
0.000626692
0.000626692
0.000626692
0.000626692
0.000626692
0.000626692
0.000626692
0.000626692
0.000626692
0.000626692
0.000626692
0.000626692
0.000626692
0.000626692
0.000626692
0.000626692
0.000626692
0.000626692
0.000626692
0.000626692
0.000626692
0.000626692
0.000626692
0.000626692
0.000626692
0.000626692
0.000626692
0.000626692
0.000626692
0.000626692
0.000626692
0.000626692
0.000626692
0.000626692
0.000626692
0.000626692
0.000626692
0.000626692
0.000626692
0.000626692
0.000626692
0.000626692
0.000626692
0.000626692
0.000626692
0.000626692
0.000626692
0.000626692
0.000626692
0.000626692
0.000626692
0.000626692
0.000626692
0.000626692
0.000626692
0.000626692
0.000626692
0.000626692
0.000626692
0.000626692
0.000626692
)
;

boundaryField
{
    inlet
    {
        type            calculated;
        value           nonuniform List<scalar> 0();
    }
    outlet
    {
        type            calculated;
        value           nonuniform List<scalar> 
30
(
0.000626691
0.000668848
0.000669566
0.000669574
0.000669574
0.000669574
0.000669574
0.000669574
0.000669574
0.000669574
0.000669574
0.000669574
0.000669574
0.000669575
0.000669575
0.000669575
0.000669575
0.000669575
0.000669575
0.000669575
0.000669575
0.000669575
0.000669575
0.000669575
0.000669575
0.000669575
0.000669575
0.000669566
0.000668849
0.000626692
)
;
    }
    wall
    {
        type            calculated;
        value           uniform 0;
    }
    obstacle
    {
        type            calculated;
        value           nonuniform List<scalar> 0();
    }
    frontAndBack
    {
        type            empty;
        value           nonuniform List<scalar> 0();
    }
    procBoundary3to2
    {
        type            processor;
        value           nonuniform List<scalar> 
31
(
-0.000626695
-0.000668852
-0.000669569
-0.000669577
-0.000669576
-0.000669576
-0.000669575
-0.000669575
-0.000669574
-0.000669573
-0.000669573
-0.000669572
-0.000669572
-0.000669572
-0.000669572
-1.95615e-10
-0.000669571
-0.000669571
-0.000669572
-0.000669572
-0.000669572
-0.000669573
-0.000669574
-0.000669574
-0.000669575
-0.000669575
-0.000669576
-0.000669576
-0.000669569
-0.000668851
-0.000626695
)
;
    }
}


// ************************************************************************* //
