/*--------------------------------*- C++ -*----------------------------------*\
| =========                 |                                                 |
| \\      /  F ield         | OpenFOAM: The Open Source CFD Toolbox           |
|  \\    /   O peration     | Version:  2312                                  |
|   \\  /    A nd           | Website:  www.openfoam.com                      |
|    \\/     M anipulation  |                                                 |
\*---------------------------------------------------------------------------*/
FoamFile
{
    version     2.0;
    format      ascii;
    arch        "LSB;label=32;scalar=64";
    class       volVectorField;
    location    "180000";
    object      U;
}
// * * * * * * * * * * * * * * * * * * * * * * * * * * * * * * * * * * * * * //

dimensions      [0 1 -1 0 0 0 0];

internalField   nonuniform List<vector> 
2715
(
(0.000992484 4.93999e-06 0)
(0.000990042 1.2451e-05 0)
(0.000986884 1.74665e-05 0)
(0.000980525 2.06433e-05 0)
(0.000971133 2.27182e-05 0)
(0.00095987 2.42026e-05 0)
(0.000947805 2.53311e-05 0)
(0.000935473 2.61789e-05 0)
(0.000923018 2.67702e-05 0)
(0.000910417 2.71301e-05 0)
(0.000897628 2.72966e-05 0)
(0.000884647 2.73126e-05 0)
(0.000871511 2.72163e-05 0)
(0.000858275 2.70359e-05 0)
(0.000844991 2.67899e-05 0)
(0.000831697 2.64901e-05 0)
(0.000818419 2.61449e-05 0)
(0.000805176 2.5761e-05 0)
(0.000791982 2.53441e-05 0)
(0.000778851 2.48994e-05 0)
(0.000765799 2.44309e-05 0)
(0.000752839 2.39419e-05 0)
(0.000739985 2.34347e-05 0)
(0.000727251 2.29114e-05 0)
(0.000714647 2.2373e-05 0)
(0.000702185 2.1821e-05 0)
(0.000689877 2.12556e-05 0)
(0.000677733 2.06782e-05 0)
(0.000665766 2.00882e-05 0)
(0.000653984 1.94872e-05 0)
(0.000642402 1.88736e-05 0)
(0.000631028 1.82497e-05 0)
(0.000619876 1.76126e-05 0)
(0.000608954 1.69659e-05 0)
(0.000598278 1.63049e-05 0)
(0.000587855 1.56357e-05 0)
(0.000577703 1.49502e-05 0)
(0.000567825 1.42592e-05 0)
(0.000558246 1.3549e-05 0)
(0.000548961 1.28378e-05 0)
(0.000540007 1.21027e-05 0)
(0.00053136 1.13746e-05 0)
(0.000523086 1.06144e-05 0)
(0.000515118 9.87459e-06 0)
(0.00050759 9.08823e-06 0)
(0.000500323 8.3441e-06 0)
(0.000493632 7.52799e-06 0)
(0.000487047 6.7877e-06 0)
(0.000481361 5.9346e-06 0)
(0.000475308 5.19805e-06 0)
(0.00047103 4.30334e-06 0)
(0.000464973 3.52235e-06 0)
(0.000463208 2.63536e-06 0)
(0.00045543 1.55065e-06 0)
(0.000459423 1.02712e-06 0)
(0.000444682 -1.45455e-06 0)
(0.000463915 6.26084e-08 0)
(0.00042711 -7.8965e-06 0)
(0.000486779 2.06237e-06 0)
(0.000390705 -2.43742e-05 0)
(0.00100003 5.79564e-06 0)
(0.00100172 1.49693e-05 0)
(0.00100423 2.14796e-05 0)
(0.00100708 2.60186e-05 0)
(0.00100982 2.93492e-05 0)
(0.00101225 3.19998e-05 0)
(0.0010143 3.42181e-05 0)
(0.00101601 3.60907e-05 0)
(0.00101743 3.76504e-05 0)
(0.00101859 3.89282e-05 0)
(0.0010195 3.99656e-05 0)
(0.00102016 4.08089e-05 0)
(0.00102056 4.14988e-05 0)
(0.00102071 4.2066e-05 0)
(0.00102062 4.25308e-05 0)
(0.0010203 4.29063e-05 0)
(0.00101977 4.32018e-05 0)
(0.00101903 4.34244e-05 0)
(0.00101811 4.35803e-05 0)
(0.001017 4.36746e-05 0)
(0.00101572 4.37116e-05 0)
(0.00101428 4.36944e-05 0)
(0.0010127 4.36256e-05 0)
(0.00101096 4.35066e-05 0)
(0.0010091 4.3339e-05 0)
(0.0010071 4.3123e-05 0)
(0.001005 4.28601e-05 0)
(0.00100278 4.2549e-05 0)
(0.00100048 4.21917e-05 0)
(0.000998059 4.17852e-05 0)
(0.000995606 4.13332e-05 0)
(0.000993014 4.08293e-05 0)
(0.000990445 4.0281e-05 0)
(0.00098771 3.96764e-05 0)
(0.000985076 3.90298e-05 0)
(0.000982216 3.832e-05 0)
(0.000979579 3.7574e-05 0)
(0.0009766 3.67529e-05 0)
(0.000974041 3.59078e-05 0)
(0.00097093 3.49677e-05 0)
(0.000968561 3.40268e-05 0)
(0.000965265 3.29568e-05 0)
(0.000963253 3.19293e-05 0)
(0.000959653 3.07123e-05 0)
(0.000958258 2.96163e-05 0)
(0.000954118 2.82242e-05 0)
(0.000953754 2.70931e-05 0)
(0.000948635 2.54768e-05 0)
(0.000949986 2.4369e-05 0)
(0.000943093 2.24419e-05 0)
(0.000947298 2.1457e-05 0)
(0.00093722 1.90685e-05 0)
(0.000946191 1.83706e-05 0)
(0.000930452 1.52686e-05 0)
(0.000947403 1.51116e-05 0)
(0.000921693 1.09098e-05 0)
(0.00095205 1.16086e-05 0)
(0.000908946 5.88183e-06 0)
(0.000961995 7.42364e-06 0)
(0.000889159 6.12992e-07 0)
(0.000999989 1.95374e-06 0)
(0.00100078 5.73211e-06 0)
(0.00100225 9.22869e-06 0)
(0.00100425 1.23598e-05 0)
(0.00100657 1.51229e-05 0)
(0.00100902 1.75632e-05 0)
(0.00101147 1.97357e-05 0)
(0.00101386 2.16837e-05 0)
(0.00101621 2.34348e-05 0)
(0.00101851 2.50059e-05 0)
(0.00102078 2.64108e-05 0)
(0.00102301 2.76631e-05 0)
(0.00102519 2.87778e-05 0)
(0.00102731 2.97692e-05 0)
(0.00102938 3.06504e-05 0)
(0.00103138 3.14315e-05 0)
(0.00103333 3.21215e-05 0)
(0.00103522 3.27264e-05 0)
(0.00103706 3.32527e-05 0)
(0.00103885 3.37041e-05 0)
(0.00104059 3.40858e-05 0)
(0.00104227 3.43996e-05 0)
(0.00104392 3.46504e-05 0)
(0.00104551 3.48376e-05 0)
(0.00104707 3.49663e-05 0)
(0.00104856 3.50332e-05 0)
(0.00105004 3.50449e-05 0)
(0.00105144 3.49945e-05 0)
(0.00105284 3.48914e-05 0)
(0.00105416 3.47236e-05 0)
(0.0010555 3.45058e-05 0)
(0.00105672 3.42185e-05 0)
(0.00105801 3.38846e-05 0)
(0.00105913 3.34735e-05 0)
(0.00106039 3.30214e-05 0)
(0.00106141 3.24805e-05 0)
(0.00106266 3.1908e-05 0)
(0.00106355 3.12298e-05 0)
(0.00106484 3.05355e-05 0)
(0.00106557 2.97113e-05 0)
(0.00106696 2.88955e-05 0)
(0.00106749 2.79149e-05 0)
(0.00106906 2.69805e-05 0)
(0.00106929 2.58319e-05 0)
(0.00107118 2.4786e-05 0)
(0.00107098 2.3456e-05 0)
(0.00107338 2.23106e-05 0)
(0.00107254 2.07848e-05 0)
(0.00107575 1.95583e-05 0)
(0.00107394 1.78225e-05 0)
(0.00107839 1.65402e-05 0)
(0.00107508 1.45854e-05 0)
(0.00108144 1.32791e-05 0)
(0.00107584 1.11151e-05 0)
(0.0010851 9.82241e-06 0)
(0.00107598 7.51557e-06 0)
(0.00108962 6.27843e-06 0)
(0.00107515 4.04889e-06 0)
(0.00109542 2.87765e-06 0)
(0.0010729 1.25988e-06 0)
(0.00100001 1.73058e-06 0)
(0.00100047 5.11874e-06 0)
(0.00100128 8.3428e-06 0)
(0.00100241 1.13267e-05 0)
(0.00100377 1.40299e-05 0)
(0.0010053 1.64497e-05 0)
(0.00100695 1.86085e-05 0)
(0.00100867 2.05363e-05 0)
(0.00101045 2.22607e-05 0)
(0.00101228 2.3803e-05 0)
(0.00101414 2.51792e-05 0)
(0.00101604 2.64029e-05 0)
(0.00101796 2.74869e-05 0)
(0.0010199 2.84438e-05 0)
(0.00102185 2.92858e-05 0)
(0.00102381 3.00238e-05 0)
(0.00102578 3.06677e-05 0)
(0.00102776 3.12247e-05 0)
(0.00102973 3.17022e-05 0)
(0.00103172 3.21047e-05 0)
(0.0010337 3.2438e-05 0)
(0.00103569 3.27046e-05 0)
(0.00103769 3.29092e-05 0)
(0.00103968 3.30526e-05 0)
(0.00104169 3.3139e-05 0)
(0.00104368 3.31671e-05 0)
(0.0010457 3.31414e-05 0)
(0.0010477 3.30584e-05 0)
(0.00104971 3.29233e-05 0)
(0.00105171 3.27301e-05 0)
(0.00105374 3.24854e-05 0)
(0.00105573 3.21803e-05 0)
(0.00105777 3.18238e-05 0)
(0.00105975 3.14033e-05 0)
(0.0010618 3.09309e-05 0)
(0.00106376 3.039e-05 0)
(0.00106582 2.97965e-05 0)
(0.00106777 2.91292e-05 0)
(0.00106985 2.84081e-05 0)
(0.00107176 2.76086e-05 0)
(0.00107387 2.67528e-05 0)
(0.00107573 2.58156e-05 0)
(0.0010779 2.48169e-05 0)
(0.00107969 2.37386e-05 0)
(0.00108193 2.25876e-05 0)
(0.00108363 2.13683e-05 0)
(0.00108598 2.00534e-05 0)
(0.00108755 1.87002e-05 0)
(0.00109007 1.72069e-05 0)
(0.00109147 1.57397e-05 0)
(0.00109423 1.40503e-05 0)
(0.00109539 1.2512e-05 0)
(0.00109847 1.06048e-05 0)
(0.00109929 9.07713e-06 0)
(0.00110284 6.92271e-06 0)
(0.00110317 5.54521e-06 0)
(0.00110737 3.0868e-06 0)
(0.00110703 2.07597e-06 0)
(0.00111217 -7.97881e-07 0)
(0.00111085 -1.13836e-06 0)
(0.001 1.13949e-06 0)
(0.00100023 3.38162e-06 0)
(0.00100068 5.54924e-06 0)
(0.00100135 7.61105e-06 0)
(0.00100222 9.54615e-06 0)
(0.00100327 1.13447e-05 0)
(0.00100446 1.30059e-05 0)
(0.00100577 1.45344e-05 0)
(0.00100716 1.59367e-05 0)
(0.00100863 1.72197e-05 0)
(0.00101016 1.83894e-05 0)
(0.00101173 1.94513e-05 0)
(0.00101335 2.04109e-05 0)
(0.00101501 2.12739e-05 0)
(0.00101671 2.2046e-05 0)
(0.00101842 2.27326e-05 0)
(0.00102017 2.3339e-05 0)
(0.00102193 2.38698e-05 0)
(0.00102371 2.43291e-05 0)
(0.0010255 2.47203e-05 0)
(0.00102732 2.50466e-05 0)
(0.00102915 2.53104e-05 0)
(0.00103099 2.55141e-05 0)
(0.00103284 2.56594e-05 0)
(0.00103471 2.57478e-05 0)
(0.00103659 2.57804e-05 0)
(0.00103848 2.57578e-05 0)
(0.00104038 2.56807e-05 0)
(0.00104229 2.55487e-05 0)
(0.00104421 2.53625e-05 0)
(0.00104614 2.51203e-05 0)
(0.00104808 2.48238e-05 0)
(0.00105003 2.44685e-05 0)
(0.00105198 2.40585e-05 0)
(0.00105394 2.35855e-05 0)
(0.0010559 2.30578e-05 0)
(0.00105788 2.24604e-05 0)
(0.00105985 2.18102e-05 0)
(0.00106184 2.10802e-05 0)
(0.00106382 2.03029e-05 0)
(0.00106581 1.94304e-05 0)
(0.0010678 1.85224e-05 0)
(0.0010698 1.74955e-05 0)
(0.00107179 1.64557e-05 0)
(0.0010738 1.52602e-05 0)
(0.0010758 1.40924e-05 0)
(0.0010778 1.27105e-05 0)
(0.00107982 1.14253e-05 0)
(0.00108182 9.83203e-06 0)
(0.00108388 8.44979e-06 0)
(0.00108588 6.60838e-06 0)
(0.00108803 5.16364e-06 0)
(0.00109003 3.02158e-06 0)
(0.00109233 1.57817e-06 0)
(0.00109434 -9.34605e-07 0)
(0.00109686 -2.26315e-06 0)
(0.00109883 -5.24134e-06 0)
(0.00110168 -6.27913e-06 0)
(0.00110348 -9.88438e-06 0)
(0.00110669 -1.03995e-05 0)
(0.001 9.12191e-07 0)
(0.00100018 2.7168e-06 0)
(0.00100052 4.48366e-06 0)
(0.00100102 6.19433e-06 0)
(0.00100167 7.83182e-06 0)
(0.00100246 9.38279e-06 0)
(0.00100337 1.08386e-05 0)
(0.00100438 1.21949e-05 0)
(0.00100548 1.3451e-05 0)
(0.00100665 1.4608e-05 0)
(0.00100789 1.56681e-05 0)
(0.00100918 1.6634e-05 0)
(0.00101053 1.75089e-05 0)
(0.00101193 1.82962e-05 0)
(0.00101336 1.89993e-05 0)
(0.00101483 1.96223e-05 0)
(0.00101634 2.01687e-05 0)
(0.00101787 2.06422e-05 0)
(0.00101943 2.10461e-05 0)
(0.00102101 2.13837e-05 0)
(0.00102262 2.16575e-05 0)
(0.00102424 2.18702e-05 0)
(0.00102588 2.20235e-05 0)
(0.00102755 2.21198e-05 0)
(0.00102922 2.21599e-05 0)
(0.00103091 2.21458e-05 0)
(0.00103262 2.20772e-05 0)
(0.00103434 2.19563e-05 0)
(0.00103606 2.17811e-05 0)
(0.0010378 2.15546e-05 0)
(0.00103955 2.12727e-05 0)
(0.00104131 2.09399e-05 0)
(0.00104307 2.05488e-05 0)
(0.00104485 2.0107e-05 0)
(0.00104662 1.96024e-05 0)
(0.00104841 1.90477e-05 0)
(0.00105019 1.84232e-05 0)
(0.00105199 1.77506e-05 0)
(0.00105378 1.69979e-05 0)
(0.00105558 1.62019e-05 0)
(0.00105737 1.53105e-05 0)
(0.00105919 1.43858e-05 0)
(0.00106098 1.33429e-05 0)
(0.00106281 1.22849e-05 0)
(0.00106459 1.10746e-05 0)
(0.00106645 9.88147e-06 0)
(0.00106823 8.48497e-06 0)
(0.00107012 7.16054e-06 0)
(0.00107188 5.55562e-06 0)
(0.00107384 4.11315e-06 0)
(0.00107556 2.26951e-06 0)
(0.0010776 7.29834e-07 0)
(0.00107927 -1.40156e-06 0)
(0.00108147 -3.00837e-06 0)
(0.00108309 -5.50606e-06 0)
(0.00108555 -7.13432e-06 0)
(0.00108706 -1.01064e-05 0)
(0.0010899 -1.16714e-05 0)
(0.00109115 -1.5275e-05 0)
(0.00109437 -1.66461e-05 0)
(0.001 7.15894e-07 0)
(0.00100013 2.12813e-06 0)
(0.00100038 3.50835e-06 0)
(0.00100075 4.84439e-06 0)
(0.00100123 6.12546e-06 0)
(0.00100183 7.34294e-06 0)
(0.00100253 8.4907e-06 0)
(0.00100333 9.56504e-06 0)
(0.00100421 1.05642e-05 0)
(0.00100516 1.1488e-05 0)
(0.00100618 1.23372e-05 0)
(0.00100726 1.31129e-05 0)
(0.00100839 1.38169e-05 0)
(0.00100958 1.44509e-05 0)
(0.00101081 1.5017e-05 0)
(0.00101208 1.55173e-05 0)
(0.0010134 1.59538e-05 0)
(0.00101474 1.6329e-05 0)
(0.00101611 1.66448e-05 0)
(0.00101752 1.69033e-05 0)
(0.00101894 1.71062e-05 0)
(0.00102039 1.72555e-05 0)
(0.00102187 1.7352e-05 0)
(0.00102336 1.73977e-05 0)
(0.00102486 1.73927e-05 0)
(0.00102638 1.73387e-05 0)
(0.00102792 1.72349e-05 0)
(0.00102947 1.70832e-05 0)
(0.00103102 1.68815e-05 0)
(0.00103259 1.66322e-05 0)
(0.00103417 1.63314e-05 0)
(0.00103575 1.59827e-05 0)
(0.00103733 1.55796e-05 0)
(0.00103892 1.51279e-05 0)
(0.00104051 1.46173e-05 0)
(0.00104211 1.40575e-05 0)
(0.0010437 1.34322e-05 0)
(0.0010453 1.2758e-05 0)
(0.00104689 1.20087e-05 0)
(0.00104848 1.12126e-05 0)
(0.00105006 1.03279e-05 0)
(0.00105166 9.40167e-06 0)
(0.00105322 8.36736e-06 0)
(0.00105481 7.30265e-06 0)
(0.00105636 6.10074e-06 0)
(0.00105796 4.88852e-06 0)
(0.00105949 3.49499e-06 0)
(0.0010611 2.12716e-06 0)
(0.00106262 5.12518e-07 0)
(0.00106428 -1.01368e-06 0)
(0.00106577 -2.88252e-06 0)
(0.0010675 -4.55669e-06 0)
(0.00106896 -6.72273e-06 0)
(0.00107081 -8.52652e-06 0)
(0.00107221 -1.10556e-05 0)
(0.00107423 -1.29626e-05 0)
(0.00107554 -1.59594e-05 0)
(0.00107783 -1.79245e-05 0)
(0.00107891 -2.15371e-05 0)
(0.00108144 -2.3476e-05 0)
(0.001 5.65468e-07 0)
(0.0010001 1.67793e-06 0)
(0.00100029 2.76462e-06 0)
(0.00100058 3.81827e-06 0)
(0.00100097 4.83205e-06 0)
(0.00100145 5.80003e-06 0)
(0.00100201 6.71739e-06 0)
(0.00100266 7.58055e-06 0)
(0.00100338 8.38707e-06 0)
(0.00100417 9.13554e-06 0)
(0.00100503 9.82539e-06 0)
(0.00100594 1.04567e-05 0)
(0.00100691 1.10298e-05 0)
(0.00100793 1.15456e-05 0)
(0.001009 1.20047e-05 0)
(0.00101011 1.24084e-05 0)
(0.00101125 1.27576e-05 0)
(0.00101243 1.30539e-05 0)
(0.00101365 1.32984e-05 0)
(0.00101489 1.34925e-05 0)
(0.00101615 1.36373e-05 0)
(0.00101744 1.37341e-05 0)
(0.00101876 1.37836e-05 0)
(0.00102009 1.3787e-05 0)
(0.00102143 1.37446e-05 0)
(0.0010228 1.36574e-05 0)
(0.00102417 1.3525e-05 0)
(0.00102556 1.33482e-05 0)
(0.00102695 1.31259e-05 0)
(0.00102835 1.28592e-05 0)
(0.00102976 1.25454e-05 0)
(0.00103117 1.21863e-05 0)
(0.00103258 1.17777e-05 0)
(0.001034 1.13222e-05 0)
(0.00103541 1.08132e-05 0)
(0.00103682 1.02555e-05 0)
(0.00103822 9.63879e-06 0)
(0.00103963 8.97135e-06 0)
(0.00104102 8.23717e-06 0)
(0.00104241 7.45086e-06 0)
(0.00104378 6.58731e-06 0)
(0.00104516 5.67172e-06 0)
(0.00104651 4.66451e-06 0)
(0.00104787 3.6084e-06 0)
(0.0010492 2.4401e-06 0)
(0.00105054 1.23224e-06 0)
(0.00105183 -1.16848e-07 0)
(0.00105316 -1.4887e-06 0)
(0.00105441 -3.04699e-06 0)
(0.00105574 -4.59897e-06 0)
(0.00105697 -6.40503e-06 0)
(0.00105833 -8.15134e-06 0)
(0.00105951 -1.02521e-05 0)
(0.00106092 -1.22028e-05 0)
(0.00106204 -1.4658e-05 0)
(0.00106356 -1.6814e-05 0)
(0.00106457 -1.97058e-05 0)
(0.00106625 -2.20615e-05 0)
(0.00106702 -2.55041e-05 0)
(0.0010688 -2.80306e-05 0)
(0.001 4.46605e-07 0)
(0.00100008 1.32131e-06 0)
(0.00100024 2.17286e-06 0)
(0.00100048 2.99653e-06 0)
(0.0010008 3.78779e-06 0)
(0.00100119 4.54256e-06 0)
(0.00100166 5.25736e-06 0)
(0.0010022 5.92942e-06 0)
(0.00100281 6.55659e-06 0)
(0.00100348 7.13735e-06 0)
(0.00100421 7.67066e-06 0)
(0.00100499 8.15597e-06 0)
(0.00100583 8.59316e-06 0)
(0.00100671 8.98248e-06 0)
(0.00100764 9.3244e-06 0)
(0.0010086 9.61961e-06 0)
(0.00100961 9.86889e-06 0)
(0.00101065 1.00732e-05 0)
(0.00101172 1.02333e-05 0)
(0.00101282 1.03504e-05 0)
(0.00101394 1.04252e-05 0)
(0.00101509 1.04587e-05 0)
(0.00101626 1.04516e-05 0)
(0.00101744 1.04044e-05 0)
(0.00101865 1.03177e-05 0)
(0.00101986 1.01918e-05 0)
(0.00102109 1.00267e-05 0)
(0.00102233 9.82253e-06 0)
(0.00102357 9.57867e-06 0)
(0.00102482 9.29515e-06 0)
(0.00102607 8.97055e-06 0)
(0.00102732 8.60482e-06 0)
(0.00102857 8.19562e-06 0)
(0.00102982 7.74303e-06 0)
(0.00103106 7.24338e-06 0)
(0.0010323 6.69732e-06 0)
(0.00103353 6.09932e-06 0)
(0.00103474 5.45137e-06 0)
(0.00103594 4.74495e-06 0)
(0.00103714 3.98446e-06 0)
(0.00103831 3.15668e-06 0)
(0.00103947 2.27048e-06 0)
(0.0010406 1.30582e-06 0)
(0.00104172 2.79908e-07 0)
(0.00104281 -8.38949e-07 0)
(0.0010439 -2.02026e-06 0)
(0.00104494 -3.31478e-06 0)
(0.00104599 -4.66952e-06 0)
(0.00104698 -6.16622e-06 0)
(0.00104799 -7.71525e-06 0)
(0.00104891 -9.44972e-06 0)
(0.0010499 -1.12191e-05 0)
(0.00105075 -1.32359e-05 0)
(0.00105173 -1.52518e-05 0)
(0.00105249 -1.7606e-05 0)
(0.00105349 -1.98942e-05 0)
(0.00105413 -2.26563e-05 0)
(0.00105517 -2.52407e-05 0)
(0.00105556 -2.84988e-05 0)
(0.00105659 -3.13893e-05 0)
(0.001 3.48036e-07 0)
(0.00100007 1.0251e-06 0)
(0.0010002 1.6801e-06 0)
(0.0010004 2.30993e-06 0)
(0.00100067 2.91156e-06 0)
(0.00100101 3.48229e-06 0)
(0.00100141 4.01975e-06 0)
(0.00100187 4.52196e-06 0)
(0.00100239 4.98735e-06 0)
(0.00100297 5.41472e-06 0)
(0.0010036 5.80323e-06 0)
(0.00100428 6.15245e-06 0)
(0.001005 6.46223e-06 0)
(0.00100578 6.73271e-06 0)
(0.00100659 6.96425e-06 0)
(0.00100744 7.15732e-06 0)
(0.00100833 7.31254e-06 0)
(0.00100925 7.43056e-06 0)
(0.0010102 7.51212e-06 0)
(0.00101118 7.55793e-06 0)
(0.00101218 7.56873e-06 0)
(0.00101321 7.54515e-06 0)
(0.00101425 7.48778e-06 0)
(0.00101531 7.39706e-06 0)
(0.00101638 7.27336e-06 0)
(0.00101747 7.11679e-06 0)
(0.00101856 6.92742e-06 0)
(0.00101967 6.70496e-06 0)
(0.00102077 6.44917e-06 0)
(0.00102188 6.15929e-06 0)
(0.00102299 5.83476e-06 0)
(0.0010241 5.47437e-06 0)
(0.0010252 5.07715e-06 0)
(0.00102629 4.64133e-06 0)
(0.00102738 4.16546e-06 0)
(0.00102845 3.64706e-06 0)
(0.00102951 3.08422e-06 0)
(0.00103056 2.47392e-06 0)
(0.00103158 1.81401e-06 0)
(0.00103258 1.10121e-06 0)
(0.00103356 3.32525e-07 0)
(0.00103451 -4.95369e-07 0)
(0.00103544 -1.38738e-06 0)
(0.00103634 -2.34659e-06 0)
(0.00103721 -3.37988e-06 0)
(0.00103804 -4.49036e-06 0)
(0.00103884 -5.68846e-06 0)
(0.0010396 -6.97425e-06 0)
(0.00104031 -8.36403e-06 0)
(0.001041 -9.85192e-06 0)
(0.00104161 -1.14645e-05 0)
(0.00104223 -1.31863e-05 0)
(0.00104274 -1.50605e-05 0)
(0.00104328 -1.70541e-05 0)
(0.00104366 -1.92365e-05 0)
(0.00104414 -2.15462e-05 0)
(0.00104434 -2.40926e-05 0)
(0.00104477 -2.67686e-05 0)
(0.00104469 -2.97429e-05 0)
(0.001045 -3.28354e-05 0)
(0.001 2.63823e-07 0)
(0.00100006 7.71916e-07 0)
(0.00100018 1.25849e-06 0)
(0.00100035 1.72153e-06 0)
(0.00100058 2.15909e-06 0)
(0.00100088 2.56948e-06 0)
(0.00100122 2.9512e-06 0)
(0.00100163 3.30303e-06 0)
(0.00100208 3.62401e-06 0)
(0.00100259 3.91339e-06 0)
(0.00100314 4.17072e-06 0)
(0.00100374 4.39581e-06 0)
(0.00100438 4.5887e-06 0)
(0.00100507 4.74959e-06 0)
(0.00100579 4.87886e-06 0)
(0.00100655 4.97698e-06 0)
(0.00100734 5.04453e-06 0)
(0.00100816 5.08208e-06 0)
(0.00100901 5.09031e-06 0)
(0.00100989 5.06981e-06 0)
(0.00101078 5.02128e-06 0)
(0.0010117 4.94522e-06 0)
(0.00101264 4.84224e-06 0)
(0.00101359 4.71259e-06 0)
(0.00101455 4.55675e-06 0)
(0.00101552 4.37461e-06 0)
(0.0010165 4.16645e-06 0)
(0.00101748 3.93168e-06 0)
(0.00101847 3.67037e-06 0)
(0.00101945 3.38124e-06 0)
(0.00102044 3.06418e-06 0)
(0.00102141 2.71735e-06 0)
(0.00102238 2.34071e-06 0)
(0.00102334 1.9314e-06 0)
(0.00102428 1.48954e-06 0)
(0.0010252 1.01112e-06 0)
(0.00102611 4.96692e-07 0)
(0.00102699 -5.95133e-08 0)
(0.00102785 -6.56076e-07 0)
(0.00102868 -1.30111e-06 0)
(0.00102949 -1.99149e-06 0)
(0.00103025 -2.73858e-06 0)
(0.00103099 -3.53726e-06 0)
(0.00103168 -4.40407e-06 0)
(0.00103232 -5.32988e-06 0)
(0.00103292 -6.33738e-06 0)
(0.00103348 -7.41094e-06 0)
(0.00103398 -8.58343e-06 0)
(0.00103442 -9.82905e-06 0)
(0.0010348 -1.11957e-05 0)
(0.00103511 -1.26417e-05 0)
(0.00103537 -1.42383e-05 0)
(0.00103553 -1.59183e-05 0)
(0.00103566 -1.77891e-05 0)
(0.00103564 -1.97423e-05 0)
(0.00103562 -2.1942e-05 0)
(0.00103539 -2.42121e-05 0)
(0.00103522 -2.6808e-05 0)
(0.00103466 -2.94395e-05 0)
(0.00103426 -3.2508e-05 0)
(0.001 1.89935e-07 0)
(0.00100005 5.49763e-07 0)
(0.00100016 8.88397e-07 0)
(0.00100031 1.20464e-06 0)
(0.00100052 1.49739e-06 0)
(0.00100078 1.76572e-06 0)
(0.00100109 2.0089e-06 0)
(0.00100145 2.22634e-06 0)
(0.00100185 2.41761e-06 0)
(0.00100231 2.58246e-06 0)
(0.0010028 2.72083e-06 0)
(0.00100334 2.83283e-06 0)
(0.00100392 2.91877e-06 0)
(0.00100453 2.97905e-06 0)
(0.00100518 3.01418e-06 0)
(0.00100587 3.0247e-06 0)
(0.00100658 3.01124e-06 0)
(0.00100732 2.97441e-06 0)
(0.00100809 2.9149e-06 0)
(0.00100888 2.83329e-06 0)
(0.00100969 2.73045e-06 0)
(0.00101052 2.60689e-06 0)
(0.00101137 2.46324e-06 0)
(0.00101222 2.29976e-06 0)
(0.00101309 2.11698e-06 0)
(0.00101397 1.91478e-06 0)
(0.00101485 1.69356e-06 0)
(0.00101573 1.45274e-06 0)
(0.00101661 1.19259e-06 0)
(0.00101749 9.12016e-07 0)
(0.00101836 6.11237e-07 0)
(0.00101922 2.88112e-07 0)
(0.00102007 -5.70327e-08 0)
(0.0010209 -4.27349e-07 0)
(0.00102172 -8.2199e-07 0)
(0.00102252 -1.24548e-06 0)
(0.00102329 -1.69618e-06 0)
(0.00102404 -2.18077e-06 0)
(0.00102475 -2.69644e-06 0)
(0.00102543 -3.25316e-06 0)
(0.00102608 -3.84559e-06 0)
(0.00102668 -4.48835e-06 0)
(0.00102723 -5.17133e-06 0)
(0.00102773 -5.9159e-06 0)
(0.00102819 -6.70502e-06 0)
(0.00102858 -7.57066e-06 0)
(0.00102891 -8.48438e-06 0)
(0.00102917 -9.49454e-06 0)
(0.00102937 -1.05544e-05 0)
(0.00102947 -1.17379e-05 0)
(0.0010295 -1.29687e-05 0)
(0.00102944 -1.43612e-05 0)
(0.00102928 -1.57913e-05 0)
(0.00102903 -1.74378e-05 0)
(0.00102864 -1.90988e-05 0)
(0.00102817 -2.10565e-05 0)
(0.00102751 -2.29815e-05 0)
(0.0010268 -2.53235e-05 0)
(0.00102577 -2.75416e-05 0)
(0.00102474 -3.03562e-05 0)
(0.001 1.23374e-07 0)
(0.00100005 3.49766e-07 0)
(0.00100014 5.55286e-07 0)
(0.00100029 7.39341e-07 0)
(0.00100047 9.01457e-07 0)
(0.00100071 1.04135e-06 0)
(0.00100099 1.15885e-06 0)
(0.00100132 1.25395e-06 0)
(0.00100169 1.32678e-06 0)
(0.0010021 1.37752e-06 0)
(0.00100256 1.40649e-06 0)
(0.00100305 1.41418e-06 0)
(0.00100358 1.40119e-06 0)
(0.00100414 1.36819e-06 0)
(0.00100474 1.31597e-06 0)
(0.00100536 1.24528e-06 0)
(0.00100602 1.15696e-06 0)
(0.0010067 1.05178e-06 0)
(0.0010074 9.30637e-07 0)
(0.00100812 7.94293e-07 0)
(0.00100887 6.43416e-07 0)
(0.00100963 4.78591e-07 0)
(0.0010104 3.00564e-07 0)
(0.00101118 1.09689e-07 0)
(0.00101197 -9.34289e-08 0)
(0.00101277 -3.08765e-07 0)
(0.00101357 -5.35853e-07 0)
(0.00101436 -7.75083e-07 0)
(0.00101516 -1.02609e-06 0)
(0.00101595 -1.28976e-06 0)
(0.00101673 -1.56574e-06 0)
(0.0010175 -1.85587e-06 0)
(0.00101825 -2.15978e-06 0)
(0.00101899 -2.48026e-06 0)
(0.0010197 -2.81656e-06 0)
(0.00102039 -3.17297e-06 0)
(0.00102105 -3.54798e-06 0)
(0.00102168 -3.94792e-06 0)
(0.00102227 -4.36963e-06 0)
(0.00102282 -4.82233e-06 0)
(0.00102333 -5.30026e-06 0)
(0.00102379 -5.81713e-06 0)
(0.0010242 -6.36271e-06 0)
(0.00102455 -6.9575e-06 0)
(0.00102483 -7.58413e-06 0)
(0.00102505 -8.27368e-06 0)
(0.0010252 -8.99703e-06 0)
(0.00102526 -9.80186e-06 0)
(0.00102524 -1.064e-05 0)
(0.00102512 -1.15853e-05 0)
(0.0010249 -1.25586e-05 0)
(0.00102457 -1.36757e-05 0)
(0.00102413 -1.48069e-05 0)
(0.00102356 -1.61356e-05 0)
(0.00102285 -1.74491e-05 0)
(0.001022 -1.90405e-05 0)
(0.00102096 -2.05607e-05 0)
(0.00101979 -2.24815e-05 0)
(0.00101834 -2.42266e-05 0)
(0.00101677 -2.65596e-05 0)
(0.001 6.17462e-08 0)
(0.00100005 1.64455e-07 0)
(0.00100013 2.46518e-07 0)
(0.00100027 3.08095e-07 0)
(0.00100045 3.49381e-07 0)
(0.00100067 3.70666e-07 0)
(0.00100093 3.72366e-07 0)
(0.00100124 3.5492e-07 0)
(0.00100158 3.18746e-07 0)
(0.00100197 2.6441e-07 0)
(0.00100239 1.92623e-07 0)
(0.00100285 1.04209e-07 0)
(0.00100335 9.13856e-11 0)
(0.00100388 -1.18759e-07 0)
(0.00100443 -2.51307e-07 0)
(0.00100502 -3.96553e-07 0)
(0.00100563 -5.53451e-07 0)
(0.00100626 -7.21026e-07 0)
(0.00100692 -8.98231e-07 0)
(0.0010076 -1.08414e-06 0)
(0.00100829 -1.27797e-06 0)
(0.00100899 -1.47897e-06 0)
(0.00100971 -1.68629e-06 0)
(0.00101044 -1.89938e-06 0)
(0.00101117 -2.11752e-06 0)
(0.00101191 -2.34044e-06 0)
(0.00101264 -2.56759e-06 0)
(0.00101338 -2.79915e-06 0)
(0.00101411 -3.03472e-06 0)
(0.00101483 -3.27506e-06 0)
(0.00101554 -3.51993e-06 0)
(0.00101623 -3.77051e-06 0)
(0.00101691 -4.02649e-06 0)
(0.00101757 -4.28995e-06 0)
(0.0010182 -4.56042e-06 0)
(0.00101881 -4.84106e-06 0)
(0.00101938 -5.1309e-06 0)
(0.00101992 -5.4345e-06 0)
(0.00102042 -5.74983e-06 0)
(0.00102087 -6.08358e-06 0)
(0.00102128 -6.43193e-06 0)
(0.00102163 -6.80475e-06 0)
(0.00102192 -7.19517e-06 0)
(0.00102215 -7.61792e-06 0)
(0.00102231 -8.06102e-06 0)
(0.00102239 -8.54677e-06 0)
(0.00102239 -9.05475e-06 0)
(0.0010223 -9.61918e-06 0)
(0.00102212 -1.02058e-05 0)
(0.00102182 -1.08679e-05 0)
(0.00102142 -1.15486e-05 0)
(0.00102089 -1.23317e-05 0)
(0.00102023 -1.3123e-05 0)
(0.00101941 -1.40564e-05 0)
(0.00101845 -1.4976e-05 0)
(0.00101731 -1.60971e-05 0)
(0.00101599 -1.71618e-05 0)
(0.00101446 -1.85196e-05 0)
(0.00101269 -1.9741e-05 0)
(0.00101072 -2.1397e-05 0)
(0.001 3.1376e-09 0)
(0.00100004 -1.13159e-08 0)
(0.00100013 -4.58165e-08 0)
(0.00100026 -9.96995e-08 0)
(0.00100043 -1.72298e-07 0)
(0.00100064 -2.62864e-07 0)
(0.0010009 -3.70513e-07 0)
(0.00100119 -4.94339e-07 0)
(0.00100153 -6.33476e-07 0)
(0.0010019 -7.86925e-07 0)
(0.0010023 -9.53599e-07 0)
(0.00100274 -1.13233e-06 0)
(0.00100322 -1.32189e-06 0)
(0.00100372 -1.52104e-06 0)
(0.00100426 -1.72854e-06 0)
(0.00100482 -1.94316e-06 0)
(0.0010054 -2.16369e-06 0)
(0.00100601 -2.38896e-06 0)
(0.00100663 -2.61784e-06 0)
(0.00100728 -2.84929e-06 0)
(0.00100793 -3.08208e-06 0)
(0.00100861 -3.31526e-06 0)
(0.00100929 -3.54788e-06 0)
(0.00100998 -3.77916e-06 0)
(0.00101067 -4.00833e-06 0)
(0.00101137 -4.23484e-06 0)
(0.00101206 -4.45816e-06 0)
(0.00101275 -4.67807e-06 0)
(0.00101344 -4.89425e-06 0)
(0.00101411 -5.10684e-06 0)
(0.00101477 -5.3157e-06 0)
(0.00101542 -5.52134e-06 0)
(0.00101605 -5.72376e-06 0)
(0.00101665 -5.92394e-06 0)
(0.00101723 -6.122e-06 0)
(0.00101778 -6.31945e-06 0)
(0.00101829 -6.51637e-06 0)
(0.00101877 -6.71491e-06 0)
(0.0010192 -6.91497e-06 0)
(0.00101959 -7.11954e-06 0)
(0.00101992 -7.32804e-06 0)
(0.0010202 -7.54466e-06 0)
(0.00102042 -7.76791e-06 0)
(0.00102057 -8.00371e-06 0)
(0.00102064 -8.24901e-06 0)
(0.00102064 -8.51231e-06 0)
(0.00102054 -8.78788e-06 0)
(0.00102035 -9.08822e-06 0)
(0.00102006 -9.40313e-06 0)
(0.00101966 -9.75152e-06 0)
(0.00101914 -1.01156e-05 0)
(0.00101848 -1.05248e-05 0)
(0.00101768 -1.09486e-05 0)
(0.00101672 -1.14337e-05 0)
(0.0010156 -1.1928e-05 0)
(0.00101429 -1.25075e-05 0)
(0.00101278 -1.30827e-05 0)
(0.00101105 -1.37791e-05 -5.11253e-38)
(0.00100907 -1.44427e-05 0)
(0.00100685 -1.52829e-05 0)
(0.001 -5.43857e-08 0)
(0.00100004 -1.83389e-07 0)
(0.00100013 -3.31585e-07 0)
(0.00100026 -4.98018e-07 0)
(0.00100043 -6.81647e-07 0)
(0.00100064 -8.81275e-07 0)
(0.00100089 -1.09561e-06 0)
(0.00100118 -1.32326e-06 0)
(0.00100151 -1.56276e-06 0)
(0.00100188 -1.81266e-06 0)
(0.00100228 -2.07153e-06 0)
(0.00100271 -2.33786e-06 0)
(0.00100318 -2.61014e-06 0)
(0.00100368 -2.88685e-06 0)
(0.0010042 -3.16648e-06 0)
(0.00100475 -3.44756e-06 0)
(0.00100532 -3.72867e-06 0)
(0.00100592 -4.00841e-06 0)
(0.00100653 -4.28546e-06 0)
(0.00100716 -4.55854e-06 0)
(0.00100781 -4.82642e-06 0)
(0.00100846 -5.08793e-06 0)
(0.00100913 -5.34204e-06 0)
(0.0010098 -5.58773e-06 0)
(0.00101047 -5.82417e-06 0)
(0.00101115 -6.05057e-06 0)
(0.00101182 -6.26635e-06 0)
(0.00101249 -6.47091e-06 0)
(0.00101315 -6.66396e-06 0)
(0.0010138 -6.84508e-06 0)
(0.00101444 -7.01429e-06 0)
(0.00101506 -7.17129e-06 0)
(0.00101566 -7.31643e-06 0)
(0.00101624 -7.44951e-06 0)
(0.00101678 -7.57127e-06 0)
(0.0010173 -7.68146e-06 0)
(0.00101779 -7.78139e-06 0)
(0.00101823 -7.87054e-06 0)
(0.00101863 -7.95093e-06 0)
(0.00101899 -8.0215e-06 0)
(0.00101929 -8.08529e-06 0)
(0.00101953 -8.14015e-06 0)
(0.00101971 -8.19075e-06 0)
(0.00101983 -8.23303e-06 0)
(0.00101987 -8.27419e-06 0)
(0.00101982 -8.307e-06 0)
(0.00101969 -8.34271e-06 0)
(0.00101946 -8.3689e-06 0)
(0.00101913 -8.40331e-06 0)
(0.00101868 -8.42511e-06 0)
(0.00101811 -8.46241e-06 0)
(0.00101741 -8.48091e-06 0)
(0.00101656 -8.5253e-06 0)
(0.00101556 -8.53982e-06 0)
(0.00101438 -8.59556e-06 0)
(0.00101302 -8.60286e-06 0)
(0.00101145 -8.67464e-06 0)
(0.00100967 -8.66764e-06 5.11253e-38)
(0.00100764 -8.76115e-06 0)
(0.00100535 -8.72719e-06 0)
(0.001 -1.12713e-07 0)
(0.00100005 -3.57978e-07 0)
(0.00100013 -6.21592e-07 0)
(0.00100026 -9.02042e-07 0)
(0.00100044 -1.19771e-06 0)
(0.00100065 -1.50687e-06 0)
(0.00100091 -1.82773e-06 0)
(0.00100121 -2.15847e-06 0)
(0.00100154 -2.4973e-06 0)
(0.00100192 -2.84241e-06 0)
(0.00100232 -3.19201e-06 0)
(0.00100277 -3.54427e-06 0)
(0.00100324 -3.8974e-06 0)
(0.00100374 -4.24961e-06 0)
(0.00100427 -4.59918e-06 0)
(0.00100483 -4.94443e-06 0)
(0.00100541 -5.28377e-06 0)
(0.00100601 -5.61565e-06 0)
(0.00100662 -5.93858e-06 0)
(0.00100726 -6.25112e-06 0)
(0.0010079 -6.55192e-06 0)
(0.00100856 -6.83966e-06 0)
(0.00100923 -7.11318e-06 0)
(0.0010099 -7.3713e-06 0)
(0.00101057 -7.61311e-06 0)
(0.00101125 -7.83755e-06 0)
(0.00101192 -8.04401e-06 0)
(0.00101259 -8.23155e-06 0)
(0.00101325 -8.39988e-06 0)
(0.0010139 -8.5481e-06 0)
(0.00101454 -8.67631e-06 0)
(0.00101515 -8.78354e-06 0)
(0.00101575 -8.87037e-06 0)
(0.00101633 -8.93556e-06 0)
(0.00101687 -8.98039e-06 0)
(0.00101739 -9.00304e-06 0)
(0.00101787 -9.0058e-06 0)
(0.00101832 -8.98579e-06 0)
(0.00101872 -8.9468e-06 0)
(0.00101908 -8.8841e-06 0)
(0.00101938 -8.80388e-06 0)
(0.00101963 -8.69823e-06 0)
(0.00101982 -8.57723e-06 0)
(0.00101994 -8.42778e-06 0)
(0.00101999 -8.26625e-06 0)
(0.00101996 -8.07106e-06 0)
(0.00101984 -7.86883e-06 0)
(0.00101964 -7.62423e-06 0)
(0.00101932 -7.38055e-06 0)
(0.00101891 -7.0802e-06 0)
(0.00101836 -6.79363e-06 0)
(0.00101771 -6.42731e-06 0)
(0.00101689 -6.09572e-06 0)
(0.00101595 -5.64751e-06 0)
(0.00101482 -5.26837e-06 0)
(0.00101354 -4.71356e-06 0)
(0.00101203 -4.28507e-06 0)
(0.00101034 -3.58658e-06 0)
(0.00100841 -3.1124e-06 0)
(0.00100623 -2.2246e-06 0)
(0.001 -1.7356e-07 0)
(0.00100005 -5.39815e-07 0)
(0.00100014 -9.23169e-07 0)
(0.00100028 -1.32156e-06 0)
(0.00100046 -1.73285e-06 0)
(0.00100069 -2.1548e-06 0)
(0.00100096 -2.58515e-06 0)
(0.00100127 -3.02163e-06 0)
(0.00100163 -3.46203e-06 0)
(0.00100202 -3.90416e-06 0)
(0.00100244 -4.3459e-06 0)
(0.00100291 -4.78512e-06 0)
(0.0010034 -5.21977e-06 0)
(0.00100392 -5.64784e-06 0)
(0.00100448 -6.06741e-06 0)
(0.00100505 -6.47664e-06 0)
(0.00100565 -6.87379e-06 0)
(0.00100627 -7.25714e-06 0)
(0.00100691 -7.62513e-06 0)
(0.00100757 -7.97617e-06 0)
(0.00100824 -8.30887e-06 0)
(0.00100892 -8.62176e-06 0)
(0.0010096 -8.91364e-06 0)
(0.00101029 -9.18319e-06 0)
(0.00101099 -9.42945e-06 0)
(0.00101169 -9.6512e-06 0)
(0.00101238 -9.84777e-06 0)
(0.00101307 -1.0018e-05 0)
(0.00101375 -1.01615e-05 0)
(0.00101442 -1.02771e-05 0)
(0.00101507 -1.03648e-05 0)
(0.00101572 -1.04232e-05 0)
(0.00101634 -1.0453e-05 0)
(0.00101693 -1.04522e-05 0)
(0.00101751 -1.04222e-05 0)
(0.00101805 -1.03602e-05 0)
(0.00101856 -1.0269e-05 0)
(0.00101904 -1.01441e-05 0)
(0.00101947 -9.99006e-06 0)
(0.00101987 -9.79981e-06 0)
(0.00102021 -9.58129e-06 0)
(0.0010205 -9.3227e-06 0)
(0.00102073 -9.03738e-06 0)
(0.00102091 -8.7061e-06 0)
(0.00102101 -8.351e-06 0)
(0.00102104 -7.94066e-06 0)
(0.00102099 -7.51172e-06 0)
(0.00102087 -7.013e-06 0)
(0.00102063 -6.50484e-06 0)
(0.00102032 -5.90414e-06 0)
(0.00101987 -5.30986e-06 0)
(0.00101934 -4.58734e-06 0)
(0.00101865 -3.89879e-06 0)
(0.00101786 -3.02535e-06 0)
(0.00101688 -2.23361e-06 0)
(0.00101579 -1.16844e-06 0)
(0.00101448 -2.6583e-07 0)
(0.00101304 1.04458e-06 0)
(0.00101132 2.05305e-06 0)
(0.00100941 3.6834e-06 0)
(0.001 -2.38969e-07 0)
(0.00100005 -7.35065e-07 0)
(0.00100015 -1.24667e-06 0)
(0.0010003 -1.77112e-06 0)
(0.0010005 -2.30565e-06 0)
(0.00100075 -2.84745e-06 0)
(0.00100104 -3.39372e-06 0)
(0.00100138 -3.9417e-06 0)
(0.00100176 -4.48874e-06 0)
(0.00100219 -5.03227e-06 0)
(0.00100265 -5.56982e-06 0)
(0.00100314 -6.09903e-06 0)
(0.00100367 -6.61761e-06 0)
(0.00100423 -7.12339e-06 0)
(0.00100482 -7.61431e-06 0)
(0.00100544 -8.08842e-06 0)
(0.00100608 -8.54391e-06 0)
(0.00100674 -8.97902e-06 0)
(0.00100742 -9.39212e-06 0)
(0.00100811 -9.78162e-06 0)
(0.00100882 -1.01461e-05 0)
(0.00100954 -1.0484e-05 0)
(0.00101027 -1.07942e-05 0)
(0.001011 -1.10752e-05 0)
(0.00101173 -1.13262e-05 0)
(0.00101247 -1.15457e-05 0)
(0.00101321 -1.17331e-05 0)
(0.00101394 -1.18871e-05 0)
(0.00101466 -1.20072e-05 0)
(0.00101537 -1.20921e-05 0)
(0.00101607 -1.21416e-05 0)
(0.00101676 -1.21543e-05 0)
(0.00101742 -1.21305e-05 0)
(0.00101807 -1.20679e-05 0)
(0.0010187 -1.19679e-05 0)
(0.00101929 -1.18273e-05 0)
(0.00101986 -1.16483e-05 0)
(0.0010204 -1.14263e-05 0)
(0.00102089 -1.11654e-05 0)
(0.00102135 -1.08579e-05 0)
(0.00102176 -1.05115e-05 0)
(0.00102214 -1.01134e-05 0)
(0.00102245 -9.67691e-06 0)
(0.00102272 -9.18116e-06 0)
(0.00102291 -8.64885e-06 0)
(0.00102306 -8.04582e-06 0)
(0.00102312 -7.41037e-06 0)
(0.00102312 -6.68663e-06 0)
(0.00102302 -5.93884e-06 0)
(0.00102287 -5.07576e-06 0)
(0.00102258 -4.20428e-06 0)
(0.00102224 -3.17602e-06 0)
(0.00102174 -2.1674e-06 0)
(0.0010212 -9.37936e-07 0)
(0.00102045 2.22097e-07 0)
(0.00101966 1.70228e-06 0)
(0.00101861 3.02582e-06 0)
(0.00101751 4.82143e-06 0)
(0.00101612 6.31477e-06 0)
(0.00101462 8.51866e-06 0)
(0.001 -3.11351e-07 0)
(0.00100006 -9.50943e-07 0)
(0.00100017 -1.60403e-06 0)
(0.00100034 -2.26716e-06 0)
(0.00100056 -2.93683e-06 0)
(0.00100084 -3.60954e-06 0)
(0.00100117 -4.28183e-06 0)
(0.00100154 -4.95039e-06 0)
(0.00100197 -5.6121e-06 0)
(0.00100243 -6.26401e-06 0)
(0.00100294 -6.90337e-06 0)
(0.00100349 -7.52757e-06 0)
(0.00100407 -8.13419e-06 0)
(0.00100469 -8.72095e-06 0)
(0.00100533 -9.28578e-06 0)
(0.00100601 -9.82672e-06 0)
(0.00100671 -1.0342e-05 0)
(0.00100742 -1.08299e-05 0)
(0.00100816 -1.12888e-05 0)
(0.00100892 -1.17172e-05 0)
(0.00100968 -1.21138e-05 0)
(0.00101046 -1.24772e-05 0)
(0.00101125 -1.2806e-05 0)
(0.00101204 -1.30992e-05 0)
(0.00101284 -1.33556e-05 0)
(0.00101363 -1.35741e-05 0)
(0.00101443 -1.37538e-05 0)
(0.00101522 -1.38936e-05 0)
(0.00101601 -1.39928e-05 0)
(0.00101678 -1.40502e-05 0)
(0.00101755 -1.40653e-05 0)
(0.0010183 -1.40369e-05 0)
(0.00101904 -1.39646e-05 0)
(0.00101976 -1.38468e-05 0)
(0.00102045 -1.36838e-05 0)
(0.00102113 -1.3473e-05 0)
(0.00102178 -1.32156e-05 0)
(0.0010224 -1.29076e-05 0)
(0.00102298 -1.25516e-05 0)
(0.00102354 -1.21414e-05 0)
(0.00102405 -1.16817e-05 0)
(0.00102454 -1.11626e-05 0)
(0.00102496 -1.05931e-05 0)
(0.00102536 -9.95651e-06 0)
(0.00102568 -9.26925e-06 0)
(0.00102597 -8.50361e-06 0)
(0.00102618 -7.68869e-06 0)
(0.00102636 -6.77854e-06 0)
(0.00102643 -5.82362e-06 0)
(0.00102649 -4.74796e-06 0)
(0.0010264 -3.63797e-06 0)
(0.00102632 -2.36836e-06 0)
(0.00102606 -1.08526e-06 0)
(0.00102581 4.15842e-07 0)
(0.00102535 1.89252e-06 0)
(0.00102492 3.67556e-06 0)
(0.00102422 5.36684e-06 0)
(0.00102358 7.50468e-06 0)
(0.00102257 9.43474e-06 0)
(0.00102162 1.20131e-05 0)
(0.001 -3.93692e-07 0)
(0.00100007 -1.19637e-06 0)
(0.0010002 -2.00991e-06 0)
(0.00100039 -2.82984e-06 0)
(0.00100065 -3.65168e-06 0)
(0.00100096 -4.47098e-06 0)
(0.00100134 -5.28353e-06 0)
(0.00100177 -6.08538e-06 0)
(0.00100225 -6.87293e-06 0)
(0.00100278 -7.64288e-06 0)
(0.00100336 -8.39225e-06 0)
(0.00100398 -9.11829e-06 0)
(0.00100463 -9.81855e-06 0)
(0.00100532 -1.04908e-05 0)
(0.00100604 -1.1133e-05 0)
(0.0010068 -1.17435e-05 0)
(0.00100757 -1.23205e-05 0)
(0.00100837 -1.28625e-05 0)
(0.00100918 -1.33682e-05 0)
(0.00101002 -1.38363e-05 0)
(0.00101086 -1.42656e-05 0)
(0.00101172 -1.46548e-05 0)
(0.00101259 -1.50029e-05 0)
(0.00101346 -1.53089e-05 0)
(0.00101433 -1.55716e-05 0)
(0.00101521 -1.57904e-05 0)
(0.00101609 -1.5964e-05 0)
(0.00101696 -1.60918e-05 0)
(0.00101783 -1.61728e-05 0)
(0.00101869 -1.62062e-05 0)
(0.00101954 -1.6191e-05 0)
(0.00102038 -1.61267e-05 0)
(0.00102121 -1.60119e-05 0)
(0.00102202 -1.58461e-05 0)
(0.00102281 -1.5628e-05 0)
(0.00102359 -1.5357e-05 0)
(0.00102434 -1.50314e-05 0)
(0.00102507 -1.46505e-05 0)
(0.00102577 -1.42128e-05 0)
(0.00102645 -1.37165e-05 0)
(0.00102708 -1.31606e-05 0)
(0.0010277 -1.25419e-05 0)
(0.00102826 -1.18606e-05 0)
(0.00102881 -1.11105e-05 0)
(0.00102929 -1.02945e-05 0)
(0.00102976 -9.40122e-06 0)
(0.00103015 -8.43888e-06 0)
(0.00103053 -7.38705e-06 0)
(0.00103081 -6.26373e-06 0)
(0.00103111 -5.03309e-06 0)
(0.00103126 -3.73106e-06 0)
(0.00103147 -2.29483e-06 0)
(0.00103148 -7.92713e-07 0)
(0.00103159 8.84043e-07 0)
(0.00103143 2.61414e-06 0)
(0.00103144 4.5785e-06 0)
(0.0010311 6.57228e-06 0)
(0.00103098 8.88795e-06 0)
(0.00103039 1.11807e-05 0)
(0.00103004 1.39131e-05 0)
(0.001 -4.90023e-07 0)
(0.00100008 -1.48333e-06 0)
(0.00100023 -2.48396e-06 0)
(0.00100046 -3.48592e-06 0)
(0.00100076 -4.48326e-06 0)
(0.00100114 -5.47034e-06 0)
(0.00100158 -6.44192e-06 0)
(0.00100208 -7.3934e-06 0)
(0.00100265 -8.32072e-06 0)
(0.00100326 -9.22045e-06 0)
(0.00100393 -1.00895e-05 0)
(0.00100464 -1.09254e-05 0)
(0.00100539 -1.17257e-05 0)
(0.00100618 -1.24885e-05 0)
(0.001007 -1.32121e-05 0)
(0.00100785 -1.38952e-05 0)
(0.00100873 -1.45362e-05 0)
(0.00100963 -1.51342e-05 0)
(0.00101054 -1.5688e-05 0)
(0.00101148 -1.61968e-05 0)
(0.00101242 -1.66595e-05 0)
(0.00101338 -1.70755e-05 0)
(0.00101434 -1.74437e-05 0)
(0.00101532 -1.77636e-05 0)
(0.00101629 -1.8034e-05 0)
(0.00101727 -1.82547e-05 0)
(0.00101824 -1.84244e-05 0)
(0.00101922 -1.85429e-05 0)
(0.00102019 -1.86087e-05 0)
(0.00102115 -1.86222e-05 0)
(0.00102211 -1.85811e-05 0)
(0.00102306 -1.84863e-05 0)
(0.00102399 -1.8335e-05 0)
(0.00102492 -1.81287e-05 0)
(0.00102582 -1.78635e-05 0)
(0.00102672 -1.75419e-05 0)
(0.00102759 -1.71586e-05 0)
(0.00102845 -1.67174e-05 0)
(0.00102928 -1.62108e-05 0)
(0.00103009 -1.56448e-05 0)
(0.00103087 -1.50087e-05 0)
(0.00103164 -1.43113e-05 0)
(0.00103236 -1.3538e-05 0)
(0.00103309 -1.27009e-05 0)
(0.00103374 -1.17805e-05 0)
(0.00103441 -1.07934e-05 0)
(0.00103499 -9.71324e-06 0)
(0.0010356 -8.56281e-06 0)
(0.0010361 -7.3067e-06 0)
(0.00103666 -5.97566e-06 0)
(0.00103706 -4.52227e-06 0)
(0.00103757 -2.98842e-06 0)
(0.00103786 -1.30977e-06 0)
(0.00103834 4.54682e-07 0)
(0.00103852 2.39246e-06 0)
(0.00103898 4.41929e-06 0)
(0.00103901 6.65671e-06 0)
(0.00103946 8.98315e-06 0)
(0.00103927 1.15803e-05 0)
(0.00103958 1.42487e-05 0)
(0.001 -6.06342e-07 0)
(0.0010001 -1.82946e-06 0)
(0.00100029 -3.05452e-06 0)
(0.00100057 -4.27308e-06 0)
(0.00100093 -5.47699e-06 0)
(0.00100139 -6.65885e-06 0)
(0.00100192 -7.81225e-06 0)
(0.00100253 -8.93194e-06 0)
(0.0010032 -1.00137e-05 0)
(0.00100393 -1.10544e-05 0)
(0.00100472 -1.20514e-05 0)
(0.00100555 -1.3003e-05 0)
(0.00100643 -1.39076e-05 0)
(0.00100734 -1.4764e-05 0)
(0.00100829 -1.5571e-05 0)
(0.00100926 -1.63279e-05 0)
(0.00101027 -1.70337e-05 0)
(0.00101129 -1.76881e-05 0)
(0.00101233 -1.82904e-05 0)
(0.00101338 -1.88404e-05 0)
(0.00101445 -1.93373e-05 0)
(0.00101553 -1.9781e-05 0)
(0.00101661 -2.01707e-05 0)
(0.0010177 -2.05065e-05 0)
(0.0010188 -2.07871e-05 0)
(0.00101989 -2.10131e-05 0)
(0.00102099 -2.11826e-05 0)
(0.00102208 -2.12967e-05 0)
(0.00102317 -2.13529e-05 0)
(0.00102426 -2.13529e-05 0)
(0.00102534 -2.12932e-05 0)
(0.00102641 -2.11765e-05 0)
(0.00102747 -2.09979e-05 0)
(0.00102852 -2.07617e-05 0)
(0.00102956 -2.04608e-05 0)
(0.00103059 -2.01018e-05 0)
(0.0010316 -1.96744e-05 0)
(0.00103261 -1.91888e-05 0)
(0.00103358 -1.863e-05 0)
(0.00103456 -1.80135e-05 0)
(0.00103549 -1.73171e-05 0)
(0.00103644 -1.65644e-05 0)
(0.00103732 -1.57228e-05 0)
(0.00103824 -1.48274e-05 0)
(0.00103907 -1.38308e-05 0)
(0.00103995 -1.27853e-05 0)
(0.00104073 -1.16211e-05 0)
(0.00104159 -1.04161e-05 0)
(0.00104231 -9.06825e-06 0)
(0.00104315 -7.69298e-06 0)
(0.0010438 -6.14025e-06 0)
(0.00104465 -4.58268e-06 0)
(0.00104522 -2.79687e-06 0)
(0.00104609 -1.04324e-06 0)
(0.00104656 1.01448e-06 0)
(0.00104748 2.98149e-06 0)
(0.00104783 5.37006e-06 0)
(0.00104884 7.56897e-06 0)
(0.001049 1.03683e-05 0)
(0.00105001 1.28048e-05 0)
(0.001 -7.5384e-07 0)
(0.00100013 -2.26795e-06 0)
(0.00100037 -3.77505e-06 0)
(0.00100072 -5.26198e-06 0)
(0.00100119 -6.71676e-06 0)
(0.00100177 -8.12939e-06 0)
(0.00100243 -9.49226e-06 0)
(0.00100318 -1.08001e-05 0)
(0.00100401 -1.20495e-05 0)
(0.0010049 -1.32387e-05 0)
(0.00100584 -1.43665e-05 0)
(0.00100683 -1.54326e-05 0)
(0.00100786 -1.64366e-05 0)
(0.00100893 -1.73787e-05 0)
(0.00101003 -1.82589e-05 0)
(0.00101116 -1.90776e-05 0)
(0.00101231 -1.98353e-05 0)
(0.00101349 -2.05325e-05 0)
(0.00101467 -2.11695e-05 0)
(0.00101587 -2.1747e-05 0)
(0.00101708 -2.22649e-05 0)
(0.0010183 -2.2724e-05 0)
(0.00101952 -2.31237e-05 0)
(0.00102075 -2.34648e-05 0)
(0.00102198 -2.37463e-05 0)
(0.00102322 -2.39693e-05 0)
(0.00102445 -2.41319e-05 0)
(0.00102568 -2.4236e-05 0)
(0.00102691 -2.42783e-05 0)
(0.00102813 -2.42619e-05 0)
(0.00102935 -2.41819e-05 0)
(0.00103056 -2.40432e-05 0)
(0.00103176 -2.38383e-05 0)
(0.00103296 -2.35749e-05 0)
(0.00103415 -2.32418e-05 0)
(0.00103533 -2.2851e-05 0)
(0.00103649 -2.23859e-05 0)
(0.00103766 -2.18647e-05 0)
(0.00103879 -2.12626e-05 0)
(0.00103994 -2.06078e-05 0)
(0.00104104 -1.98628e-05 0)
(0.00104216 -1.9071e-05 0)
(0.00104323 -1.81755e-05 0)
(0.00104434 -1.72429e-05 0)
(0.00104536 -1.61874e-05 0)
(0.00104646 -1.51103e-05 0)
(0.00104744 -1.38822e-05 0)
(0.00104853 -1.26571e-05 0)
(0.00104946 -1.12395e-05 0)
(0.00105057 -9.86368e-06 0)
(0.00105144 -8.23328e-06 0)
(0.00105259 -6.70603e-06 0)
(0.00105339 -4.83004e-06 0)
(0.00105462 -3.15374e-06 0)
(0.00105534 -9.83854e-07 0)
(0.00105673 8.33503e-07 0)
(0.00105736 3.36766e-06 0)
(0.00105896 5.29881e-06 0)
(0.00105938 8.28927e-06 0)
(0.0010611 1.02767e-05 0)
(0.001 -9.46148e-07 0)
(0.00100017 -2.84072e-06 0)
(0.0010005 -4.71869e-06 0)
(0.00100099 -6.56074e-06 0)
(0.00100162 -8.349e-06 0)
(0.00100238 -1.00691e-05 0)
(0.00100325 -1.17113e-05 0)
(0.00100421 -1.32701e-05 0)
(0.00100525 -1.47432e-05 0)
(0.00100635 -1.61305e-05 0)
(0.00100751 -1.74328e-05 0)
(0.0010087 -1.86512e-05 0)
(0.00100994 -1.97873e-05 0)
(0.00101121 -2.08428e-05 0)
(0.0010125 -2.18196e-05 0)
(0.00101382 -2.27202e-05 0)
(0.00101516 -2.35464e-05 0)
(0.0010165 -2.43006e-05 0)
(0.00101786 -2.49844e-05 0)
(0.00101923 -2.55997e-05 0)
(0.0010206 -2.61475e-05 0)
(0.00102198 -2.66295e-05 0)
(0.00102337 -2.70459e-05 0)
(0.00102475 -2.73982e-05 0)
(0.00102613 -2.7686e-05 0)
(0.00102752 -2.79109e-05 0)
(0.0010289 -2.80713e-05 0)
(0.00103028 -2.81696e-05 0)
(0.00103166 -2.82027e-05 0)
(0.00103304 -2.81742e-05 0)
(0.00103441 -2.8079e-05 0)
(0.00103578 -2.79228e-05 0)
(0.00103713 -2.76974e-05 0)
(0.00103849 -2.74121e-05 0)
(0.00103983 -2.70538e-05 0)
(0.00104118 -2.66375e-05 0)
(0.0010425 -2.61431e-05 0)
(0.00104384 -2.5594e-05 0)
(0.00104514 -2.49592e-05 0)
(0.00104646 -2.42756e-05 0)
(0.00104774 -2.34954e-05 0)
(0.00104905 -2.26758e-05 0)
(0.0010503 -2.17438e-05 0)
(0.0010516 -2.07878e-05 0)
(0.00105281 -1.96958e-05 0)
(0.00105412 -1.86043e-05 0)
(0.0010553 -1.73419e-05 0)
(0.00105663 -1.61185e-05 0)
(0.00105776 -1.46711e-05 0)
(0.00105913 -1.33233e-05 0)
(0.00106022 -1.16705e-05 0)
(0.00106167 -1.02114e-05 0)
(0.00106269 -8.32303e-06 0)
(0.00106428 -6.77489e-06 0)
(0.00106522 -4.60588e-06 0)
(0.00106701 -3.00642e-06 0)
(0.0010678 -4.88289e-07 0)
(0.00106987 1.10579e-06 0)
(0.00107041 4.09454e-06 0)
(0.00107277 5.60868e-06 0)
(0.001 -1.17072e-06 0)
(0.00100022 -3.49414e-06 0)
(0.00100067 -5.76107e-06 0)
(0.00100132 -7.93941e-06 0)
(0.00100217 -1.00074e-05 0)
(0.00100319 -1.19543e-05 0)
(0.00100434 -1.37784e-05 0)
(0.0010056 -1.54831e-05 0)
(0.00100693 -1.70741e-05 0)
(0.00100831 -1.85568e-05 0)
(0.00100975 -1.9936e-05 0)
(0.00101122 -2.12161e-05 0)
(0.00101272 -2.2401e-05 0)
(0.00101425 -2.3495e-05 0)
(0.00101579 -2.45024e-05 0)
(0.00101735 -2.54273e-05 0)
(0.00101891 -2.62736e-05 0)
(0.00102047 -2.70445e-05 0)
(0.00102204 -2.77426e-05 0)
(0.00102361 -2.83704e-05 0)
(0.00102518 -2.89293e-05 0)
(0.00102675 -2.94212e-05 0)
(0.00102832 -2.98466e-05 0)
(0.00102988 -3.0207e-05 0)
(0.00103145 -3.05022e-05 0)
(0.001033 -3.07333e-05 0)
(0.00103456 -3.08995e-05 0)
(0.00103611 -3.1002e-05 0)
(0.00103766 -3.10388e-05 0)
(0.00103919 -3.1012e-05 0)
(0.00104073 -3.0918e-05 0)
(0.00104226 -3.07604e-05 0)
(0.00104378 -3.05333e-05 0)
(0.0010453 -3.02431e-05 0)
(0.00104681 -2.988e-05 0)
(0.0010483 -2.94553e-05 0)
(0.0010498 -2.89527e-05 0)
(0.00105128 -2.83919e-05 0)
(0.00105276 -2.77459e-05 0)
(0.00105422 -2.70478e-05 0)
(0.00105568 -2.62537e-05 0)
(0.00105713 -2.54183e-05 0)
(0.00105857 -2.44706e-05 0)
(0.00106 -2.34996e-05 0)
(0.00106142 -2.23909e-05 0)
(0.00106284 -2.12893e-05 0)
(0.00106423 -2.00102e-05 0)
(0.00106566 -1.87879e-05 0)
(0.00106702 -1.73253e-05 0)
(0.00106847 -1.60005e-05 0)
(0.0010698 -1.43362e-05 0)
(0.0010713 -1.29405e-05 0)
(0.00107259 -1.10473e-05 0)
(0.00107418 -9.63282e-06 0)
(0.00107543 -7.46705e-06 0)
(0.0010772 -6.11565e-06 0)
(0.00107841 -3.60263e-06 0)
(0.00108046 -2.43634e-06 0)
(0.00108158 5.54464e-07 0)
(0.00108392 1.35838e-06 0)
(0.00100001 -1.7559e-06 0)
(0.00100046 -5.20964e-06 0)
(0.00100127 -8.51385e-06 0)
(0.00100237 -1.1592e-05 0)
(0.00100371 -1.4403e-05 0)
(0.00100521 -1.69435e-05 0)
(0.00100681 -1.92349e-05 0)
(0.00100848 -2.13063e-05 0)
(0.00101019 -2.31847e-05 0)
(0.00101193 -2.48902e-05 0)
(0.0010137 -2.64379e-05 0)
(0.00101549 -2.78403e-05 0)
(0.00101729 -2.91091e-05 0)
(0.00101908 -3.02556e-05 0)
(0.00102088 -3.1291e-05 0)
(0.00102267 -3.22249e-05 0)
(0.00102445 -3.30658e-05 0)
(0.00102622 -3.38201e-05 0)
(0.00102798 -3.44934e-05 0)
(0.00102973 -3.50896e-05 0)
(0.00103147 -3.56127e-05 0)
(0.00103319 -3.60646e-05 0)
(0.0010349 -3.64485e-05 0)
(0.00103659 -3.67648e-05 0)
(0.00103828 -3.7016e-05 0)
(0.00103994 -3.72012e-05 0)
(0.00104161 -3.73229e-05 0)
(0.00104324 -3.73785e-05 0)
(0.00104488 -3.73714e-05 0)
(0.00104648 -3.72972e-05 0)
(0.00104809 -3.71604e-05 0)
(0.00104965 -3.69548e-05 0)
(0.00105124 -3.66865e-05 0)
(0.00105276 -3.63472e-05 0)
(0.00105433 -3.59455e-05 0)
(0.00105581 -3.54699e-05 0)
(0.00105735 -3.49326e-05 0)
(0.00105878 -3.43182e-05 0)
(0.00106031 -3.36432e-05 0)
(0.00106168 -3.2888e-05 0)
(0.00106321 -3.20734e-05 0)
(0.00106451 -3.11756e-05 0)
(0.00106606 -3.02197e-05 0)
(0.00106726 -2.9179e-05 0)
(0.00106886 -2.80801e-05 0)
(0.00106995 -2.68981e-05 0)
(0.00107162 -2.5654e-05 0)
(0.00107258 -2.43363e-05 0)
(0.00107438 -2.29446e-05 0)
(0.00107514 -2.15045e-05 0)
(0.00107715 -1.99614e-05 0)
(0.00107765 -1.8427e-05 0)
(0.00107997 -1.67275e-05 0)
(0.00108011 -1.51541e-05 0)
(0.0010829 -1.32911e-05 0)
(0.00108251 -1.17827e-05 0)
(0.00108599 -9.74377e-06 0)
(0.00108486 -8.48251e-06 0)
(0.00108932 -6.22528e-06 0)
(0.00108707 -5.47822e-06 0)
(0.000999989 -1.97393e-06 0)
(0.00100077 -5.80359e-06 0)
(0.00100223 -9.36213e-06 0)
(0.00100421 -1.25656e-05 0)
(0.0010065 -1.54111e-05 0)
(0.00100891 -1.79437e-05 0)
(0.00101131 -2.02178e-05 0)
(0.00101364 -2.22764e-05 0)
(0.00101591 -2.41462e-05 0)
(0.00101812 -2.58438e-05 0)
(0.00102028 -2.73819e-05 0)
(0.00102239 -2.87734e-05 0)
(0.00102443 -3.00324e-05 0)
(0.0010264 -3.11722e-05 0)
(0.0010283 -3.22049e-05 0)
(0.00103011 -3.31396e-05 0)
(0.00103186 -3.39839e-05 0)
(0.00103353 -3.47429e-05 0)
(0.00103513 -3.54217e-05 0)
(0.00103665 -3.60229e-05 0)
(0.00103812 -3.65507e-05 0)
(0.00103951 -3.70056e-05 0)
(0.00104085 -3.73914e-05 0)
(0.0010421 -3.77066e-05 0)
(0.00104332 -3.79553e-05 0)
(0.00104444 -3.81338e-05 0)
(0.00104554 -3.82474e-05 0)
(0.00104654 -3.82897e-05 0)
(0.00104752 -3.82686e-05 0)
(0.0010484 -3.81738e-05 0)
(0.00104928 -3.80177e-05 0)
(0.00105003 -3.77841e-05 0)
(0.00105083 -3.74928e-05 0)
(0.00105145 -3.71182e-05 0)
(0.00105218 -3.66922e-05 0)
(0.00105267 -3.61741e-05 0)
(0.00105336 -3.56151e-05 0)
(0.00105369 -3.49508e-05 0)
(0.00105439 -3.42621e-05 0)
(0.00105455 -3.34478e-05 0)
(0.00105531 -3.26353e-05 0)
(0.00105525 -3.16657e-05 0)
(0.00105615 -3.07381e-05 0)
(0.0010558 -2.9605e-05 0)
(0.00105697 -2.85754e-05 0)
(0.00105621 -2.72661e-05 0)
(0.00105785 -2.6153e-05 0)
(0.00105646 -2.46494e-05 0)
(0.00105885 -2.34788e-05 0)
(0.00105653 -2.17562e-05 0)
(0.0010601 -2.0565e-05 0)
(0.00105631 -1.85954e-05 0)
(0.00106172 -1.74351e-05 0)
(0.00105566 -1.51995e-05 0)
(0.00106389 -1.4143e-05 0)
(0.00105429 -1.16701e-05 0)
(0.00106688 -1.08223e-05 0)
(0.00105181 -8.28243e-06 0)
(0.00107114 -7.73041e-06 0)
(0.00104774 -5.5899e-06 0)
(0.00100003 -5.81012e-06 0)
(0.00100172 -1.50199e-05 0)
(0.00100422 -2.15733e-05 0)
(0.00100704 -2.61624e-05 0)
(0.00100975 -2.95501e-05 0)
(0.00101213 -3.22645e-05 0)
(0.00101411 -3.45531e-05 0)
(0.00101575 -3.65021e-05 0)
(0.00101707 -3.81442e-05 0)
(0.00101813 -3.95095e-05 0)
(0.00101891 -4.06393e-05 0)
(0.00101942 -4.1579e-05 0)
(0.00101965 -4.23689e-05 0)
(0.00101961 -4.30387e-05 0)
(0.00101931 -4.36079e-05 0)
(0.00101876 -4.40888e-05 0)
(0.00101797 -4.44897e-05 0)
(0.00101695 -4.48166e-05 0)
(0.00101573 -4.50748e-05 0)
(0.0010143 -4.52685e-05 0)
(0.00101268 -4.54008e-05 0)
(0.00101087 -4.54738e-05 0)
(0.00100889 -4.54893e-05 0)
(0.00100674 -4.54478e-05 0)
(0.00100445 -4.53502e-05 0)
(0.00100199 -4.51959e-05 0)
(0.000999426 -4.4986e-05 0)
(0.000996708 -4.47189e-05 0)
(0.000993906 -4.43964e-05 0)
(0.000990958 -4.40156e-05 0)
(0.000987966 -4.35799e-05 0)
(0.000984821 -4.30842e-05 0)
(0.000981686 -4.25354e-05 0)
(0.000978376 -4.19239e-05 0)
(0.000975152 -4.12631e-05 0)
(0.0009717 -4.05349e-05 0)
(0.000968453 -3.97649e-05 0)
(0.000964873 -3.89194e-05 0)
(0.000961685 -3.80455e-05 0)
(0.000957971 -3.70807e-05 0)
(0.000954951 -3.61114e-05 0)
(0.000951064 -3.50224e-05 0)
(0.000948372 -3.39716e-05 0)
(0.000944209 -3.27473e-05 0)
(0.000942087 -3.16371e-05 0)
(0.000937436 -3.02537e-05 0)
(0.000936272 -2.91205e-05 0)
(0.000930729 -2.75311e-05 0)
(0.000931165 -2.64356e-05 0)
(0.000923982 -2.4551e-05 0)
(0.000927097 -2.35962e-05 0)
(0.000916925 -2.12533e-05 0)
(0.000924563 -2.06127e-05 0)
(0.000908978 -1.75265e-05 0)
(0.000924292 -1.74792e-05 0)
(0.000898996 -1.31913e-05 0)
(0.000927404 -1.41133e-05 0)
(0.000884858 -8.05954e-06 0)
(0.000935872 -1.00588e-05 0)
(0.000863253 -2.52578e-06 0)
(0.000992484 -4.94416e-06 0)
(0.000990034 -1.24655e-05 0)
(0.000986859 -1.74935e-05 0)
(0.000980471 -2.06849e-05 0)
(0.000971036 -2.2777e-05 0)
(0.000959716 -2.42808e-05 0)
(0.000947577 -2.54312e-05 0)
(0.000935152 -2.63029e-05 0)
(0.000922584 -2.69202e-05 0)
(0.00090985 -2.73081e-05 0)
(0.000896904 -2.75041e-05 0)
(0.000883742 -2.7551e-05 0)
(0.000870401 -2.74866e-05 0)
(0.000856934 -2.73389e-05 0)
(0.000843393 -2.71257e-05 0)
(0.000829816 -2.68586e-05 0)
(0.000816229 -2.65452e-05 0)
(0.00080265 -2.61919e-05 0)
(0.000789095 -2.5804e-05 0)
(0.000775579 -2.5386e-05 0)
(0.000762119 -2.49415e-05 0)
(0.000748728 -2.44735e-05 0)
(0.000735424 -2.39836e-05 0)
(0.00072222 -2.34738e-05 0)
(0.000709131 -2.29447e-05 0)
(0.00069617 -2.23979e-05 0)
(0.000683352 -2.18334e-05 0)
(0.00067069 -2.12527e-05 0)
(0.000658197 -2.06554e-05 0)
(0.000645887 -2.00434e-05 0)
(0.000633774 -1.94157e-05 0)
(0.000621871 -1.87749e-05 0)
(0.000610193 -1.81189e-05 0)
(0.00059875 -1.74521e-05 0)
(0.000587559 -1.67707e-05 0)
(0.000576628 -1.60813e-05 0)
(0.000565977 -1.53774e-05 0)
(0.000555609 -1.46697e-05 0)
(0.000545548 -1.39465e-05 0)
(0.000535789 -1.32252e-05 0)
(0.000526368 -1.24856e-05 0)
(0.000517261 -1.17564e-05 0)
(0.00050853 -1.10024e-05 0)
(0.000500109 -1.02715e-05 0)
(0.000492123 -9.5026e-06 0)
(0.000484407 -8.77658e-06 0)
(0.000477242 -7.98839e-06 0)
(0.000470213 -7.27292e-06 0)
(0.000464011 -6.45455e-06 0)
(0.00045754 -5.74703e-06 0)
(0.000452646 -4.88439e-06 0)
(0.000446272 -4.1404e-06 0)
(0.000443662 -3.25572e-06 0)
(0.000435867 -2.24279e-06 0)
(0.000438507 -1.61765e-06 0)
(0.000424496 6.87814e-07 0)
(0.00044137 -4.72697e-07 0)
(0.000406482 7.19577e-06 0)
(0.000462505 -2.30072e-06 0)
(0.00036953 2.45345e-05 0)
(0.000536896 -1.17795e-05 -1.39379e-24)
(0.000679305 -1.00238e-05 -9.05404e-23)
(0.000799492 -1.46404e-05 -5.74987e-24)
(0.000900872 -1.89929e-05 -8.84029e-23)
(0.000985553 -2.28734e-05 0)
(0.0010544 -2.60577e-05 1.20109e-23)
(0.00110786 -2.88378e-05 8.73065e-23)
(0.00114621 -3.18039e-05 0)
(0.00117007 -3.56709e-05 -1.29697e-23)
(0.00118055 -4.09788e-05 1.35466e-22)
(0.00117971 -4.81581e-05 1.12261e-22)
(0.00117075 -5.74059e-05 1.01654e-22)
(0.00115753 -6.87109e-05 -9.02728e-23)
(0.00114497 -8.20378e-05 6.2789e-23)
(0.00113652 -9.70396e-05 6.31711e-23)
(0.000977233 2.88845e-07 0)
(0.00106291 -3.58005e-07 9.59131e-23)
(0.0011337 -6.63494e-07 9.21725e-23)
(0.00118771 -1.38061e-06 1.92088e-22)
(0.00122425 -3.263e-06 -8.63756e-23)
(0.00124364 -7.03871e-06 8.83011e-23)
(0.00124684 -1.32387e-05 2.47785e-24)
(0.00123562 -2.20706e-05 1.19499e-22)
(0.00121299 -3.3396e-05 -1.09515e-22)
(0.00118315 -4.66731e-05 -1.24236e-22)
(0.00115192 -6.13196e-05 -2.30426e-22)
(0.00112519 -7.6672e-05 -1.17701e-22)
(0.00110827 -9.24065e-05 1.37064e-22)
(0.00110396 -0.000108189 -2.71248e-22)
(0.00111024 -0.000123838 -3.3105e-23)
(0.0011227 -0.000139558 -4.87752e-24)
(0.00113173 -0.000155295 3.58689e-23)
(0.00113125 -0.000172374 3.1514e-23)
(0.00111924 -0.000191651 1.14804e-22)
(0.00109843 -0.000214469 2.02747e-22)
(0.00109055 -0.000243851 -4.33125e-23)
(0.00109395 -0.000276535 0)
(0.00108577 -0.000311488 -2.39599e-23)
(0.00107071 -0.000353059 2.53251e-23)
(0.00105725 -0.000406223 -2.04065e-22)
(0.00104298 -0.000466611 0)
(0.00102356 -0.000549101 0)
(0.00099404 -0.00065196 -2.26764e-22)
(0.000999677 -0.000776809 -1.98379e-22)
(0.000785172 -0.000882291 1.14686e-22)
(0.00110248 -1.33497e-07 0)
(0.0011228 -2.09172e-06 -2.95438e-24)
(0.00113156 -5.73216e-06 -9.31678e-23)
(0.00112931 -1.15822e-05 -1.03892e-22)
(0.00111762 -1.97023e-05 1.56827e-22)
(0.00109954 -2.98215e-05 -1.41282e-22)
(0.00107905 -4.12702e-05 -1.17966e-22)
(0.00106099 -5.31637e-05 -1.62828e-22)
(0.00104974 -6.44835e-05 5.421e-23)
(0.00104841 -7.46021e-05 5.85319e-23)
(0.00105792 -8.34688e-05 1.33067e-22)
(0.00107611 -9.15614e-05 -1.5409e-23)
(0.00109923 -9.97047e-05 1.60367e-23)
(0.00112079 -0.000108468 1.14836e-22)
(0.00113499 -0.000118625 -7.08804e-23)
(0.00113666 -0.000130496 1.6089e-22)
(0.00112369 -0.0001448 -1.89646e-23)
(0.00110255 -0.000162568 1.96172e-22)
(0.00108075 -0.000183822 -4.17555e-23)
(0.00107245 -0.00020962 0)
(0.0010806 -0.000238565 -2.33198e-23)
(0.00107741 -0.000267147 -7.67712e-23)
(0.00105765 -0.000300742 2.61388e-23)
(0.00104096 -0.000343142 -2.76678e-23)
(0.0010265 -0.000395228 0)
(0.00100628 -0.000455555 0)
(0.000981724 -0.000537442 0)
(0.000943232 -0.000632869 -1.39035e-22)
(0.000934101 -0.00077309 2.34338e-22)
(0.000712214 -0.000862364 -1.19264e-22)
(0.00111713 -4.67583e-06 0)
(0.00111985 -9.27146e-06 0)
(0.00112026 -1.50102e-05 -6.17404e-24)
(0.00112 -2.17485e-05 6.34312e-24)
(0.00112071 -2.90817e-05 -4.49196e-23)
(0.00112376 -3.64936e-05 4.60761e-23)
(0.00112994 -4.36275e-05 0)
(0.00113918 -5.04161e-05 5.57893e-23)
(0.00115012 -5.71393e-05 -1.53311e-24)
(0.00116055 -6.44193e-05 -1.05267e-22)
(0.00116733 -7.28586e-05 -9.43928e-23)
(0.00116765 -8.2993e-05 3.23499e-23)
(0.00115923 -9.49818e-05 -1.67958e-23)
(0.00114131 -0.000108874 -7.12903e-23)
(0.0011162 -0.000124609 7.19992e-23)
(0.00108796 -0.000142051 -9.71779e-23)
(0.00106487 -0.000161436 -6.17739e-23)
(0.00105355 -0.000182411 0)
(0.00105539 -0.000204752 -9.1025e-23)
(0.00106584 -0.000228481 0)
(0.00106492 -0.000252512 0)
(0.0010419 -0.000279487 1.03561e-22)
(0.00101866 -0.000314975 0)
(0.00100474 -0.000357755 1.25374e-22)
(0.000985767 -0.000407915 -1.34572e-22)
(0.000959371 -0.000466339 1.44319e-22)
(0.000925678 -0.000545227 3.59915e-23)
(0.000882527 -0.000634854 3.03159e-22)
(0.000852743 -0.000772534 -2.03282e-22)
(0.000625523 -0.00083313 -1.06559e-22)
(0.00110806 -1.49032e-05 4.88413e-23)
(0.00110815 -2.00638e-05 0)
(0.00110757 -2.56884e-05 0)
(0.00110667 -3.17363e-05 6.51191e-24)
(0.00110553 -3.81511e-05 -6.69737e-24)
(0.0011038 -4.49221e-05 5.57353e-23)
(0.00110093 -5.21891e-05 -5.7458e-23)
(0.00109613 -6.01678e-05 0)
(0.00108877 -6.91536e-05 5.97016e-23)
(0.00107853 -7.92715e-05 6.17666e-23)
(0.00106577 -9.04504e-05 6.40479e-23)
(0.001052 -0.00010238 0)
(0.00103941 -0.000114628 0)
(0.0010312 -0.000126913 9.07054e-23)
(0.00102972 -0.000139195 -1.91232e-23)
(0.00103598 -0.000151913 1.61295e-22)
(0.00104838 -0.000165644 8.31599e-23)
(0.00106086 -0.0001808 9.15332e-23)
(0.0010665 -0.000198083 9.26717e-23)
(0.00105717 -0.000217709 1.03299e-22)
(0.00103027 -0.000240884 -2.70423e-23)
(0.00100209 -0.000270477 5.7436e-23)
(0.000988285 -0.000307165 9.63003e-23)
(0.000974545 -0.00034769 -1.28396e-22)
(0.000948891 -0.000394668 2.86267e-22)
(0.000915799 -0.000451827 -1.48317e-22)
(0.000877291 -0.000527095 -1.73422e-22)
(0.000826175 -0.000612513 6.16282e-23)
(0.000779999 -0.000751502 -7.02636e-23)
(0.000551256 -0.000795328 3.19918e-22)
(0.00109501 -2.10994e-05 -4.77117e-23)
(0.00109475 -2.60496e-05 -5.29391e-23)
(0.00109386 -3.13484e-05 0)
(0.00109256 -3.70384e-05 0)
(0.00109103 -4.31491e-05 0)
(0.00108935 -4.9725e-05 -4.91678e-23)
(0.00108759 -5.67869e-05 3.60044e-23)
(0.00108586 -6.43431e-05 1.51689e-23)
(0.00108449 -7.23475e-05 0)
(0.00108381 -8.07015e-05 4.98434e-23)
(0.00108434 -8.93347e-05 1.69088e-23)
(0.00108622 -9.8259e-05 -1.76925e-23)
(0.00108923 -0.000107716 1.83537e-23)
(0.00109231 -0.000118136 -1.9337e-23)
(0.0010935 -0.000130072 4.0424e-23)
(0.00109036 -0.000144015 -3.9131e-23)
(0.00108001 -0.000160138 1.13993e-22)
(0.0010608 -0.000178541 -6.90603e-23)
(0.00103382 -0.000199202 7.81416e-23)
(0.00100344 -0.000222384 -1.0516e-22)
(0.000979375 -0.000248912 8.89805e-23)
(0.000968997 -0.000279406 1.57681e-22)
(0.000961265 -0.000312757 -1.29616e-22)
(0.000938145 -0.000348952 -1.49226e-22)
(0.000903586 -0.000393791 -1.51874e-22)
(0.000866505 -0.00044896 0)
(0.000821142 -0.000519411 1.78398e-22)
(0.000763261 -0.000600614 -1.91595e-22)
(0.000699405 -0.00072986 -2.49978e-23)
(0.000472108 -0.000750612 -1.85463e-22)
(0.00108195 -2.7893e-05 0)
(0.00108154 -3.27575e-05 -1.00153e-24)
(0.00108045 -3.79468e-05 3.3582e-24)
(0.00107889 -4.3483e-05 3.46438e-24)
(0.00107705 -4.93894e-05 -7.11873e-24)
(0.00107504 -5.56863e-05 -5.95638e-23)
(0.0010728 -6.23872e-05 0)
(0.00107026 -6.95139e-05 0)
(0.00106722 -7.70961e-05 -6.62214e-23)
(0.00106349 -8.52126e-05 -4.98735e-23)
(0.00105874 -9.39937e-05 -8.93378e-23)
(0.00105253 -0.00010363 -1.84988e-23)
(0.00104444 -0.000114343 1.91994e-23)
(0.00103398 -0.000126277 2.0315e-23)
(0.00102115 -0.000139462 -1.0772e-22)
(0.00100639 -0.000153712 -1.91325e-23)
(0.000991251 -0.00016885 -6.94176e-23)
(0.000977979 -0.000184755 0)
(0.000968948 -0.000201811 -1.04894e-22)
(0.000965041 -0.000220789 -1.17335e-22)
(0.000963971 -0.00024265 -1.20108e-22)
(0.000957385 -0.000267807 -2.99595e-22)
(0.000934413 -0.00029629 3.56491e-23)
(0.000897138 -0.000330785 1.52445e-22)
(0.000860122 -0.000374815 0)
(0.000820586 -0.000427342 0)
(0.000769992 -0.000492524 0)
(0.000703913 -0.000568427 0)
(0.000626368 -0.000689652 -2.56369e-23)
(0.000402516 -0.000697549 0)
(0.00106903 -3.21664e-05 -1.63246e-24)
(0.00106836 -3.66893e-05 5.48207e-23)
(0.00106697 -4.15011e-05 0)
(0.00106508 -4.66121e-05 0)
(0.00106287 -5.20422e-05 0)
(0.00106043 -5.78165e-05 1.21566e-22)
(0.00105773 -6.39663e-05 0)
(0.0010547 -7.05303e-05 0)
(0.00105124 -7.75546e-05 -1.85415e-24)
(0.00104729 -8.51023e-05 0)
(0.00104281 -9.32304e-05 7.24462e-23)
(0.00103783 -0.000102004 -9.73934e-23)
(0.00103247 -0.000111443 2.00485e-23)
(0.00102688 -0.000121578 -8.60955e-23)
(0.00102131 -0.000132423 8.76053e-23)
(0.00101579 -0.000144119 -1.88529e-22)
(0.00101024 -0.000156965 0)
(0.00100366 -0.0001715 -1.08569e-22)
(0.00099449 -0.000188405 0)
(0.000979947 -0.000208155 1.50004e-22)
(0.000957316 -0.000231022 7.51421e-25)
(0.000924664 -0.000256793 1.39793e-22)
(0.000885557 -0.000286279 -3.83467e-23)
(0.00084965 -0.000321384 4.30455e-23)
(0.000816943 -0.000362828 -4.6082e-23)
(0.000773824 -0.00041003 5.22979e-23)
(0.00071555 -0.000468533 -5.65809e-23)
(0.00064215 -0.000538784 0)
(0.000551932 -0.000646577 2.65506e-22)
(0.000333827 -0.00063897 0)
(0.00105646 -3.52483e-05 0)
(0.00105545 -3.94534e-05 1.72357e-24)
(0.00105375 -4.393e-05 3.04521e-23)
(0.00105152 -4.86813e-05 -3.65582e-24)
(0.00104895 -5.37247e-05 -7.58818e-24)
(0.0010461 -5.90864e-05 -5.41425e-23)
(0.00104295 -6.48026e-05 0)
(0.00103943 -7.09111e-05 0)
(0.00103543 -7.74585e-05 6.04492e-23)
(0.00103085 -8.44901e-05 1.82964e-23)
(0.00102561 -9.20628e-05 -9.5144e-24)
(0.0010196 -0.000100236 3.82072e-23)
(0.00101271 -0.000109091 -4.26543e-23)
(0.00100472 -0.000118737 1.0923e-22)
(0.000995382 -0.000129332 -2.31914e-23)
(0.000984267 -0.000141088 9.70979e-23)
(0.000970916 -0.000154228 2.69963e-23)
(0.000954738 -0.000168969 1.09388e-22)
(0.000935501 -0.000185341 2.97515e-23)
(0.00091319 -0.000203332 0)
(0.000889163 -0.000222947 -3.60095e-23)
(0.000864777 -0.000244658 -3.74905e-23)
(0.000842178 -0.000269911 0)
(0.000818014 -0.000299871 0)
(0.000782676 -0.000334856 2.56295e-23)
(0.000729629 -0.000376272 -1.14541e-22)
(0.000664863 -0.000429366 -3.08743e-23)
(0.000585167 -0.000493124 3.52428e-23)
(0.000485669 -0.000588426 -1.7646e-25)
(0.00027368 -0.000573226 -4.28245e-23)
(0.0010444 -3.63105e-05 0)
(0.00104302 -4.00834e-05 0)
(0.00104098 -4.4099e-05 5.66429e-25)
(0.00103842 -4.83535e-05 3.03909e-23)
(0.00103548 -5.28594e-05 0)
(0.00103222 -5.76438e-05 0)
(0.00102861 -6.27399e-05 -8.40211e-24)
(0.00102457 -6.81867e-05 -2.65462e-23)
(0.00102001 -7.40229e-05 3.67051e-23)
(0.00101482 -8.02923e-05 -9.50954e-24)
(0.00100892 -8.70418e-05 9.85487e-24)
(0.0010022 -9.43275e-05 3.04927e-23)
(0.000994606 -0.000102218 5.38712e-23)
(0.000985982 -0.000110791 1.15954e-23)
(0.000976243 -0.000120144 -6.15248e-23)
(0.000965222 -0.000130367 0)
(0.000952854 -0.000141569 1.86797e-24)
(0.000938987 -0.000153853 0)
(0.000923599 -0.000167398 1.59782e-23)
(0.000906362 -0.00018251 -3.40911e-23)
(0.000886836 -0.000199758 7.18353e-23)
(0.000863407 -0.000219974 -6.23046e-23)
(0.000834004 -0.000243968 0)
(0.00079422 -0.000271838 0)
(0.000742496 -0.000304064 0)
(0.000681945 -0.000342453 2.4129e-22)
(0.000614887 -0.000389851 -3.44412e-23)
(0.000530546 -0.000445722 1.94889e-22)
(0.000423115 -0.000526035 0)
(0.000218441 -0.000503046 1.97609e-22)
(0.00103318 -3.5547e-05 0)
(0.00103141 -3.88398e-05 2.7309e-23)
(0.00102904 -4.23486e-05 -5.96243e-23)
(0.00102617 -4.6065e-05 -2.86209e-23)
(0.00102289 -4.99996e-05 -4.00542e-24)
(0.00101923 -5.41777e-05 4.12937e-24)
(0.00101518 -5.86316e-05 -4.31971e-24)
(0.00101066 -6.33971e-05 7.60807e-23)
(0.00100557 -6.85096e-05 -3.69281e-23)
(0.00099981 -7.40075e-05 0)
(0.000993296 -7.99308e-05 0)
(0.000985919 -8.633e-05 4.34452e-23)
(0.000977586 -9.32605e-05 0)
(0.000968141 -0.000100795 4.83433e-23)
(0.000957452 -0.000109015 -1.40197e-24)
(0.000945264 -0.000118025 5.44769e-23)
(0.000931377 -0.000127953 -4.19423e-23)
(0.000915365 -0.000138972 -1.51975e-23)
(0.000896885 -0.000151305 6.70691e-23)
(0.000875179 -0.000165231 5.44368e-23)
(0.000849681 -0.000181049 1.9143e-23)
(0.000819209 -0.000198985 1.47808e-22)
(0.000783371 -0.000219182 2.29401e-23)
(0.000741132 -0.000241889 0)
(0.000694118 -0.000268416 2.92363e-23)
(0.00063995 -0.000300336 -2.88604e-22)
(0.000573393 -0.00033946 0)
(0.0004834 -0.000385895 -1.60266e-22)
(0.000369803 -0.000452339 0)
(0.000171822 -0.000427521 -2.02378e-22)
(0.00102317 -3.28931e-05 0)
(0.00102104 -3.56385e-05 -2.92283e-23)
(0.00101836 -3.85674e-05 3.01891e-23)
(0.00101521 -4.16688e-05 0)
(0.00101162 -4.49501e-05 0)
(0.00100762 -4.84331e-05 -4.25321e-24)
(0.00100317 -5.2146e-05 4.38976e-24)
(0.000998212 -5.61194e-05 -5.0258e-23)
(0.00099265 -6.03833e-05 -4.76931e-24)
(0.000986382 -6.49681e-05 2.02219e-23)
(0.00097932 -6.99066e-05 -2.12099e-23)
(0.000971351 -7.52377e-05 -2.13851e-23)
(0.000962371 -8.10073e-05 -3.52497e-23)
(0.000952221 -8.72722e-05 -6.12897e-23)
(0.000940755 -9.4099e-05 5.15604e-23)
(0.00092773 -0.00010157 -8.29348e-23)
(0.000912942 -0.00010978 4.50244e-23)
(0.000896024 -0.000118848 -4.7961e-23)
(0.000876705 -0.000128904 -8.4944e-23)
(0.00085443 -0.000140108 -9.14867e-23)
(0.000828863 -0.000152642 -4.09483e-23)
(0.000799126 -0.000166767 -1.97088e-23)
(0.000764759 -0.000182892 5.02505e-23)
(0.000724013 -0.000201715 2.82716e-23)
(0.000675777 -0.000224277 0)
(0.000614925 -0.000251183 1.33033e-22)
(0.000538942 -0.000283354 0)
(0.000441448 -0.000321505 -8.90373e-23)
(0.000323589 -0.000374289 -1.01781e-22)
(0.000132683 -0.000348917 2.82518e-23)
(0.00101478 -2.85418e-05 4.54081e-25)
(0.00101232 -3.06864e-05 1.45729e-23)
(0.0010094 -3.29786e-05 0)
(0.001006 -3.54075e-05 1.61051e-23)
(0.00100217 -3.79778e-05 0)
(0.000997881 -4.07067e-05 1.73562e-23)
(0.000993111 -4.36174e-05 0)
(0.000987788 -4.67349e-05 1.85751e-23)
(0.000981832 -5.00827e-05 -4.91641e-24)
(0.000975143 -5.36847e-05 -2.03583e-23)
(0.000967631 -5.75657e-05 5.00828e-24)
(0.000959175 -6.17556e-05 -2.23971e-23)
(0.000949669 -6.62894e-05 2.36204e-23)
(0.000938942 -7.1211e-05 -4.32841e-25)
(0.000926846 -7.65717e-05 6.76113e-24)
(0.000913126 -8.24342e-05 -7.59262e-24)
(0.000897575 -8.88715e-05 -3.01803e-23)
(0.000879802 -9.59742e-05 -8.94099e-24)
(0.000859517 -0.000103851 3.47023e-23)
(0.000836096 -0.000112644 1.91752e-23)
(0.000809112 -0.000122533 -5.98554e-25)
(0.000777493 -0.000133761 -1.143e-22)
(0.000740582 -0.000146636 -3.73908e-23)
(0.000696406 -0.0001615 -5.52875e-23)
(0.000644004 -0.000178717 -4.74014e-23)
(0.000579572 -0.000198564 -1.73325e-23)
(0.00050282 -0.000222239 0)
(0.000405658 -0.000250718 -2.60222e-23)
(0.000287527 -0.000289676 1.2902e-22)
(0.000102625 -0.000267267 0)
(0.0010084 -2.27808e-05 0)
(0.00100569 -2.42804e-05 -7.47663e-24)
(0.00100257 -2.58882e-05 9.8177e-25)
(0.00099901 -2.75956e-05 -9.01399e-24)
(0.000994992 -2.94048e-05 0)
(0.000990497 -3.13273e-05 -8.62204e-24)
(0.000985487 -3.33799e-05 -2.28654e-24)
(0.000979896 -3.55804e-05 2.36293e-24)
(0.000973649 -3.79454e-05 2.49496e-24)
(0.00096665 -4.04913e-05 3.0546e-26)
(0.000958807 -4.32345e-05 2.17217e-23)
(0.000949998 -4.61949e-05 -2.85299e-24)
(0.000940107 -4.93955e-05 -3.05678e-24)
(0.000928964 -5.2866e-05 2.86812e-23)
(0.00091641 -5.66401e-05 0)
(0.000902191 -6.07598e-05 3.62059e-23)
(0.000886089 -6.52728e-05 1.72599e-25)
(0.000867712 -7.02391e-05 1.64344e-23)
(0.000846757 -7.57291e-05 8.91442e-24)
(0.0008226 -8.18329e-05 0)
(0.000794809 -8.86585e-05 4.23392e-23)
(0.000762334 -9.63408e-05 4.64428e-23)
(0.000724565 -0.000105045 0)
(0.000679607 -0.000114977 0)
(0.000626615 -0.000126449 6.38064e-23)
(0.000561777 -0.000139885 -9.29462e-24)
(0.000484191 -0.000156154 1.01359e-23)
(0.000384398 -0.000175595 8.15303e-23)
(0.000263311 -0.000201367 1.33889e-23)
(8.1771e-05 -0.000183674 0)
(0.00100433 -1.60385e-05 0)
(0.00100148 -1.68624e-05 -7.83784e-24)
(0.00099824 -1.77534e-05 2.45664e-25)
(0.000994574 -1.87073e-05 -8.14332e-24)
(0.000990452 -1.97237e-05 0)
(0.000985837 -2.08075e-05 -8.78234e-24)
(0.000980687 -2.19674e-05 -1.15225e-24)
(0.000974938 -2.32135e-05 2.99485e-24)
(0.00096852 -2.45554e-05 -6.08491e-25)
(0.000961338 -2.60017e-05 -2.62192e-24)
(0.000953303 -2.75606e-05 -1.81223e-26)
(0.000944288 -2.9242e-05 -2.09143e-26)
(0.000934177 -3.10574e-05 -2.41801e-26)
(0.000922793 -3.30214e-05 1.60778e-24)
(0.000909977 -3.51513e-05 0)
(0.000895471 -3.74676e-05 0)
(0.000879054 -3.9994e-05 0)
(0.000860333 -4.2759e-05 0)
(0.000838999 -4.57971e-05 -6.49724e-38)
(0.000814423 -4.91497e-05 0)
(0.000786167 -5.28698e-05 5.50059e-24)
(0.000753173 -5.70192e-05 2.01447e-25)
(0.000714814 -6.16872e-05 -1.31417e-23)
(0.000669167 -6.69725e-05 3.44284e-24)
(0.000615361 -7.30459e-05 4.01383e-24)
(0.00054952 -8.00451e-05 0)
(0.000470753 -8.8309e-05 -5.37662e-24)
(0.000369622 -9.78327e-05 1.20618e-23)
(0.000247961 -0.000110366 -6.82854e-24)
(6.96026e-05 -9.86848e-05 0)
(0.00100279 -8.84464e-06 0)
(0.000999888 -8.98132e-06 -7.38067e-24)
(0.000996606 -9.14127e-06 -2.46006e-25)
(0.000992907 -9.32674e-06 -8.1669e-24)
(0.000988759 -9.5356e-06 0)
(0.000984118 -9.76586e-06 -8.80863e-24)
(0.000978935 -1.00178e-05 -1.15404e-24)
(0.000973147 -1.02934e-05 1.79496e-24)
(0.000966686 -1.05948e-05 6.36915e-25)
(0.00095946 -1.09231e-05 -2.62631e-24)
(0.00095138 -1.12782e-05 -1.82234e-26)
(0.00094232 -1.16598e-05 -2.10281e-26)
(0.000932159 -1.20677e-05 1.52178e-24)
(0.000920723 -1.25016e-05 0)
(0.00090785 -1.29614e-05 1.74319e-24)
(0.000893283 -1.34463e-05 -1.82273e-24)
(0.000876801 -1.39551e-05 0)
(0.00085801 -1.44847e-05 2.14654e-24)
(0.0008366 -1.50328e-05 -2.25994e-24)
(0.000811943 -1.55923e-05 0)
(0.000783599 -1.61597e-05 5.51484e-24)
(0.000750508 -1.67201e-05 2.02905e-25)
(0.000712042 -1.72693e-05 -9.82398e-24)
(0.000666276 -1.77722e-05 3.59524e-24)
(0.000612346 -1.82256e-05 4.19564e-24)
(0.00054636 -1.85433e-05 1.97785e-25)
(0.000467436 -1.87735e-05 -1.05733e-23)
(0.000366091 -1.86477e-05 1.21152e-23)
(0.000244387 -1.84861e-05 -6.86062e-24)
(6.70491e-05 -1.33145e-05 -4.00422e-24)
(0.00100379 -1.71283e-06 0)
(0.00100095 -1.17551e-06 -7.53835e-24)
(0.000997713 -6.185e-07 0)
(0.000994057 -4.78671e-08 -8.07311e-24)
(0.000989962 5.39806e-07 0)
(0.000985387 1.15222e-06 -8.69984e-24)
(0.000980279 1.79703e-06 2.29721e-24)
(0.00097457 2.48036e-06 -2.37395e-24)
(0.000968194 3.20753e-06 -2.50732e-24)
(0.000961061 3.98495e-06 -3.10924e-26)
(0.000953082 4.82056e-06 2.18e-23)
(0.000944134 5.72463e-06 2.86798e-24)
(0.000934097 6.70908e-06 3.07386e-24)
(0.000922795 7.78884e-06 2.24871e-23)
(0.000910072 8.98097e-06 0)
(0.00089567 1.03077e-05 2.16971e-23)
(0.000879372 1.17943e-05 7.74678e-24)
(0.000860785 1.34752e-05 4.19841e-23)
(0.000839604 1.53886e-05 -8.97443e-24)
(0.000815202 1.75897e-05 0)
(0.000787146 2.01382e-05 4.27668e-23)
(0.000754378 2.31259e-05 4.69386e-23)
(0.000716278 2.66468e-05 0)
(0.00067093 3.08599e-05 0)
(0.000617472 3.5926e-05 6.46424e-23)
(0.00055201 4.21619e-05 0)
(0.000473639 4.98959e-05 0)
(0.000372954 5.97268e-05 1.07492e-22)
(0.000251871 7.27313e-05 -1.35799e-23)
(7.38775e-05 7.16223e-05 0)
(0.0010072 4.79796e-06 -4.57128e-25)
(0.00100452 5.98404e-06 1.55918e-23)
(0.00100139 7.23114e-06 0)
(0.000997853 8.5302e-06 1.61983e-23)
(0.00099389 9.88648e-06 0)
(0.000989469 1.13129e-05 1.746e-23)
(0.000984537 1.28241e-05 0)
(0.000979022 1.44335e-05 1.87499e-23)
(0.000972854 1.6154e-05 4.95693e-24)
(0.000965944 1.79992e-05 -2.56374e-23)
(0.000958208 1.99851e-05 -2.61264e-25)
(0.000949523 2.21314e-05 -2.26352e-23)
(0.000939774 2.44619e-05 2.38793e-23)
(0.000928787 2.70057e-05 -3.41836e-25)
(0.00091641 2.97971e-05 0)
(0.000902388 3.28792e-05 -4.14469e-25)
(0.000886511 3.63021e-05 -3.05617e-23)
(0.00086839 4.01308e-05 7.87907e-24)
(0.000847728 4.44403e-05 3.56455e-23)
(0.000823904 4.93332e-05 -1.94066e-23)
(0.000796493 5.49295e-05 -1.04179e-24)
(0.00076444 6.14064e-05 -6.93898e-23)
(0.000727121 6.89716e-05 -6.32497e-23)
(0.000682606 7.79237e-05 -5.63049e-23)
(0.000630008 8.85765e-05 -8.05314e-23)
(0.000565429 0.000101358 1.76312e-23)
(0.000487941 0.000116843 0)
(0.000388653 0.000135951 2.19685e-23)
(0.000269236 0.000161709 7.99454e-23)
(8.96056e-05 0.000155116 0)
(0.00101277 1.0196e-05 0)
(0.00101033 1.1993e-05 -2.95449e-23)
(0.00100739 1.38905e-05 3.0527e-23)
(0.00100403 1.58765e-05 0)
(0.00100026 1.79579e-05 0)
(0.000996072 2.01522e-05 4.29811e-24)
(0.000991403 2.248e-05 -4.4361e-24)
(0.000986176 2.49611e-05 -6.01605e-23)
(0.00098032 2.76148e-05 4.82253e-24)
(0.000973748 3.04616e-05 2.04244e-23)
(0.000966375 3.35248e-05 -2.14287e-23)
(0.000958086 3.68334e-05 -1.05015e-23)
(0.000948768 4.04214e-05 -2.35998e-23)
(0.000938255 4.43318e-05 -8.69017e-23)
(0.000926398 4.86135e-05 5.23655e-23)
(0.000912951 5.33301e-05 -8.41652e-23)
(0.00089771 5.85534e-05 1.51643e-23)
(0.000880299 6.43792e-05 -1.66476e-23)
(0.000860435 7.09131e-05 -1.21711e-22)
(0.000837531 7.82948e-05 -7.5092e-23)
(0.000811212 8.66747e-05 -2.12923e-23)
(0.000780517 9.62689e-05 -4.33611e-23)
(0.00074495 0.00010736 5.02668e-23)
(0.000702734 0.000120441 5.58313e-23)
(0.000653061 0.000136219 0)
(0.000591784 0.000155608 1.36947e-22)
(0.000516762 0.000179424 0)
(0.000418611 0.000208274 -9.14549e-23)
(0.000299278 0.000247331 -1.05003e-22)
(0.000114778 0.000236549 -2.95059e-23)
(0.00102017 1.4205e-05 -8.87548e-25)
(0.00101803 1.6561e-05 3.21768e-23)
(0.00101532 1.90533e-05 -6.03527e-23)
(0.00101218 2.16707e-05 -3.29241e-23)
(0.00100867 2.44221e-05 4.05831e-24)
(0.00100477 2.73282e-05 -4.1839e-24)
(0.00100043 3.04142e-05 4.37956e-24)
(0.000995569 3.37062e-05 6.80973e-23)
(0.000990111 3.72292e-05 -3.75202e-23)
(0.000983967 4.10112e-05 0)
(0.000977059 4.50825e-05 0)
(0.000969275 4.94821e-05 4.40595e-23)
(0.000960512 5.42545e-05 0)
(0.000950606 5.9457e-05 4.90722e-23)
(0.000939418 6.5154e-05 -1.23074e-24)
(0.0009267 7.14283e-05 5.53598e-23)
(0.000912254 7.83776e-05 -7.23853e-23)
(0.000895675 8.61349e-05 1.54927e-23)
(0.000876645 9.48722e-05 6.83024e-23)
(0.000854459 0.000104817 7.39381e-23)
(0.0008286 0.000116231 0)
(0.000797881 0.000129381 1.9555e-22)
(0.000761724 0.000144474 -2.35182e-23)
(0.00071856 0.000161778 0)
(0.00066875 0.000181965 -3.01769e-23)
(0.000610495 0.000206475 -2.32995e-22)
(0.000542289 0.000237321 0)
(0.000452086 0.000275085 -1.24268e-22)
(0.000337891 0.000327764 -4.82277e-23)
(0.000148359 0.000315235 -2.16408e-22)
(0.00102902 1.65515e-05 0)
(0.0010272 1.93977e-05 0)
(0.00102476 2.24111e-05 5.00831e-25)
(0.00102188 2.5584e-05 3.08217e-23)
(0.00101865 2.89257e-05 0)
(0.00101508 3.24583e-05 0)
(0.00101112 3.62088e-05 8.54336e-24)
(0.00100668 4.02069e-05 -4.45939e-23)
(0.00100168 4.44822e-05 3.72935e-23)
(0.000996022 4.90673e-05 9.68526e-24)
(0.000989648 5.39991e-05 -1.0037e-23)
(0.000982445 5.9322e-05 5.2449e-23)
(0.000974325 6.5092e-05 3.28851e-23)
(0.000965138 7.1376e-05 0)
(0.000954776 7.82561e-05 -5.04006e-23)
(0.000943051 8.58194e-05 1.33312e-23)
(0.000929859 9.41616e-05 -1.22675e-23)
(0.000914993 0.000103382 0)
(0.000898378 0.000113618 -1.63974e-23)
(0.000879663 0.00012511 3.50105e-23)
(0.000858537 0.000138268 7.51054e-23)
(0.000833739 0.000153758 -1.04826e-22)
(0.000803754 0.000172317 0)
(0.000765037 0.00019443 0)
(0.000714725 0.000220301 0)
(0.000651573 0.000250921 2.5132e-22)
(0.000580011 0.00028922 3.61693e-23)
(0.0004928 0.000336181 1.25153e-22)
(0.000384029 0.000402971 0)
(0.000189495 0.000390824 2.11309e-22)
(0.00103897 1.72838e-05 0)
(0.00103746 2.05738e-05 -1.75348e-24)
(0.0010353 2.40643e-05 2.73255e-23)
(0.00103269 2.77525e-05 3.72118e-24)
(0.00102977 3.16506e-05 7.72998e-24)
(0.00102656 3.57797e-05 -7.11792e-23)
(0.00102301 4.01697e-05 0)
(0.00101902 4.48514e-05 0)
(0.00101451 4.98617e-05 7.97775e-23)
(0.0010094 5.52364e-05 -1.86868e-23)
(0.0010036 6.10204e-05 9.72068e-24)
(0.000997025 6.72602e-05 3.92754e-23)
(0.000989541 7.40188e-05 -4.35814e-23)
(0.000980956 8.13806e-05 6.64396e-23)
(0.00097103 8.94688e-05 2.37669e-23)
(0.000959374 9.84585e-05 9.98449e-23)
(0.000945573 0.000108549 8.21292e-23)
(0.00092903 0.000119939 1.13889e-22)
(0.000909431 0.000132715 -3.06229e-23)
(0.000886481 0.000146908 0)
(0.000860987 0.000162561 -1.10238e-22)
(0.00083385 0.000179996 3.8799e-23)
(0.000806923 0.000200197 0)
(0.000779127 0.000224581 0)
(0.000744544 0.000253937 0)
(0.000692835 0.00028862 -1.20693e-22)
(0.000625457 0.000332532 0)
(0.000541713 0.000386985 -3.77941e-23)
(0.000439065 0.000468273 -5.05926e-25)
(0.000238702 0.000461627 4.66971e-23)
(0.00104971 1.61251e-05 1.66333e-24)
(0.00104848 1.97435e-05 5.25156e-23)
(0.00104658 2.3587e-05 0)
(0.00104424 2.76594e-05 0)
(0.00104164 3.19724e-05 0)
(0.00103878 3.65447e-05 1.24175e-22)
(0.00103561 4.14007e-05 0)
(0.00103206 4.6572e-05 0)
(0.00102803 5.20966e-05 -1.70115e-24)
(0.00102348 5.80275e-05 0)
(0.00101836 6.44176e-05 7.43837e-23)
(0.00101268 7.1326e-05 -6.01688e-23)
(0.00100652 7.87794e-05 -2.05808e-23)
(0.000999971 8.68016e-05 -8.83474e-23)
(0.000993253 9.54064e-05 9.03088e-23)
(0.000986404 0.000104695 -1.94222e-22)
(0.000979397 0.000114906 0)
(0.000971452 0.000126477 -1.11917e-22)
(0.000961315 0.000139978 0)
(0.000946628 0.000155867 9.17965e-23)
(0.000924734 0.000174416 -8.59713e-25)
(0.000893303 0.00019562 1.44059e-22)
(0.000853377 0.000219778 3.9996e-23)
(0.000811738 0.000248392 -4.52473e-23)
(0.000773949 0.000283287 4.84392e-23)
(0.000730158 0.000324158 -5.56215e-23)
(0.000670885 0.000374164 6.01772e-23)
(0.000593588 0.000434945 0)
(0.0004988 0.000528501 2.93836e-22)
(0.000293543 0.000528034 0)
(0.00106105 1.38772e-05 0)
(0.00106004 1.78347e-05 -9.17944e-25)
(0.00105837 2.20579e-05 -3.4338e-24)
(0.00105632 2.65608e-05 -3.54662e-24)
(0.00105402 3.13611e-05 7.28337e-24)
(0.00105153 3.64721e-05 -6.09195e-23)
(0.00104876 4.19029e-05 0)
(0.00104563 4.76638e-05 0)
(0.00104199 5.37734e-05 -6.78769e-23)
(0.00103764 6.02872e-05 -8.62956e-23)
(0.00103231 6.73099e-05 -5.5545e-23)
(0.00102559 7.50035e-05 1.905e-23)
(0.00101706 8.35671e-05 -1.97715e-23)
(0.00100621 9.31366e-05 -2.09656e-23)
(0.000992955 0.000103756 -6.74197e-23)
(0.000977586 0.00011529 3.20416e-24)
(0.000961311 0.000127594 -9.64575e-23)
(0.000946084 0.000140582 2.63082e-23)
(0.000934107 0.000154538 -1.36845e-22)
(0.000926696 0.00017014 -1.21925e-22)
(0.000922542 0.0001882 -1.25747e-22)
(0.000915342 0.000209372 -2.43246e-22)
(0.000895167 0.0002337 -3.73975e-23)
(0.000857823 0.000262412 1.61471e-22)
(0.000815374 0.000299205 0)
(0.000771978 0.000344884 0)
(0.00071955 0.000401986 0)
(0.000649893 0.000469058 0)
(0.000566061 0.000575548 -2.31376e-23)
(0.000356035 0.00058777 0)
(0.0010728 9.26371e-06 -5.19843e-23)
(0.0010719 1.33277e-05 -5.08674e-23)
(0.0010704 1.76841e-05 0)
(0.00106856 2.23607e-05 6.88024e-24)
(0.00106652 2.73812e-05 -7.07834e-24)
(0.00106431 3.27876e-05 -6.51533e-23)
(0.00106195 3.86038e-05 8.23496e-23)
(0.00105954 4.4843e-05 -1.55892e-23)
(0.00105737 5.14646e-05 0)
(0.00105577 5.83768e-05 8.49337e-23)
(0.00105524 6.54999e-05 -1.74301e-23)
(0.00105594 7.28255e-05 1.82803e-23)
(0.00105772 8.05515e-05 -1.89635e-23)
(0.00105966 8.90516e-05 2.00296e-23)
(0.00106 9.88048e-05 -4.18989e-23)
(0.00105647 0.000110245 4.73739e-23)
(0.00104632 0.000123524 7.19001e-23)
(0.00102766 0.000138732 -1.22038e-22)
(0.00100083 0.000155842 1.33713e-22)
(0.000969177 0.000175102 -1.10274e-22)
(0.000941002 0.000197147 1.54069e-22)
(0.000924398 0.000222771 1.01166e-22)
(0.000914614 0.000251792 -1.37507e-22)
(0.000893295 0.000283325 -1.58061e-22)
(0.000856603 0.000321259 -2.0578e-22)
(0.000814607 0.000368946 4.56483e-23)
(0.000766283 0.000430991 1.9614e-22)
(0.000704539 0.000503575 -2.14638e-22)
(0.000633147 0.000618726 -2.2905e-23)
(0.000420657 0.000642102 -2.31902e-22)
(0.0010847 5.04949e-06 4.99698e-23)
(0.00108413 9.32318e-06 0)
(0.00108289 1.40243e-05 0)
(0.00108138 1.90939e-05 0)
(0.00107968 2.4447e-05 0)
(0.00107742 3.00556e-05 5.72694e-23)
(0.00107405 3.60374e-05 -5.90907e-23)
(0.00106879 4.25981e-05 0)
(0.00106103 5.00201e-05 6.16794e-23)
(0.00105039 5.84316e-05 6.38861e-23)
(0.00103719 6.77772e-05 6.63214e-23)
(0.00102275 7.77738e-05 0)
(0.00100909 8.80174e-05 0)
(0.000999217 9.82563e-05 7.51789e-23)
(0.000995514 0.000108447 0)
(0.000999195 0.000118975 1.68013e-22)
(0.00100914 0.000130359 8.69564e-23)
(0.00102014 0.000142999 9.55146e-23)
(0.00102551 0.000157466 9.73579e-23)
(0.00101737 0.000174015 1.08323e-22)
(0.000991613 0.000193465 2.85817e-23)
(0.000959497 0.000218002 -6.08468e-23)
(0.000939193 0.000249435 1.67091e-22)
(0.000924047 0.000285506 -1.3798e-22)
(0.000897744 0.000326716 3.08895e-22)
(0.000860618 0.000376595 -1.62623e-22)
(0.000817861 0.000443221 -1.9067e-22)
(0.000762757 0.000520334 1.75548e-23)
(0.000707029 0.000645124 -2.20246e-23)
(0.000493417 0.000688405 4.132e-22)
(0.00109278 -2.82215e-06 0)
(0.0010949 8.12469e-07 0)
(0.0010947 5.59763e-06 6.34723e-24)
(0.00109376 1.13837e-05 -6.52104e-24)
(0.0010937 1.77544e-05 -5.96506e-23)
(0.00109583 2.41733e-05 6.12915e-23)
(0.001101 3.02766e-05 -1.41461e-23)
(0.00110916 3.59748e-05 7.2281e-23)
(0.00111908 4.15215e-05 -1.43723e-24)
(0.00112863 4.74986e-05 -1.402e-22)
(0.00113483 5.44671e-05 -3.31837e-23)
(0.00113488 6.29226e-05 -3.35856e-23)
(0.00112647 7.29969e-05 1.74475e-23)
(0.00110865 8.47024e-05 -7.41153e-23)
(0.00108332 9.79873e-05 7.52098e-23)
(0.00105413 0.000112723 -8.13365e-23)
(0.00102871 0.000129119 -8.5553e-23)
(0.00101407 0.000146968 0)
(0.00101236 0.000166041 -9.56279e-23)
(0.00102014 0.000186468 0)
(0.00102049 0.000207442 -2.66912e-23)
(0.000998477 0.000230213 1.38697e-22)
(0.000970009 0.000259935 0)
(0.000951202 0.000297418 1.34732e-22)
(0.000930777 0.000341956 -1.45855e-22)
(0.00090092 0.000393703 1.5824e-22)
(0.000862944 0.000463727 -4.09711e-23)
(0.000815243 0.000545074 3.96419e-22)
(0.000774608 0.000670171 -1.94263e-22)
(0.000563068 0.000728129 -2.24103e-22)
(0.00107666 -5.12404e-06 0)
(0.00109659 -4.23755e-06 3.03779e-24)
(0.00110512 -1.71612e-06 -1.02154e-22)
(0.00110272 2.96074e-06 -9.44484e-23)
(0.00109085 9.84359e-06 1.48782e-22)
(0.00107246 1.86604e-05 -1.59236e-22)
(0.00105143 2.87549e-05 -1.08355e-22)
(0.0010325 3.92752e-05 -1.68609e-22)
(0.00102002 4.92206e-05 5.6348e-23)
(0.00101715 5.79679e-05 7.56895e-23)
(0.0010249 6.54439e-05 9.19922e-23)
(0.00104136 7.2094e-05 1.60394e-23)
(0.00106296 7.87258e-05 -1.67435e-23)
(0.0010835 8.58682e-05 1.54919e-22)
(0.00109717 9.42013e-05 -7.4041e-23)
(0.00109881 0.000104047 1.30785e-22)
(0.00108575 0.000115942 1.99105e-23)
(0.00106343 0.000130875 1.22807e-22)
(0.00103938 0.000148904 4.4079e-23)
(0.00102637 0.000170881 0)
(0.00103111 0.000196441 2.49106e-23)
(0.00102943 0.000221933 -1.34392e-22)
(0.00100821 0.000250583 -2.82902e-23)
(0.000985992 0.000287333 2.99452e-23)
(0.00096812 0.00033371 0)
(0.000944482 0.000387653 0)
(0.000914937 0.000460855 0)
(0.000872213 0.00054772 -1.6224e-22)
(0.000849957 0.000675988 2.97631e-22)
(0.000643193 0.000759412 -2.21825e-22)
(0.000949594 -2.86606e-06 0)
(0.00103427 -3.10008e-06 9.26681e-23)
(0.00110433 -3.6901e-06 1.01029e-22)
(0.00115775 -3.93351e-06 1.98156e-22)
(0.00119383 -3.08324e-06 -1.14276e-22)
(0.00121294 -4.11584e-07 1.04233e-22)
(0.00121599 4.58518e-06 1.55572e-23)
(0.00120471 1.20944e-05 9.65573e-23)
(0.00118198 2.19658e-05 -1.13654e-22)
(0.00115182 3.36428e-05 -1.00271e-22)
(0.00111987 4.65553e-05 -2.55107e-22)
(0.00109192 6.0037e-05 -1.07415e-22)
(0.00107328 7.37725e-05 1.11255e-22)
(0.00106702 8.75119e-05 -2.50777e-22)
(0.00107141 0.000101041 3.48058e-23)
(0.00108232 0.000114574 -2.90065e-22)
(0.00109063 0.000128044 -3.78014e-23)
(0.00108941 0.000142508 -3.57961e-22)
(0.00107671 0.000158947 -1.22317e-22)
(0.00105375 0.000178146 -2.16613e-22)
(0.00104037 0.000203247 4.62746e-23)
(0.00104152 0.00023243 -1.91908e-22)
(0.00103339 0.000263284 2.61179e-23)
(0.00101447 0.000299446 -2.76061e-23)
(0.000996605 0.000346665 2.27543e-22)
(0.00097821 0.00040121 0)
(0.000953915 0.00047522 0)
(0.000919649 0.00056907 2.82253e-22)
(0.000911252 0.00068472 -3.21878e-22)
(0.000711921 0.000782044 2.1331e-22)
(0.000511607 1.11266e-05 1.43212e-24)
(0.000652305 8.12551e-06 -9.60617e-23)
(0.000771304 1.13788e-05 5.93254e-24)
(0.000871682 1.46009e-05 -1.03441e-22)
(0.000955509 1.73733e-05 0)
(0.0010236 1.94832e-05 -1.24677e-23)
(0.00107634 2.12312e-05 1.16212e-22)
(0.001114 2.31649e-05 0)
(0.00113723 2.59496e-05 1.35204e-23)
(0.00114713 3.00706e-05 9.92533e-23)
(0.00114566 3.59203e-05 1.17072e-22)
(0.00113591 4.36698e-05 1.51054e-22)
(0.00112162 5.32398e-05 -1.87326e-22)
(0.00110762 6.46224e-05 1.94115e-22)
(0.00109749 7.75315e-05 -6.65591e-23)
(0.00109373 9.18497e-05 1.74926e-22)
(0.0010957 0.000107208 0)
(0.00109808 0.00012323 1.53215e-22)
(0.00109735 0.000140664 1.60726e-22)
(0.00108719 0.000159319 1.27486e-22)
(0.00107142 0.000181842 8.69735e-23)
(0.00106452 0.000210028 1.41821e-22)
(0.00106031 0.000242822 -4.82121e-23)
(0.00104896 0.000279322 2.55376e-23)
(0.00103497 0.000326688 -1.94598e-22)
(0.00102065 0.000383537 0)
(0.00100553 0.000454859 2.76716e-23)
(0.000975725 0.000561577 -2.71488e-22)
(0.000986451 0.000675392 0)
(0.000795738 0.000797345 0)
(0.000854458 0.000803665 0)
(0.00104118 0.000676791 0)
(0.00101772 0.000580992 -2.04204e-22)
(0.00103714 0.000465092 2.45634e-23)
(0.00104777 0.000400058 0)
(0.00105777 0.000340748 -1.6706e-22)
(0.0010688 0.000293865 2.4348e-23)
(0.00107745 0.000256546 -4.56124e-23)
(0.00108022 0.000223175 1.26525e-22)
(0.00108644 0.000194824 8.33607e-23)
(0.00110055 0.000171979 1.16005e-22)
(0.0011089 0.000152523 1.49118e-22)
(0.00110849 0.000134011 1.42996e-22)
(0.00110561 0.000116961 0)
(0.00110398 0.000101045 1.65938e-22)
(0.00110837 8.66781e-05 -6.47687e-23)
(0.00111897 7.40351e-05 1.85532e-22)
(0.00113292 6.29156e-05 -1.79136e-22)
(0.00114629 5.30558e-05 1.44009e-22)
(0.00115422 4.39049e-05 1.11197e-22)
(0.00115295 3.48324e-05 9.41599e-23)
(0.00113929 2.51004e-05 1.32715e-23)
(0.001111 1.43591e-05 0)
(0.00106644 2.46683e-06 1.1283e-22)
(0.00100423 -1.05821e-05 -1.24872e-23)
(0.000922868 -2.41673e-05 0)
(0.000819477 -3.70479e-05 -1.01264e-22)
(0.000687937 -4.8971e-05 6.08071e-24)
(0.000513405 -4.83807e-05 -9.44618e-23)
(0.00025585 -2.86076e-05 1.511e-24)
)
;

boundaryField
{
    inlet
    {
        type            fixedValue;
        value           uniform (0.001 0 0);
    }
    outlet
    {
        type            zeroGradient;
    }
    wall
    {
        type            noSlip;
    }
    obstacle
    {
        type            noSlip;
    }
    frontAndBack
    {
        type            empty;
    }
    procBoundary0to1
    {
        type            processor;
        value           nonuniform List<vector> 
61
(
(0.00027394 2.93189e-05 1.47409e-24)
(0.000540294 4.88682e-05 8.84755e-23)
(0.000717548 4.82519e-05 5.90043e-24)
(0.000850611 3.46689e-05 8.56329e-23)
(0.000955078 2.0494e-05 0)
(0.00103696 5.50588e-06 8.2194e-23)
(0.0010994 -9.00184e-06 -8.35233e-23)
(0.00114424 -2.23162e-05 0)
(0.00117298 -3.44163e-05 1.26954e-23)
(0.00118723 -4.548e-05 -1.15929e-22)
(0.00118918 -5.58961e-05 -1.05819e-22)
(0.00118205 -6.63681e-05 -8.13885e-23)
(0.00116979 -7.77072e-05 5.53403e-23)
(0.00115735 -9.05984e-05 -5.71491e-23)
(0.00114863 -0.000105277 -6.12408e-23)
(0.00113463 -0.000113608 1.65869e-22)
(0.00113463 -0.000113608 1.65869e-22)
(0.00113818 -0.000131263 0)
(0.00114183 -0.000149772 1.44486e-22)
(0.00114234 -0.000169869 1.51057e-22)
(0.00113311 -0.000191485 1.96719e-22)
(0.00112084 -0.000217988 -8.0745e-23)
(0.00111823 -0.000250213 2.15921e-22)
(0.00111572 -0.000287133 4.38831e-23)
(0.00110732 -0.000328544 -2.35388e-23)
(0.00109771 -0.000382045 -2.22707e-22)
(0.00108804 -0.000444895 0)
(0.00107886 -0.000523728 -2.26103e-23)
(0.00105314 -0.000640937 -1.70331e-22)
(0.00108025 -0.000762533 0)
(0.000875369 -0.000894876 0)
(0.000905686 0.000800025 -1.81727e-23)
(0.00110236 0.000681211 -1.54241e-22)
(0.0010621 0.0005973 -1.64441e-22)
(0.00107464 0.000478106 0)
(0.00107732 0.000416956 0)
(0.00108318 0.000355559 -1.97602e-22)
(0.00109046 0.000309089 -2.31528e-23)
(0.00109635 0.000270832 2.19035e-23)
(0.00109758 0.000236972 0)
(0.00110249 0.000208193 4.0726e-23)
(0.00111472 0.000184655 1.20271e-22)
(0.00112175 0.000164242 1.89451e-22)
(0.00112069 0.000144758 -3.0092e-23)
(0.00111736 0.00012689 -3.44347e-23)
(0.00111557 0.000110522 4.58047e-24)
(0.00111969 9.59735e-05 3.18964e-23)
(0.00112987 8.32626e-05 1.9382e-23)
(0.00114325 7.20031e-05 -1.35577e-22)
(0.00115583 6.17828e-05 1.30998e-22)
(0.00116294 5.21205e-05 -1.06305e-23)
(0.00116106 4.26753e-05 1.22885e-22)
(0.00114761 3.33967e-05 -1.03084e-22)
(0.00112113 2.46368e-05 8.74891e-23)
(0.00108063 1.69134e-05 2.11211e-22)
(0.00102511 1.04594e-05 -4.19761e-24)
(0.000952795 4.99826e-06 -1.04603e-22)
(0.000859646 3.17835e-07 -5.23173e-24)
(0.000736422 -3.90438e-06 9.22777e-23)
(0.000562503 -1.36609e-05 -9.67189e-23)
(0.000266032 3.40203e-06 0)
)
;
    }
}


// ************************************************************************* //
