/*--------------------------------*- C++ -*----------------------------------*\
| =========                 |                                                 |
| \\      /  F ield         | OpenFOAM: The Open Source CFD Toolbox           |
|  \\    /   O peration     | Version:  2312                                  |
|   \\  /    A nd           | Website:  www.openfoam.com                      |
|    \\/     M anipulation  |                                                 |
\*---------------------------------------------------------------------------*/
FoamFile
{
    version     2.0;
    format      ascii;
    arch        "LSB;label=32;scalar=64";
    class       surfaceScalarField;
    location    "8000";
    object      phi;
}
// * * * * * * * * * * * * * * * * * * * * * * * * * * * * * * * * * * * * * //

dimensions      [0 3 -1 0 0 0 0];

oriented        oriented;

internalField   nonuniform List<scalar> 
5250
(
0.000432348
-2.21007e-10
0.000432348
-2.04302e-10
0.000432348
-1.91625e-10
0.000432348
-1.74897e-10
0.000432349
-1.60658e-10
0.000432349
-1.51715e-10
0.000432349
-1.38029e-10
0.000432349
-1.22087e-10
0.000432349
-1.10517e-10
0.000432349
-1.04061e-10
0.000432349
-9.77339e-11
0.000432349
-8.94413e-11
0.000432349
-8.07879e-11
0.00043235
-7.25353e-11
0.00043235
-6.49444e-11
0.00043235
-5.84246e-11
0.00043235
-5.24904e-11
0.00043235
-4.61114e-11
0.00043235
-3.95398e-11
0.00043235
-3.39108e-11
0.00043235
-2.95889e-11
0.00043235
-2.61833e-11
0.00043235
-2.33083e-11
0.00043235
-2.08846e-11
0.00043235
-1.88928e-11
0.00043235
-1.72159e-11
0.00043235
-1.57321e-11
0.00043235
-1.43824e-11
0.00043235
-1.31523e-11
0.00043235
-1.20269e-11
0.00043235
-1.09892e-11
0.00043235
-1.00241e-11
0.00043235
-9.12462e-12
0.00043235
-8.2851e-12
0.00043235
-7.5032e-12
0.00043235
-6.77463e-12
0.00043235
-6.09735e-12
0.00043235
-5.46646e-12
0.00043235
-4.87863e-12
0.00043235
-4.3275e-12
0.00043235
-3.80895e-12
0.00043235
-3.31613e-12
0.00043235
-2.84573e-12
0.00043235
-2.39098e-12
0.00043235
-1.95172e-12
0.00043235
-1.519e-12
0.00043235
-1.09811e-12
0.00043235
-6.71668e-13
0.00043235
-2.7366e-13
0.00043235
1.44943e-13
0.00043235
4.75053e-13
0.00043235
9.28815e-13
0.00043235
1.13808e-12
0.00043235
1.71419e-12
0.00043235
1.64358e-12
0.00043235
2.51927e-12
0.00043235
1.92041e-12
0.00043235
3.34188e-12
0.00043235
2.00544e-12
0.00043235
3.97163e-12
0.00043235
2.23086e-12
0.00043235
3.83243e-12
0.00043235
3.26088e-12
0.00043235
2.32405e-12
0.00043235
5.26971e-12
0.00043235
4.23981e-13
0.00043235
6.21739e-12
0.00043235
1.04202e-12
0.00043235
2.85985e-12
0.00043235
5.96859e-12
0.00043235
-2.83494e-12
0.00043235
8.98732e-12
0.00043235
-1.10007e-12
0.00043235
1.58962e-12
0.00043235
8.91259e-12
0.00043235
-7.19587e-12
0.00043235
1.18344e-11
0.00043235
-9.53165e-13
0.00043235
-6.34877e-13
0.00043235
1.2898e-11
0.00043235
-7.69584e-12
0.00043235
9.21825e-12
0.00043235
9.16699e-12
0.00043235
-6.80399e-12
0.00043235
1.36097e-11
0.00043235
8.32758e-12
0.00043235
-3.30588e-13
0.00043235
1.08243e-11
1.14226e-11
0.000653734
-3.29097e-11
0.000653734
-3.56353e-11
0.000653734
-4.08795e-11
0.000653734
-4.30904e-11
0.000653733
-4.30683e-11
0.000653733
-4.47124e-11
0.000653733
-4.60206e-11
0.000653733
-4.32417e-11
0.000653733
-3.97948e-11
0.000653733
-3.93892e-11
0.000653733
-3.96724e-11
0.000653733
-3.78485e-11
0.000653733
-3.48752e-11
0.000653733
-3.2279e-11
0.000653733
-3.01039e-11
0.000653733
-2.7986e-11
0.000653733
-2.558e-11
0.000653733
-2.24429e-11
0.000653733
-1.86656e-11
0.000653733
-1.50497e-11
0.000653733
-1.22908e-11
0.000653733
-1.04459e-11
0.000653733
-9.24658e-12
0.000653733
-8.48333e-12
0.000653733
-8.03684e-12
0.000653733
-7.77651e-12
0.000653733
-7.57666e-12
0.000653733
-7.36269e-12
0.000653733
-7.11434e-12
0.000653733
-6.8275e-12
0.000653733
-6.5023e-12
0.000653733
-6.13883e-12
0.000653733
-5.74399e-12
0.000653733
-5.32465e-12
0.000653733
-4.89058e-12
0.000653733
-4.44769e-12
0.000653733
-4.00294e-12
0.000653733
-3.55945e-12
0.000653733
-3.12026e-12
0.000653733
-2.68459e-12
0.000653733
-2.25324e-12
0.000653733
-1.82327e-12
0.000653733
-1.3952e-12
0.000653733
-9.65766e-13
0.000653733
-5.39057e-13
0.000653733
-1.1315e-13
0.000653733
3.51193e-13
0.000653733
8.12711e-13
0.000653733
1.24723e-12
0.000653733
1.72217e-12
0.000653733
2.11569e-12
0.000653733
2.63403e-12
0.000653733
2.91743e-12
0.000653733
3.55136e-12
0.000653733
3.5897e-12
0.000653733
4.47456e-12
0.000653733
4.08554e-12
0.000653733
5.35358e-12
0.000653733
4.48732e-12
0.000653733
5.94166e-12
0.000653733
5.18688e-12
0.000653733
5.66373e-12
0.000653733
6.79223e-12
0.000653733
4.14863e-12
0.000653733
9.07358e-12
0.000653733
2.76345e-12
0.000653732
9.35923e-12
0.000653732
5.19476e-12
0.000653732
4.49514e-12
0.000653732
1.20464e-11
0.000653732
-1.04037e-12
0.000653732
1.35031e-11
0.000653732
4.63916e-12
0.000653732
2.5805e-12
0.000653732
1.74031e-11
0.000653732
-2.77777e-12
0.000653732
1.29417e-11
0.000653732
1.18891e-11
0.000653732
-3.61969e-13
0.000653732
1.87923e-11
0.000653732
7.14511e-12
0.000653732
6.86294e-12
0.000653732
1.98674e-11
0.000653732
6.92917e-12
0.000653732
1.47008e-11
0.000653732
1.93423e-11
0.000653732
1.29672e-11
0.000653732
1.78212e-11
2.1719e-11
0.000683109
3.2378e-10
0.000683109
2.83641e-10
0.000683108
2.47183e-10
0.000683108
2.14979e-10
0.000683108
1.87659e-10
0.000683108
1.63509e-10
0.000683107
1.41033e-10
0.000683107
1.21945e-10
0.000683107
1.06717e-10
0.000683107
9.30413e-11
0.000683107
8.01003e-11
0.000683107
6.92088e-11
0.000683107
6.045e-11
0.000683107
5.26632e-11
0.000683107
4.55706e-11
0.000683106
3.97134e-11
0.000683106
3.51883e-11
0.000683106
3.16101e-11
0.000683106
2.86767e-11
0.000683106
2.61889e-11
0.000683106
2.38846e-11
0.000683106
2.15435e-11
0.000683106
1.91243e-11
0.000683106
1.67111e-11
0.000683106
1.4397e-11
0.000683106
1.22506e-11
0.000683106
1.03201e-11
0.000683106
8.6342e-12
0.000683106
7.19537e-12
0.000683106
5.98884e-12
0.000683106
4.99083e-12
0.000683106
4.17698e-12
0.000683106
3.5224e-12
0.000683106
3.00502e-12
0.000683106
2.60436e-12
0.000683106
2.30407e-12
0.000683106
2.08959e-12
0.000683106
1.95007e-12
0.000683106
1.87582e-12
0.000683106
1.86004e-12
0.000683106
1.8962e-12
0.000683106
1.97996e-12
0.000683106
2.10629e-12
0.000683106
2.27237e-12
0.000683106
2.47301e-12
0.000683106
2.70753e-12
0.000683106
2.97132e-12
0.000683106
3.26478e-12
0.000683106
3.57004e-12
0.000683106
3.90728e-12
0.000683106
4.2304e-12
0.000683106
4.6078e-12
0.000683106
4.91595e-12
0.000683106
5.34332e-12
0.000683106
5.58906e-12
0.000683106
6.09061e-12
0.000683106
6.22658e-12
0.000683106
6.80938e-12
0.000683106
6.85242e-12
0.000683106
7.40658e-12
0.000683106
7.57083e-12
0.000683106
7.73895e-12
0.000683106
8.50223e-12
0.000683106
7.79774e-12
0.000683106
9.46389e-12
0.000683106
8.11122e-12
0.000683106
9.68211e-12
0.000683106
9.58074e-12
0.000683106
8.75275e-12
0.000683106
1.17944e-11
0.000683106
8.51415e-12
0.000683106
1.18933e-11
0.000683106
1.17702e-11
0.000683106
9.30524e-12
0.000683106
1.57095e-11
0.000683106
1.01838e-11
0.000683106
1.39178e-11
0.000683106
1.6729e-11
0.000683106
1.1624e-11
0.000683106
1.85011e-11
0.000683106
1.79445e-11
0.000683106
1.48684e-11
0.000683106
2.32697e-11
0.000683106
1.95609e-11
0.000683106
2.09564e-11
0.000683106
2.58842e-11
0.000683106
2.55293e-11
0.000683106
2.54647e-11
3.02262e-11
0.000685734
6.93485e-10
0.000685733
6.14976e-10
0.000685733
5.4529e-10
0.000685733
4.8294e-10
0.000685733
4.27688e-10
0.000685732
3.78992e-10
0.000685732
3.35043e-10
0.000685732
2.95563e-10
0.000685732
2.61351e-10
0.000685732
2.31554e-10
0.000685732
2.04807e-10
0.000685732
1.81149e-10
0.000685731
1.60608e-10
0.000685731
1.42239e-10
0.000685731
1.25557e-10
0.000685731
1.11004e-10
0.000685731
9.86978e-11
0.000685731
8.80454e-11
0.000685731
7.85507e-11
0.000685731
7.01351e-11
0.000685731
6.27274e-11
0.000685731
5.60647e-11
0.000685731
4.99143e-11
0.000685731
4.42207e-11
0.000685731
3.90188e-11
0.000685731
3.43264e-11
0.000685731
3.01318e-11
0.000685731
2.64156e-11
0.000685731
2.31539e-11
0.000685731
2.03124e-11
0.000685731
1.78495e-11
0.000685731
1.57224e-11
0.000685731
1.3892e-11
0.000685731
1.23229e-11
0.000685731
1.0984e-11
0.000685731
9.84793e-12
0.000685731
8.89112e-12
0.000685731
8.09307e-12
0.000685731
7.43614e-12
0.000685731
6.90489e-12
0.000685731
6.486e-12
0.000685731
6.16767e-12
0.000685731
5.93949e-12
0.000685731
5.79235e-12
0.000685731
5.71766e-12
0.000685731
5.70865e-12
0.000685731
5.75736e-12
0.000685731
5.85903e-12
0.000685731
6.00316e-12
0.000685731
6.19124e-12
0.000685731
6.40547e-12
0.000685731
6.66153e-12
0.000685731
6.92194e-12
0.000685731
7.23286e-12
0.000685731
7.51718e-12
0.000685731
7.87261e-12
0.000685731
8.16805e-12
0.000685731
8.5483e-12
0.000685731
8.87122e-12
0.000685731
9.22415e-12
0.000685731
9.63981e-12
0.000685731
9.88135e-12
0.000685731
1.04631e-11
0.000685731
1.0584e-11
0.000685731
1.12411e-11
0.000685731
1.15167e-11
0.000685731
1.18514e-11
0.000685731
1.27513e-11
0.000685731
1.25256e-11
0.000685731
1.38461e-11
0.000685731
1.3978e-11
0.000685731
1.43043e-11
0.000685731
1.62266e-11
0.000685731
1.50289e-11
0.000685731
1.78233e-11
0.000685731
1.75504e-11
0.000685731
1.83312e-11
0.000685731
2.07019e-11
0.000685731
2.03825e-11
0.000685731
2.19957e-11
0.000685731
2.47575e-11
0.00068573
2.34016e-11
0.00068573
2.76942e-11
0.00068573
2.80359e-11
0.00068573
2.96497e-11
0.00068573
3.17207e-11
0.00068573
3.48966e-11
0.00068573
3.44361e-11
3.90198e-11
0.00068591
1.02156e-09
0.00068591
9.09504e-10
0.00068591
8.09755e-10
0.000685909
7.20599e-10
0.000685909
6.41001e-10
0.000685909
5.70346e-10
0.000685909
5.07143e-10
0.000685909
4.50308e-10
0.000685909
3.99906e-10
0.000685908
3.55508e-10
0.000685908
3.16011e-10
0.000685908
2.80924e-10
0.000685908
2.49956e-10
0.000685908
2.22232e-10
0.000685908
1.97153e-10
0.000685908
1.74952e-10
0.000685908
1.55731e-10
0.000685908
1.38888e-10
0.000685908
1.23781e-10
0.000685908
1.1024e-10
0.000685908
9.82429e-11
0.000685908
8.75778e-11
0.000685908
7.79595e-11
0.000685908
6.92381e-11
0.000685908
6.13786e-11
0.000685908
5.43504e-11
0.000685908
4.80942e-11
0.000685907
4.25455e-11
0.000685907
3.76461e-11
0.000685907
3.33383e-11
0.000685907
2.95618e-11
0.000685907
2.62581e-11
0.000685907
2.33738e-11
0.000685907
2.08618e-11
0.000685907
1.86803e-11
0.000685907
1.67925e-11
0.000685907
1.51661e-11
0.000685907
1.37727e-11
0.000685907
1.25871e-11
0.000685907
1.15874e-11
0.000685907
1.07538e-11
0.000685907
1.0069e-11
0.000685907
9.51744e-12
0.000685907
9.08519e-12
0.000685907
8.75978e-12
0.000685907
8.53011e-12
0.000685907
8.38581e-12
0.000685907
8.31808e-12
0.000685907
8.31771e-12
0.000685907
8.37851e-12
0.000685907
8.49155e-12
0.000685907
8.6539e-12
0.000685907
8.85594e-12
0.000685907
9.09793e-12
0.000685907
9.3712e-12
0.000685907
9.67343e-12
0.000685907
1.00095e-11
0.000685907
1.03514e-11
0.000685907
1.07542e-11
0.000685907
1.11149e-11
0.000685907
1.15919e-11
0.000685907
1.1973e-11
0.000685907
1.24957e-11
0.000685907
1.29754e-11
0.000685907
1.34325e-11
0.000685907
1.41642e-11
0.000685907
1.44621e-11
0.000685907
1.54357e-11
0.000685907
1.58426e-11
0.000685907
1.65785e-11
0.000685907
1.77384e-11
0.000685907
1.77862e-11
0.000685907
1.97105e-11
0.000685907
1.97406e-11
0.000685907
2.13888e-11
0.000685907
2.2338e-11
0.000685907
2.35222e-11
0.000685907
2.48084e-11
0.000685907
2.65515e-11
0.000685907
2.73378e-11
0.000685907
3.01341e-11
0.000685907
3.03437e-11
0.000685907
3.37594e-11
0.000685907
3.45447e-11
0.000685907
3.74581e-11
0.000685907
3.85601e-11
0.000685907
4.28844e-11
0.000685907
4.28047e-11
4.80529e-11
0.000685919
1.28441e-09
0.000685919
1.14577e-09
0.000685919
1.02203e-09
0.000685919
9.11455e-10
0.000685918
8.12553e-10
0.000685918
7.24348e-10
0.000685918
6.45525e-10
0.000685918
5.74818e-10
0.000685918
5.11713e-10
0.000685918
4.55672e-10
0.000685918
4.05782e-10
0.000685918
3.61413e-10
0.000685918
3.22061e-10
0.000685917
2.86845e-10
0.000685917
2.55086e-10
0.000685917
2.26788e-10
0.000685917
2.01964e-10
0.000685917
1.80076e-10
0.000685917
1.60476e-10
0.000685917
1.42895e-10
0.000685917
1.2726e-10
0.000685917
1.13373e-10
0.000685917
1.00944e-10
0.000685917
8.97704e-11
0.000685917
7.97557e-11
0.000685917
7.08243e-11
0.000685917
6.28828e-11
0.000685917
5.58354e-11
0.000685917
4.95971e-11
0.000685917
4.409e-11
0.000685917
3.92389e-11
0.000685917
3.49725e-11
0.000685917
3.12268e-11
0.000685917
2.79447e-11
0.000685917
2.50756e-11
0.000685917
2.25748e-11
0.000685917
2.04026e-11
0.000685917
1.8524e-11
0.000685917
1.69079e-11
0.000685917
1.55265e-11
0.000685917
1.43553e-11
0.000685917
1.33723e-11
0.000685917
1.25578e-11
0.000685917
1.18945e-11
0.000685917
1.13665e-11
0.000685917
1.09598e-11
0.000685917
1.06618e-11
0.000685917
1.04611e-11
0.000685917
1.03479e-11
0.000685917
1.03127e-11
0.000685917
1.03482e-11
0.000685917
1.04458e-11
0.000685917
1.06026e-11
0.000685917
1.08065e-11
0.000685917
1.10658e-11
0.000685917
1.1353e-11
0.000685917
1.17057e-11
0.000685917
1.20555e-11
0.000685917
1.25011e-11
0.000685917
1.29009e-11
0.000685917
1.34317e-11
0.000685917
1.39038e-11
0.000685917
1.44675e-11
0.000685917
1.51073e-11
0.000685917
1.5593e-11
0.000685917
1.6518e-11
0.000685917
1.69114e-11
0.000685917
1.79927e-11
0.000685917
1.86796e-11
0.000685917
1.9381e-11
0.000685917
2.09197e-11
0.000685917
2.1049e-11
0.000685917
2.30807e-11
0.000685917
2.35932e-11
0.000685917
2.51129e-11
0.000685917
2.64579e-11
0.000685917
2.80471e-11
0.000685917
2.90577e-11
0.000685917
3.16232e-11
0.000685917
3.23802e-11
0.000685917
3.52729e-11
0.000685917
3.61558e-11
0.000685917
3.96597e-11
0.000685917
4.04661e-11
0.000685917
4.43116e-11
0.000685917
4.51995e-11
0.000685917
5.01264e-11
0.000685917
5.03336e-11
5.61886e-11
0.000685919
1.46739e-09
0.000685919
1.31052e-09
0.000685919
1.17027e-09
0.000685919
1.04483e-09
0.000685918
9.32534e-10
0.000685918
8.32196e-10
0.000685918
7.42494e-10
0.000685918
6.62127e-10
0.000685918
5.90292e-10
0.000685918
5.26261e-10
0.000685918
4.6914e-10
0.000685918
4.18247e-10
0.000685918
3.72981e-10
0.000685918
3.32483e-10
0.000685918
2.96053e-10
0.000685918
2.63519e-10
0.000685918
2.34767e-10
0.000685918
2.09301e-10
0.000685918
1.86524e-10
0.000685918
1.66117e-10
0.000685918
1.47935e-10
0.000685917
1.31766e-10
0.000685917
1.17331e-10
0.000685917
1.04408e-10
0.000685917
9.28604e-11
0.000685917
8.2577e-11
0.000685917
7.34395e-11
0.000685917
6.53317e-11
0.000685917
5.81498e-11
0.000685917
5.18004e-11
0.000685917
4.61961e-11
0.000685917
4.12564e-11
0.000685917
3.69089e-11
0.000685917
3.30891e-11
0.000685917
2.97402e-11
0.000685917
2.68115e-11
0.000685917
2.42583e-11
0.000685917
2.2041e-11
0.000685917
2.01241e-11
0.000685917
1.84765e-11
0.000685917
1.70701e-11
0.000685917
1.588e-11
0.000685917
1.48838e-11
0.000685917
1.40616e-11
0.000685917
1.33955e-11
0.000685917
1.28695e-11
0.000685917
1.24694e-11
0.000685917
1.21822e-11
0.000685917
1.19969e-11
0.000685917
1.19026e-11
0.000685917
1.18921e-11
0.000685917
1.19543e-11
0.000685917
1.20882e-11
0.000685917
1.22777e-11
0.000685917
1.25358e-11
0.000685917
1.28277e-11
0.000685917
1.32004e-11
0.000685917
1.35733e-11
0.000685917
1.40588e-11
0.000685917
1.45021e-11
0.000685917
1.50892e-11
0.000685917
1.56308e-11
0.000685917
1.62605e-11
0.000685917
1.70029e-11
0.000685917
1.75612e-11
0.000685917
1.86167e-11
0.000685917
1.91058e-11
0.000685917
2.03154e-11
0.000685917
2.11561e-11
0.000685917
2.19567e-11
0.000685917
2.37028e-11
0.000685917
2.39499e-11
0.000685917
2.61594e-11
0.000685917
2.68791e-11
0.000685917
2.85497e-11
0.000685917
3.00775e-11
0.000685917
3.19645e-11
0.000685917
3.30275e-11
0.000685917
3.59578e-11
0.000685917
3.68792e-11
0.000685917
4.00015e-11
0.000685917
4.11141e-11
0.000685917
4.50076e-11
0.000685917
4.58485e-11
0.000685917
5.02389e-11
0.000685917
5.12171e-11
0.000685917
5.6653e-11
0.000685917
5.69639e-11
6.35096e-11
0.000685918
1.56075e-09
0.000685918
1.39488e-09
0.000685918
1.24644e-09
0.000685918
1.11355e-09
0.000685918
9.94577e-10
0.000685918
8.88181e-10
0.000685918
7.9299e-10
0.000685918
7.07743e-10
0.000685918
6.31522e-10
0.000685918
5.6344e-10
0.000685918
5.02593e-10
0.000685918
4.48301e-10
0.000685918
3.99921e-10
0.000685918
3.56633e-10
0.000685918
3.17779e-10
0.000685918
2.83072e-10
0.000685918
2.5226e-10
0.000685917
2.24861e-10
0.000685917
2.00365e-10
0.000685917
1.78455e-10
0.000685917
1.58927e-10
0.000685917
1.41539e-10
0.000685917
1.26027e-10
0.000685917
1.12175e-10
0.000685917
9.98238e-11
0.000685917
8.88381e-11
0.000685917
7.90829e-11
0.000685917
7.04313e-11
0.000685917
6.27692e-11
0.000685917
5.59932e-11
0.000685917
5.00087e-11
0.000685917
4.47294e-11
0.000685917
4.00784e-11
0.000685917
3.59876e-11
0.000685917
3.23964e-11
0.000685917
2.92515e-11
0.000685917
2.65057e-11
0.000685917
2.41171e-11
0.000685917
2.20486e-11
0.000685917
2.02672e-11
0.000685917
1.87435e-11
0.000685917
1.7451e-11
0.000685917
1.63663e-11
0.000685917
1.54683e-11
0.000685917
1.47379e-11
0.000685917
1.41584e-11
0.000685917
1.37146e-11
0.000685917
1.33928e-11
0.000685917
1.31815e-11
0.000685917
1.3069e-11
0.000685917
1.30478e-11
0.000685917
1.31062e-11
0.000685917
1.32437e-11
0.000685917
1.34424e-11
0.000685917
1.37176e-11
0.000685917
1.40311e-11
0.000685917
1.44346e-11
0.000685917
1.48409e-11
0.000685917
1.53715e-11
0.000685917
1.58608e-11
0.000685917
1.65067e-11
0.000685917
1.71105e-11
0.000685917
1.78086e-11
0.000685917
1.86362e-11
0.000685917
1.92659e-11
0.000685917
2.04348e-11
0.000685917
2.10011e-11
0.000685917
2.23381e-11
0.000685917
2.32901e-11
0.000685917
2.4197e-11
0.000685917
2.61154e-11
0.000685917
2.64479e-11
0.000685917
2.88513e-11
0.000685917
2.96987e-11
0.000685917
3.15364e-11
0.000685917
3.32229e-11
0.000685917
3.53243e-11
0.000685917
3.64954e-11
0.000685917
3.96986e-11
0.000685917
4.07562e-11
0.000685917
4.41309e-11
0.000685917
4.53822e-11
0.000685917
4.96386e-11
0.000685917
5.05351e-11
0.000685917
5.53369e-11
0.000685917
5.64288e-11
0.000685917
6.2305e-11
0.000685917
6.26805e-11
6.98039e-11
0.000685917
1.55993e-09
0.000685917
1.39475e-09
0.000685917
1.24683e-09
0.000685917
1.11434e-09
0.000685917
9.95713e-10
0.000685917
8.8952e-10
0.000685917
7.94437e-10
0.000685917
7.09377e-10
0.000685917
6.33349e-10
0.000685917
5.65326e-10
0.000685917
5.0445e-10
0.000685917
4.50076e-10
0.000685917
4.01529e-10
0.000685917
3.58086e-10
0.000685917
3.192e-10
0.000685917
2.84485e-10
0.000685917
2.53538e-10
0.000685917
2.25909e-10
0.000685917
2.01221e-10
0.000685917
1.79187e-10
0.000685917
1.59548e-10
0.000685917
1.4204e-10
0.000685917
1.26429e-10
0.000685917
1.12522e-10
0.000685917
1.00153e-10
0.000685917
8.91678e-11
0.000685917
7.94249e-11
0.000685917
7.07944e-11
0.000685917
6.31584e-11
0.000685917
5.64091e-11
0.000685917
5.04492e-11
0.000685917
4.51913e-11
0.000685917
4.05581e-11
0.000685917
3.64817e-11
0.000685917
3.29019e-11
0.000685917
2.97661e-11
0.000685917
2.70276e-11
0.000685917
2.46455e-11
0.000685917
2.25831e-11
0.000685917
2.08081e-11
0.000685917
1.92916e-11
0.000685917
1.80077e-11
0.000685917
1.69332e-11
0.000685917
1.60471e-11
0.000685917
1.53307e-11
0.000685917
1.47672e-11
0.000685917
1.43415e-11
0.000685917
1.40399e-11
0.000685917
1.3851e-11
0.000685917
1.3763e-11
0.000685917
1.37685e-11
0.000685917
1.38556e-11
0.000685917
1.40243e-11
0.000685917
1.42562e-11
0.000685917
1.45681e-11
0.000685917
1.49195e-11
0.000685917
1.53664e-11
0.000685917
1.58159e-11
0.000685917
1.6398e-11
0.000685917
1.69368e-11
0.000685917
1.76429e-11
0.000685917
1.83058e-11
0.000685917
1.907e-11
0.000685917
1.99741e-11
0.000685917
2.06687e-11
0.000685917
2.19393e-11
0.000685917
2.25697e-11
0.000685917
2.40225e-11
0.000685917
2.50654e-11
0.000685917
2.60636e-11
0.000685917
2.81352e-11
0.000685917
2.85241e-11
0.000685917
3.11117e-11
0.000685917
3.20471e-11
0.000685917
3.40332e-11
0.000685917
3.58576e-11
0.000685917
3.81218e-11
0.000685917
3.93965e-11
0.000685917
4.28256e-11
0.000685917
4.39795e-11
0.000685917
4.75871e-11
0.000685917
4.89387e-11
0.000685917
5.34889e-11
0.000685917
5.4455e-11
0.000685917
5.95737e-11
0.000685917
6.07562e-11
0.000685917
6.70033e-11
0.000685917
6.74198e-11
7.50161e-11
0.000685917
1.46578e-09
0.000685917
1.31089e-09
0.000685917
1.172e-09
0.000685917
1.04758e-09
0.000685917
9.36251e-10
0.000685917
8.36502e-10
0.000685917
7.47199e-10
0.000685917
6.67441e-10
0.000685917
5.96087e-10
0.000685917
5.32098e-10
0.000685917
4.74846e-10
0.000685917
4.23693e-10
0.000685917
3.7789e-10
0.000685917
3.36918e-10
0.000685917
3.00406e-10
0.000685917
2.67825e-10
0.000685917
2.38607e-10
0.000685917
2.12419e-10
0.000685917
1.89064e-10
0.000685917
1.68277e-10
0.000685917
1.49734e-10
0.000685917
1.33184e-10
0.000685917
1.18453e-10
0.000685917
1.0538e-10
0.000685917
9.37919e-11
0.000685917
8.35254e-11
0.000685917
7.44392e-11
0.000685917
6.64073e-11
0.000685917
5.93125e-11
0.000685917
5.30481e-11
0.000685917
4.75193e-11
0.000685917
4.26433e-11
0.000685917
3.83475e-11
0.000685917
3.45685e-11
0.000685917
3.12507e-11
0.000685917
2.8346e-11
0.000685917
2.58119e-11
0.000685917
2.36113e-11
0.000685917
2.17108e-11
0.000685917
2.00811e-11
0.000685917
1.86955e-11
0.000685917
1.75303e-11
0.000685917
1.65641e-11
0.000685917
1.57775e-11
0.000685917
1.51529e-11
0.000685917
1.46746e-11
0.000685917
1.43283e-11
0.000685917
1.41011e-11
0.000685917
1.39822e-11
0.000685917
1.39606e-11
0.000685917
1.40296e-11
0.000685917
1.41774e-11
0.000685917
1.4405e-11
0.000685917
1.46933e-11
0.000685917
1.50613e-11
0.000685917
1.54664e-11
0.000685917
1.59692e-11
0.000685917
1.64714e-11
0.000685917
1.71119e-11
0.000685917
1.77036e-11
0.000685917
1.8472e-11
0.000685917
1.91918e-11
0.000685917
2.00196e-11
0.000685917
2.09934e-11
0.000685917
2.17461e-11
0.000685917
2.31077e-11
0.000685917
2.37914e-11
0.000685917
2.53448e-11
0.000685917
2.64657e-11
0.000685917
2.75333e-11
0.000685917
2.97456e-11
0.000685917
3.01616e-11
0.000685917
3.29181e-11
0.000685917
3.39116e-11
0.000685917
3.60199e-11
0.000685917
3.79572e-11
0.000685917
4.03475e-11
0.000685917
4.16999e-11
0.000685917
4.53133e-11
0.000685917
4.6533e-11
0.000685917
5.03229e-11
0.000685917
5.17457e-11
0.000685917
5.65235e-11
0.000685917
5.75397e-11
0.000685917
6.28997e-11
0.000685917
6.41611e-11
0.000685917
7.0703e-11
0.000685917
7.11391e-11
7.90675e-11
0.000685916
1.28433e-09
0.000685916
1.1486e-09
0.000685916
1.02675e-09
0.000685916
9.17706e-10
0.000685916
8.20059e-10
0.000685916
7.32453e-10
0.000685917
6.54347e-10
0.000685917
5.84796e-10
0.000685917
5.22243e-10
0.000685917
4.65961e-10
0.000685917
4.15774e-10
0.000685917
3.70895e-10
0.000685917
3.30527e-10
0.000685917
2.94559e-10
0.000685917
2.62753e-10
0.000685917
2.34271e-10
0.000685917
2.08457e-10
0.000685917
1.85257e-10
0.000685917
1.64671e-10
0.000685917
1.46383e-10
0.000685917
1.30023e-10
0.000685917
1.15419e-10
0.000685917
1.02493e-10
0.000685917
9.1106e-11
0.000685917
8.10689e-11
0.000685917
7.22149e-11
0.000685917
6.44108e-11
0.000685917
5.7537e-11
0.000685917
5.14798e-11
0.000685917
4.61382e-11
0.000685917
4.14263e-11
0.000685917
3.7272e-11
0.000685917
3.36125e-11
0.000685917
3.03944e-11
0.000685917
2.75712e-11
0.000685917
2.51032e-11
0.000685917
2.29554e-11
0.000685917
2.10975e-11
0.000685917
1.95022e-11
0.000685917
1.81454e-11
0.000685917
1.70046e-11
0.000685917
1.60601e-11
0.000685917
1.5293e-11
0.000685917
1.46869e-11
0.000685917
1.42263e-11
0.000685917
1.38977e-11
0.000685917
1.36883e-11
0.000685917
1.35866e-11
0.000685917
1.35825e-11
0.000685917
1.36664e-11
0.000685917
1.38324e-11
0.000685917
1.407e-11
0.000685917
1.43814e-11
0.000685917
1.47478e-11
0.000685917
1.51899e-11
0.000685917
1.56634e-11
0.000685917
1.62335e-11
0.000685917
1.67965e-11
0.000685917
1.75015e-11
0.000685917
1.81492e-11
0.000685917
1.89817e-11
0.000685917
1.97569e-11
0.000685917
2.0646e-11
0.000685917
2.16832e-11
0.000685917
2.24878e-11
0.000685917
2.39291e-11
0.000685917
2.46567e-11
0.000685917
2.62935e-11
0.000685917
2.74822e-11
0.000685917
2.85942e-11
0.000685917
3.09365e-11
0.000685917
3.13502e-11
0.000685917
3.42583e-11
0.000685917
3.5283e-11
0.000685917
3.74844e-11
0.000685917
3.95089e-11
0.000685917
4.199e-11
0.000685917
4.33901e-11
0.000685917
4.71452e-11
0.000685917
4.84047e-11
0.000685917
5.23203e-11
0.000685917
5.37901e-11
0.000685917
5.87258e-11
0.000685917
5.97669e-11
0.000685917
6.52764e-11
0.000685917
6.66013e-11
0.000685917
7.33334e-11
0.000685917
7.3798e-11
8.19269e-11
0.000685915
1.02655e-09
0.000685915
9.17576e-10
0.000685916
8.1968e-10
0.000685916
7.3254e-10
0.000685916
6.54312e-10
0.000685916
5.83932e-10
0.000685916
5.21706e-10
0.000685916
4.66372e-10
0.000685916
4.1609e-10
0.000685917
3.70898e-10
0.000685917
3.30916e-10
0.000685917
2.94922e-10
0.000685917
2.6233e-10
0.000685917
2.33658e-10
0.000685917
2.08592e-10
0.000685917
1.85872e-10
0.000685917
1.64939e-10
0.000685917
1.46139e-10
0.000685917
1.2959e-10
0.000685917
1.14876e-10
0.000685917
1.01655e-10
0.000685917
8.98996e-11
0.000685917
7.962e-11
0.000685917
7.06751e-11
0.000685917
6.28627e-11
0.000685917
5.60222e-11
0.000685917
5.00339e-11
0.000685917
4.4786e-11
0.000685917
4.01748e-11
0.000685917
3.61131e-11
0.000685917
3.25331e-11
0.000685917
2.93787e-11
0.000685917
2.66036e-11
0.000685917
2.41677e-11
0.000685917
2.2038e-11
0.000685917
2.01855e-11
0.000685917
1.85857e-11
0.000685917
1.72159e-11
0.000685917
1.60566e-11
0.000685917
1.50893e-11
0.000685917
1.42983e-11
0.000685917
1.36678e-11
0.000685917
1.31839e-11
0.000685917
1.28327e-11
0.000685917
1.26024e-11
0.000685917
1.24813e-11
0.000685917
1.24601e-11
0.000685917
1.25287e-11
0.000685917
1.26801e-11
0.000685917
1.2905e-11
0.000685917
1.31996e-11
0.000685917
1.35531e-11
0.000685917
1.39703e-11
0.000685917
1.44323e-11
0.000685917
1.49637e-11
0.000685917
1.55181e-11
0.000685917
1.6166e-11
0.000685917
1.67971e-11
0.000685917
1.75715e-11
0.000685917
1.82773e-11
0.000685917
1.91739e-11
0.000685917
2.00018e-11
0.000685917
2.09493e-11
0.000685917
2.20422e-11
0.000685917
2.28942e-11
0.000685917
2.44015e-11
0.000685917
2.51677e-11
0.000685917
2.68681e-11
0.000685917
2.81157e-11
0.000685917
2.92512e-11
0.000685917
3.17045e-11
0.000685917
3.20984e-11
0.000685917
3.51276e-11
0.000685917
3.61651e-11
0.000685917
3.8426e-11
0.000685917
4.05109e-11
0.000685917
4.30447e-11
0.000685917
4.44669e-11
0.000685917
4.83079e-11
0.000685917
4.95884e-11
0.000685917
5.35623e-11
0.000685917
5.50617e-11
0.000685917
6.00817e-11
0.000685917
6.11391e-11
0.000685917
6.6712e-11
0.000685917
6.80823e-11
0.000685917
7.48847e-11
0.000685917
7.53565e-11
8.35938e-11
0.000685915
7.07364e-10
0.000685915
6.31206e-10
0.000685915
5.63235e-10
0.000685915
5.03035e-10
0.000685916
4.48691e-10
0.000685916
4.00157e-10
0.000685916
3.57569e-10
0.000685916
3.1909e-10
0.000685916
2.83772e-10
0.000685916
2.52714e-10
0.000685916
2.25457e-10
0.000685917
2.00342e-10
0.000685917
1.77613e-10
0.000685917
1.58214e-10
0.000685917
1.41326e-10
0.000685917
1.25511e-10
0.000685917
1.10667e-10
0.000685917
9.74473e-11
0.000685917
8.59072e-11
0.000685917
7.56184e-11
0.000685917
6.63953e-11
0.000685917
5.83195e-11
0.000685917
5.13972e-11
0.000685917
4.54701e-11
0.000685917
4.03642e-11
0.000685917
3.59576e-11
0.000685917
3.2156e-11
0.000685917
2.88624e-11
0.000685917
2.59925e-11
0.000685917
2.3479e-11
0.000685917
2.12757e-11
0.000685917
1.9344e-11
0.000685917
1.76561e-11
0.000685917
1.61869e-11
0.000685917
1.49183e-11
0.000685917
1.38327e-11
0.000685917
1.29178e-11
0.000685917
1.21596e-11
0.000685917
1.1548e-11
0.000685917
1.10708e-11
0.000685917
1.07193e-11
0.000685917
1.04823e-11
0.000685917
1.03523e-11
0.000685917
1.03192e-11
0.000685917
1.03759e-11
0.000685917
1.05125e-11
0.000685917
1.07229e-11
0.000685917
1.09986e-11
0.000685917
1.13362e-11
0.000685917
1.17281e-11
0.000685917
1.21745e-11
0.000685917
1.26651e-11
0.000685917
1.32068e-11
0.000685917
1.37795e-11
0.000685917
1.44111e-11
0.000685917
1.50543e-11
0.000685917
1.57856e-11
0.000685917
1.64907e-11
0.000685917
1.73371e-11
0.000685917
1.8104e-11
0.000685917
1.9063e-11
0.000685917
1.99425e-11
0.000685917
2.09438e-11
0.000685917
2.20842e-11
0.000685917
2.29797e-11
0.000685917
2.45344e-11
0.000685917
2.53371e-11
0.000685917
2.70776e-11
0.000685917
2.83721e-11
0.000685917
2.95202e-11
0.000685917
3.20455e-11
0.000685917
3.24281e-11
0.000685917
3.5524e-11
0.000685917
3.65725e-11
0.000685917
3.88544e-11
0.000685917
4.09743e-11
0.000685917
4.35197e-11
0.000685917
4.49497e-11
0.000685917
4.8809e-11
0.000685917
5.00958e-11
0.000685917
5.40601e-11
0.000685917
5.55637e-11
0.000685917
6.05818e-11
0.000685917
6.16403e-11
0.000685917
6.71862e-11
0.000685917
6.85854e-11
0.000685917
7.53679e-11
0.000685917
7.58461e-11
8.39977e-11
0.000685914
3.4529e-10
0.000685915
3.06111e-10
0.000685915
2.72664e-10
0.000685915
2.42962e-10
0.000685915
2.15488e-10
0.000685916
1.91787e-10
0.000685916
1.70916e-10
0.000685916
1.51131e-10
0.000685916
1.33324e-10
0.000685916
1.1875e-10
0.000685916
1.05597e-10
0.000685916
9.26507e-11
0.000685917
8.14008e-11
0.000685917
7.25655e-11
0.000685917
6.47377e-11
0.000685917
5.67225e-11
0.000685917
4.9026e-11
0.000685917
4.23683e-11
0.000685917
3.67001e-11
0.000685917
3.1731e-11
0.000685917
2.73785e-11
0.000685917
2.3627e-11
0.000685917
2.03841e-11
0.000685917
1.75587e-11
0.000685917
1.51443e-11
0.000685917
1.31539e-11
0.000685917
1.15678e-11
0.000685917
1.03222e-11
0.000685917
9.34668e-12
0.000685917
8.57291e-12
0.000685917
7.95198e-12
0.000685917
7.44543e-12
0.000685917
7.03411e-12
0.000685917
6.70378e-12
0.000685917
6.45154e-12
0.000685917
6.27193e-12
0.000685917
6.16586e-12
0.000685917
6.12916e-12
0.000685917
6.16279e-12
0.000685917
6.26231e-12
0.000685917
6.42773e-12
0.000685917
6.65255e-12
0.000685917
6.93521e-12
0.000685917
7.26996e-12
0.000685917
7.65641e-12
0.000685917
8.08848e-12
0.000685917
8.56549e-12
0.000685917
9.08045e-12
0.000685917
9.63265e-12
0.000685917
1.02146e-11
0.000685917
1.08294e-11
0.000685917
1.1469e-11
0.000685917
1.21451e-11
0.000685917
1.28389e-11
0.000685917
1.35794e-11
0.000685917
1.43187e-11
0.000685917
1.5135e-11
0.000685917
1.59156e-11
0.000685917
1.68295e-11
0.000685917
1.7658e-11
0.000685917
1.86722e-11
0.000685917
1.96017e-11
0.000685917
2.06493e-11
0.000685917
2.18284e-11
0.000685917
2.27656e-11
0.000685917
2.43464e-11
0.000685917
2.51881e-11
0.000685917
2.69444e-11
0.000685917
2.82689e-11
0.000685917
2.94331e-11
0.000685917
3.19669e-11
0.000685917
3.23743e-11
0.000685917
3.54575e-11
0.000685917
3.65261e-11
0.000685917
3.87906e-11
0.000685917
4.09138e-11
0.000685917
4.34297e-11
0.000685917
4.48643e-11
0.000685917
4.86615e-11
0.000685917
4.99528e-11
0.000685917
5.38387e-11
0.000685917
5.53313e-11
0.000685917
6.02454e-11
0.000685917
6.13057e-11
0.000685917
6.67259e-11
0.000685917
6.81387e-11
0.000685917
7.47513e-11
0.000685917
7.52346e-11
8.31293e-11
0.000685914
-3.87505e-11
0.000685914
-3.78677e-11
0.000685915
-3.47571e-11
0.000685915
-3.26866e-11
0.000685915
-3.15625e-11
0.000685915
-2.94956e-11
0.000685916
-2.78163e-11
0.000685916
-2.75029e-11
0.000685916
-2.59182e-11
0.000685916
-2.30539e-11
0.000685916
-2.15497e-11
0.000685916
-2.12266e-11
0.000685917
-2.0169e-11
0.000685917
-1.82356e-11
0.000685917
-1.68413e-11
0.000685917
-1.63074e-11
0.000685917
-1.60097e-11
0.000685917
-1.55959e-11
0.000685917
-1.50028e-11
0.000685917
-1.42664e-11
0.000685917
-1.34477e-11
0.000685917
-1.27289e-11
0.000685917
-1.22519e-11
0.000685917
-1.19573e-11
0.000685917
-1.16491e-11
0.000685917
-1.11762e-11
0.000685917
-1.04822e-11
0.000685917
-9.59675e-12
0.000685917
-8.57928e-12
0.000685917
-7.50714e-12
0.000685917
-6.4377e-12
0.000685917
-5.41653e-12
0.000685917
-4.45632e-12
0.000685917
-3.56255e-12
0.000685917
-2.72338e-12
0.000685917
-1.93133e-12
0.000685917
-1.16993e-12
0.000685917
-4.32724e-13
0.000685917
2.92078e-13
0.000685917
1.00833e-12
0.000685917
1.72549e-12
0.000685917
2.44395e-12
0.000685917
3.17052e-12
0.000685917
3.9016e-12
0.000685917
4.64014e-12
0.000685917
5.38268e-12
0.000685917
6.13584e-12
0.000685917
6.89657e-12
0.000685917
7.67143e-12
0.000685917
8.45344e-12
0.000685917
9.24726e-12
0.000685917
1.00438e-11
0.000685917
1.08579e-11
0.000685917
1.16729e-11
0.000685917
1.25222e-11
0.000685917
1.33603e-11
0.000685917
1.42626e-11
0.000685917
1.51214e-11
0.000685917
1.60982e-11
0.000685917
1.6988e-11
0.000685917
1.80477e-11
0.000685917
1.9024e-11
0.000685917
2.01069e-11
0.000685917
2.13117e-11
0.000685917
2.22861e-11
0.000685917
2.38658e-11
0.000685917
2.47481e-11
0.000685917
2.64931e-11
0.000685917
2.78258e-11
0.000685917
2.90189e-11
0.000685917
3.14825e-11
0.000685917
3.19695e-11
0.000685917
3.49465e-11
0.000685917
3.60533e-11
0.000685917
3.82637e-11
0.000685917
4.03563e-11
0.000685917
4.28027e-11
0.000685917
4.42472e-11
0.000685917
4.78954e-11
0.000685917
4.9198e-11
0.000685917
5.29338e-11
0.000685917
5.44156e-11
0.000685917
5.91223e-11
0.000685917
6.01838e-11
0.000685917
6.5374e-11
0.000685917
6.6775e-11
0.000685917
7.30913e-11
0.000685917
7.3582e-11
8.11231e-11
0.000685914
-4.67957e-10
0.000685914
-4.22079e-10
0.000685914
-3.81046e-10
0.000685915
-3.42513e-10
0.000685915
-3.08358e-10
0.000685915
-2.78499e-10
0.000685915
-2.50778e-10
0.000685916
-2.25884e-10
0.000685916
-2.04783e-10
0.000685916
-1.85148e-10
0.000685916
-1.65871e-10
0.000685916
-1.48749e-10
0.000685916
-1.34446e-10
0.000685917
-1.21588e-10
0.000685917
-1.09491e-10
0.000685917
-9.86327e-11
0.000685917
-8.91749e-11
0.000685917
-8.07597e-11
0.000685917
-7.3143e-11
0.000685917
-6.62296e-11
0.000685917
-5.99338e-11
0.000685917
-5.4242e-11
0.000685917
-4.92586e-11
0.000685917
-4.50091e-11
0.000685917
-4.13436e-11
0.000685917
-3.80236e-11
0.000685917
-3.48752e-11
0.000685917
-3.18119e-11
0.000685917
-2.88229e-11
0.000685917
-2.59258e-11
0.000685917
-2.31618e-11
0.000685917
-2.0561e-11
0.000685917
-1.81472e-11
0.000685917
-1.59198e-11
0.000685917
-1.38736e-11
0.000685917
-1.19882e-11
0.000685917
-1.02488e-11
0.000685917
-8.63273e-12
0.000685917
-7.12622e-12
0.000685917
-5.70919e-12
0.000685917
-4.3723e-12
0.000685917
-3.10108e-12
0.000685917
-1.88999e-12
0.000685917
-7.27177e-13
0.000685917
4.01358e-13
0.000685917
1.49565e-12
0.000685917
2.55752e-12
0.000685917
3.59517e-12
0.000685917
4.60384e-12
0.000685917
5.59457e-12
0.000685917
6.56865e-12
0.000685917
7.53252e-12
0.000685917
8.48223e-12
0.000685917
9.43167e-12
0.000685917
1.03656e-11
0.000685917
1.13152e-11
0.000685917
1.22437e-11
0.000685917
1.3221e-11
0.000685917
1.41532e-11
0.000685917
1.51825e-11
0.000685917
1.61306e-11
0.000685917
1.72228e-11
0.000685917
1.82419e-11
0.000685917
1.9349e-11
0.000685917
2.05695e-11
0.000685917
2.15767e-11
0.000685917
2.3132e-11
0.000685917
2.40543e-11
0.000685917
2.57644e-11
0.000685917
2.70814e-11
0.000685917
2.83148e-11
0.000685917
3.06321e-11
0.000685917
3.12465e-11
0.000685917
3.40296e-11
0.000685917
3.51872e-11
0.000685917
3.73092e-11
0.000685917
3.93367e-11
0.000685917
4.16757e-11
0.000685917
4.31299e-11
0.000685917
4.65508e-11
0.000685917
4.78677e-11
0.000685917
5.13933e-11
0.000685917
5.28701e-11
0.000685917
5.72653e-11
0.000685917
5.83573e-11
0.000685917
6.32148e-11
0.000685917
6.45417e-11
0.000685917
7.0421e-11
0.000685917
7.09172e-11
7.80087e-11
0.000685914
-8.71199e-10
0.000685914
-7.83063e-10
0.000685915
-7.03966e-10
0.000685915
-6.32355e-10
0.000685915
-5.68041e-10
0.000685915
-5.10565e-10
0.000685916
-4.58659e-10
0.000685916
-4.12133e-10
0.000685916
-3.71147e-10
0.000685916
-3.34267e-10
0.000685916
-2.99928e-10
0.000685916
-2.68358e-10
0.000685916
-2.40535e-10
0.000685917
-2.16366e-10
0.000685917
-1.94918e-10
0.000685917
-1.75388e-10
0.000685917
-1.57534e-10
0.000685917
-1.41453e-10
0.000685917
-1.2716e-10
0.000685917
-1.14428e-10
0.000685917
-1.02983e-10
0.000685917
-9.27334e-11
0.000685917
-8.37007e-11
0.000685917
-7.58057e-11
0.000685917
-6.88407e-11
0.000685917
-6.25688e-11
0.000685917
-5.6823e-11
0.000685917
-5.14991e-11
0.000685917
-4.65412e-11
0.000685917
-4.19158e-11
0.000685917
-3.76142e-11
0.000685917
-3.36295e-11
0.000685917
-2.99581e-11
0.000685917
-2.6584e-11
0.000685917
-2.34911e-11
0.000685917
-2.06536e-11
0.000685917
-1.80494e-11
0.000685917
-1.5651e-11
0.000685917
-1.34382e-11
0.000685917
-1.13868e-11
0.000685917
-9.47985e-12
0.000685917
-7.69695e-12
0.000685917
-6.02534e-12
0.000685917
-4.44902e-12
0.000685917
-2.96051e-12
0.000685917
-1.5491e-12
0.000685917
-2.13672e-13
0.000685917
1.0874e-12
0.000685917
2.32605e-12
0.000685917
3.52274e-12
0.000685917
4.67583e-12
0.000685917
5.79608e-12
0.000685917
6.88246e-12
0.000685917
7.95081e-12
0.000685917
8.99221e-12
0.000685917
1.00333e-11
0.000685917
1.10431e-11
0.000685917
1.20815e-11
0.000685917
1.3075e-11
0.000685917
1.41436e-11
0.000685917
1.51409e-11
0.000685917
1.62517e-11
0.000685917
1.73022e-11
0.000685917
1.8419e-11
0.000685917
1.964e-11
0.000685917
2.06699e-11
0.000685917
2.21794e-11
0.000685917
2.31347e-11
0.000685917
2.47878e-11
0.000685917
2.60704e-11
0.000685917
2.73395e-11
0.000685917
2.94646e-11
0.000685917
3.022e-11
0.000685917
3.2756e-11
0.000685917
3.39604e-11
0.000685917
3.59664e-11
0.000685917
3.79014e-11
0.000685917
4.01036e-11
0.000685917
4.15597e-11
0.000685917
4.46972e-11
0.000685917
4.60226e-11
0.000685917
4.92782e-11
0.000685917
5.07403e-11
0.000685917
5.47491e-11
0.000685917
5.5865e-11
0.000685917
6.03069e-11
0.000685917
6.15499e-11
0.000685917
6.68947e-11
0.000685917
6.74021e-11
7.38633e-11
0.000685914
-1.226e-09
0.000685915
-1.10069e-09
0.000685915
-9.88119e-10
0.000685915
-8.86948e-10
0.000685915
-7.95902e-10
0.000685916
-7.14201e-10
0.000685916
-6.41177e-10
0.000685916
-5.75845e-10
0.000685916
-5.17356e-10
0.000685916
-4.64921e-10
0.000685916
-4.17297e-10
0.000685917
-3.73533e-10
0.000685917
-3.34054e-10
0.000685917
-2.99615e-10
0.000685917
-2.69565e-10
0.000685917
-2.4231e-10
0.000685917
-2.17107e-10
0.000685917
-1.94308e-10
0.000685917
-1.74187e-10
0.000685917
-1.56367e-10
0.000685917
-1.40365e-10
0.000685917
-1.26037e-10
0.000685917
-1.134e-10
0.000685917
-1.02323e-10
0.000685917
-9.25301e-11
0.000685917
-8.37528e-11
0.000685917
-7.58008e-11
0.000685917
-6.854e-11
0.000685917
-6.18755e-11
0.000685917
-5.57391e-11
0.000685917
-5.00903e-11
0.000685917
-4.48977e-11
0.000685917
-4.01367e-11
0.000685917
-3.57773e-11
0.000685917
-3.17912e-11
0.000685917
-2.8145e-11
0.000685917
-2.48091e-11
0.000685917
-2.17509e-11
0.000685917
-1.89425e-11
0.000685917
-1.63551e-11
0.000685917
-1.3966e-11
0.000685917
-1.17516e-11
0.000685917
-9.69481e-12
0.000685917
-7.77666e-12
0.000685917
-5.9824e-12
0.000685917
-4.29582e-12
0.000685917
-2.70828e-12
0.000685917
-1.20887e-12
0.000685917
2.12368e-13
0.000685917
1.5838e-12
0.000685917
2.88564e-12
0.000685917
4.13686e-12
0.000685917
5.33841e-12
0.000685917
6.50326e-12
0.000685917
7.62811e-12
0.000685917
8.73851e-12
0.000685917
9.8132e-12
0.000685917
1.08992e-11
0.000685917
1.19395e-11
0.000685917
1.30311e-11
0.000685917
1.40621e-11
0.000685917
1.51778e-11
0.000685917
1.62458e-11
0.000685917
1.73588e-11
0.000685917
1.85637e-11
0.000685917
1.9602e-11
0.000685917
2.10469e-11
0.000685917
2.20209e-11
0.000685917
2.35959e-11
0.000685917
2.48305e-11
0.000685917
2.61118e-11
0.000685917
2.80308e-11
0.000685917
2.89038e-11
0.000685917
3.11749e-11
0.000685917
3.24054e-11
0.000685917
3.42724e-11
0.000685917
3.60968e-11
0.000685917
3.81354e-11
0.000685917
3.95794e-11
0.000685917
4.24e-11
0.000685917
4.37265e-11
0.000685917
4.66687e-11
0.000685917
4.80992e-11
0.000685917
5.16652e-11
0.000685917
5.27831e-11
0.000685917
5.67452e-11
0.000685917
5.79104e-11
0.000685917
6.26582e-11
0.000685917
6.31801e-11
6.88961e-11
0.000685915
-1.51155e-09
0.000685915
-1.35636e-09
0.000685915
-1.21681e-09
0.000685916
-1.09153e-09
0.000685916
-9.79095e-10
0.000685916
-8.78063e-10
0.000685916
-7.87611e-10
0.000685916
-7.0675e-10
0.000685916
-6.34194e-10
0.000685917
-5.69114e-10
0.000685917
-5.10522e-10
0.000685917
-4.57093e-10
0.000685917
-4.08662e-10
0.000685917
-3.66073e-10
0.000685917
-3.28954e-10
0.000685917
-2.95499e-10
0.000685917
-2.64595e-10
0.000685917
-2.36567e-10
0.000685917
-2.11806e-10
0.000685917
-1.89902e-10
0.000685917
-1.70241e-10
0.000685917
-1.52609e-10
0.000685917
-1.37009e-10
0.000685917
-1.2329e-10
0.000685917
-1.11143e-10
0.000685917
-1.00279e-10
0.000685917
-9.04956e-11
0.000685917
-8.16439e-11
0.000685917
-7.35995e-11
0.000685917
-6.62647e-11
0.000685917
-5.95691e-11
0.000685917
-5.34576e-11
0.000685917
-4.78824e-11
0.000685917
-4.27975e-11
0.000685917
-3.81596e-11
0.000685917
-3.39268e-11
0.000685917
-3.006e-11
0.000685917
-2.65222e-11
0.000685917
-2.32795e-11
0.000685917
-2.03003e-11
0.000685917
-1.75572e-11
0.000685917
-1.50244e-11
0.000685917
-1.26798e-11
0.000685917
-1.05039e-11
0.000685917
-8.47936e-12
0.000685917
-6.59042e-12
0.000685917
-4.82319e-12
0.000685917
-3.16256e-12
0.000685917
-1.59938e-12
0.000685917
-1.29097e-13
0.000685917
1.29416e-12
0.000685917
2.63947e-12
0.000685917
3.9229e-12
0.000685917
5.15806e-12
0.000685917
6.34449e-12
0.000685917
7.50064e-12
0.000685917
8.61446e-12
0.000685917
9.72574e-12
0.000685917
1.0793e-11
0.000685917
1.18901e-11
0.000685917
1.29333e-11
0.000685917
1.4036e-11
0.000685917
1.51015e-11
0.000685917
1.61956e-11
0.000685917
1.73679e-11
0.000685917
1.83982e-11
0.000685917
1.9765e-11
0.000685917
2.07411e-11
0.000685917
2.22216e-11
0.000685917
2.34001e-11
0.000685917
2.46612e-11
0.000685917
2.63826e-11
0.000685917
2.73277e-11
0.000685917
2.93402e-11
0.000685917
3.05681e-11
0.000685917
3.22759e-11
0.000685917
3.39793e-11
0.000685917
3.58312e-11
0.000685917
3.72395e-11
0.000685917
3.97257e-11
0.000685917
4.10326e-11
0.000685917
4.36346e-11
0.000685917
4.50222e-11
0.000685917
4.81229e-11
0.000685917
4.92147e-11
0.000685917
5.26617e-11
0.000685917
5.37574e-11
0.000685917
5.78697e-11
0.000685917
5.83919e-11
6.3321e-11
0.000685916
-1.71141e-09
0.000685916
-1.535e-09
0.000685916
-1.37628e-09
0.000685916
-1.23385e-09
0.000685916
-1.10626e-09
0.000685916
-9.91584e-10
0.000685917
-8.88889e-10
0.000685917
-7.97282e-10
0.000685917
-7.15071e-10
0.000685917
-6.41089e-10
0.000685917
-5.74647e-10
0.000685917
-5.1451e-10
0.000685917
-4.59988e-10
0.000685917
-4.11608e-10
0.000685917
-3.69261e-10
0.000685917
-3.31342e-10
0.000685917
-2.96547e-10
0.000685917
-2.64983e-10
0.000685917
-2.37032e-10
0.000685917
-2.1233e-10
0.000685917
-1.90211e-10
0.000685917
-1.70377e-10
0.000685917
-1.5278e-10
0.000685917
-1.3726e-10
0.000685917
-1.23508e-10
0.000685917
-1.11225e-10
0.000685917
-1.00197e-10
0.000685917
-9.02611e-11
0.000685917
-8.12821e-11
0.000685917
-7.31443e-11
0.000685917
-6.57556e-11
0.000685917
-5.90418e-11
0.000685917
-5.29396e-11
0.000685917
-4.73911e-11
0.000685917
-4.2342e-11
0.000685917
-3.77424e-11
0.000685917
-3.3547e-11
0.000685917
-2.97142e-11
0.000685917
-2.62061e-11
0.000685917
-2.29887e-11
0.000685917
-2.00318e-11
0.000685917
-1.7308e-11
0.000685917
-1.47928e-11
0.000685917
-1.24644e-11
0.000685917
-1.03039e-11
0.000685917
-8.29399e-12
0.000685917
-6.41927e-12
0.000685917
-4.66638e-12
0.000685917
-3.0228e-12
0.000685917
-1.47763e-12
0.000685917
-3.13433e-14
0.000685917
1.38241e-12
0.000685917
2.7094e-12
0.000685917
3.97704e-12
0.000685917
5.18898e-12
0.000685917
6.36205e-12
0.000685917
7.48862e-12
0.000685917
8.6003e-12
0.000685917
9.66783e-12
0.000685917
1.07507e-11
0.000685917
1.17855e-11
0.000685917
1.286e-11
0.000685917
1.39022e-11
0.000685917
1.49617e-11
0.000685917
1.60837e-11
0.000685917
1.7088e-11
0.000685917
1.83628e-11
0.000685917
1.93207e-11
0.000685917
2.06903e-11
0.000685917
2.1805e-11
0.000685917
2.30111e-11
0.000685917
2.45513e-11
0.000685917
2.55182e-11
0.000685917
2.72888e-11
0.000685917
2.84861e-11
0.000685917
3.00193e-11
0.000685917
3.15993e-11
0.000685917
3.32463e-11
0.000685917
3.46003e-11
0.000685917
3.67484e-11
0.000685917
3.80175e-11
0.000685917
4.02605e-11
0.000685917
4.15776e-11
0.000685917
4.42183e-11
0.000685917
4.52825e-11
0.000685917
4.82073e-11
0.000685917
4.92377e-11
0.000685917
5.27028e-11
0.000685917
5.32061e-11
5.73263e-11
0.000685917
-1.8133e-09
0.000685917
-1.62554e-09
0.000685917
-1.45683e-09
0.000685917
-1.30555e-09
0.000685917
-1.16999e-09
0.000685917
-1.04815e-09
0.000685917
-9.38957e-10
0.000685917
-8.41504e-10
0.000685917
-7.54134e-10
0.000685917
-6.75607e-10
0.000685917
-6.05212e-10
0.000685917
-5.41742e-10
0.000685917
-4.84322e-10
0.000685917
-4.33196e-10
0.000685917
-3.88261e-10
0.000685917
-3.48113e-10
0.000685917
-3.11458e-10
0.000685917
-2.78221e-10
0.000685917
-2.48692e-10
0.000685917
-2.22557e-10
0.000685917
-1.99188e-10
0.000685917
-1.78239e-10
0.000685917
-1.59619e-10
0.000685917
-1.43165e-10
0.000685917
-1.28586e-10
0.000685917
-1.15592e-10
0.000685917
-1.03969e-10
0.000685917
-9.35478e-11
0.000685917
-8.41796e-11
0.000685917
-7.57332e-11
0.000685917
-6.81014e-11
0.000685917
-6.11956e-11
0.000685917
-5.49388e-11
0.000685917
-4.9262e-11
0.000685917
-4.41026e-11
0.000685917
-3.94058e-11
0.000685917
-3.51229e-11
0.000685917
-3.12102e-11
0.000685917
-2.76286e-11
0.000685917
-2.43432e-11
0.000685917
-2.13234e-11
0.000685917
-1.85423e-11
0.000685917
-1.59756e-11
0.000685917
-1.36016e-11
0.000685917
-1.14012e-11
0.000685917
-9.35692e-12
0.000685917
-7.4534e-12
0.000685917
-5.67691e-12
0.000685917
-4.01494e-12
0.000685917
-2.45641e-12
0.000685917
-9.9021e-13
0.000685917
4.01669e-13
0.000685917
1.7331e-12
0.000685917
2.99719e-12
0.000685917
4.20131e-12
0.000685917
5.35977e-12
0.000685917
6.4689e-12
0.000685917
7.55496e-12
0.000685917
8.59693e-12
0.000685917
9.64222e-12
0.000685917
1.0644e-11
0.000685917
1.16709e-11
0.000685917
1.2668e-11
0.000685917
1.36745e-11
0.000685917
1.47273e-11
0.000685917
1.56878e-11
0.000685917
1.68576e-11
0.000685917
1.77811e-11
0.000685917
1.90263e-11
0.000685917
2.00696e-11
0.000685917
2.11959e-11
0.000685917
2.25641e-11
0.000685917
2.35186e-11
0.000685917
2.50571e-11
0.000685917
2.62046e-11
0.000685917
2.75523e-11
0.000685917
2.90059e-11
0.000685917
3.04356e-11
0.000685917
3.17221e-11
0.000685917
3.35305e-11
0.000685917
3.47524e-11
0.000685917
3.66337e-11
0.000685917
3.78707e-11
0.000685917
4.00678e-11
0.000685917
4.11006e-11
0.000685917
4.35049e-11
0.000685917
4.44697e-11
0.000685917
4.72856e-11
0.000685917
4.776e-11
5.11057e-11
0.000685918
-1.81065e-09
0.000685918
-1.6223e-09
0.000685918
-1.4531e-09
0.000685917
-1.30129e-09
0.000685917
-1.16536e-09
0.000685917
-1.04342e-09
0.000685917
-9.34242e-10
0.000685917
-8.36833e-10
0.000685917
-7.4956e-10
0.000685917
-6.71072e-10
0.000685917
-6.00663e-10
0.000685917
-5.37323e-10
0.000685917
-4.80131e-10
0.000685917
-4.29071e-10
0.000685917
-3.84038e-10
0.000685917
-3.43897e-10
0.000685917
-3.07458e-10
0.000685917
-2.74492e-10
0.000685917
-2.4517e-10
0.000685917
-2.19221e-10
0.000685917
-1.96071e-10
0.000685917
-1.7535e-10
0.000685917
-1.5692e-10
0.000685917
-1.40619e-10
0.000685917
-1.2618e-10
0.000685917
-1.13332e-10
0.000685917
-1.01865e-10
0.000685917
-9.16133e-11
0.000685917
-8.2428e-11
0.000685917
-7.41737e-11
0.000685917
-6.67369e-11
0.000685917
-6.00233e-11
0.000685917
-5.39508e-11
0.000685917
-4.84467e-11
0.000685917
-4.3447e-11
0.000685917
-3.8896e-11
0.000685917
-3.47445e-11
0.000685917
-3.09496e-11
0.000685917
-2.74736e-11
0.000685917
-2.42833e-11
0.000685917
-2.13491e-11
0.000685917
-1.86452e-11
0.000685917
-1.61486e-11
0.000685917
-1.38391e-11
0.000685917
-1.16983e-11
0.000685917
-9.70978e-12
0.000685917
-7.85881e-12
0.000685917
-6.1319e-12
0.000685917
-4.51718e-12
0.000685917
-3.00293e-12
0.000685917
-1.58343e-12
0.000685917
-2.55482e-13
0.000685917
1.03406e-12
0.000685917
2.25362e-12
0.000685917
3.40871e-12
0.000685917
4.51838e-12
0.000685917
5.57982e-12
0.000685917
6.61154e-12
0.000685917
7.60071e-12
0.000685917
8.58322e-12
0.000685917
9.52803e-12
0.000685917
1.04855e-11
0.000685917
1.1418e-11
0.000685917
1.23539e-11
0.000685917
1.33203e-11
0.000685917
1.42208e-11
0.000685917
1.52699e-11
0.000685917
1.61457e-11
0.000685917
1.72522e-11
0.000685917
1.82138e-11
0.000685917
1.92473e-11
0.000685917
2.04349e-11
0.000685917
2.13682e-11
0.000685917
2.26662e-11
0.000685917
2.37605e-11
0.000685917
2.49174e-11
0.000685917
2.62412e-11
0.000685917
2.74557e-11
0.000685917
2.86706e-11
0.000685917
3.01425e-11
0.000685917
3.13189e-11
0.000685917
3.28431e-11
0.000685917
3.40022e-11
0.000685917
3.57667e-11
0.000685917
3.6754e-11
0.000685917
3.86519e-11
0.000685917
3.95625e-11
0.000685917
4.17578e-11
0.000685917
4.22171e-11
4.48212e-11
0.000685918
-1.70247e-09
0.000685918
-1.52423e-09
0.000685918
-1.36432e-09
0.000685918
-1.22104e-09
0.000685918
-1.09277e-09
0.000685918
-9.77657e-10
0.000685918
-8.74544e-10
0.000685918
-7.82522e-10
0.000685918
-7.00155e-10
0.000685918
-6.26264e-10
0.000685918
-5.60151e-10
0.000685918
-5.00776e-10
0.000685918
-4.47176e-10
0.000685918
-3.99274e-10
0.000685918
-3.57021e-10
0.000685918
-3.19437e-10
0.000685918
-2.85375e-10
0.000685918
-2.54529e-10
0.000685918
-2.27045e-10
0.000685918
-2.02725e-10
0.000685918
-1.81065e-10
0.000685918
-1.61708e-10
0.000685918
-1.44511e-10
0.000685917
-1.29329e-10
0.000685917
-1.1593e-10
0.000685917
-1.04063e-10
0.000685917
-9.35264e-11
0.000685917
-8.41507e-11
0.000685917
-7.57847e-11
0.000685917
-6.82926e-11
0.000685917
-6.15585e-11
0.000685917
-5.54855e-11
0.000685917
-4.99903e-11
0.000685917
-4.50026e-11
0.000685917
-4.04634e-11
0.000685917
-3.63213e-11
0.000685917
-3.25317e-11
0.000685917
-2.90566e-11
0.000685917
-2.58634e-11
0.000685917
-2.29241e-11
0.000685917
-2.02136e-11
0.000685917
-1.77095e-11
0.000685917
-1.53924e-11
0.000685917
-1.32446e-11
0.000685917
-1.12507e-11
0.000685917
-9.39668e-12
0.000685917
-7.66975e-12
0.000685917
-6.05938e-12
0.000685917
-4.55823e-12
0.000685917
-3.15577e-12
0.000685917
-1.82484e-12
0.000685917
-5.56842e-13
0.000685917
6.32085e-13
0.000685917
1.75257e-12
0.000685917
2.83059e-12
0.000685917
3.85906e-12
0.000685917
4.83752e-12
0.000685917
5.78412e-12
0.000685917
6.69422e-12
0.000685917
7.5881e-12
0.000685917
8.45343e-12
0.000685917
9.31585e-12
0.000685917
1.01647e-11
0.000685917
1.10083e-11
0.000685917
1.18725e-11
0.000685917
1.26974e-11
0.000685917
1.36069e-11
0.000685917
1.44279e-11
0.000685917
1.53782e-11
0.000685917
1.62513e-11
0.000685917
1.7192e-11
0.000685917
1.81725e-11
0.000685917
1.91124e-11
0.000685917
2.01308e-11
0.000685917
2.11959e-11
0.000685917
2.21547e-11
0.000685917
2.33361e-11
0.000685917
2.43634e-11
0.000685917
2.54943e-11
0.000685917
2.6639e-11
0.000685917
2.77943e-11
0.000685917
2.89521e-11
0.000685917
3.00552e-11
0.000685917
3.14156e-11
0.000685917
3.23325e-11
0.000685917
3.37721e-11
0.000685917
3.46237e-11
0.000685917
3.62147e-11
0.000685917
3.66946e-11
3.86159e-11
0.000685919
-1.49402e-09
0.000685919
-1.33631e-09
0.000685919
-1.1948e-09
0.000685919
-1.06805e-09
0.000685919
-9.54701e-10
0.000685919
-8.53145e-10
0.000685918
-7.62411e-10
0.000685918
-6.81603e-10
0.000685918
-6.09258e-10
0.000685918
-5.44332e-10
0.000685918
-4.86313e-10
0.000685918
-4.34207e-10
0.000685918
-3.87075e-10
0.000685918
-3.44963e-10
0.000685918
-3.07969e-10
0.000685918
-2.75163e-10
0.000685918
-2.45409e-10
0.000685918
-2.18437e-10
0.000685918
-1.94454e-10
0.000685918
-1.73307e-10
0.000685918
-1.54524e-10
0.000685918
-1.3778e-10
0.000685918
-1.22969e-10
0.000685918
-1.09982e-10
0.000685918
-9.86035e-11
0.000685918
-8.85944e-11
0.000685917
-7.97572e-11
0.000685917
-7.19315e-11
0.000685917
-6.49715e-11
0.000685917
-5.87454e-11
0.000685917
-5.31432e-11
0.000685917
-4.80769e-11
0.000685917
-4.34738e-11
0.000685917
-3.92742e-11
0.000685917
-3.543e-11
0.000685917
-3.19019e-11
0.000685917
-2.86557e-11
0.000685917
-2.56621e-11
0.000685917
-2.28967e-11
0.000685917
-2.03392e-11
0.000685917
-1.79711e-11
0.000685917
-1.57753e-11
0.000685917
-1.37363e-11
0.000685917
-1.18403e-11
0.000685917
-1.00751e-11
0.000685917
-8.42912e-12
0.000685917
-6.89235e-12
0.000685917
-5.45565e-12
0.000685917
-4.11139e-12
0.000685917
-2.85327e-12
0.000685917
-1.67588e-12
0.000685917
-5.78022e-13
0.000685917
4.74848e-13
0.000685917
1.50118e-12
0.000685917
2.45815e-12
0.000685917
3.36662e-12
0.000685917
4.23549e-12
0.000685917
5.07344e-12
0.000685917
5.88035e-12
0.000685917
6.66095e-12
0.000685917
7.42835e-12
0.000685917
8.16958e-12
0.000685917
8.9222e-12
0.000685917
9.64444e-12
0.000685917
1.03986e-11
0.000685917
1.11278e-11
0.000685917
1.1882e-11
0.000685917
1.26469e-11
0.000685917
1.34117e-11
0.000685917
1.42033e-11
0.000685917
1.50444e-11
0.000685917
1.5785e-11
0.000685917
1.67922e-11
0.000685917
1.74502e-11
0.000685917
1.85647e-11
0.000685917
1.92952e-11
0.000685917
2.03205e-11
0.000685917
2.12328e-11
0.000685917
2.22171e-11
0.000685917
2.30883e-11
0.000685917
2.42452e-11
0.000685917
2.4999e-11
0.000685917
2.61125e-11
0.000685917
2.70784e-11
0.000685917
2.78989e-11
0.000685917
2.90156e-11
0.000685917
2.97688e-11
0.000685917
3.08033e-11
0.000685917
3.13124e-11
3.26306e-11
0.00068592
-1.19598e-09
0.000685919
-1.06798e-09
0.000685919
-9.53322e-10
0.000685919
-8.50826e-10
0.000685919
-7.59215e-10
0.000685919
-6.77185e-10
0.000685918
-6.03956e-10
0.000685918
-5.38731e-10
0.000685918
-4.80529e-10
0.000685918
-4.28751e-10
0.000685918
-3.82598e-10
0.000685918
-3.40734e-10
0.000685918
-3.02637e-10
0.000685918
-2.68992e-10
0.000685918
-2.39917e-10
0.000685917
-2.14103e-10
0.000685917
-1.90362e-10
0.000685917
-1.68732e-10
0.000685917
-1.49617e-10
0.000685917
-1.32849e-10
0.000685917
-1.17961e-10
0.000685917
-1.04745e-10
0.000685917
-9.32189e-11
0.000685917
-8.33152e-11
0.000685917
-7.48112e-11
0.000685917
-6.74577e-11
0.000685917
-6.1055e-11
0.000685917
-5.54379e-11
0.000685917
-5.04566e-11
0.000685917
-4.59853e-11
0.000685917
-4.19284e-11
0.000685917
-3.82162e-11
0.000685917
-3.47977e-11
0.000685917
-3.16345e-11
0.000685917
-2.86989e-11
0.000685917
-2.59691e-11
0.000685917
-2.34266e-11
0.000685917
-2.10537e-11
0.000685917
-1.88378e-11
0.000685917
-1.67692e-11
0.000685917
-1.48382e-11
0.000685917
-1.30352e-11
0.000685917
-1.1351e-11
0.000685917
-9.77695e-12
0.000685917
-8.305e-12
0.000685917
-6.9272e-12
0.000685917
-5.63615e-12
0.000685917
-4.4238e-12
0.000685917
-3.28332e-12
0.000685917
-2.20641e-12
0.000685917
-1.18742e-12
0.000685917
-2.09933e-13
0.000685917
6.68362e-13
0.000685917
1.50269e-12
0.000685917
2.29976e-12
0.000685917
3.07021e-12
0.000685917
3.79022e-12
0.000685917
4.48775e-12
0.000685917
5.15509e-12
0.000685917
5.80156e-12
0.000685917
6.44804e-12
0.000685917
7.0387e-12
0.000685917
7.69404e-12
0.000685917
8.24212e-12
0.000685917
8.91282e-12
0.000685917
9.48124e-12
0.000685917
1.01053e-11
0.000685917
1.07961e-11
0.000685917
1.13251e-11
0.000685917
1.21196e-11
0.000685917
1.27378e-11
0.000685917
1.33254e-11
0.000685917
1.44027e-11
0.000685917
1.45601e-11
0.000685917
1.59922e-11
0.000685917
1.62242e-11
0.000685917
1.72529e-11
0.000685917
1.8174e-11
0.000685917
1.86814e-11
0.000685917
1.97035e-11
0.000685917
2.06819e-11
0.000685917
2.09065e-11
0.000685917
2.24744e-11
0.000685917
2.27345e-11
0.000685917
2.34461e-11
0.000685917
2.46085e-11
0.000685917
2.49529e-11
0.000685917
2.55153e-11
0.000685917
2.62589e-11
2.69405e-11
0.000685911
-8.24932e-10
0.00068591
-7.34271e-10
0.00068591
-6.53241e-10
0.00068591
-5.80941e-10
0.00068591
-5.16324e-10
0.000685909
-4.58807e-10
0.000685909
-4.07769e-10
0.000685909
-3.62293e-10
0.000685909
-3.21962e-10
0.000685909
-2.8666e-10
0.000685909
-2.55091e-10
0.000685908
-2.25638e-10
0.000685908
-1.9869e-10
0.000685908
-1.75676e-10
0.000685908
-1.56323e-10
0.000685908
-1.38841e-10
0.000685908
-1.22366e-10
0.000685908
-1.07446e-10
0.000685908
-9.45031e-11
0.000685908
-8.31836e-11
0.000685908
-7.30871e-11
0.000685908
-6.42641e-11
0.000685908
-5.68992e-11
0.000685908
-5.09395e-11
0.000685908
-4.61283e-11
0.000685908
-4.21893e-11
0.000685908
-3.88961e-11
0.000685908
-3.60566e-11
0.000685908
-3.35145e-11
0.000685908
-3.116e-11
0.000685908
-2.89255e-11
0.000685908
-2.67771e-11
0.000685907
-2.47031e-11
0.000685907
-2.27019e-11
0.000685907
-2.07765e-11
0.000685907
-1.89308e-11
0.000685907
-1.71686e-11
0.000685907
-1.54923e-11
0.000685907
-1.39025e-11
0.000685907
-1.23973e-11
0.000685907
-1.09738e-11
0.000685907
-9.62827e-12
0.000685907
-8.35721e-12
0.000685907
-7.1565e-12
0.000685907
-6.02275e-12
0.000685907
-4.95218e-12
0.000685907
-3.94288e-12
0.000685907
-2.99154e-12
0.000685907
-2.09824e-12
0.000685907
-1.25851e-12
0.000685907
-4.83376e-13
0.000685907
2.63774e-13
0.000685907
9.94153e-13
0.000685907
1.68774e-12
0.000685907
2.30463e-12
0.000685907
2.92807e-12
0.000685907
3.46025e-12
0.000685907
4.04115e-12
0.000685907
4.51384e-12
0.000685907
5.03943e-12
0.000685907
5.51286e-12
0.000685907
5.93266e-12
0.000685907
6.51492e-12
0.000685907
6.75994e-12
0.000685907
7.50648e-12
0.000685907
7.66394e-12
0.000685907
8.37042e-12
0.000685907
8.84082e-12
0.000685907
9.06635e-12
0.000685907
1.01726e-11
0.000685907
1.00394e-11
0.000685907
1.10352e-11
0.000685907
1.18726e-11
0.000685907
1.1349e-11
0.000685907
1.38472e-11
0.000685907
1.26004e-11
0.000685907
1.43514e-11
0.000685907
1.53562e-11
0.000685907
1.45132e-11
0.000685907
1.69335e-11
0.000685907
1.69889e-11
0.000685907
1.65505e-11
0.000685907
1.94823e-11
0.000685907
1.81428e-11
0.000685907
1.90822e-11
0.000685907
2.07572e-11
0.000685908
1.99186e-11
0.000685908
2.05271e-11
0.000685908
2.16246e-11
2.16494e-11
0.000685734
-4.06771e-10
0.000685734
-3.58507e-10
0.000685734
-3.1539e-10
0.000685733
-2.77404e-10
0.000685733
-2.43475e-10
0.000685733
-2.13716e-10
0.000685733
-1.87579e-10
0.000685732
-1.64413e-10
0.000685732
-1.44661e-10
0.000685732
-1.27945e-10
0.000685732
-1.11987e-10
0.000685732
-9.60974e-11
0.000685732
-8.24062e-11
0.000685732
-7.21824e-11
0.000685731
-6.36452e-11
0.000685731
-5.49872e-11
0.000685731
-4.6641e-11
0.000685731
-3.94929e-11
0.000685731
-3.33715e-11
0.000685731
-2.7741e-11
0.000685731
-2.27289e-11
0.000685731
-1.88697e-11
0.000685731
-1.64135e-11
0.000685731
-1.51849e-11
0.000685731
-1.48288e-11
0.000685731
-1.49907e-11
0.000685731
-1.53554e-11
0.000685731
-1.56702e-11
0.000685731
-1.57825e-11
0.000685731
-1.56563e-11
0.000685731
-1.52802e-11
0.000685731
-1.46934e-11
0.000685731
-1.39461e-11
0.000685731
-1.30866e-11
0.000685731
-1.21616e-11
0.000685731
-1.12098e-11
0.000685731
-1.02563e-11
0.000685731
-9.31567e-12
0.000685731
-8.39598e-12
0.000685731
-7.50143e-12
0.000685731
-6.63355e-12
0.000685731
-5.79256e-12
0.000685731
-4.97873e-12
0.000685731
-4.19217e-12
0.000685731
-3.43327e-12
0.000685731
-2.70105e-12
0.000685731
-1.99704e-12
0.000685731
-1.31664e-12
0.000685731
-6.66574e-13
0.000685731
-1.97826e-14
0.000685731
5.16005e-13
0.000685731
1.05874e-12
0.000685731
1.53111e-12
0.000685731
2.04347e-12
0.000685731
2.41586e-12
0.000685731
2.92864e-12
0.000685731
3.16493e-12
0.000685731
3.7088e-12
0.000685731
3.80644e-12
0.000685731
4.37564e-12
0.000685731
4.46007e-12
0.000685731
4.85416e-12
0.000685731
5.28646e-12
0.000685731
5.0723e-12
0.000685731
6.31474e-12
0.000685731
5.26434e-12
0.000685731
7.09493e-12
0.000685731
6.2165e-12
0.000685731
6.90519e-12
0.000685731
8.37043e-12
0.000685731
6.28223e-12
0.000685731
9.93704e-12
0.000685731
7.92382e-12
0.000685731
8.4907e-12
0.000685731
1.23119e-11
0.000685731
7.10951e-12
0.000685731
1.34113e-11
0.000685731
1.14429e-11
0.000685731
9.66394e-12
0.000685731
1.63136e-11
0.000685731
1.11984e-11
0.000685731
1.30935e-11
0.000685731
1.77545e-11
0.000685731
1.17518e-11
0.000685731
1.62158e-11
0.000685731
1.76085e-11
0.000685731
1.37271e-11
0.000685731
1.66695e-11
0.000685731
1.74229e-11
1.61363e-11
0.000683109
-1.27567e-12
0.000683109
5.70506e-12
0.000683109
1.18144e-11
0.000683108
1.59804e-11
0.000683108
1.98082e-11
0.000683108
2.25399e-11
0.000683108
2.41035e-11
0.000683108
2.48631e-11
0.000683107
2.4667e-11
0.000683107
2.47519e-11
0.000683107
2.64273e-11
0.000683107
2.7892e-11
0.000683107
2.69402e-11
0.000683107
2.528e-11
0.000683107
2.53332e-11
0.000683107
2.61963e-11
0.000683107
2.57133e-11
0.000683106
2.4224e-11
0.000683106
2.35531e-11
0.000683106
2.40388e-11
0.000683106
2.45094e-11
0.000683106
2.39091e-11
0.000683106
2.19936e-11
0.000683106
1.89538e-11
0.000683106
1.51065e-11
0.000683106
1.08912e-11
0.000683106
6.81835e-12
0.000683106
3.29907e-12
0.000683106
5.55476e-13
0.000683106
-1.67138e-12
0.000683106
-3.08405e-12
0.000683106
-3.91445e-12
0.000683106
-4.32428e-12
0.000683106
-4.44652e-12
0.000683106
-4.38458e-12
0.000683106
-4.21494e-12
0.000683106
-3.98288e-12
0.000683106
-3.70801e-12
0.000683106
-3.3995e-12
0.000683106
-3.06603e-12
0.000683106
-2.71019e-12
0.000683106
-2.33427e-12
0.000683106
-1.94151e-12
0.000683106
-1.536e-12
0.000683106
-1.12373e-12
0.000683106
-7.09743e-13
0.000683106
-3.05709e-13
0.000683106
9.07509e-14
0.000683106
5.13959e-13
0.000683106
9.28114e-13
0.000683106
1.27423e-12
0.000683106
1.66744e-12
0.000683106
1.90837e-12
0.000683106
2.33304e-12
0.000683106
2.37879e-12
0.000683106
2.94434e-12
0.000683106
2.6539e-12
0.000683106
3.52653e-12
0.000683106
2.77353e-12
0.000683106
3.98817e-12
0.000683106
2.99268e-12
0.000683106
3.97565e-12
0.000683106
3.88791e-12
0.000683106
2.98612e-12
0.000683106
5.85646e-12
0.000683106
1.30892e-12
0.000683106
7.5505e-12
0.000683106
1.63173e-12
0.000683106
5.55986e-12
0.000683106
6.967e-12
0.000683106
-1.8185e-13
0.000683106
1.26451e-11
0.000683106
-3.07771e-13
0.000683106
7.57079e-12
0.000683106
1.16013e-11
0.000683106
-2.7206e-12
0.000683106
1.74e-11
0.000683106
3.76574e-12
0.000683106
4.61752e-12
0.000683106
1.85122e-11
0.000683106
1.0561e-12
0.000683106
1.2746e-11
0.000683106
1.50097e-11
0.000683106
3.47805e-12
0.000683106
1.68678e-11
0.000683106
1.16742e-11
0.000683106
7.3078e-12
0.000683106
1.55137e-11
0.000683106
1.16192e-11
9.85884e-12
0.000653734
2.21661e-10
0.000653734
2.04016e-10
0.000653734
1.88442e-10
0.000653734
1.72933e-10
0.000653734
1.59348e-10
0.000653734
1.47086e-10
0.000653734
1.34274e-10
0.000653733
1.22034e-10
0.000653733
1.10991e-10
0.000653733
1.04262e-10
0.000653733
9.89355e-11
0.000653733
8.88737e-11
0.000653733
7.82253e-11
0.000653733
7.14755e-11
0.000653733
6.82294e-11
0.000653733
6.45384e-11
0.000653733
5.82836e-11
0.000653733
5.35674e-11
0.000653733
5.07131e-11
0.000653733
4.85954e-11
0.000653733
4.57073e-11
0.000653733
4.17885e-11
0.000653733
3.7262e-11
0.000653733
3.23327e-11
0.000653733
2.71282e-11
0.000653733
2.19585e-11
0.000653733
1.72133e-11
0.000653733
1.31492e-11
0.000653733
9.83824e-12
0.000653733
7.21852e-12
0.000653733
5.21537e-12
0.000653733
3.7128e-12
0.000653733
2.59373e-12
0.000653733
1.7582e-12
0.000653733
1.13003e-12
0.000653733
6.52717e-13
0.000653733
2.91305e-13
0.000653733
2.24385e-14
0.000653733
-1.46475e-13
0.000653733
-2.6741e-13
0.000653733
-3.35899e-13
0.000653733
-3.40412e-13
0.000653733
-2.93027e-13
0.000653733
-2.00457e-13
0.000653733
-6.85889e-14
0.000653733
9.26129e-14
0.000653733
2.59017e-13
0.000653733
4.47975e-13
0.000653733
6.34603e-13
0.000653733
8.41327e-13
0.000653733
1.00056e-12
0.000653733
1.21929e-12
0.000653733
1.29257e-12
0.000653733
1.57004e-12
0.000653733
1.45095e-12
0.000653733
1.91989e-12
0.000653733
1.41573e-12
0.000653733
2.286e-12
0.000653733
1.1925e-12
0.000653733
2.62556e-12
0.000653733
9.76614e-13
0.000653733
2.62481e-12
0.000653733
1.29601e-12
0.000653733
1.67316e-12
0.000653733
2.72499e-12
0.000653733
-1.05105e-13
0.000653733
4.49839e-12
0.000653733
-9.42393e-13
0.000653733
3.71254e-12
0.000653733
2.29921e-12
0.000653733
-1.02117e-12
0.000653733
7.65817e-12
0.000653733
-3.21386e-12
0.000653733
5.96767e-12
0.000653733
4.38027e-12
0.000653733
-3.29847e-12
0.000653733
1.30526e-11
0.000653733
-4.38527e-12
0.000653733
7.64519e-12
0.000653733
8.45779e-12
0.000653733
-4.6812e-12
0.000653733
1.62626e-11
0.000653733
1.59129e-12
0.000653733
6.13743e-13
0.000653733
1.75184e-11
0.000653733
-3.45272e-13
0.000653733
3.61842e-12
0.000653733
1.3303e-11
0.000653733
3.59583e-12
3.49371e-12
0.000432348
0.000432348
0.000432348
0.000432348
0.000432349
0.000432349
0.000432349
0.000432349
0.000432349
0.000432349
0.000432349
0.000432349
0.00043235
0.00043235
0.00043235
0.00043235
0.00043235
0.00043235
0.00043235
0.00043235
0.00043235
0.00043235
0.00043235
0.00043235
0.00043235
0.00043235
0.00043235
0.00043235
0.00043235
0.00043235
0.00043235
0.00043235
0.00043235
0.00043235
0.00043235
0.00043235
0.00043235
0.00043235
0.00043235
0.00043235
0.00043235
0.00043235
0.00043235
0.00043235
0.00043235
0.00043235
0.00043235
0.00043235
0.00043235
0.00043235
0.00043235
0.00043235
0.00043235
0.00043235
0.00043235
0.00043235
0.00043235
0.00043235
0.00043235
0.00043235
0.00043235
0.00043235
0.00043235
0.00043235
0.00043235
0.00043235
0.00043235
0.00043235
0.00043235
0.00043235
0.00043235
0.00043235
0.00043235
0.00043235
0.00043235
0.00043235
0.00043235
0.00043235
0.00043235
0.00043235
0.00043235
0.00043235
0.00043235
0.00043235
0.00043235
0.00043235
0.00043235
0.00043235
0.00043235
)
;

boundaryField
{
    inlet
    {
        type            calculated;
        value           nonuniform List<scalar> 0();
    }
    outlet
    {
        type            calculated;
        value           nonuniform List<scalar> 
30
(
0.00043235
0.000653732
0.000683106
0.00068573
0.000685907
0.000685917
0.000685917
0.000685917
0.000685917
0.000685917
0.000685917
0.000685917
0.000685917
0.000685917
0.000685917
0.000685917
0.000685917
0.000685917
0.000685917
0.000685917
0.000685917
0.000685917
0.000685918
0.000685917
0.000685917
0.000685908
0.000685731
0.000683106
0.000653733
0.00043235
)
;
    }
    wall
    {
        type            calculated;
        value           uniform 0;
    }
    obstacle
    {
        type            calculated;
        value           nonuniform List<scalar> 0();
    }
    frontAndBack
    {
        type            empty;
        value           nonuniform List<scalar> 0();
    }
    procBoundary3to2
    {
        type            processor;
        value           nonuniform List<scalar> 
31
(
-0.000432348
-0.000653734
-0.000683109
-0.000685734
-0.000685911
-0.000685919
-0.000685919
-0.000685918
-0.000685917
-0.000685916
-0.000685916
-0.000685915
-0.000685914
-0.000685914
-0.000685914
3.95781e-11
-0.000685913
-0.000685914
-0.000685914
-0.000685915
-0.000685916
-0.000685916
-0.000685918
-0.000685919
-0.000685919
-0.00068592
-0.000685911
-0.000685735
-0.00068311
-0.000653735
-0.000432348
)
;
    }
}


// ************************************************************************* //
