/*--------------------------------*- C++ -*----------------------------------*\
| =========                 |                                                 |
| \\      /  F ield         | OpenFOAM: The Open Source CFD Toolbox           |
|  \\    /   O peration     | Version:  2312                                  |
|   \\  /    A nd           | Website:  www.openfoam.com                      |
|    \\/     M anipulation  |                                                 |
\*---------------------------------------------------------------------------*/
FoamFile
{
    version     2.0;
    format      ascii;
    arch        "LSB;label=32;scalar=64";
    class       volVectorField;
    location    "153000";
    object      U;
}
// * * * * * * * * * * * * * * * * * * * * * * * * * * * * * * * * * * * * * //

dimensions      [0 1 -1 0 0 0 0];

internalField   nonuniform List<vector> 
2715
(
(0.000992484 4.9415e-06 0)
(0.000990039 1.24569e-05 0)
(0.000986874 1.74783e-05 0)
(0.000980502 2.06624e-05 0)
(0.00097109 2.27463e-05 0)
(0.0009598 2.42413e-05 0)
(0.000947698 2.53821e-05 0)
(0.000935318 2.62436e-05 0)
(0.000922803 2.68502e-05 0)
(0.000910131 2.72268e-05 0)
(0.000897257 2.74111e-05 0)
(0.000884176 2.74461e-05 0)
(0.000870924 2.73698e-05 0)
(0.000857557 2.72101e-05 0)
(0.000844125 2.69852e-05 0)
(0.000830667 2.67067e-05 0)
(0.000817208 2.63825e-05 0)
(0.000803766 2.60193e-05 0)
(0.000790356 2.56223e-05 0)
(0.000776993 2.51964e-05 0)
(0.000763693 2.47452e-05 0)
(0.00075047 2.42719e-05 0)
(0.000737339 2.37782e-05 0)
(0.000724313 2.32662e-05 0)
(0.000711406 2.27366e-05 0)
(0.00069863 2.21908e-05 0)
(0.000685998 2.16288e-05 0)
(0.000673524 2.10521e-05 0)
(0.000661219 2.04599e-05 0)
(0.000649097 1.98541e-05 0)
(0.00063717 1.92332e-05 0)
(0.000625451 1.85997e-05 0)
(0.000613954 1.79511e-05 0)
(0.000602689 1.72913e-05 0)
(0.000591673 1.66161e-05 0)
(0.000580914 1.59319e-05 0)
(0.000570432 1.52315e-05 0)
(0.00056023 1.45255e-05 0)
(0.000550333 1.38016e-05 0)
(0.000540737 1.30774e-05 0)
(0.000531479 1.23318e-05 0)
(0.000522535 1.1594e-05 0)
(0.00051397 1.0828e-05 0)
(0.000505718 1.00829e-05 0)
(0.000497906 9.29616e-06 0)
(0.00049037 8.55107e-06 0)
(0.000483396 7.73983e-06 0)
(0.000476559 7.00187e-06 0)
(0.000470577 6.15692e-06 0)
(0.000464306 5.42518e-06 0)
(0.00045968 4.5358e-06 0)
(0.000453493 3.76571e-06 0)
(0.000451245 2.86318e-06 0)
(0.000443554 1.81433e-06 0)
(0.000446752 1.20674e-06 0)
(0.000432579 -1.16833e-06 0)
(0.000450421 1.10982e-07 0)
(0.000414924 -7.66539e-06 0)
(0.000472452 1.97971e-06 0)
(0.0003784 -2.46348e-05 0)
(0.00100003 5.80068e-06 0)
(0.00100172 1.49895e-05 0)
(0.00100423 2.15199e-05 0)
(0.00100706 2.6084e-05 0)
(0.00100979 2.94446e-05 0)
(0.0010122 3.21299e-05 0)
(0.00101421 3.43876e-05 0)
(0.00101589 3.6304e-05 0)
(0.00101726 3.79119e-05 0)
(0.00101836 3.92417e-05 0)
(0.00101921 4.03349e-05 0)
(0.00101979 4.12372e-05 0)
(0.0010201 4.19891e-05 0)
(0.00102014 4.26206e-05 0)
(0.00101993 4.31517e-05 0)
(0.00101948 4.35949e-05 0)
(0.0010188 4.39588e-05 0)
(0.0010179 4.425e-05 0)
(0.0010168 4.4474e-05 0)
(0.0010155 4.46353e-05 0)
(0.00101403 4.47375e-05 0)
(0.00101236 4.4783e-05 0)
(0.00101054 4.47739e-05 0)
(0.00100856 4.47109e-05 0)
(0.00100644 4.4595e-05 0)
(0.00100416 4.4426e-05 0)
(0.00100178 4.42048e-05 0)
(0.000999248 4.393e-05 0)
(0.000996639 4.36031e-05 0)
(0.00099389 4.32211e-05 0)
(0.0009911 4.27873e-05 0)
(0.000988162 4.22961e-05 0)
(0.000985236 4.1754e-05 0)
(0.000982139 4.11508e-05 0)
(0.000979131 4.04997e-05 0)
(0.000975896 3.97815e-05 0)
(0.000972869 3.90217e-05 0)
(0.000969508 3.8185e-05 0)
(0.000966544 3.73192e-05 0)
(0.000963051 3.63593e-05 0)
(0.000960261 3.53934e-05 0)
(0.000956591 3.43026e-05 0)
(0.000954138 3.32483e-05 0)
(0.000950185 3.20129e-05 0)
(0.000948318 3.08905e-05 0)
(0.000943864 2.94851e-05 0)
(0.000942982 2.833e-05 0)
(0.000937611 2.67068e-05 0)
(0.000938372 2.55792e-05 0)
(0.000931322 2.36504e-05 0)
(0.000934832 2.26522e-05 0)
(0.000924729 2.026e-05 0)
(0.000932863 1.95614e-05 0)
(0.000917263 1.64339e-05 0)
(0.000933207 1.63036e-05 0)
(0.000907803 1.20131e-05 0)
(0.000936995 1.28008e-05 0)
(0.000894279 6.84534e-06 0)
(0.00094615 8.59935e-06 0)
(0.000873483 1.34106e-06 0)
(0.000999989 1.96023e-06 0)
(0.00100078 5.75921e-06 0)
(0.00100224 9.28392e-06 0)
(0.00100424 1.24505e-05 0)
(0.00100655 1.52561e-05 0)
(0.00100898 1.7746e-05 0)
(0.0010114 1.99747e-05 0)
(0.00101377 2.19854e-05 0)
(0.00101607 2.38051e-05 0)
(0.00101833 2.54506e-05 0)
(0.00102054 2.6935e-05 0)
(0.00102271 2.82715e-05 0)
(0.00102481 2.94746e-05 0)
(0.00102686 3.0558e-05 0)
(0.00102883 3.1534e-05 0)
(0.00103073 3.24122e-05 0)
(0.00103256 3.32008e-05 0)
(0.00103433 3.39052e-05 0)
(0.00103603 3.4531e-05 0)
(0.00103767 3.50812e-05 0)
(0.00103926 3.55602e-05 0)
(0.00104077 3.59691e-05 0)
(0.00104224 3.63119e-05 0)
(0.00104363 3.65876e-05 0)
(0.00104499 3.68003e-05 0)
(0.00104627 3.69466e-05 0)
(0.00104752 3.70318e-05 0)
(0.00104868 3.70495e-05 0)
(0.00104984 3.70077e-05 0)
(0.00105089 3.68956e-05 0)
(0.00105195 3.6726e-05 0)
(0.00105289 3.64813e-05 0)
(0.00105388 3.61824e-05 0)
(0.0010547 3.58013e-05 0)
(0.00105564 3.53715e-05 0)
(0.00105633 3.48494e-05 0)
(0.00105724 3.42881e-05 0)
(0.0010578 3.36194e-05 0)
(0.00105872 3.29274e-05 0)
(0.0010591 3.21056e-05 0)
(0.00106009 3.12859e-05 0)
(0.00106026 3.0303e-05 0)
(0.00106141 2.93617e-05 0)
(0.00106129 2.82074e-05 0)
(0.00106273 2.71549e-05 0)
(0.00106218 2.58158e-05 0)
(0.0010641 2.4668e-05 0)
(0.00106293 2.31266e-05 0)
(0.00106562 2.19068e-05 0)
(0.0010635 2.01423e-05 0)
(0.0010674 1.88831e-05 0)
(0.0010638 1.68753e-05 0)
(0.00106957 1.56212e-05 0)
(0.00106368 1.33638e-05 0)
(0.00107233 1.21736e-05 0)
(0.0010629 9.71183e-06 0)
(0.00107593 8.66122e-06 0)
(0.00106106 6.18753e-06 0)
(0.00108083 5.32408e-06 0)
(0.0010577 3.33361e-06 0)
(0.00100001 1.73815e-06 0)
(0.00100047 5.15184e-06 0)
(0.00100128 8.41158e-06 0)
(0.0010024 1.1441e-05 0)
(0.00100375 1.41993e-05 0)
(0.00100527 1.66834e-05 0)
(0.00100689 1.8915e-05 0)
(0.00100859 2.09236e-05 0)
(0.00101034 2.27364e-05 0)
(0.00101212 2.43741e-05 0)
(0.00101394 2.58521e-05 0)
(0.00101578 2.71831e-05 0)
(0.00101763 2.83794e-05 0)
(0.0010195 2.94529e-05 0)
(0.00102137 3.0415e-05 0)
(0.00102323 3.12758e-05 0)
(0.0010251 3.20443e-05 0)
(0.00102696 3.27272e-05 0)
(0.00102882 3.33309e-05 0)
(0.00103066 3.38592e-05 0)
(0.00103251 3.43169e-05 0)
(0.00103435 3.4706e-05 0)
(0.00103618 3.50303e-05 0)
(0.001038 3.52901e-05 0)
(0.00103982 3.54886e-05 0)
(0.00104162 3.56246e-05 0)
(0.00104343 3.57011e-05 0)
(0.00104522 3.57152e-05 0)
(0.00104701 3.56706e-05 0)
(0.00104877 3.55623e-05 0)
(0.00105056 3.53954e-05 0)
(0.00105229 3.51623e-05 0)
(0.00105406 3.48704e-05 0)
(0.00105577 3.4509e-05 0)
(0.00105753 3.40884e-05 0)
(0.0010592 3.35943e-05 0)
(0.00106095 3.30408e-05 0)
(0.00106258 3.24092e-05 0)
(0.00106433 3.17185e-05 0)
(0.00106591 3.09448e-05 0)
(0.00106767 3.01122e-05 0)
(0.00106918 2.91925e-05 0)
(0.00107097 2.82132e-05 0)
(0.0010724 2.7145e-05 0)
(0.00107424 2.6014e-05 0)
(0.00107557 2.47976e-05 0)
(0.0010775 2.35091e-05 0)
(0.00107869 2.21498e-05 0)
(0.00108076 2.06964e-05 0)
(0.00108176 1.92087e-05 0)
(0.00108406 1.75803e-05 0)
(0.0010848 1.59961e-05 0)
(0.00108742 1.41792e-05 0)
(0.00108781 1.25618e-05 0)
(0.00109091 1.05384e-05 0)
(0.00109077 9.00635e-06 0)
(0.00109456 6.74811e-06 0)
(0.00109369 5.50374e-06 0)
(0.00109845 2.93927e-06 0)
(0.00109646 2.26796e-06 0)
(0.001 1.14832e-06 0)
(0.00100023 3.42132e-06 0)
(0.00100067 5.63252e-06 0)
(0.00100134 7.75013e-06 0)
(0.00100221 9.75267e-06 0)
(0.00100324 1.16298e-05 0)
(0.00100442 1.338e-05 0)
(0.0010057 1.50072e-05 0)
(0.00100706 1.65175e-05 0)
(0.00100849 1.79167e-05 0)
(0.00100997 1.92103e-05 0)
(0.00101149 2.04028e-05 0)
(0.00101305 2.14989e-05 0)
(0.00101464 2.25032e-05 0)
(0.00101625 2.34208e-05 0)
(0.00101788 2.42561e-05 0)
(0.00101952 2.50134e-05 0)
(0.00102117 2.56965e-05 0)
(0.00102284 2.63087e-05 0)
(0.00102451 2.68524e-05 0)
(0.00102618 2.73299e-05 0)
(0.00102786 2.77431e-05 0)
(0.00102954 2.80933e-05 0)
(0.00103123 2.83817e-05 0)
(0.00103292 2.86089e-05 0)
(0.00103461 2.87757e-05 0)
(0.00103631 2.88818e-05 0)
(0.001038 2.8928e-05 0)
(0.00103969 2.89129e-05 0)
(0.00104139 2.88376e-05 0)
(0.00104308 2.86994e-05 0)
(0.00104478 2.85005e-05 0)
(0.00104647 2.82359e-05 0)
(0.00104816 2.79103e-05 0)
(0.00104985 2.75149e-05 0)
(0.00105153 2.70589e-05 0)
(0.00105321 2.65273e-05 0)
(0.00105489 2.5937e-05 0)
(0.00105656 2.52629e-05 0)
(0.00105823 2.45348e-05 0)
(0.00105989 2.37108e-05 0)
(0.00106155 2.28425e-05 0)
(0.0010632 2.18598e-05 0)
(0.00106485 2.0851e-05 0)
(0.00106648 1.96989e-05 0)
(0.00106813 1.85527e-05 0)
(0.00106975 1.72182e-05 0)
(0.0010714 1.59438e-05 0)
(0.001073 1.44095e-05 0)
(0.00107467 1.30256e-05 0)
(0.00107625 1.12675e-05 0)
(0.00107797 9.80747e-06 0)
(0.00107952 7.78902e-06 0)
(0.00108135 6.30718e-06 0)
(0.00108289 3.96987e-06 0)
(0.00108492 2.55216e-06 0)
(0.00108644 -1.93551e-07 0)
(0.00108876 -1.40474e-06 0)
(0.00109017 -4.69755e-06 0)
(0.00109277 -5.49094e-06 0)
(0.001 9.21046e-07 0)
(0.00100018 2.75873e-06 0)
(0.00100051 4.57349e-06 0)
(0.00100101 6.34631e-06 0)
(0.00100165 8.05963e-06 0)
(0.00100243 9.69949e-06 0)
(0.00100332 1.12565e-05 0)
(0.00100431 1.27257e-05 0)
(0.00100538 1.41053e-05 0)
(0.00100652 1.53958e-05 0)
(0.00100771 1.65983e-05 0)
(0.00100896 1.77148e-05 0)
(0.00101025 1.87471e-05 0)
(0.00101157 1.96978e-05 0)
(0.00101293 2.05694e-05 0)
(0.00101432 2.13647e-05 0)
(0.00101573 2.20863e-05 0)
(0.00101716 2.2737e-05 0)
(0.00101861 2.3319e-05 0)
(0.00102007 2.38346e-05 0)
(0.00102154 2.42853e-05 0)
(0.00102302 2.46732e-05 0)
(0.00102451 2.4999e-05 0)
(0.00102601 2.52643e-05 0)
(0.00102752 2.54691e-05 0)
(0.00102903 2.56151e-05 0)
(0.00103055 2.5701e-05 0)
(0.00103206 2.57289e-05 0)
(0.00103358 2.56962e-05 0)
(0.0010351 2.56058e-05 0)
(0.00103662 2.5453e-05 0)
(0.00103815 2.52427e-05 0)
(0.00103966 2.49671e-05 0)
(0.00104118 2.46341e-05 0)
(0.0010427 2.42316e-05 0)
(0.00104421 2.37725e-05 0)
(0.00104571 2.32378e-05 0)
(0.00104722 2.26485e-05 0)
(0.00104871 2.19751e-05 0)
(0.00105021 2.12516e-05 0)
(0.00105168 2.04316e-05 0)
(0.00105318 1.95698e-05 0)
(0.00105463 1.85938e-05 0)
(0.00105613 1.75909e-05 0)
(0.00105755 1.64474e-05 0)
(0.00105906 1.53021e-05 0)
(0.00106045 1.39765e-05 0)
(0.00106198 1.26905e-05 0)
(0.00106335 1.11639e-05 0)
(0.00106493 9.7438e-06 0)
(0.00106625 7.99049e-06 0)
(0.00106791 6.45133e-06 0)
(0.00106918 4.43656e-06 0)
(0.00107097 2.80722e-06 0)
(0.00107216 4.79113e-07 0)
(0.00107414 -1.19725e-06 0)
(0.00107521 -3.92895e-06 0)
(0.0010775 -5.59629e-06 0)
(0.00107834 -8.87555e-06 0)
(0.00108093 -1.04385e-05 0)
(0.001 7.2534e-07 0)
(0.00100013 2.17449e-06 0)
(0.00100037 3.60906e-06 0)
(0.00100074 5.01627e-06 0)
(0.00100122 6.38459e-06 0)
(0.00100181 7.70453e-06 0)
(0.00100249 8.96907e-06 0)
(0.00100327 1.01735e-05 0)
(0.00100412 1.13152e-05 0)
(0.00100504 1.23927e-05 0)
(0.00100602 1.34057e-05 0)
(0.00100706 1.43544e-05 0)
(0.00100814 1.52392e-05 0)
(0.00100926 1.60609e-05 0)
(0.00101042 1.68201e-05 0)
(0.00101162 1.7518e-05 0)
(0.00101284 1.81555e-05 0)
(0.00101408 1.87338e-05 0)
(0.00101535 1.92537e-05 0)
(0.00101664 1.97165e-05 0)
(0.00101794 2.01226e-05 0)
(0.00101926 2.04732e-05 0)
(0.00102058 2.07682e-05 0)
(0.00102192 2.10087e-05 0)
(0.00102326 2.11939e-05 0)
(0.00102462 2.13251e-05 0)
(0.00102597 2.14008e-05 0)
(0.00102733 2.14225e-05 0)
(0.00102868 2.13874e-05 0)
(0.00103004 2.1298e-05 0)
(0.0010314 2.11499e-05 0)
(0.00103276 2.09467e-05 0)
(0.00103411 2.06819e-05 0)
(0.00103546 2.03615e-05 0)
(0.0010368 1.99752e-05 0)
(0.00103814 1.9533e-05 0)
(0.00103946 1.90192e-05 0)
(0.00104078 1.845e-05 0)
(0.00104209 1.78014e-05 0)
(0.0010434 1.70992e-05 0)
(0.00104467 1.6307e-05 0)
(0.00104597 1.54654e-05 0)
(0.00104721 1.45188e-05 0)
(0.00104849 1.35313e-05 0)
(0.00104971 1.24168e-05 0)
(0.00105098 1.12769e-05 0)
(0.00105215 9.97786e-06 0)
(0.00105342 8.67958e-06 0)
(0.00105455 7.17401e-06 0)
(0.00105584 5.71268e-06 0)
(0.00105692 3.97082e-06 0)
(0.00105826 2.3438e-06 0)
(0.00105929 3.23968e-07 0)
(0.00106073 -1.46349e-06 0)
(0.00106171 -3.81256e-06 0)
(0.00106329 -5.73739e-06 0)
(0.00106418 -8.48968e-06 0)
(0.00106596 -1.05152e-05 0)
(0.00106663 -1.37921e-05 0)
(0.00106855 -1.58608e-05 0)
(0.001 5.75143e-07 0)
(0.0010001 1.72701e-06 0)
(0.00100029 2.87246e-06 0)
(0.00100058 4.00347e-06 0)
(0.00100096 5.11238e-06 0)
(0.00100143 6.19234e-06 0)
(0.00100198 7.23755e-06 0)
(0.0010026 8.24338e-06 0)
(0.0010033 9.20629e-06 0)
(0.00100406 1.01238e-05 0)
(0.00100488 1.0994e-05 0)
(0.00100576 1.18158e-05 0)
(0.00100668 1.25885e-05 0)
(0.00100764 1.33113e-05 0)
(0.00100864 1.39841e-05 0)
(0.00100967 1.46066e-05 0)
(0.00101074 1.51786e-05 0)
(0.00101183 1.57004e-05 0)
(0.00101294 1.6172e-05 0)
(0.00101408 1.65937e-05 0)
(0.00101523 1.69652e-05 0)
(0.00101639 1.72871e-05 0)
(0.00101757 1.7559e-05 0)
(0.00101876 1.77812e-05 0)
(0.00101995 1.7953e-05 0)
(0.00102116 1.80749e-05 0)
(0.00102236 1.81457e-05 0)
(0.00102357 1.81659e-05 0)
(0.00102478 1.81336e-05 0)
(0.00102599 1.80499e-05 0)
(0.00102719 1.79117e-05 0)
(0.00102839 1.77209e-05 0)
(0.00102959 1.74729e-05 0)
(0.00103078 1.71708e-05 0)
(0.00103195 1.6808e-05 0)
(0.00103313 1.63894e-05 0)
(0.00103428 1.59056e-05 0)
(0.00103543 1.53645e-05 0)
(0.00103655 1.47521e-05 0)
(0.00103767 1.40812e-05 0)
(0.00103876 1.33309e-05 0)
(0.00103986 1.2522e-05 0)
(0.00104091 1.16228e-05 0)
(0.00104197 1.06661e-05 0)
(0.00104298 9.60442e-06 0)
(0.00104401 8.48929e-06 0)
(0.00104497 7.24837e-06 0)
(0.00104598 5.96293e-06 0)
(0.00104688 4.52213e-06 0)
(0.00104788 3.05392e-06 0)
(0.00104872 1.38705e-06 0)
(0.00104972 -2.77109e-07 0)
(0.00105049 -2.20464e-06 0)
(0.00105151 -4.08058e-06 0)
(0.00105221 -6.32085e-06 0)
(0.0010533 -8.42627e-06 0)
(0.0010539 -1.10473e-05 0)
(0.00105508 -1.33895e-05 0)
(0.00105547 -1.64809e-05 0)
(0.00105664 -1.90509e-05 0)
(0.001 4.56476e-07 0)
(0.00100008 1.37294e-06 0)
(0.00100024 2.28748e-06 0)
(0.00100047 3.19458e-06 0)
(0.00100079 4.08882e-06 0)
(0.00100117 4.96514e-06 0)
(0.00100163 5.81897e-06 0)
(0.00100215 6.64641e-06 0)
(0.00100274 7.44413e-06 0)
(0.00100338 8.2094e-06 0)
(0.00100407 8.93992e-06 0)
(0.00100482 9.63386e-06 0)
(0.00100561 1.02897e-05 0)
(0.00100644 1.09063e-05 0)
(0.00100731 1.14828e-05 0)
(0.00100821 1.20184e-05 0)
(0.00100914 1.25126e-05 0)
(0.0010101 1.2965e-05 0)
(0.00101108 1.33752e-05 0)
(0.00101209 1.3743e-05 0)
(0.00101311 1.40679e-05 0)
(0.00101414 1.43498e-05 0)
(0.00101519 1.45883e-05 0)
(0.00101625 1.47831e-05 0)
(0.00101731 1.49336e-05 0)
(0.00101838 1.50396e-05 0)
(0.00101945 1.51001e-05 0)
(0.00102053 1.51151e-05 0)
(0.0010216 1.50831e-05 0)
(0.00102268 1.50042e-05 0)
(0.00102374 1.48763e-05 0)
(0.0010248 1.46996e-05 0)
(0.00102585 1.44716e-05 0)
(0.0010269 1.41926e-05 0)
(0.00102793 1.38591e-05 0)
(0.00102894 1.3472e-05 0)
(0.00102994 1.30265e-05 0)
(0.00103092 1.25245e-05 0)
(0.00103188 1.19592e-05 0)
(0.00103283 1.13339e-05 0)
(0.00103374 1.06393e-05 0)
(0.00103464 9.88093e-06 0)
(0.0010355 9.04549e-06 0)
(0.00103635 8.14229e-06 0)
(0.00103715 7.15209e-06 0)
(0.00103795 6.08986e-06 0)
(0.00103868 4.9277e-06 0)
(0.00103942 3.68927e-06 0)
(0.00104007 2.33351e-06 0)
(0.00104076 8.97958e-07 0)
(0.00104133 -6.78093e-07 0)
(0.00104198 -2.33326e-06 0)
(0.00104246 -4.16015e-06 0)
(0.00104308 -6.06215e-06 0)
(0.00104345 -8.18294e-06 0)
(0.00104404 -1.0366e-05 0)
(0.00104428 -1.2837e-05 0)
(0.00104486 -1.53382e-05 0)
(0.00104488 -1.82281e-05 0)
(0.00104533 -2.10746e-05 0)
(0.001 3.5813e-07 0)
(0.00100007 1.07913e-06 0)
(0.0010002 1.80098e-06 0)
(0.0010004 2.51973e-06 0)
(0.00100066 3.23142e-06 0)
(0.00100099 3.93228e-06 0)
(0.00100138 4.61878e-06 0)
(0.00100182 5.28775e-06 0)
(0.00100233 5.93634e-06 0)
(0.00100288 6.56205e-06 0)
(0.00100348 7.16268e-06 0)
(0.00100413 7.73637e-06 0)
(0.00100482 8.28148e-06 0)
(0.00100554 8.79667e-06 0)
(0.00100631 9.28077e-06 0)
(0.0010071 9.73283e-06 0)
(0.00100792 1.0152e-05 0)
(0.00100877 1.05375e-05 0)
(0.00100964 1.08888e-05 0)
(0.00101054 1.12052e-05 0)
(0.00101144 1.14861e-05 0)
(0.00101237 1.17311e-05 0)
(0.0010133 1.19394e-05 0)
(0.00101425 1.21107e-05 0)
(0.0010152 1.22442e-05 0)
(0.00101616 1.23393e-05 0)
(0.00101712 1.23954e-05 0)
(0.00101808 1.24115e-05 0)
(0.00101903 1.2387e-05 0)
(0.00101999 1.23208e-05 0)
(0.00102093 1.2212e-05 0)
(0.00102187 1.20594e-05 0)
(0.00102279 1.18618e-05 0)
(0.00102371 1.16178e-05 0)
(0.0010246 1.13262e-05 0)
(0.00102548 1.09848e-05 0)
(0.00102633 1.05926e-05 0)
(0.00102717 1.01467e-05 0)
(0.00102798 9.64614e-06 0)
(0.00102876 9.08696e-06 0)
(0.00102951 8.46874e-06 0)
(0.00103023 7.78567e-06 0)
(0.00103091 7.03861e-06 0)
(0.00103157 6.21877e-06 0)
(0.00103217 5.32942e-06 0)
(0.00103274 4.35702e-06 0)
(0.00103325 3.30924e-06 0)
(0.00103375 2.16492e-06 0)
(0.00103415 9.39469e-07 0)
(0.00103456 -4.00744e-07 0)
(0.00103485 -1.82726e-06 0)
(0.00103516 -3.39368e-06 0)
(0.00103532 -5.05154e-06 0)
(0.00103553 -6.88361e-06 0)
(0.00103555 -8.808e-06 0)
(0.00103565 -1.0954e-05 0)
(0.00103549 -1.31867e-05 0)
(0.00103548 -1.57048e-05 0)
(0.00103507 -1.82907e-05 0)
(0.00103482 -2.12437e-05 0)
(0.001 2.74156e-07 0)
(0.00100006 8.28123e-07 0)
(0.00100017 1.38492e-06 0)
(0.00100035 1.94164e-06 0)
(0.00100058 2.49537e-06 0)
(0.00100086 3.04327e-06 0)
(0.0010012 3.58265e-06 0)
(0.00100159 4.11099e-06 0)
(0.00100203 4.626e-06 0)
(0.00100251 5.12557e-06 0)
(0.00100304 5.60779e-06 0)
(0.00100361 6.07095e-06 0)
(0.00100422 6.51354e-06 0)
(0.00100487 6.9342e-06 0)
(0.00100555 7.33174e-06 0)
(0.00100626 7.70508e-06 0)
(0.00100699 8.05325e-06 0)
(0.00100775 8.37539e-06 0)
(0.00100854 8.6707e-06 0)
(0.00100934 8.9384e-06 0)
(0.00101016 9.17782e-06 0)
(0.00101099 9.38821e-06 0)
(0.00101183 9.56896e-06 0)
(0.00101268 9.71929e-06 0)
(0.00101354 9.83861e-06 0)
(0.0010144 9.92603e-06 0)
(0.00101527 9.98099e-06 0)
(0.00101613 1.00024e-05 0)
(0.00101699 9.98973e-06 0)
(0.00101784 9.94161e-06 0)
(0.00101868 9.85759e-06 0)
(0.00101951 9.73583e-06 0)
(0.00102032 9.57611e-06 0)
(0.00102112 9.37586e-06 0)
(0.0010219 9.13532e-06 0)
(0.00102266 8.85078e-06 0)
(0.00102339 8.52333e-06 0)
(0.00102409 8.14752e-06 0)
(0.00102477 7.72592e-06 0)
(0.00102541 7.25035e-06 0)
(0.00102601 6.72596e-06 0)
(0.00102657 6.14026e-06 0)
(0.00102709 5.50274e-06 0)
(0.00102757 4.79413e-06 0)
(0.00102798 4.03116e-06 0)
(0.00102836 3.18378e-06 0)
(0.00102866 2.28068e-06 0)
(0.00102893 1.2747e-06 0)
(0.0010291 2.14227e-07 0)
(0.00102923 -9.75318e-07 0)
(0.00102926 -2.2134e-06 0)
(0.00102925 -3.62001e-06 0)
(0.00102911 -5.0615e-06 0)
(0.00102894 -6.72767e-06 0)
(0.0010286 -8.40031e-06 0)
(0.00102825 -1.03814e-05 0)
(0.00102768 -1.2316e-05 0)
(0.00102712 -1.46824e-05 0)
(0.00102625 -1.69062e-05 0)
(0.00102536 -1.97417e-05 0)
(0.001 2.00529e-07 0)
(0.00100005 6.07954e-07 0)
(0.00100016 1.01971e-06 0)
(0.00100031 1.43366e-06 0)
(0.00100051 1.84769e-06 0)
(0.00100077 2.25968e-06 0)
(0.00100107 2.66763e-06 0)
(0.00100142 3.06961e-06 0)
(0.00100181 3.46382e-06 0)
(0.00100224 3.84857e-06 0)
(0.00100272 4.2223e-06 0)
(0.00100323 4.58356e-06 0)
(0.00100378 4.93102e-06 0)
(0.00100437 5.26345e-06 0)
(0.00100498 5.57976e-06 0)
(0.00100563 5.87888e-06 0)
(0.0010063 6.1599e-06 0)
(0.00100699 6.42191e-06 0)
(0.0010077 6.66413e-06 0)
(0.00100843 6.88572e-06 0)
(0.00100918 7.08601e-06 0)
(0.00100994 7.2642e-06 0)
(0.00101071 7.41968e-06 0)
(0.00101149 7.55161e-06 0)
(0.00101227 7.65946e-06 0)
(0.00101306 7.74227e-06 0)
(0.00101384 7.79958e-06 0)
(0.00101462 7.83023e-06 0)
(0.0010154 7.83391e-06 0)
(0.00101617 7.80909e-06 0)
(0.00101693 7.7557e-06 0)
(0.00101767 7.67165e-06 0)
(0.00101839 7.55727e-06 0)
(0.0010191 7.40964e-06 0)
(0.00101978 7.22975e-06 0)
(0.00102044 7.01337e-06 0)
(0.00102107 6.76269e-06 0)
(0.00102167 6.47139e-06 0)
(0.00102222 6.14368e-06 0)
(0.00102275 5.76996e-06 0)
(0.00102322 5.35784e-06 0)
(0.00102365 4.89249e-06 0)
(0.00102403 4.38718e-06 0)
(0.00102436 3.81876e-06 0)
(0.00102462 3.20987e-06 0)
(0.00102482 2.52405e-06 0)
(0.00102495 1.7994e-06 0)
(0.00102501 9.78145e-07 0)
(0.00102498 1.23486e-07 0)
(0.00102488 -8.56127e-07 0)
(0.00102467 -1.85741e-06 0)
(0.00102438 -3.0272e-06 0)
(0.00102396 -4.19574e-06 0)
(0.00102345 -5.59684e-06 0)
(0.00102279 -6.95385e-06 0)
(0.00102203 -8.64101e-06 0)
(0.00102109 -1.02078e-05 0)
(0.00102004 -1.22533e-05 0)
(0.00101873 -1.40443e-05 0)
(0.00101729 -1.65385e-05 0)
(0.001 1.34263e-07 0)
(0.00100005 4.09717e-07 0)
(0.00100014 6.90683e-07 0)
(0.00100028 9.75672e-07 0)
(0.00100047 1.26318e-06 0)
(0.0010007 1.55171e-06 0)
(0.00100098 1.83982e-06 0)
(0.0010013 2.12611e-06 0)
(0.00100166 2.40924e-06 0)
(0.00100206 2.68793e-06 0)
(0.00100249 2.96097e-06 0)
(0.00100297 3.22721e-06 0)
(0.00100348 3.48557e-06 0)
(0.00100401 3.73503e-06 0)
(0.00100458 3.97465e-06 0)
(0.00100518 4.20354e-06 0)
(0.0010058 4.42087e-06 0)
(0.00100644 4.62583e-06 0)
(0.0010071 4.81772e-06 0)
(0.00100778 4.99576e-06 0)
(0.00100848 5.15934e-06 0)
(0.00100918 5.30772e-06 0)
(0.0010099 5.44035e-06 0)
(0.00101062 5.55644e-06 0)
(0.00101135 5.65556e-06 0)
(0.00101208 5.7368e-06 0)
(0.0010128 5.79981e-06 0)
(0.00101353 5.84353e-06 0)
(0.00101424 5.86775e-06 0)
(0.00101495 5.8711e-06 0)
(0.00101564 5.85364e-06 0)
(0.00101632 5.81353e-06 0)
(0.00101698 5.75122e-06 0)
(0.00101762 5.66412e-06 0)
(0.00101823 5.55336e-06 0)
(0.00101881 5.41515e-06 0)
(0.00101936 5.25181e-06 0)
(0.00101987 5.05762e-06 0)
(0.00102034 4.83688e-06 0)
(0.00102077 4.58086e-06 0)
(0.00102115 4.29708e-06 0)
(0.00102148 3.97201e-06 0)
(0.00102175 3.61852e-06 0)
(0.00102196 3.21538e-06 0)
(0.0010221 2.78425e-06 0)
(0.00102217 2.29158e-06 0)
(0.00102215 1.7734e-06 0)
(0.00102205 1.17648e-06 0)
(0.00102186 5.602e-07 0)
(0.00102157 -1.59936e-07 0)
(0.00102117 -8.86796e-07 0)
(0.00102066 -1.75442e-06 0)
(0.00102001 -2.60403e-06 0)
(0.00101924 -3.65254e-06 0)
(0.0010183 -4.64064e-06 0)
(0.00101722 -5.91643e-06 0)
(0.00101595 -7.05693e-06 0)
(0.0010145 -8.62242e-06 0)
(0.00101283 -9.9219e-06 0)
(0.00101093 -1.18575e-05 0)
(0.001 7.29701e-08 0)
(0.00100005 2.26281e-07 0)
(0.00100013 3.86084e-07 0)
(0.00100026 5.51435e-07 0)
(0.00100044 7.21366e-07 0)
(0.00100066 8.94916e-07 0)
(0.00100092 1.07114e-06 0)
(0.00100122 1.24912e-06 0)
(0.00100156 1.42794e-06 0)
(0.00100194 1.60674e-06 0)
(0.00100235 1.78464e-06 0)
(0.0010028 1.96082e-06 0)
(0.00100328 2.13449e-06 0)
(0.00100379 2.30488e-06 0)
(0.00100433 2.47128e-06 0)
(0.00100489 2.63297e-06 0)
(0.00100548 2.78932e-06 0)
(0.00100609 2.93967e-06 0)
(0.00100672 3.08342e-06 0)
(0.00100736 3.21997e-06 0)
(0.00100802 3.34879e-06 0)
(0.0010087 3.46928e-06 0)
(0.00100938 3.58096e-06 0)
(0.00101006 3.68322e-06 0)
(0.00101075 3.77567e-06 0)
(0.00101145 3.85763e-06 0)
(0.00101214 3.9288e-06 0)
(0.00101282 3.9884e-06 0)
(0.0010135 4.03627e-06 0)
(0.00101416 4.07139e-06 0)
(0.00101481 4.09379e-06 0)
(0.00101545 4.10217e-06 0)
(0.00101606 4.09687e-06 0)
(0.00101666 4.07609e-06 0)
(0.00101722 4.04069e-06 0)
(0.00101775 3.98805e-06 0)
(0.00101825 3.91989e-06 0)
(0.00101871 3.83225e-06 0)
(0.00101912 3.72827e-06 0)
(0.00101949 3.6019e-06 0)
(0.00101981 3.4586e-06 0)
(0.00102007 3.28899e-06 0)
(0.00102027 3.10233e-06 0)
(0.0010204 2.88389e-06 0)
(0.00102045 2.64908e-06 0)
(0.00102043 2.37466e-06 0)
(0.00102031 2.08597e-06 0)
(0.00102011 1.74614e-06 0)
(0.0010198 1.39675e-06 0)
(0.00101939 9.7882e-07 0)
(0.00101885 5.60935e-07 0)
(0.00101819 4.93155e-08 0)
(0.00101738 -4.44484e-07 0)
(0.00101642 -1.07169e-06 0)
(0.0010153 -1.64976e-06 0)
(0.00101399 -2.42149e-06 0)
(0.00101249 -3.0897e-06 0)
(0.00101077 -4.04744e-06 0)
(0.00100882 -4.80796e-06 0)
(0.00100661 -6.00646e-06 0)
(0.001 1.46558e-08 0)
(0.00100004 5.16433e-08 0)
(0.00100013 9.59184e-08 0)
(0.00100026 1.47042e-07 0)
(0.00100043 2.04558e-07 0)
(0.00100064 2.68001e-07 0)
(0.00100089 3.36902e-07 0)
(0.00100118 4.10788e-07 0)
(0.00100151 4.89181e-07 0)
(0.00100188 5.71583e-07 0)
(0.00100228 6.57502e-07 0)
(0.00100271 7.46442e-07 0)
(0.00100318 8.37913e-07 0)
(0.00100368 9.3143e-07 0)
(0.0010042 1.02652e-06 0)
(0.00100475 1.12271e-06 0)
(0.00100532 1.21954e-06 0)
(0.00100592 1.31657e-06 0)
(0.00100653 1.41336e-06 0)
(0.00100716 1.50948e-06 0)
(0.00100781 1.60454e-06 0)
(0.00100846 1.6981e-06 0)
(0.00100913 1.78983e-06 0)
(0.0010098 1.87928e-06 0)
(0.00101047 1.96614e-06 0)
(0.00101115 2.05e-06 0)
(0.00101182 2.13058e-06 0)
(0.00101249 2.20744e-06 0)
(0.00101315 2.28042e-06 0)
(0.00101379 2.34907e-06 0)
(0.00101443 2.41332e-06 0)
(0.00101504 2.47262e-06 0)
(0.00101564 2.52701e-06 0)
(0.00101621 2.57574e-06 0)
(0.00101675 2.61911e-06 0)
(0.00101727 2.65614e-06 0)
(0.00101774 2.68751e-06 0)
(0.00101818 2.7118e-06 0)
(0.00101857 2.73025e-06 0)
(0.00101891 2.74064e-06 0)
(0.0010192 2.74504e-06 0)
(0.00101943 2.74003e-06 0)
(0.00101959 2.72916e-06 0)
(0.00101969 2.70711e-06 0)
(0.00101971 2.67976e-06 0)
(0.00101964 2.63864e-06 0)
(0.00101948 2.5934e-06 0)
(0.00101923 2.53047e-06 0)
(0.00101887 2.46561e-06 0)
(0.00101839 2.37698e-06 0)
(0.00101779 2.29013e-06 0)
(0.00101705 2.17001e-06 0)
(0.00101617 2.05806e-06 0)
(0.00101512 1.89965e-06 0)
(0.0010139 1.76167e-06 0)
(0.00101248 1.55643e-06 0)
(0.00101087 1.39191e-06 0)
(0.00100902 1.12665e-06 -4.5033e-38)
(0.00100693 9.36278e-07 0)
(0.00100457 5.93106e-07 0)
(0.001 -4.25841e-08 0)
(0.00100004 -1.19846e-07 0)
(0.00100013 -1.89108e-07 0)
(0.00100026 -2.50317e-07 0)
(0.00100042 -3.03439e-07 0)
(0.00100064 -3.48455e-07 0)
(0.00100089 -3.85368e-07 0)
(0.00100118 -4.14208e-07 0)
(0.00100151 -4.35038e-07 0)
(0.00100187 -4.47962e-07 0)
(0.00100228 -4.53113e-07 0)
(0.00100271 -4.50647e-07 0)
(0.00100318 -4.40751e-07 0)
(0.00100367 -4.23621e-07 0)
(0.0010042 -3.99479e-07 0)
(0.00100475 -3.68552e-07 0)
(0.00100533 -3.31087e-07 0)
(0.00100592 -2.87322e-07 0)
(0.00100654 -2.37514e-07 0)
(0.00100717 -1.81898e-07 0)
(0.00100782 -1.20734e-07 0)
(0.00100847 -5.42306e-08 0)
(0.00100914 1.73527e-08 0)
(0.00100981 9.38483e-08 0)
(0.00101049 1.75016e-07 0)
(0.00101117 2.60732e-07 0)
(0.00101185 3.50779e-07 0)
(0.00101252 4.45117e-07 0)
(0.00101318 5.43497e-07 0)
(0.00101384 6.45993e-07 0)
(0.00101448 7.52353e-07 0)
(0.0010151 8.62808e-07 0)
(0.0010157 9.77099e-07 0)
(0.00101628 1.09574e-06 0)
(0.00101683 1.21832e-06 0)
(0.00101735 1.34563e-06 0)
(0.00101783 1.47715e-06 0)
(0.00101828 1.61405e-06 0)
(0.00101868 1.75562e-06 0)
(0.00101903 1.90406e-06 0)
(0.00101932 2.0576e-06 0)
(0.00101956 2.2193e-06 0)
(0.00101974 2.38641e-06 0)
(0.00101984 2.56376e-06 0)
(0.00101987 2.74666e-06 0)
(0.00101982 2.94275e-06 0)
(0.00101967 3.14421e-06 0)
(0.00101943 3.36317e-06 0)
(0.00101908 3.58651e-06 0)
(0.00101862 3.8336e-06 0)
(0.00101803 4.08255e-06 0)
(0.0010173 4.36467e-06 0)
(0.00101643 4.64362e-06 0)
(0.0010154 4.97019e-06 0)
(0.00101419 5.28364e-06 0)
(0.00101279 5.66657e-06 0)
(0.00101118 6.01792e-06 0)
(0.00100936 6.47418e-06 4.5033e-38)
(0.00100728 6.86556e-06 0)
(0.00100495 7.41723e-06 0)
(0.001 -1.00565e-07 0)
(0.00100005 -2.93604e-07 0)
(0.00100013 -4.77961e-07 0)
(0.00100026 -6.53086e-07 0)
(0.00100044 -8.18447e-07 0)
(0.00100065 -9.73534e-07 0)
(0.00100091 -1.11787e-06 0)
(0.00100121 -1.25105e-06 0)
(0.00100155 -1.37269e-06 0)
(0.00100193 -1.48251e-06 0)
(0.00100234 -1.58027e-06 0)
(0.00100279 -1.6658e-06 0)
(0.00100327 -1.73897e-06 0)
(0.00100378 -1.7997e-06 0)
(0.00100433 -1.84795e-06 0)
(0.00100489 -1.88372e-06 0)
(0.00100549 -1.90705e-06 0)
(0.0010061 -1.91797e-06 0)
(0.00100673 -1.91657e-06 0)
(0.00100739 -1.90289e-06 0)
(0.00100805 -1.87706e-06 0)
(0.00100873 -1.8391e-06 0)
(0.00100942 -1.78916e-06 0)
(0.00101012 -1.72718e-06 0)
(0.00101082 -1.65333e-06 0)
(0.00101152 -1.56743e-06 0)
(0.00101222 -1.46967e-06 0)
(0.00101292 -1.3597e-06 0)
(0.00101361 -1.23779e-06 0)
(0.00101429 -1.10333e-06 0)
(0.00101496 -9.56676e-07 0)
(0.00101561 -7.96864e-07 0)
(0.00101625 -6.24373e-07 0)
(0.00101686 -4.37655e-07 0)
(0.00101744 -2.37638e-07 0)
(0.001018 -2.1909e-08 0)
(0.00101852 2.07768e-07 0)
(0.001019 4.55277e-07 0)
(0.00101944 7.17439e-07 0)
(0.00101984 1.00003e-06 0)
(0.00102018 1.29831e-06 0)
(0.00102047 1.62157e-06 0)
(0.0010207 1.96183e-06 0)
(0.00102086 2.33294e-06 0)
(0.00102095 2.72089e-06 0)
(0.00102095 3.14755e-06 0)
(0.00102088 3.58978e-06 0)
(0.00102071 4.08236e-06 0)
(0.00102043 4.58705e-06 0)
(0.00102005 5.15929e-06 0)
(0.00101955 5.73591e-06 0)
(0.00101893 6.40584e-06 0)
(0.00101816 7.06489e-06 0)
(0.00101724 7.85644e-06 0)
(0.00101615 8.60871e-06 0)
(0.0010149 9.55417e-06 0)
(0.00101343 1.04092e-05 0)
(0.00101178 1.15527e-05 0)
(0.00100985 1.25147e-05 0)
(0.00100773 1.39145e-05 0)
(0.001 -1.61097e-07 0)
(0.00100005 -4.75096e-07 0)
(0.00100014 -7.79772e-07 0)
(0.00100028 -1.07402e-06 0)
(0.00100046 -1.35676e-06 0)
(0.00100069 -1.62693e-06 0)
(0.00100097 -1.88356e-06 0)
(0.00100129 -2.12573e-06 0)
(0.00100165 -2.35263e-06 0)
(0.00100205 -2.56357e-06 0)
(0.00100248 -2.75793e-06 0)
(0.00100296 -2.93522e-06 0)
(0.00100347 -3.095e-06 0)
(0.00100401 -3.23692e-06 0)
(0.00100458 -3.36072e-06 0)
(0.00100518 -3.46617e-06 0)
(0.00100581 -3.55314e-06 0)
(0.00100646 -3.62148e-06 0)
(0.00100713 -3.67114e-06 0)
(0.00100782 -3.70201e-06 0)
(0.00100852 -3.71411e-06 0)
(0.00100924 -3.70729e-06 0)
(0.00100997 -3.68163e-06 0)
(0.00101071 -3.63689e-06 0)
(0.00101146 -3.57317e-06 0)
(0.0010122 -3.49008e-06 0)
(0.00101295 -3.38777e-06 0)
(0.0010137 -3.2656e-06 0)
(0.00101444 -3.12374e-06 0)
(0.00101517 -2.96118e-06 0)
(0.00101589 -2.77824e-06 0)
(0.00101659 -2.57337e-06 0)
(0.00101728 -2.34724e-06 0)
(0.00101795 -2.09756e-06 0)
(0.0010186 -1.82552e-06 0)
(0.00101922 -1.52756e-06 0)
(0.0010198 -1.20596e-06 0)
(0.00102036 -8.55219e-07 0)
(0.00102087 -4.79452e-07 0)
(0.00102134 -7.05791e-08 0)
(0.00102176 3.64817e-07 0)
(0.00102214 8.39673e-07 0)
(0.00102246 1.34205e-06 0)
(0.00102272 1.89237e-06 0)
(0.00102291 2.47179e-06 0)
(0.00102303 3.11153e-06 0)
(0.00102307 3.77898e-06 0)
(0.00102303 4.52337e-06 0)
(0.0010229 5.29097e-06 0)
(0.00102267 6.16025e-06 0)
(0.00102232 7.04266e-06 0)
(0.00102188 8.06363e-06 0)
(0.00102129 9.07738e-06 0)
(0.00102059 1.02855e-05 0)
(0.00101972 1.14481e-05 0)
(0.00101872 1.28908e-05 0)
(0.0010175 1.42189e-05 0)
(0.00101617 1.59604e-05 0)
(0.00101453 1.74633e-05 0)
(0.00101278 1.95867e-05 0)
(0.001 -2.26252e-07 0)
(0.00100005 -6.70495e-07 0)
(0.00100015 -1.10471e-06 0)
(0.0010003 -1.52716e-06 0)
(0.00100051 -1.9361e-06 0)
(0.00100076 -2.32986e-06 0)
(0.00100106 -2.70687e-06 0)
(0.0010014 -3.06569e-06 0)
(0.00100179 -3.40503e-06 0)
(0.00100223 -3.72376e-06 0)
(0.00100271 -4.02091e-06 0)
(0.00100322 -4.29565e-06 0)
(0.00100377 -4.5473e-06 0)
(0.00100436 -4.77525e-06 0)
(0.00100498 -4.97908e-06 0)
(0.00100563 -5.15837e-06 0)
(0.00100631 -5.31288e-06 0)
(0.00100701 -5.44234e-06 0)
(0.00100774 -5.54661e-06 0)
(0.00100848 -5.62549e-06 0)
(0.00100924 -5.67892e-06 0)
(0.00101002 -5.70668e-06 0)
(0.00101081 -5.70876e-06 0)
(0.00101161 -5.68486e-06 0)
(0.00101242 -5.63497e-06 0)
(0.00101323 -5.55861e-06 0)
(0.00101404 -5.4558e-06 0)
(0.00101486 -5.32579e-06 0)
(0.00101566 -5.16865e-06 0)
(0.00101647 -4.98322e-06 0)
(0.00101726 -4.76974e-06 0)
(0.00101805 -4.52644e-06 0)
(0.00101882 -4.25382e-06 0)
(0.00101957 -3.94924e-06 0)
(0.0010203 -3.61371e-06 0)
(0.001021 -3.24333e-06 0)
(0.00102168 -2.83997e-06 0)
(0.00102233 -2.39791e-06 0)
(0.00102295 -1.92049e-06 0)
(0.00102353 -1.39883e-06 0)
(0.00102407 -8.39533e-07 0)
(0.00102456 -2.29358e-07 0)
(0.001025 4.20099e-07 0)
(0.0010254 1.13004e-06 0)
(0.00102574 1.88089e-06 0)
(0.00102601 2.7065e-06 0)
(0.00102622 3.57466e-06 0)
(0.00102636 4.53681e-06 0)
(0.00102641 5.53869e-06 0)
(0.00102639 6.66168e-06 0)
(0.00102626 7.8162e-06 0)
(0.00102607 9.13199e-06 0)
(0.00102573 1.04613e-05 0)
(0.00102533 1.2012e-05 0)
(0.00102475 1.35407e-05 0)
(0.00102412 1.53818e-05 0)
(0.00102324 1.71348e-05 0)
(0.00102234 1.93397e-05 0)
(0.00102108 2.13358e-05 0)
(0.00101985 2.39968e-05 0)
(0.001 -2.9843e-07 0)
(0.00100006 -8.86959e-07 0)
(0.00100017 -1.4646e-06 0)
(0.00100034 -2.02881e-06 0)
(0.00100057 -2.57704e-06 0)
(0.00100085 -3.10688e-06 0)
(0.00100118 -3.61606e-06 0)
(0.00100157 -4.10252e-06 0)
(0.00100201 -4.56445e-06 0)
(0.00100249 -5.00028e-06 0)
(0.00100302 -5.40868e-06 0)
(0.0010036 -5.78854e-06 0)
(0.00100421 -6.13894e-06 0)
(0.00100486 -6.45915e-06 0)
(0.00100554 -6.74861e-06 0)
(0.00100626 -7.00687e-06 0)
(0.00100701 -7.2336e-06 0)
(0.00100778 -7.42855e-06 0)
(0.00100858 -7.59155e-06 0)
(0.0010094 -7.72241e-06 0)
(0.00101024 -7.82106e-06 0)
(0.00101109 -7.88731e-06 0)
(0.00101196 -7.92112e-06 0)
(0.00101284 -7.92221e-06 0)
(0.00101373 -7.89051e-06 0)
(0.00101462 -7.8256e-06 0)
(0.00101552 -7.72737e-06 0)
(0.00101642 -7.59514e-06 0)
(0.00101732 -7.42876e-06 0)
(0.00101822 -7.2272e-06 0)
(0.00101911 -6.9903e-06 0)
(0.00101999 -6.71651e-06 0)
(0.00102086 -6.40576e-06 0)
(0.00102171 -6.05578e-06 0)
(0.00102255 -5.66676e-06 0)
(0.00102337 -5.23537e-06 0)
(0.00102417 -4.76232e-06 0)
(0.00102494 -4.24278e-06 0)
(0.00102568 -3.67846e-06 0)
(0.0010264 -3.06227e-06 0)
(0.00102707 -2.39771e-06 0)
(0.00102772 -1.67435e-06 0)
(0.00102832 -8.98302e-07 0)
(0.00102888 -5.4234e-08 0)
(0.00102939 8.45683e-07 0)
(0.00102986 1.82537e-06 0)
(0.00103026 2.86469e-06 0)
(0.00103062 4.00197e-06 0)
(0.0010309 5.20241e-06 0)
(0.00103114 6.52513e-06 0)
(0.00103127 7.91058e-06 0)
(0.00103138 9.45178e-06 0)
(0.00103134 1.10491e-05 0)
(0.0010313 1.28513e-05 0)
(0.00103107 1.46924e-05 0)
(0.00103087 1.68107e-05 0)
(0.00103039 1.89308e-05 0)
(0.00103002 2.1436e-05 0)
(0.00102921 2.38678e-05 0)
(0.00102859 2.68439e-05 0)
(0.001 -3.80642e-07 0)
(0.00100007 -1.13347e-06 0)
(0.0010002 -1.87421e-06 0)
(0.00100039 -2.59924e-06 0)
(0.00100065 -3.30498e-06 0)
(0.00100098 -3.98803e-06 0)
(0.00100136 -4.64527e-06 0)
(0.00100181 -5.27395e-06 0)
(0.00100231 -5.87169e-06 0)
(0.00100286 -6.4365e-06 0)
(0.00100346 -6.96671e-06 0)
(0.00100411 -7.46101e-06 0)
(0.0010048 -7.91836e-06 0)
(0.00100553 -8.33799e-06 0)
(0.0010063 -8.71935e-06 0)
(0.00100711 -9.06207e-06 0)
(0.00100794 -9.36591e-06 0)
(0.00100881 -9.63073e-06 0)
(0.0010097 -9.85646e-06 0)
(0.00101061 -1.00431e-05 0)
(0.00101154 -1.01906e-05 0)
(0.00101249 -1.0299e-05 0)
(0.00101346 -1.03682e-05 0)
(0.00101444 -1.03982e-05 0)
(0.00101543 -1.03888e-05 0)
(0.00101642 -1.03399e-05 0)
(0.00101742 -1.02512e-05 0)
(0.00101843 -1.01223e-05 0)
(0.00101944 -9.95261e-06 0)
(0.00102044 -9.74168e-06 0)
(0.00102145 -9.48871e-06 0)
(0.00102244 -9.19287e-06 0)
(0.00102343 -8.85309e-06 0)
(0.00102441 -8.46826e-06 0)
(0.00102537 -8.03696e-06 0)
(0.00102633 -7.55776e-06 0)
(0.00102726 -7.02881e-06 0)
(0.00102818 -6.4483e-06 0)
(0.00102907 -5.81393e-06 0)
(0.00102994 -5.12337e-06 0)
(0.00103078 -4.37383e-06 0)
(0.0010316 -3.56237e-06 0)
(0.00103238 -2.68562e-06 0)
(0.00103314 -1.74017e-06 0)
(0.00103384 -7.21512e-07 0)
(0.00103453 3.73805e-07 0)
(0.00103515 1.55029e-06 0)
(0.00103576 2.81452e-06 0)
(0.0010363 4.17147e-06 0)
(0.00103683 5.6314e-06 0)
(0.00103725 7.19835e-06 0)
(0.0010377 8.88574e-06 0)
(0.00103799 1.06945e-05 0)
(0.00103835 1.26468e-05 0)
(0.00103849 1.4737e-05 0)
(0.00103878 1.70012e-05 0)
(0.00103873 1.94194e-05 0)
(0.00103895 2.20521e-05 0)
(0.0010386 2.48496e-05 0)
(0.00103866 2.79123e-05 0)
(0.001 -4.76942e-07 0)
(0.00100008 -1.42207e-06 0)
(0.00100023 -2.35326e-06 0)
(0.00100047 -3.26529e-06 0)
(0.00100077 -4.15308e-06 0)
(0.00100116 -5.01194e-06 0)
(0.00100161 -5.83767e-06 0)
(0.00100213 -6.62678e-06 0)
(0.00100271 -7.37636e-06 0)
(0.00100335 -8.08416e-06 0)
(0.00100405 -8.74837e-06 0)
(0.0010048 -9.36764e-06 0)
(0.0010056 -9.94103e-06 0)
(0.00100643 -1.04679e-05 0)
(0.00100731 -1.0948e-05 0)
(0.00100823 -1.1381e-05 0)
(0.00100917 -1.17671e-05 0)
(0.00101015 -1.21063e-05 0)
(0.00101115 -1.23989e-05 0)
(0.00101217 -1.26451e-05 0)
(0.00101322 -1.2845e-05 0)
(0.00101429 -1.29991e-05 0)
(0.00101537 -1.31073e-05 0)
(0.00101646 -1.31699e-05 0)
(0.00101757 -1.31868e-05 0)
(0.00101869 -1.31581e-05 0)
(0.00101981 -1.30834e-05 0)
(0.00102094 -1.29629e-05 0)
(0.00102207 -1.27955e-05 0)
(0.0010232 -1.25815e-05 0)
(0.00102433 -1.23193e-05 0)
(0.00102546 -1.20093e-05 0)
(0.00102659 -1.16489e-05 0)
(0.00102771 -1.1239e-05 0)
(0.00102882 -1.07757e-05 0)
(0.00102992 -1.02609e-05 0)
(0.001031 -9.6886e-06 0)
(0.00103208 -9.06214e-06 0)
(0.00103314 -8.37289e-06 0)
(0.00103418 -7.62662e-06 0)
(0.0010352 -6.81044e-06 0)
(0.00103621 -5.93425e-06 0)
(0.00103718 -4.97869e-06 0)
(0.00103815 -3.96024e-06 0)
(0.00103907 -2.84967e-06 0)
(0.00103999 -1.67385e-06 0)
(0.00104085 -3.88323e-07 0)
(0.00104173 9.61554e-07 0)
(0.00104253 2.44362e-06 0)
(0.00104337 3.9851e-06 0)
(0.00104409 5.69076e-06 0)
(0.0010449 7.44628e-06 0)
(0.00104553 9.41466e-06 0)
(0.00104632 1.14152e-05 0)
(0.00104684 1.36972e-05 0)
(0.00104764 1.59749e-05 0)
(0.001048 1.86313e-05 0)
(0.00104884 2.12175e-05 0)
(0.00104894 2.43226e-05 0)
(0.00104973 2.72414e-05 0)
(0.001 -5.93324e-07 0)
(0.0010001 -1.77034e-06 0)
(0.00100029 -2.92993e-06 0)
(0.00100057 -4.06436e-06 0)
(0.00100095 -5.16628e-06 0)
(0.00100141 -6.22918e-06 0)
(0.00100196 -7.24761e-06 0)
(0.00100258 -8.2173e-06 0)
(0.00100328 -9.13513e-06 0)
(0.00100404 -9.99898e-06 0)
(0.00100486 -1.08076e-05 0)
(0.00100574 -1.15602e-05 0)
(0.00100666 -1.22565e-05 0)
(0.00100763 -1.28965e-05 0)
(0.00100864 -1.34803e-05 0)
(0.00100969 -1.40082e-05 0)
(0.00101077 -1.44806e-05 0)
(0.00101188 -1.48982e-05 0)
(0.00101302 -1.52615e-05 0)
(0.00101418 -1.55712e-05 0)
(0.00101536 -1.58278e-05 0)
(0.00101656 -1.60322e-05 0)
(0.00101778 -1.61843e-05 0)
(0.00101901 -1.62851e-05 0)
(0.00102025 -1.63342e-05 0)
(0.0010215 -1.63325e-05 0)
(0.00102276 -1.62792e-05 0)
(0.00102403 -1.61752e-05 0)
(0.0010253 -1.60188e-05 0)
(0.00102658 -1.58115e-05 0)
(0.00102786 -1.55505e-05 0)
(0.00102913 -1.52379e-05 0)
(0.00103041 -1.48691e-05 0)
(0.00103168 -1.44477e-05 0)
(0.00103295 -1.39668e-05 0)
(0.00103422 -1.34323e-05 0)
(0.00103547 -1.28332e-05 0)
(0.00103672 -1.21797e-05 0)
(0.00103795 -1.14549e-05 0)
(0.00103919 -1.06752e-05 0)
(0.00104039 -9.81494e-06 0)
(0.00104161 -8.90081e-06 0)
(0.00104279 -7.89307e-06 0)
(0.00104398 -6.83487e-06 0)
(0.00104513 -5.66489e-06 0)
(0.0010463 -4.4522e-06 0)
(0.0010474 -3.10189e-06 0)
(0.00104857 -1.72409e-06 0)
(0.00104962 -1.70951e-07 0)
(0.00105077 1.38365e-06 0)
(0.00105177 3.16988e-06 0)
(0.00105294 4.91768e-06 0)
(0.00105389 6.98315e-06 0)
(0.00105512 8.94032e-06 0)
(0.00105598 1.13402e-05 0)
(0.00105731 1.35158e-05 0)
(0.00105805 1.63214e-05 0)
(0.00105951 1.8718e-05 0)
(0.00106 2.20289e-05 0)
(0.00106154 2.46346e-05 0)
(0.001 -7.41057e-07 0)
(0.00100013 -2.21159e-06 0)
(0.00100037 -3.65764e-06 0)
(0.00100073 -5.06667e-06 0)
(0.00100121 -6.42737e-06 0)
(0.00100179 -7.73058e-06 0)
(0.00100247 -8.96956e-06 0)
(0.00100324 -1.014e-05 0)
(0.0010041 -1.12394e-05 0)
(0.00100502 -1.22671e-05 0)
(0.001006 -1.32229e-05 0)
(0.00100704 -1.41076e-05 0)
(0.00100812 -1.49219e-05 0)
(0.00100926 -1.56671e-05 0)
(0.00101043 -1.63444e-05 0)
(0.00101164 -1.69554e-05 0)
(0.00101288 -1.75013e-05 0)
(0.00101415 -1.7984e-05 0)
(0.00101544 -1.84046e-05 0)
(0.00101676 -1.8765e-05 0)
(0.00101809 -1.9066e-05 0)
(0.00101945 -1.93091e-05 0)
(0.00102082 -1.94948e-05 0)
(0.0010222 -1.96246e-05 0)
(0.00102359 -1.9698e-05 0)
(0.001025 -1.97168e-05 0)
(0.00102641 -1.96798e-05 0)
(0.00102783 -1.95887e-05 0)
(0.00102926 -1.94413e-05 0)
(0.00103069 -1.92402e-05 0)
(0.00103213 -1.8981e-05 0)
(0.00103357 -1.86682e-05 0)
(0.001035 -1.82947e-05 0)
(0.00103645 -1.78674e-05 0)
(0.00103788 -1.73752e-05 0)
(0.00103932 -1.68296e-05 0)
(0.00104075 -1.6213e-05 0)
(0.00104219 -1.55441e-05 0)
(0.00104361 -1.47955e-05 0)
(0.00104504 -1.39977e-05 0)
(0.00104644 -1.31077e-05 0)
(0.00104787 -1.21747e-05 0)
(0.00104925 -1.11315e-05 0)
(0.00105067 -1.00568e-05 0)
(0.00105203 -8.84537e-06 0)
(0.00105345 -7.62234e-06 0)
(0.00105478 -6.22323e-06 0)
(0.00105621 -4.84555e-06 0)
(0.00105751 -3.2323e-06 0)
(0.00105897 -1.69474e-06 0)
(0.00106024 1.6766e-07 0)
(0.00106179 1.86353e-06 0)
(0.00106302 4.01508e-06 0)
(0.00106467 5.85203e-06 0)
(0.00106584 8.34682e-06 0)
(0.00106766 1.03005e-05 0)
(0.00106871 1.32296e-05 0)
(0.00107078 1.52681e-05 0)
(0.00107159 1.87701e-05 0)
(0.00107389 2.08291e-05 0)
(0.001 -9.3413e-07 0)
(0.00100017 -2.78929e-06 0)
(0.00100051 -4.61299e-06 0)
(0.001001 -6.38644e-06 0)
(0.00100164 -8.09233e-06 0)
(0.00100241 -9.71689e-06 0)
(0.0010033 -1.1251e-05 0)
(0.00100429 -1.26899e-05 0)
(0.00100536 -1.40322e-05 0)
(0.00100649 -1.52785e-05 0)
(0.00100769 -1.64305e-05 0)
(0.00100894 -1.74903e-05 0)
(0.00101024 -1.84603e-05 0)
(0.00101158 -1.93433e-05 0)
(0.00101295 -2.01423e-05 0)
(0.00101435 -2.08605e-05 0)
(0.00101578 -2.1501e-05 0)
(0.00101724 -2.20668e-05 0)
(0.00101871 -2.25607e-05 0)
(0.00102021 -2.29853e-05 0)
(0.00102172 -2.33427e-05 0)
(0.00102324 -2.36351e-05 0)
(0.00102478 -2.38637e-05 0)
(0.00102633 -2.40307e-05 0)
(0.00102788 -2.41363e-05 0)
(0.00102945 -2.41825e-05 0)
(0.00103103 -2.41683e-05 0)
(0.00103262 -2.40965e-05 0)
(0.00103421 -2.39643e-05 0)
(0.00103581 -2.37753e-05 0)
(0.00103741 -2.35246e-05 0)
(0.00103902 -2.32179e-05 0)
(0.00104063 -2.28469e-05 0)
(0.00104225 -2.24207e-05 0)
(0.00104386 -2.19258e-05 0)
(0.00104548 -2.13771e-05 0)
(0.0010471 -2.07533e-05 0)
(0.00104872 -2.00788e-05 0)
(0.00105033 -1.93193e-05 0)
(0.00105197 -1.85151e-05 0)
(0.00105357 -1.76116e-05 0)
(0.00105521 -1.66741e-05 0)
(0.0010568 -1.5616e-05 0)
(0.00105845 -1.45424e-05 0)
(0.00106004 -1.33163e-05 0)
(0.00106171 -1.21055e-05 0)
(0.00106328 -1.06943e-05 0)
(0.00106499 -9.34893e-06 0)
(0.00106654 -7.73087e-06 0)
(0.00106831 -6.26094e-06 0)
(0.00106982 -4.4086e-06 0)
(0.00107168 -2.83536e-06 0)
(0.00107313 -7.09833e-07 0)
(0.00107513 9.37619e-07 0)
(0.0010765 3.40383e-06 0)
(0.00107876 5.08695e-06 0)
(0.00108001 7.99956e-06 0)
(0.00108264 9.65342e-06 0)
(0.00108364 1.31625e-05 0)
(0.00108664 1.46797e-05 0)
(0.001 -1.15891e-06 0)
(0.00100022 -3.44553e-06 0)
(0.00100067 -5.66291e-06 0)
(0.00100133 -7.77944e-06 0)
(0.00100219 -9.7739e-06 0)
(0.00100323 -1.16361e-05 0)
(0.0010044 -1.33648e-05 0)
(0.00100567 -1.49642e-05 0)
(0.00100704 -1.64405e-05 0)
(0.00100847 -1.77999e-05 0)
(0.00100995 -1.90479e-05 0)
(0.00101148 -2.01897e-05 0)
(0.00101305 -2.12302e-05 0)
(0.00101465 -2.21743e-05 0)
(0.00101627 -2.30273e-05 0)
(0.00101792 -2.37941e-05 0)
(0.00101959 -2.44795e-05 0)
(0.00102127 -2.50873e-05 0)
(0.00102296 -2.56213e-05 0)
(0.00102466 -2.60845e-05 0)
(0.00102638 -2.64793e-05 0)
(0.0010281 -2.68081e-05 0)
(0.00102983 -2.70724e-05 0)
(0.00103157 -2.72739e-05 0)
(0.00103332 -2.74135e-05 0)
(0.00103507 -2.74925e-05 0)
(0.00103683 -2.75107e-05 0)
(0.00103859 -2.74693e-05 0)
(0.00104037 -2.73671e-05 0)
(0.00104214 -2.72059e-05 0)
(0.00104392 -2.69825e-05 0)
(0.0010457 -2.67003e-05 0)
(0.0010475 -2.63533e-05 0)
(0.00104928 -2.59479e-05 0)
(0.00105108 -2.54735e-05 0)
(0.00105287 -2.49419e-05 0)
(0.00105467 -2.43349e-05 0)
(0.00105647 -2.36738e-05 0)
(0.00105827 -2.29276e-05 0)
(0.00106007 -2.21342e-05 0)
(0.00106188 -2.12407e-05 0)
(0.00106368 -2.03128e-05 0)
(0.00106548 -1.92622e-05 0)
(0.00106729 -1.82002e-05 0)
(0.00106909 -1.698e-05 0)
(0.0010709 -1.57882e-05 0)
(0.0010727 -1.43827e-05 0)
(0.00107453 -1.30718e-05 0)
(0.00107631 -1.14596e-05 0)
(0.00107819 -1.00499e-05 0)
(0.00107996 -8.19953e-06 0)
(0.00108192 -6.72465e-06 0)
(0.00108368 -4.58825e-06 0)
(0.00108578 -3.10362e-06 0)
(0.00108754 -6.13094e-07 0)
(0.00108988 7.83406e-07 0)
(0.0010916 3.71938e-06 0)
(0.00109428 4.86618e-06 0)
(0.00109585 8.39034e-06 0)
(0.00109888 9.06768e-06 0)
(0.00100001 -1.74588e-06 0)
(0.00100047 -5.16917e-06 0)
(0.00100127 -8.43274e-06 0)
(0.00100239 -1.14603e-05 0)
(0.00100374 -1.42111e-05 0)
(0.00100525 -1.66821e-05 0)
(0.00100688 -1.88952e-05 0)
(0.00100857 -2.08802e-05 0)
(0.00101032 -2.26643e-05 0)
(0.00101211 -2.42683e-05 0)
(0.00101393 -2.5708e-05 0)
(0.00101577 -2.69963e-05 0)
(0.00101764 -2.81457e-05 0)
(0.00101952 -2.91681e-05 0)
(0.00102141 -3.00756e-05 0)
(0.0010233 -3.08783e-05 0)
(0.00102519 -3.15855e-05 0)
(0.00102708 -3.22043e-05 0)
(0.00102897 -3.27414e-05 0)
(0.00103085 -3.32009e-05 0)
(0.00103274 -3.35879e-05 0)
(0.00103462 -3.39048e-05 0)
(0.00103651 -3.41557e-05 0)
(0.00103838 -3.43412e-05 0)
(0.00104026 -3.44651e-05 0)
(0.00104213 -3.45261e-05 0)
(0.00104401 -3.45279e-05 0)
(0.00104587 -3.44678e-05 0)
(0.00104775 -3.43498e-05 0)
(0.00104959 -3.41692e-05 0)
(0.00105147 -3.39314e-05 0)
(0.0010533 -3.36291e-05 0)
(0.00105517 -3.32695e-05 0)
(0.00105699 -3.28429e-05 0)
(0.00105886 -3.23586e-05 0)
(0.00106066 -3.18041e-05 0)
(0.00106254 -3.11912e-05 0)
(0.0010643 -3.05047e-05 0)
(0.00106619 -2.97585e-05 0)
(0.00106791 -2.8936e-05 0)
(0.00106983 -2.80511e-05 0)
(0.0010715 -2.70891e-05 0)
(0.00107346 -2.60595e-05 0)
(0.00107507 -2.49563e-05 0)
(0.00107709 -2.37745e-05 0)
(0.00107861 -2.25315e-05 0)
(0.00108074 -2.11881e-05 0)
(0.00108214 -1.98124e-05 0)
(0.00108443 -1.82951e-05 0)
(0.00108567 -1.68045e-05 0)
(0.00108818 -1.50974e-05 0)
(0.00108919 -1.353e-05 0)
(0.00109203 -1.16128e-05 0)
(0.00109272 -1.00422e-05 0)
(0.00109601 -7.88836e-06 0)
(0.00109623 -6.44465e-06 0)
(0.00110017 -4.01085e-06 0)
(0.00109973 -2.90132e-06 0)
(0.00110457 -9.15291e-08 0)
(0.00110317 3.92833e-07 0)
(0.000999989 -1.96551e-06 0)
(0.00100078 -5.77065e-06 0)
(0.00100224 -9.29715e-06 0)
(0.00100423 -1.24612e-05 0)
(0.00100654 -1.526e-05 0)
(0.00100896 -1.77388e-05 0)
(0.00101138 -1.99524e-05 0)
(0.00101375 -2.19438e-05 0)
(0.00101606 -2.37402e-05 0)
(0.00101833 -2.53584e-05 0)
(0.00102055 -2.68116e-05 0)
(0.00102272 -2.81133e-05 0)
(0.00102484 -2.92781e-05 0)
(0.0010269 -3.03197e-05 0)
(0.0010289 -3.12508e-05 0)
(0.00103083 -3.20812e-05 0)
(0.00103269 -3.28192e-05 0)
(0.00103449 -3.34706e-05 0)
(0.00103624 -3.40411e-05 0)
(0.00103792 -3.45342e-05 0)
(0.00103956 -3.49546e-05 0)
(0.00104113 -3.53037e-05 0)
(0.00104266 -3.55858e-05 0)
(0.00104412 -3.58002e-05 0)
(0.00104555 -3.59516e-05 0)
(0.00104691 -3.60367e-05 0)
(0.00104825 -3.60614e-05 0)
(0.00104951 -3.60193e-05 0)
(0.00105076 -3.59192e-05 0)
(0.00105192 -3.57502e-05 0)
(0.0010531 -3.55256e-05 0)
(0.00105416 -3.52279e-05 0)
(0.00105528 -3.48785e-05 0)
(0.00105623 -3.44493e-05 0)
(0.00105732 -3.39742e-05 0)
(0.00105816 -3.34094e-05 0)
(0.00105923 -3.28083e-05 0)
(0.00105994 -3.21029e-05 0)
(0.00106105 -3.13763e-05 0)
(0.0010616 -3.05239e-05 0)
(0.0010628 -2.96742e-05 0)
(0.00106315 -2.86669e-05 0)
(0.00106452 -2.76989e-05 0)
(0.00106459 -2.65271e-05 0)
(0.00106627 -2.5449e-05 0)
(0.00106593 -2.41004e-05 0)
(0.00106812 -2.29254e-05 0)
(0.00106715 -2.13855e-05 0)
(0.00107013 -2.01326e-05 0)
(0.00106823 -1.83856e-05 0)
(0.00107243 -1.70812e-05 0)
(0.00106907 -1.51146e-05 0)
(0.00107515 -1.37932e-05 0)
(0.00106954 -1.16113e-05 0)
(0.00107848 -1.0316e-05 0)
(0.00106941 -7.97672e-06 0)
(0.00108269 -6.75902e-06 0)
(0.00106831 -4.46928e-06 0)
(0.00108819 -3.34807e-06 0)
(0.0010658 -1.61994e-06 0)
(0.00100003 -5.80375e-06 0)
(0.00100172 -1.49957e-05 0)
(0.00100422 -2.15263e-05 0)
(0.00100705 -2.60878e-05 0)
(0.00100979 -2.94427e-05 0)
(0.00101219 -3.21195e-05 0)
(0.00101421 -3.43657e-05 0)
(0.00101588 -3.62678e-05 0)
(0.00101726 -3.78585e-05 0)
(0.00101838 -3.91683e-05 0)
(0.00101924 -4.02387e-05 0)
(0.00101983 -4.11155e-05 0)
(0.00102017 -4.18393e-05 0)
(0.00102024 -4.24403e-05 0)
(0.00102006 -4.29385e-05 0)
(0.00101965 -4.33468e-05 0)
(0.00101902 -4.36738e-05 0)
(0.00101818 -4.39264e-05 0)
(0.00101714 -4.41103e-05 0)
(0.00101592 -4.42302e-05 0)
(0.00101452 -4.42902e-05 0)
(0.00101295 -4.42929e-05 0)
(0.00101122 -4.42405e-05 0)
(0.00100934 -4.41342e-05 0)
(0.00100733 -4.39754e-05 0)
(0.00100518 -4.37641e-05 0)
(0.00100293 -4.35016e-05 0)
(0.00100055 -4.31867e-05 0)
(0.000998089 -4.28214e-05 0)
(0.0009955 -4.24028e-05 0)
(0.000992882 -4.19347e-05 0)
(0.000990123 -4.14112e-05 0)
(0.000987389 -4.08398e-05 0)
(0.000984486 -4.02095e-05 0)
(0.000981689 -3.95346e-05 0)
(0.000978664 -3.8795e-05 0)
(0.000975868 -3.80175e-05 0)
(0.00097273 -3.7165e-05 0)
(0.000970018 -3.62873e-05 0)
(0.000966755 -3.53168e-05 0)
(0.000964242 -3.43446e-05 0)
(0.000960804 -3.32478e-05 0)
(0.000958655 -3.21919e-05 0)
(0.000954929 -3.09542e-05 0)
(0.0009534 -2.9834e-05 0)
(0.000949157 -2.8429e-05 0)
(0.000948657 -2.72781e-05 0)
(0.000943465 -2.5658e-05 0)
(0.000944668 -2.45342e-05 0)
(0.000937746 -2.26127e-05 0)
(0.000941773 -2.16137e-05 0)
(0.000931729 -1.92387e-05 0)
(0.000940469 -1.85273e-05 0)
(0.00092485 -1.54415e-05 0)
(0.000941491 -1.5272e-05 0)
(0.000916008 -1.10778e-05 0)
(0.000945953 -1.17725e-05 0)
(0.000903187 -6.02224e-06 0)
(0.000955732 -7.58582e-06 0)
(0.000883295 -6.95564e-07 0)
(0.000992484 -4.94227e-06 0)
(0.000990038 -1.24584e-05 0)
(0.000986871 -1.74798e-05 0)
(0.000980498 -2.0663e-05 0)
(0.000971085 -2.27452e-05 0)
(0.000959796 -2.42375e-05 0)
(0.000947699 -2.53746e-05 0)
(0.000935326 -2.62316e-05 0)
(0.000922823 -2.68325e-05 0)
(0.000910167 -2.72025e-05 0)
(0.000897314 -2.73793e-05 0)
(0.000884261 -2.74058e-05 0)
(0.000871044 -2.73201e-05 0)
(0.000857719 -2.71501e-05 0)
(0.000844337 -2.69142e-05 0)
(0.000830938 -2.6624e-05 0)
(0.000817547 -2.62877e-05 0)
(0.000804182 -2.59117e-05 0)
(0.00079086 -2.55017e-05 0)
(0.000777595 -2.50626e-05 0)
(0.000764403 -2.45983e-05 0)
(0.000751299 -2.4112e-05 0)
(0.000738297 -2.36057e-05 0)
(0.000725411 -2.30816e-05 0)
(0.000712655 -2.25405e-05 0)
(0.00070004 -2.19841e-05 0)
(0.000687579 -2.14125e-05 0)
(0.000675284 -2.08273e-05 0)
(0.000663169 -2.02279e-05 0)
(0.000651243 -1.96163e-05 0)
(0.000639522 -1.8991e-05 0)
(0.000628014 -1.83547e-05 0)
(0.000616735 -1.77047e-05 0)
(0.000605694 -1.70452e-05 0)
(0.000594906 -1.63715e-05 0)
(0.000584379 -1.56905e-05 0)
(0.000574131 -1.49943e-05 0)
(0.000564166 -1.4294e-05 0)
(0.000554508 -1.35764e-05 0)
(0.000545149 -1.28598e-05 0)
(0.000536131 -1.21217e-05 0)
(0.000527424 -1.1393e-05 0)
(0.000519097 -1.06349e-05 0)
(0.000511077 -9.89932e-06 0)
(0.000503505 -9.12008e-06 0)
(0.000496191 -8.38463e-06 0)
(0.00048946 -7.58006e-06 0)
(0.000482829 -6.8514e-06 0)
(0.000477103 -6.0129e-06 0)
(0.000471004 -5.28899e-06 0)
(0.000466676 -4.40965e-06 0)
(0.00046058 -3.64112e-06 0)
(0.000458735 -2.76488e-06 0)
(0.000450964 -1.69604e-06 0)
(0.000454791 -1.16347e-06 0)
(0.000440187 1.2833e-06 0)
(0.000459061 -1.72109e-07 0)
(0.000422646 7.71664e-06 0)
(0.000481656 -2.13402e-06 0)
(0.000386297 2.43104e-05 0)
(0.000522204 -1.17396e-05 -1.19293e-24)
(0.000663588 -9.46106e-06 -7.76173e-23)
(0.000783118 -1.34563e-05 -4.91086e-24)
(0.000883971 -1.72822e-05 -7.55211e-23)
(0.000968171 -2.06504e-05 0)
(0.00103653 -2.33372e-05 1.02098e-23)
(0.00108945 -2.56417e-05 7.43631e-23)
(0.00112722 -2.81211e-05 0)
(0.00115049 -3.14744e-05 -1.10243e-23)
(0.00116037 -3.62188e-05 1.1547e-22)
(0.00115888 -4.27736e-05 9.58718e-23)
(0.00114918 -5.13279e-05 8.6956e-23)
(0.00113508 -6.18236e-05 -7.73427e-23)
(0.0011214 -7.42268e-05 5.39927e-23)
(0.00111166 -8.82179e-05 5.41261e-23)
(0.000960599 1.30816e-06 0)
(0.00104568 1.08806e-06 8.22224e-23)
(0.00111599 1.22664e-06 7.9048e-23)
(0.00116959 9.79001e-07 1.64304e-22)
(0.00120578 -4.06724e-07 -7.39332e-23)
(0.00122489 -3.66476e-06 7.55532e-23)
(0.00122785 -9.30889e-06 2.52024e-24)
(0.00121644 -1.75403e-05 1.02253e-22)
(0.00119357 -2.82112e-05 -9.37853e-23)
(0.00116336 -4.07641e-05 -1.05985e-22)
(0.00113152 -5.46083e-05 -1.97251e-22)
(0.00110389 -6.9065e-05 -1.00633e-22)
(0.00108576 -8.38042e-05 1.17402e-22)
(0.00108004 -9.85382e-05 -2.33269e-22)
(0.00108492 -0.000113073 -2.85639e-23)
(0.00109605 -0.000127609 -5.05548e-24)
(0.00110414 -0.000142106 3.10355e-23)
(0.00110256 -0.000157713 2.65753e-23)
(0.00108938 -0.000175349 9.98673e-23)
(0.00106665 -0.000196032 1.77497e-22)
(0.00105506 -0.000222811 -3.81029e-23)
(0.00105668 -0.000253238 0)
(0.00104752 -0.000285332 -2.15056e-23)
(0.00102909 -0.000323152 2.27309e-23)
(0.00101228 -0.000371911 -1.85174e-22)
(0.000994725 -0.000427855 0)
(0.00097161 -0.000503777 0)
(0.000938843 -0.000599243 -2.18142e-22)
(0.000934824 -0.000716592 -1.96102e-22)
(0.000731406 -0.000812258 1.34906e-22)
(0.00108697 2.39291e-06 0)
(0.00110708 9.72363e-07 -2.53734e-24)
(0.00111568 -2.10796e-06 -7.98982e-23)
(0.00111328 -7.37561e-06 -8.89822e-23)
(0.00110142 -1.48885e-05 1.34377e-22)
(0.00108307 -2.43722e-05 -1.21025e-22)
(0.00106216 -3.51584e-05 -1.00946e-22)
(0.00104347 -4.63753e-05 -1.39591e-22)
(0.00103135 -5.70043e-05 4.61922e-23)
(0.00102896 -6.64179e-05 5.04196e-23)
(0.00103724 -7.45535e-05 1.14225e-22)
(0.0010542 -8.18845e-05 -1.32602e-23)
(0.00107613 -8.92308e-05 1.38521e-23)
(0.00109674 -9.71493e-05 9.90111e-23)
(0.0011102 -0.000106347 -6.16536e-23)
(0.00111131 -0.000117135 1.39538e-22)
(0.00109773 -0.000130116 -1.6519e-23)
(0.00107529 -0.000146262 1.71403e-22)
(0.00105167 -0.000165618 -3.66418e-23)
(0.00104025 -0.000189105 0)
(0.00104593 -0.000215892 -2.07736e-23)
(0.00104283 -0.000242381 -6.89639e-23)
(0.00102109 -0.000272609 2.3619e-23)
(0.00100042 -0.000311186 -2.50007e-23)
(0.000983385 -0.000359146 0)
(0.000960391 -0.000414779 0)
(0.000932133 -0.000490054 0)
(0.000890957 -0.000578817 -1.33331e-22)
(0.000872923 -0.000709654 2.3121e-22)
(0.000662359 -0.00079138 -1.40291e-22)
(0.00110243 -8.21662e-07 0)
(0.00110477 -4.92299e-06 0)
(0.00110473 -1.01739e-05 -5.31444e-24)
(0.00110395 -1.64309e-05 5.45997e-24)
(0.00110406 -2.32833e-05 -3.85768e-23)
(0.00110642 -3.02007e-05 3.95771e-23)
(0.00111184 -3.6821e-05 0)
(0.00112027 -4.30623e-05 4.79808e-23)
(0.0011304 -4.91921e-05 -1.56959e-24)
(0.00114009 -5.58149e-05 -9.09108e-23)
(0.00114627 -6.35145e-05 -8.17873e-23)
(0.00114613 -7.28028e-05 2.80283e-23)
(0.00113737 -8.38134e-05 -1.45658e-23)
(0.00111913 -9.65596e-05 -6.22083e-23)
(0.00109346 -0.000110962 6.26268e-23)
(0.00106426 -0.000126882 -8.52579e-23)
(0.00103942 -0.000144524 -5.44689e-23)
(0.0010258 -0.000163623 0)
(0.00102527 -0.000183969 -8.07862e-23)
(0.00103369 -0.000205619 0)
(0.00103282 -0.000227649 0)
(0.00100958 -0.000251838 9.28413e-23)
(0.000982522 -0.00028348 0)
(0.000965367 -0.000322629 1.14696e-22)
(0.000945028 -0.000368633 -1.24178e-22)
(0.000915881 -0.00042213 1.34536e-22)
(0.000879243 -0.000494321 3.42219e-23)
(0.000833322 -0.000577593 2.91405e-22)
(0.000796439 -0.000705494 -1.98852e-22)
(0.000581167 -0.000761465 -1.10462e-22)
(0.00109379 -9.57235e-06 4.22439e-23)
(0.00109343 -1.42698e-05 0)
(0.00109235 -1.94163e-05 0)
(0.00109095 -2.49623e-05 5.62669e-24)
(0.00108933 -3.08338e-05 -5.78694e-24)
(0.00108713 -3.70078e-05 4.82937e-23)
(0.0010838 -4.36094e-05 -4.98252e-23)
(0.00107856 -5.08479e-05 0)
(0.00107077 -5.9011e-05 5.16346e-23)
(0.00106008 -6.82243e-05 5.34853e-23)
(0.00104682 -7.84186e-05 5.55434e-23)
(0.00103239 -8.9291e-05 0)
(0.0010189 -0.000100415 0)
(0.00100944 -0.000111521 7.92143e-23)
(0.00100637 -0.000122571 -1.67538e-23)
(0.00101083 -0.000133985 1.41944e-22)
(0.00102146 -0.000146308 7.32203e-23)
(0.00103269 -0.000159954 8.136e-23)
(0.0010377 -0.000175516 8.22476e-23)
(0.00102841 -0.000193205 9.26507e-23)
(0.00100154 -0.000213977 -2.43893e-23)
(0.000970437 -0.000240258 5.1963e-23)
(0.000952343 -0.000273446 8.80248e-23)
(0.000937514 -0.00031085 -1.17461e-22)
(0.000910836 -0.000353647 2.64701e-22)
(0.000874834 -0.000405629 -1.38263e-22)
(0.000833539 -0.000474558 -1.63961e-22)
(0.000780107 -0.000553828 5.94121e-23)
(0.000727834 -0.000682147 -6.75988e-23)
(0.000510727 -0.000723248 3.28871e-22)
(0.00108121 -1.44743e-05 -4.12648e-23)
(0.00108049 -1.89594e-05 -4.59342e-23)
(0.00107911 -2.37655e-05 0)
(0.00107734 -2.89259e-05 0)
(0.00107536 -3.44647e-05 0)
(0.00107321 -4.04225e-05 -4.25878e-23)
(0.00107093 -4.6821e-05 3.11761e-23)
(0.00106862 -5.36713e-05 1.31895e-23)
(0.00106659 -6.09297e-05 0)
(0.00106516 -6.84993e-05 4.36097e-23)
(0.00106483 -7.63019e-05 1.47652e-23)
(0.00106577 -8.43362e-05 -1.55101e-23)
(0.0010678 -9.28189e-05 1.60898e-23)
(0.00106992 -0.00010215 -1.70353e-23)
(0.00107029 -0.000112839 3.56645e-23)
(0.00106657 -0.000125337 -3.42266e-23)
(0.00105593 -0.000139787 1.01395e-22)
(0.00103659 -0.000156264 -6.12796e-23)
(0.0010092 -0.000174714 7.02225e-23)
(0.000977585 -0.000195392 -9.43195e-23)
(0.000950708 -0.000219006 8.05923e-23)
(0.000936253 -0.000246294 1.43483e-22)
(0.000927096 -0.000276715 -1.18272e-22)
(0.000904712 -0.000309623 -1.37656e-22)
(0.000868254 -0.00034959 -1.40702e-22)
(0.000827992 -0.00039952 0)
(0.000780851 -0.000463847 1.68665e-22)
(0.00072079 -0.000538734 -1.83598e-22)
(0.000652391 -0.00065756 -2.35576e-23)
(0.000436585 -0.000678229 -1.88655e-22)
(0.00106871 -1.98406e-05 0)
(0.00106787 -2.42182e-05 -1.02156e-24)
(0.0010663 -2.88891e-05 2.92163e-24)
(0.0010643 -3.38688e-05 3.01865e-24)
(0.00106203 -3.91762e-05 -6.19806e-24)
(0.00105958 -4.48271e-05 -5.20295e-23)
(0.00105687 -5.08327e-05 0)
(0.0010538 -5.72074e-05 0)
(0.00105022 -6.39734e-05 -5.80716e-23)
(0.00104591 -7.11938e-05 -4.35675e-23)
(0.0010406 -7.89821e-05 -7.85743e-23)
(0.00103385 -8.75104e-05 -1.62956e-23)
(0.00102524 -9.69835e-05 1.69128e-23)
(0.00101427 -0.000107537 1.79868e-23)
(0.00100089 -0.0001192 -9.56613e-23)
(0.000985449 -0.00013181 -1.6667e-23)
(0.000969304 -0.000145196 -6.17814e-23)
(0.000954544 -0.000159263 0)
(0.00094343 -0.000174337 -9.4126e-23)
(0.000937147 -0.00019115 -1.06224e-22)
(0.000933931 -0.000210555 -1.08807e-22)
(0.000926669 -0.000233105 -2.73503e-22)
(0.000905095 -0.000258782 3.2631e-23)
(0.000867237 -0.000289302 1.40626e-22)
(0.000826492 -0.000328403 0)
(0.000784734 -0.000376226 0)
(0.000733032 -0.000435623 0)
(0.000665001 -0.000505259 0)
(0.000583833 -0.00061591 -2.39739e-23)
(0.000370782 -0.00062517 0)
(0.00105654 -2.27392e-05 -1.42324e-24)
(0.00105544 -2.67655e-05 4.77297e-23)
(0.00105362 -3.10456e-05 0)
(0.00105132 -3.55844e-05 0)
(0.00104872 -4.03962e-05 0)
(0.00104587 -4.55023e-05 1.06389e-22)
(0.00104274 -5.09293e-05 0)
(0.00103923 -5.67107e-05 0)
(0.00103525 -6.28867e-05 -1.86795e-24)
(0.00103074 -6.95126e-05 0)
(0.00102567 -7.6642e-05 6.37572e-23)
(0.00102006 -8.43335e-05 -8.62389e-23)
(0.00101398 -9.26102e-05 1.77404e-23)
(0.00100757 -0.000101495 -7.66234e-23)
(0.00100105 -0.000110999 7.78557e-23)
(0.000994462 -0.000121238 -1.68428e-22)
(0.000987758 -0.000132475 0)
(0.000980068 -0.000145186 -9.78634e-23)
(0.000970019 -0.000159976 0)
(0.00095509 -0.000177299 1.35919e-22)
(0.000932579 -0.000197391 8.31292e-25)
(0.00090035 -0.000220166 1.27992e-22)
(0.000860385 -0.000246073 -3.52242e-23)
(0.000820594 -0.000276822 4.00162e-23)
(0.000784856 -0.000313879 -4.28391e-23)
(0.000741563 -0.000356702 4.93187e-23)
(0.000682635 -0.000409202 -5.3358e-23)
(0.000607199 -0.000472878 0)
(0.000514633 -0.000570642 2.57248e-22)
(0.000306665 -0.000566602 0)
(0.00104488 -2.44715e-05 0)
(0.00104349 -2.81636e-05 1.50845e-24)
(0.00104138 -3.20874e-05 2.67029e-23)
(0.00103878 -3.62408e-05 -3.20248e-24)
(0.00103585 -4.06372e-05 -6.66103e-24)
(0.00103263 -4.52996e-05 -4.74617e-23)
(0.00102909 -5.02599e-05 0)
(0.00102513 -5.55514e-05 0)
(0.00102065 -6.12136e-05 5.32011e-23)
(0.00101557 -6.72853e-05 1.61695e-23)
(0.0010098 -7.38147e-05 -8.41624e-24)
(0.00100324 -8.08516e-05 3.37042e-23)
(0.00099577 -8.84646e-05 -3.80036e-23)
(0.000987197 -9.67454e-05 9.72788e-23)
(0.000977267 -0.000105828 -2.0709e-23)
(0.000965581 -0.000115898 8.69233e-23)
(0.000951704 -0.000127161 2.4327e-23)
(0.000935049 -0.000139816 9.85078e-23)
(0.000915328 -0.00015392 2.69176e-23)
(0.000892369 -0.000169481 0)
(0.00086718 -0.000186525 -3.29215e-23)
(0.000840878 -0.000205439 -3.43599e-23)
(0.0008154 -0.000227373 0)
(0.000788969 -0.000253691 0)
(0.000754289 -0.000284941 2.40071e-23)
(0.00070203 -0.000321757 -1.07456e-22)
(0.000635562 -0.000368594 -2.91193e-23)
(0.00055393 -0.000426115 3.37947e-23)
(0.000453033 -0.000511765 2.6537e-25)
(0.000250297 -0.000501229 -4.15478e-23)
(0.00103394 -2.42403e-05 0)
(0.0010322 -2.74841e-05 0)
(0.0010298 -3.09275e-05 5.68407e-25)
(0.0010269 -3.45626e-05 2.67519e-23)
(0.00102364 -3.83994e-05 0)
(0.00102005 -4.24619e-05 0)
(0.00101609 -4.67793e-05 -7.41864e-24)
(0.00101165 -5.13849e-05 -2.35062e-23)
(0.00100666 -5.63111e-05 3.25334e-23)
(0.00100102 -6.15939e-05 -8.4406e-24)
(0.000994646 -6.72727e-05 8.74711e-24)
(0.000987444 -7.33956e-05 2.7078e-23)
(0.000979329 -8.0021e-05 4.80026e-23)
(0.000970156 -8.72198e-05 1.0389e-23)
(0.000959822 -9.50763e-05 -5.52431e-23)
(0.000948151 -0.000103679 0)
(0.000935053 -0.000113124 1.82454e-24)
(0.000920345 -0.000123513 0)
(0.000903976 -0.000134993 1.45545e-23)
(0.00088561 -0.000147831 -3.11169e-23)
(0.000864898 -0.00016249 6.56828e-23)
(0.00084047 -0.000179695 -5.74336e-23)
(0.000810611 -0.000200191 0)
(0.00077152 -0.000224329 0)
(0.000720642 -0.000252337 0)
(0.000658317 -0.000285529 2.2672e-22)
(0.000588716 -0.00032691 -3.26846e-23)
(0.000503383 -0.000376895 1.85255e-22)
(0.000395717 -0.000448035 0)
(0.000199259 -0.000431378 1.91017e-22)
(0.00102402 -2.2287e-05 0)
(0.00102194 -2.50357e-05 2.40459e-23)
(0.00101924 -2.79545e-05 -5.24927e-23)
(0.00101607 -3.10318e-05 -2.51926e-23)
(0.00101251 -3.42765e-05 -3.53665e-24)
(0.00100857 -3.77113e-05 3.64609e-24)
(0.0010042 -4.13643e-05 -3.82471e-24)
(0.000999329 -4.52652e-05 6.7403e-23)
(0.00099386 -4.94424e-05 -3.27311e-23)
(0.000987703 -5.39271e-05 0)
(0.000980777 -5.87522e-05 0)
(0.000972972 -6.39602e-05 3.88333e-23)
(0.00096419 -6.95987e-05 0)
(0.000954272 -7.57299e-05 4.3416e-23)
(0.000943081 -8.24227e-05 -1.36497e-24)
(0.00093037 -8.97678e-05 4.91905e-23)
(0.00091594 -9.78708e-05 -3.78699e-23)
(0.000899383 -0.000106878 -1.37746e-23)
(0.000880377 -0.000116977 6.11398e-23)
(0.000858206 -0.000128412 4.97782e-23)
(0.000832338 -0.000141453 1.75367e-23)
(0.000801604 -0.000156352 1.36154e-22)
(0.000765484 -0.00017329 2.11888e-23)
(0.000722614 -0.000192533 0)
(0.000673757 -0.000214945 2.73923e-23)
(0.00061717 -0.000242092 -2.70945e-22)
(0.000550132 -0.0002759 0)
(0.00046069 -0.00031671 -1.52404e-22)
(0.000347236 -0.00037404 0)
(0.000156352 -0.000356566 -1.95626e-22)
(0.00101549 -1.85671e-05 0)
(0.00101308 -2.07542e-05 -2.5735e-23)
(0.00101013 -2.30766e-05 2.6608e-23)
(0.00100671 -2.55212e-05 0)
(0.00100289 -2.80947e-05 0)
(0.00099864 -3.08167e-05 -3.76856e-24)
(0.000993924 -3.3711e-05 3.88956e-24)
(0.000988661 -3.68018e-05 -4.46051e-23)
(0.00098277 -4.01118e-05 -4.23893e-24)
(0.000976159 -4.36649e-05 1.80348e-23)
(0.000968743 -4.7487e-05 -1.89527e-23)
(0.000960407 -5.16106e-05 -1.90795e-23)
(0.000951045 -5.60733e-05 -3.16398e-23)
(0.000940493 -6.09227e-05 -5.5082e-23)
(0.000928604 -6.62136e-05 4.64267e-23)
(0.000915136 -7.20158e-05 -7.49241e-23)
(0.000899885 -7.84083e-05 4.08462e-23)
(0.000882484 -8.54948e-05 -4.35985e-23)
(0.000862655 -9.33884e-05 -7.74278e-23)
(0.000839832 -0.000102237 -8.36771e-23)
(0.000813652 -0.000112201 -3.76239e-23)
(0.0007832 -0.000123512 -1.81076e-23)
(0.000747996 -0.000136495 4.66115e-23)
(0.000706311 -0.000151709 2.63156e-23)
(0.00065726 -0.000169972 0)
(0.000596494 -0.000192135 1.24864e-22)
(0.000521574 -0.000218985 0)
(0.000424112 -0.000251167 -8.42183e-23)
(0.000305932 -0.000295036 -9.6761e-23)
(0.000120919 -0.000278725 2.70642e-23)
(0.00100874 -1.33183e-05 4.00641e-25)
(0.00100605 -1.48921e-05 1.287e-23)
(0.0010029 -1.65635e-05 0)
(0.00099929 -1.83206e-05 1.42534e-23)
(0.00099525 -2.01684e-05 0)
(0.000990754 -2.21221e-05 1.53986e-23)
(0.000985753 -2.42004e-05 0)
(0.000980175 -2.64214e-05 1.65083e-23)
(0.000973944 -2.88014e-05 -4.38406e-24)
(0.000966967 -3.13577e-05 -1.81649e-23)
(0.000959159 -3.41091e-05 4.45273e-24)
(0.000950398 -3.7079e-05 -2.00552e-23)
(0.000940573 -4.02949e-05 2.11977e-23)
(0.000929515 -4.37914e-05 -4.10606e-25)
(0.000917072 -4.76088e-05 6.10941e-24)
(0.000902991 -5.17972e-05 -6.88017e-24)
(0.000887065 -5.64145e-05 -2.73698e-23)
(0.00086891 -6.15353e-05 -8.1619e-24)
(0.000848233 -6.72459e-05 3.16409e-23)
(0.000824422 -7.36631e-05 1.75622e-23)
(0.000797054 -8.09268e-05 -5.11209e-25)
(0.000765088 -8.9238e-05 -1.05391e-22)
(0.00072789 -9.88366e-05 -3.46372e-23)
(0.000683557 -0.000110042 -5.13854e-23)
(0.000631171 -0.000123193 -4.41292e-23)
(0.000566913 -0.000138685 -1.61998e-23)
(0.000489954 -0.000157246 0)
(0.000391917 -0.000179866 -2.43452e-23)
(0.000273791 -0.000210451 1.22552e-22)
(9.40807e-05 -0.000198124 0)
(0.00100413 -6.85721e-06 0)
(0.00100125 -7.77436e-06 -6.59885e-24)
(0.000997946 -8.7484e-06 8.68796e-25)
(0.000994209 -9.77093e-06 -7.97348e-24)
(0.000990022 -1.08453e-05 0)
(0.000985352 -1.19813e-05 -7.64526e-24)
(0.000980151 -1.31907e-05 -2.03395e-24)
(0.000974351 -1.44842e-05 2.10189e-24)
(0.000967881 -1.58713e-05 2.22664e-24)
(0.00096065 -1.73621e-05 3.15129e-26)
(0.000952567 -1.89674e-05 1.94364e-23)
(0.00094351 -2.07011e-05 -2.55576e-24)
(0.000933363 -2.25794e-05 -2.75004e-24)
(0.000921952 -2.4623e-05 2.58222e-23)
(0.000909122 -2.68551e-05 0)
(0.000894619 -2.93059e-05 3.27748e-23)
(0.000878225 -3.20088e-05 1.76033e-25)
(0.000859556 -3.50082e-05 1.4954e-23)
(0.000838306 -3.83542e-05 8.12508e-24)
(0.000813862 -4.2116e-05 0)
(0.000785791 -4.63705e-05 3.88965e-23)
(0.000753057 -5.12283e-05 4.2812e-23)
(0.000715042 -5.68092e-05 0)
(0.00066987 -6.32949e-05 0)
(0.000616675 -7.0897e-05 5.94609e-23)
(0.00055166 -7.99699e-05 -8.70156e-24)
(0.000473896 -9.09996e-05 9.48915e-24)
(0.000374197 -0.000104553 7.68642e-23)
(0.000254016 -0.000122404 1.26237e-23)
(7.64779e-05 -0.000115431 0)
(0.00100194 3.78687e-07 0)
(0.000998958 1.44771e-07 -6.92596e-24)
(0.000995586 -1.03714e-07 2.17217e-25)
(0.000991785 -3.63347e-07 -7.21103e-24)
(0.000987526 -6.35665e-07 0)
(0.000982768 -9.24386e-07 -7.79607e-24)
(0.000977465 -1.23323e-06 -1.02514e-24)
(0.000971552 -1.56523e-06 2.66696e-24)
(0.000964962 -1.9228e-06 -5.40345e-25)
(0.000957601 -2.30858e-06 -2.34225e-24)
(0.000949379 -2.72567e-06 -1.85445e-26)
(0.000940171 -3.17833e-06 -2.13641e-26)
(0.00092986 -3.67145e-06 -2.46579e-26)
(0.000918271 -4.21138e-06 1.44623e-24)
(0.000905244 -4.80501e-06 0)
(0.000890525 -5.46154e-06 0)
(0.000873895 -6.19087e-06 0)
(0.000854963 -7.00696e-06 0)
(0.000833424 -7.9245e-06 -5.92153e-38)
(0.000808658 -8.96547e-06 0)
(0.000780229 -1.01519e-05 5.0543e-24)
(0.000747095 -1.15195e-05 2.02302e-25)
(0.000708629 -1.31026e-05 -1.21322e-23)
(0.000662945 -1.49646e-05 3.17236e-24)
(0.000609168 -1.71641e-05 3.72298e-24)
(0.000543491 -1.98155e-05 0)
(0.000465004 -2.30011e-05 -5.03322e-24)
(0.000364432 -2.69313e-05 1.13074e-23)
(0.000243593 -3.19879e-05 -6.41017e-24)
(6.75733e-05 -3.12866e-05 0)
(0.00100232 7.84892e-06 0)
(0.000999341 8.30841e-06 -6.51679e-24)
(0.000995979 8.79621e-06 -2.17434e-25)
(0.000992187 9.31029e-06 -7.22547e-24)
(0.000987933 9.85097e-06 0)
(0.000983179 1.0421e-05 -7.81191e-24)
(0.00097788 1.10247e-05 -1.02619e-24)
(0.000971972 1.16671e-05 1.59691e-24)
(0.000965386 1.2353e-05 5.69005e-25)
(0.00095803 1.30871e-05 -2.34463e-24)
(0.000949813 1.38742e-05 -1.85533e-26)
(0.000940609 1.47196e-05 -2.13715e-26)
(0.000930302 1.563e-05 1.36487e-24)
(0.000918716 1.66135e-05 0)
(0.000905694 1.76798e-05 1.57367e-24)
(0.000890978 1.88407e-05 -1.64548e-24)
(0.000874352 2.01104e-05 0)
(0.000855426 2.15058e-05 1.95238e-24)
(0.000833892 2.30482e-05 -2.05552e-24)
(0.000809133 2.47631e-05 0)
(0.000780711 2.66839e-05 5.05772e-24)
(0.000747588 2.88504e-05 2.02033e-25)
(0.000709135 3.13196e-05 -9.04439e-24)
(0.000663468 3.4159e-05 3.31621e-24)
(0.000609711 3.74784e-05 3.89187e-24)
(0.000544066 4.13836e-05 1.95125e-25)
(0.000465618 4.60863e-05 -9.84593e-24)
(0.000365114 5.16775e-05 1.13068e-23)
(0.000244298 5.91623e-05 -6.40926e-24)
(6.80275e-05 5.3277e-05 -3.74746e-24)
(0.00100525 1.49844e-05 0)
(0.00100239 1.61299e-05 -6.63834e-24)
(0.000999122 1.73461e-05 0)
(0.000995411 1.86258e-05 -7.12184e-24)
(0.000991241 1.9971e-05 0)
(0.000986583 2.13909e-05 -7.6922e-24)
(0.000981393 2.28975e-05 2.0402e-24)
(0.000975607 2.45037e-05 -2.10836e-24)
(0.000969153 2.62214e-05 -2.23347e-24)
(0.000961936 2.80626e-05 -3.15728e-26)
(0.000953867 3.00397e-05 1.94427e-23)
(0.000944823 3.21678e-05 2.5635e-24)
(0.000934686 3.44649e-05 2.75818e-24)
(0.000923287 3.69532e-05 2.01743e-23)
(0.000910468 3.96589e-05 0)
(0.000895976 4.26144e-05 1.95341e-23)
(0.000879595 4.58572e-05 6.99724e-24)
(0.000860939 4.9435e-05 3.80283e-23)
(0.000839706 5.34041e-05 -8.14576e-24)
(0.000815281 5.78374e-05 0)
(0.000787233 6.28231e-05 3.90099e-23)
(0.000754529 6.84742e-05 4.29255e-23)
(0.000716554 7.49286e-05 0)
(0.000671444 8.23648e-05 0)
(0.000618336 9.10399e-05 5.95549e-23)
(0.000553464 0.000101315 0)
(0.000475906 0.000113858 0)
(0.000376485 0.000129132 9.95926e-23)
(0.000256337 0.000149525 -1.26184e-23)
(7.79059e-05 0.000137421 0)
(0.0010106 2.127e-05 -4.02618e-25)
(0.00100795 2.30763e-05 1.37484e-23)
(0.00100484 2.49936e-05 0)
(0.00100128 2.70112e-05 1.43105e-23)
(0.000997268 2.91331e-05 0)
(0.000992791 3.13741e-05 1.54612e-23)
(0.00098781 3.37532e-05 0)
(0.000982254 3.62903e-05 1.66103e-23)
(0.000976048 3.90042e-05 4.40658e-24)
(0.000969097 4.19139e-05 -2.27802e-23)
(0.000961312 4.50399e-05 -2.80017e-25)
(0.000952571 4.84067e-05 -2.01776e-23)
(0.000942764 5.20438e-05 2.13258e-23)
(0.000931723 5.59872e-05 -3.66563e-25)
(0.000919297 6.028e-05 0)
(0.000905235 6.49748e-05 -4.45356e-25)
(0.000889329 7.01336e-05 -2.7522e-23)
(0.000871196 7.58336e-05 7.04374e-24)
(0.000850544 8.21679e-05 3.22699e-23)
(0.000826763 8.9258e-05 -1.76317e-23)
(0.000799426 9.7259e-05 -1.1019e-24)
(0.000767491 0.000106382 -6.33423e-23)
(0.000730309 0.000116896 -5.7782e-23)
(0.000685966 0.000129116 -5.15446e-23)
(0.000633519 0.00014339 -7.41787e-23)
(0.000569182 0.000160019 1.62276e-23)
(0.000492347 0.000179936 0)
(0.000394966 0.000204154 1.97869e-23)
(0.000277329 0.000237388 7.34811e-23)
(9.63764e-05 0.000220089 0)
(0.00101805 2.62528e-05 0)
(0.0010157 2.86785e-05 -2.59376e-23)
(0.00101282 3.12526e-05 2.6819e-23)
(0.00100946 3.39628e-05 0)
(0.00100568 3.68158e-05 0)
(0.00100146 3.98305e-05 3.79556e-24)
(0.000996771 4.30315e-05 -3.91743e-24)
(0.00099154 4.64442e-05 -5.31994e-23)
(0.000985686 5.00936e-05 4.26958e-24)
(0.00097911 5.40051e-05 1.8146e-23)
(0.000971727 5.82066e-05 -1.90691e-23)
(0.000963419 6.27311e-05 -9.24241e-24)
(0.000954081 6.76183e-05 -2.10568e-23)
(0.000943553 7.2917e-05 -7.75879e-23)
(0.000931688 7.86846e-05 4.67953e-23)
(0.000918245 8.4993e-05 -7.54547e-23)
(0.00090302 9.19249e-05 1.36625e-23)
(0.00088565 9.95859e-05 -1.50662e-23)
(0.000865862 0.000108092 -1.09879e-22)
(0.0008431 0.00011759 -6.78853e-23)
(0.00081702 0.000128241 -1.94119e-23)
(0.000786738 0.00014028 -3.91855e-23)
(0.000751791 0.00015407 4.59138e-23)
(0.000710463 0.000170224 5.1111e-23)
(0.000661759 0.000189687 0)
(0.000600977 0.000213159 1.25185e-22)
(0.00052551 0.00024141 0)
(0.000428093 0.000275097 -8.42108e-23)
(0.000310444 0.000321682 -9.66273e-23)
(0.00012401 0.000300681 -2.69755e-23)
(0.00102726 2.96228e-05 -7.77925e-25)
(0.00102524 3.26185e-05 2.82452e-23)
(0.00102264 3.57969e-05 -5.29405e-23)
(0.00101954 3.91475e-05 -2.88626e-23)
(0.00101604 4.26793e-05 3.5689e-24)
(0.00101214 4.64148e-05 -3.67935e-24)
(0.00100781 5.03826e-05 3.86023e-24)
(0.00100298 5.46138e-05 6.0054e-23)
(0.000997561 5.91386e-05 -3.3071e-23)
(0.00099145 6.399e-05 0)
(0.000984565 6.92024e-05 0)
(0.000976795 7.48199e-05 3.91523e-23)
(0.000968045 8.08913e-05 0)
(0.000958156 8.74806e-05 4.3766e-23)
(0.000946994 9.46586e-05 -1.27881e-24)
(0.00093431 0.000102519 4.9573e-23)
(0.000919903 0.000111173 -6.4735e-23)
(0.000903359 0.000120775 1.38915e-23)
(0.000884339 0.000131527 6.15687e-23)
(0.000862111 0.000143681 6.68019e-23)
(0.000836117 0.000157515 0)
(0.000805193 0.000173239 1.77096e-22)
(0.000768891 0.000190996 -2.13206e-23)
(0.000726073 0.000211014 0)
(0.000677992 0.000234399 -2.74881e-23)
(0.000622714 0.000262777 -2.12385e-22)
(0.000556052 0.000297946 0)
(0.000466429 0.000340034 -1.12747e-22)
(0.000353155 0.000400003 -4.39074e-23)
(0.00016039 0.000378391 -1.9467e-22)
(0.00103781 3.11499e-05 0)
(0.00103616 3.46506e-05 0)
(0.00103386 3.8363e-05 5.27063e-25)
(0.00103106 4.22806e-05 2.70176e-23)
(0.00102788 4.64134e-05 0)
(0.00102434 5.07857e-05 0)
(0.00102042 5.54272e-05 7.50286e-24)
(0.00101604 6.03722e-05 -3.92388e-23)
(0.00101111 6.56544e-05 3.28712e-23)
(0.00100552 7.13112e-05 8.53761e-24)
(0.000999204 7.73834e-05 -8.84764e-24)
(0.000992046 8.39204e-05 4.62639e-23)
(0.00098397 9.09828e-05 2.90219e-23)
(0.000974834 9.86417e-05 0)
(0.000964544 0.000106983 -4.48619e-23)
(0.000952929 0.00011609 1.18758e-23)
(0.00093992 0.000126059 -1.06945e-23)
(0.000925359 0.00013698 0)
(0.000909217 0.000149012 -1.46979e-23)
(0.000891169 0.000162438 3.14152e-23)
(0.000870808 0.000177784 6.73943e-23)
(0.000846612 0.000195828 -9.4631e-23)
(0.000816638 0.000217323 0)
(0.000776734 0.000242418 0)
(0.00072487 0.000271388 0)
(0.000663169 0.000305865 2.27673e-22)
(0.000594932 0.000348817 3.27348e-23)
(0.000510262 0.000400063 1.13773e-22)
(0.000402931 0.000473605 0)
(0.000204202 0.000453016 1.90083e-22)
(0.00104933 3.08881e-05 0)
(0.00104804 3.48489e-05 -1.52739e-24)
(0.00104607 3.90536e-05 2.38524e-23)
(0.00104358 4.35013e-05 3.24314e-24)
(0.00104074 4.82062e-05 6.74793e-24)
(0.0010376 5.31917e-05 -6.20442e-23)
(0.00103412 5.84907e-05 0)
(0.00103023 6.41369e-05 0)
(0.00102582 7.01716e-05 6.97465e-23)
(0.00102081 7.66339e-05 -1.63899e-23)
(0.0010151 8.35739e-05 8.5312e-24)
(0.00100859 9.10416e-05 3.42833e-23)
(0.00100116 9.91102e-05 -3.84804e-23)
(0.000992603 0.000107875 5.84038e-23)
(0.000982656 0.000117483 2.09904e-23)
(0.000970902 0.000128128 8.81853e-23)
(0.000956879 0.00014002 7.3026e-23)
(0.000940004 0.000153347 1.01038e-22)
(0.000920019 0.00016813 -2.72582e-23)
(0.000896891 0.000184334 0)
(0.00087187 0.000201964 -9.8804e-23)
(0.000846283 0.000221465 3.47318e-23)
(0.000822178 0.000244199 0)
(0.000796815 0.000271408 0)
(0.000761322 0.000303382 0)
(0.000708071 0.000341121 -1.08983e-22)
(0.000642239 0.000389564 0)
(0.000561677 0.0004485 -3.37832e-23)
(0.000461591 0.000536614 -1.17404e-25)
(0.00025623 0.00052252 4.13694e-23)
(0.0010615 2.85819e-05 1.44315e-24)
(0.00106054 3.28884e-05 4.5474e-23)
(0.00105887 3.74602e-05 0)
(0.00105671 4.23034e-05 0)
(0.00105421 4.74333e-05 0)
(0.00105146 5.28719e-05 1.07983e-22)
(0.00104841 5.86467e-05 0)
(0.00104498 6.47919e-05 0)
(0.00104109 7.13495e-05 -1.77609e-24)
(0.00103667 7.83759e-05 0)
(0.00103168 8.59244e-05 6.48351e-23)
(0.00102615 9.40505e-05 -5.2819e-23)
(0.00102019 0.000102771 -1.80234e-23)
(0.00101394 0.000112102 -7.77551e-23)
(0.00100764 0.000122052 7.91859e-23)
(0.00100136 0.00013275 -1.71075e-22)
(0.000994979 0.000144485 0)
(0.000987539 0.000157779 -9.92353e-23)
(0.000977514 0.000173267 0)
(0.00096217 0.00019138 8.11051e-23)
(0.000938777 0.000212306 -8.20833e-25)
(0.000905384 0.000235832 1.2791e-22)
(0.000865129 0.0002626 3.56634e-23)
(0.00082718 0.000294525 -4.0413e-23)
(0.00079289 0.000332583 4.32638e-23)
(0.000749154 0.000376078 -4.9629e-23)
(0.000690085 0.000429818 5.36936e-23)
(0.000615591 0.000494845 0)
(0.000524216 0.000594972 2.56937e-22)
(0.000313362 0.000587488 0)
(0.00107415 2.50811e-05 0)
(0.00107346 2.97558e-05 -9.71712e-25)
(0.00107207 3.47367e-05 -2.96859e-24)
(0.00107023 4.00401e-05 -3.06888e-24)
(0.0010681 4.56866e-05 6.29945e-24)
(0.00106575 5.16917e-05 -5.28575e-23)
(0.00106315 5.80664e-05 0)
(0.00106019 6.48252e-05 0)
(0.0010567 7.19924e-05 -5.9036e-23)
(0.00105246 7.96376e-05 -7.47827e-23)
(0.00104718 8.78836e-05 -4.84655e-23)
(0.00104039 9.69134e-05 1.65924e-23)
(0.00103165 0.000106935 -1.72208e-23)
(0.00102048 0.000118078 -1.83169e-23)
(0.00100686 0.000130346 -5.91851e-23)
(0.000991226 0.000143541 3.28261e-24)
(0.000975119 0.000157469 -8.438e-23)
(0.000960767 0.000172021 2.31365e-23)
(0.000950531 0.000187591 -1.2017e-22)
(0.000945381 0.000204952 -1.07891e-22)
(0.00094304 0.000225018 -1.10744e-22)
(0.000935415 0.000248176 -2.15314e-22)
(0.00091182 0.000274339 -3.31276e-23)
(0.000873311 0.000305813 1.427e-22)
(0.000834195 0.000346257 0)
(0.000793214 0.000394982 0)
(0.000741496 0.000455457 0)
(0.000674161 0.000526258 0)
(0.000594539 0.000639338 -2.37198e-23)
(0.000378365 0.000645542 0)
(0.00108703 1.89907e-05 -4.47021e-23)
(0.00108649 2.37786e-05 -4.3882e-23)
(0.00108531 2.8901e-05 0)
(0.00108373 3.43944e-05 5.92445e-24)
(0.0010819 4.02844e-05 -6.09503e-24)
(0.00107989 4.66139e-05 -5.60152e-23)
(0.00107775 5.34008e-05 7.08533e-23)
(0.0010756 6.06522e-05 -1.34408e-23)
(0.00107375 6.83128e-05 0)
(0.00107257 7.62804e-05 7.352e-23)
(0.00107255 8.44745e-05 -1.50595e-23)
(0.00107383 9.29079e-05 1.58256e-23)
(0.00107621 0.000101822 -1.6417e-23)
(0.00107858 0.000111642 1.73876e-23)
(0.001079 0.000122908 -3.64045e-23)
(0.00107501 0.000136063 4.17637e-23)
(0.0010637 0.000151232 6.2978e-23)
(0.00104345 0.000168451 -1.06346e-22)
(0.00101522 0.000187651 1.17293e-22)
(0.000983443 0.000209099 -9.63406e-23)
(0.000957821 0.000233601 1.35614e-22)
(0.000945587 0.000261826 8.93622e-23)
(0.000936446 0.000292758 -1.20535e-22)
(0.00091226 0.000326109 -1.39687e-22)
(0.00087589 0.000367205 -1.80392e-22)
(0.00083674 0.000418192 4.0115e-23)
(0.000789895 0.000483548 1.70514e-22)
(0.000730492 0.000559368 -1.84897e-22)
(0.000663879 0.00068029 -2.3224e-23)
(0.000444711 0.000697981 -1.86628e-22)
(0.0011 1.34395e-05 4.29678e-23)
(0.00109981 1.84578e-05 0)
(0.00109895 2.39329e-05 0)
(0.00109777 2.98182e-05 0)
(0.00109633 3.60475e-05 0)
(0.00109427 4.26079e-05 4.92225e-23)
(0.00109103 4.96349e-05 -5.08045e-23)
(0.00108579 5.73429e-05 0)
(0.00107793 6.60209e-05 5.27755e-23)
(0.00106709 7.57762e-05 5.46927e-23)
(0.00105368 8.65222e-05 5.68231e-23)
(0.00103918 9.7922e-05 0)
(0.00102583 0.00010954 0)
(0.00101682 0.000121097 6.4622e-23)
(0.00101449 0.000132582 0)
(0.00101989 0.000144457 1.45239e-22)
(0.00103131 0.00015728 7.50228e-23)
(0.00104275 0.000171462 8.31539e-23)
(0.00104719 0.000187595 8.42789e-23)
(0.00103635 0.000205822 9.46361e-23)
(0.00100793 0.000227272 2.49278e-23)
(0.000977953 0.00025469 -5.3088e-23)
(0.000962047 0.000288915 1.46345e-22)
(0.000946734 0.000326751 -1.19968e-22)
(0.000919262 0.000370329 2.69432e-22)
(0.000883916 0.00042338 -1.4068e-22)
(0.000843235 0.000493442 -1.65758e-22)
(0.000790363 0.000573554 1.75798e-23)
(0.00074021 0.000703961 -2.20913e-23)
(0.000519572 0.00074236 3.25194e-22)
(0.00110916 3.81549e-06 0)
(0.00111157 8.28723e-06 0)
(0.00111168 1.39065e-05 5.4209e-24)
(0.00111111 2.05227e-05 -5.56935e-24)
(0.00111153 2.77256e-05 -5.08067e-23)
(0.00111428 3.49878e-05 5.21852e-23)
(0.00112016 4.19585e-05 -1.20668e-23)
(0.00112906 4.85689e-05 6.1525e-23)
(0.0011396 5.51142e-05 -1.53093e-24)
(0.00114955 6.22151e-05 -1.1965e-22)
(0.00115573 7.04635e-05 -2.85193e-23)
(0.00115535 8.03676e-05 -2.87156e-23)
(0.00114606 9.20337e-05 1.49268e-23)
(0.00112718 0.000105478 -6.37078e-23)
(0.00110096 0.000120589 6.43024e-23)
(0.00107155 0.000137239 -7.00779e-23)
(0.00104733 0.000155658 -7.3812e-23)
(0.00103482 0.000175502 0)
(0.0010356 0.0001966 -8.27814e-23)
(0.00104467 0.000218893 0)
(0.00104188 0.000241262 -2.31012e-23)
(0.00101692 0.000266176 1.19695e-22)
(0.000991389 0.000299061 0)
(0.00097525 0.000338951 1.17145e-22)
(0.000954259 0.000385537 -1.26629e-22)
(0.000925293 0.000439823 1.36889e-22)
(0.000889176 0.000513043 -3.47135e-23)
(0.000843898 0.000596941 3.33848e-22)
(0.000809336 0.000726489 -1.60995e-22)
(0.000590261 0.000779746 -1.70634e-22)
(0.00109498 -3.19888e-07 0)
(0.00111489 1.53446e-06 2.58864e-24)
(0.00112324 5.07391e-06 -8.68748e-23)
(0.00112057 1.08189e-05 -8.01536e-23)
(0.00110845 1.88212e-05 1.2629e-22)
(0.00108991 2.87962e-05 -1.35075e-22)
(0.00106899 4.00571e-05 -9.17157e-23)
(0.00105053 5.17128e-05 -1.42948e-22)
(0.00103891 6.27325e-05 4.74363e-23)
(0.00103725 7.25156e-05 6.43413e-23)
(0.00104638 8.10238e-05 7.78099e-23)
(0.00106411 8.8774e-05 1.36026e-23)
(0.00108661 9.65895e-05 -1.42272e-23)
(0.00110731 0.000105017 1.31335e-22)
(0.00112047 0.000114786 -6.33031e-23)
(0.00112073 0.000126141 1.11006e-22)
(0.00110626 0.000139801 1.69895e-23)
(0.00108349 0.000156706 1.04414e-22)
(0.00106012 0.000176888 3.77031e-23)
(0.00105067 0.000201454 0)
(0.00105727 0.0002289 2.13778e-23)
(0.00105197 0.000255704 -1.15784e-22)
(0.00102974 0.000286987 -2.4278e-23)
(0.00101038 0.000326649 2.56983e-23)
(0.000993377 0.000375368 0)
(0.000970343 0.00043176 0)
(0.000942575 0.000508078 0)
(0.000901792 0.00059739 -1.35273e-22)
(0.000886458 0.000729873 2.34426e-22)
(0.00067192 0.000808928 -1.38738e-22)
(0.000970822 -4.09043e-07 0)
(0.00105603 1.96132e-07 7.88289e-23)
(0.00112636 4.87938e-07 8.59127e-23)
(0.00117988 1.20738e-06 1.67892e-22)
(0.00121588 3.10772e-06 -9.6819e-23)
(0.00123469 6.92076e-06 8.82719e-23)
(0.00123724 1.31603e-05 1.36867e-23)
(0.00122536 2.20195e-05 8.17454e-23)
(0.00120206 3.33317e-05 -9.61908e-23)
(0.00117157 4.65258e-05 -8.43316e-23)
(0.00113976 6.10094e-05 -2.15345e-22)
(0.00111247 7.6094e-05 -9.03864e-23)
(0.00109508 9.14878e-05 9.36203e-23)
(0.00109021 0.000106861 -2.11847e-22)
(0.00109583 0.000122059 2.94272e-23)
(0.00110736 0.000137242 -2.45368e-22)
(0.001115 0.000152341 -3.19936e-23)
(0.00111286 0.000168663 -3.0358e-22)
(0.00109865 0.000186933 -1.03279e-22)
(0.00107581 0.000208531 -1.83484e-22)
(0.00106629 0.000236445 3.93423e-23)
(0.00106774 0.000267328 -1.62529e-22)
(0.00105703 0.000299995 2.22005e-23)
(0.001039 0.000338804 -2.34654e-23)
(0.0010226 0.00038836 1.9143e-22)
(0.00100503 0.000444869 0)
(0.000982221 0.000521721 0)
(0.000949825 0.000617388 2.24186e-22)
(0.000948643 0.000735948 -2.53639e-22)
(0.000740823 0.000828778 1.33412e-22)
(0.000531595 1.16459e-05 1.2179e-24)
(0.000673536 9.74644e-06 -8.17146e-23)
(0.000793322 1.42174e-05 5.01837e-24)
(0.000894346 1.8482e-05 -8.74907e-23)
(0.000978679 2.22722e-05 0)
(0.00104711 2.53777e-05 -1.04603e-23)
(0.0011 2.81019e-05 9.77294e-23)
(0.00113762 3.10297e-05 0)
(0.00116063 3.48694e-05 1.13287e-23)
(0.00117019 4.01426e-05 8.35707e-23)
(0.00116841 4.72814e-05 9.85484e-23)
(0.00115852 5.6455e-05 1.27085e-22)
(0.00114442 6.76188e-05 -1.57533e-22)
(0.00113104 8.0734e-05 1.63247e-22)
(0.00112175 9.54583e-05 -5.58496e-23)
(0.00111905 0.000111688 1.47271e-22)
(0.00112151 0.000128883 0)
(0.00112386 0.000146827 1.29371e-22)
(0.00112256 0.000166167 1.35883e-22)
(0.00111104 0.000186795 1.08036e-22)
(0.00109653 0.000212062 7.32932e-23)
(0.00109162 0.000242787 1.20299e-22)
(0.00108646 0.000277666 -4.05545e-23)
(0.00107488 0.000316665 2.15576e-23)
(0.00106192 0.000366811 -1.63798e-22)
(0.00104852 0.000425672 0)
(0.00103506 0.000499986 2.2102e-23)
(0.00100616 0.000608432 -2.15873e-22)
(0.00102501 0.000724954 0)
(0.000825348 0.000841897 0)
(0.000883101 0.000845149 0)
(0.00108016 0.000723933 0)
(0.00104841 0.000626406 -1.50131e-22)
(0.00106744 0.000509659 1.90537e-23)
(0.00107623 0.000441569 0)
(0.00108566 0.000380966 -1.363e-22)
(0.00109578 0.000331444 2.03463e-23)
(0.0011049 0.000291954 -3.79327e-23)
(0.00110848 0.000256564 1.04716e-22)
(0.0011128 0.00022576 6.95731e-23)
(0.00112592 0.00020033 9.61572e-23)
(0.00113568 0.000178953 1.23767e-22)
(0.0011359 0.000158494 1.18624e-22)
(0.00113297 0.000139382 0)
(0.00113066 0.000121467 1.3774e-22)
(0.00113389 0.0001051 -5.39426e-23)
(0.00114358 9.06263e-05 1.5409e-22)
(0.00115697 7.78764e-05 -1.48761e-22)
(0.00117025 6.66116e-05 1.1951e-22)
(0.00117839 5.62068e-05 9.22037e-23)
(0.00117741 4.58923e-05 7.80552e-23)
(0.00116398 3.48859e-05 1.10544e-23)
(0.00113582 2.27894e-05 0)
(0.00109132 9.46025e-06 9.40339e-23)
(0.00102904 -5.08309e-06 -1.04722e-23)
(0.000947396 -2.01489e-05 0)
(0.000843477 -3.44493e-05 -8.51201e-23)
(0.00071122 -4.80529e-05 5.16841e-24)
(0.000534904 -4.86912e-05 -7.99342e-23)
(0.000270341 -2.9309e-05 1.29829e-24)
)
;

boundaryField
{
    inlet
    {
        type            fixedValue;
        value           uniform (0.001 0 0);
    }
    outlet
    {
        type            zeroGradient;
    }
    wall
    {
        type            noSlip;
    }
    obstacle
    {
        type            noSlip;
    }
    frontAndBack
    {
        type            empty;
    }
    procBoundary0to1
    {
        type            processor;
        value           nonuniform List<vector> 
61
(
(0.00026332 2.87238e-05 1.27175e-24)
(0.000524264 4.83961e-05 7.55378e-23)
(0.000699634 4.82997e-05 5.0548e-24)
(0.000831803 3.54589e-05 7.26998e-23)
(0.000935804 2.18608e-05 0)
(0.00101753 7.4706e-06 6.94991e-23)
(0.00107988 -6.44425e-06 -7.05069e-23)
(0.00112452 -1.92137e-05 0)
(0.0011529 -3.07829e-05 1.07447e-23)
(0.00116659 -4.12972e-05 -9.78535e-23)
(0.00116782 -5.10972e-05 -8.9348e-23)
(0.00115986 -6.09443e-05 -6.87024e-23)
(0.00114662 -7.1574e-05 4.66834e-23)
(0.00113298 -8.36041e-05 -4.82836e-23)
(0.00112288 -9.73052e-05 -5.21613e-23)
(0.00110831 -0.000103659 1.42746e-22)
(0.00110831 -0.000103659 1.42746e-22)
(0.00111048 -0.000120121 0)
(0.00111282 -0.000137282 1.25237e-22)
(0.00111183 -0.000155857 1.31466e-22)
(0.00110119 -0.000175736 1.7197e-22)
(0.001086 -0.000199826 -7.07294e-23)
(0.00108018 -0.000229579 1.90695e-22)
(0.0010758 -0.000263746 3.91053e-23)
(0.00106446 -0.000301827 -2.0784e-23)
(0.00105123 -0.000350917 -2.01899e-22)
(0.0010378 -0.000409179 0)
(0.00102399 -0.000482377 -2.13697e-23)
(0.000995207 -0.000590797 -1.63981e-22)
(0.00101079 -0.000706076 0)
(0.000815833 -0.000826148 0)
(0.000932877 0.000838456 -9.10874e-23)
(0.00114154 0.000725892 -8.98766e-23)
(0.00109307 0.000641369 -1.21068e-22)
(0.00110581 0.000522357 0)
(0.00110654 0.000458005 0)
(0.00111203 0.000396126 -1.61521e-22)
(0.00111853 0.000346983 -1.89844e-23)
(0.00112495 0.000306847 1.796e-23)
(0.00112693 0.000271015 0)
(0.00113014 0.0002399 3.36299e-23)
(0.00114155 0.000213913 1.00051e-22)
(0.00114996 0.000191607 1.57087e-22)
(0.00114964 0.000170192 -2.36498e-23)
(0.00114631 0.000150278 -2.84329e-23)
(0.00114388 0.000131951 4.83068e-24)
(0.00114691 0.000115448 2.63399e-23)
(0.0011562 0.000100894 1.69545e-23)
(0.00116903 8.79065e-05 -1.12383e-22)
(0.00118153 7.60494e-05 1.08574e-22)
(0.00118894 6.47721e-05 -7.97198e-24)
(0.00118757 5.37328e-05 1.0189e-22)
(0.00117474 4.29842e-05 -8.47867e-23)
(0.00114877 3.28562e-05 7.19533e-23)
(0.00110856 2.38121e-05 1.74939e-22)
(0.00105304 1.60687e-05 -4.48336e-24)
(0.000980536 9.34124e-06 -8.63826e-23)
(0.000886994 3.4776e-06 -5.59651e-24)
(0.000762903 -1.8396e-06 7.6589e-23)
(0.000587287 -1.3217e-05 -8.17899e-23)
(0.000281064 3.48413e-06 0)
)
;
    }
}


// ************************************************************************* //
